Date,League,Home_Team,Away_Team,FTR,FTHG,FTAG,HS,AS,HST,AST,Home_ELO,Away_ELO,Home_Win_Streak,Away_Win_Streak,Home_Loss_Streak,Away_Loss_Streak,Home_Unbeaten_Streak,Away_Unbeaten_Streak,Home_Winless_Streak,Away_Winless_Streak,Home_Points_Last_5,Away_Points_Last_5,Home_Points_Last_10,Away_Points_Last_10,Home_Points_Last_20,Away_Points_Last_20,Home_Net_FTG,Away_Net_FTG,Home_Net_S,Away_Net_S,Home_Net_ST,Away_Net_ST,FTHG_Conceded,FTAG_Conceded,HST_Conceded,AST_Conceded,HS_Conceded,AS_Conceded
2023-08-11,SP1,Almeria,Vallecano,0,0,2,19,10,5,4,1000,1000,0,0,0,0,0,0,0,0,0,0,0,0,0,0,-2,2,9,-9,1,-1,2,0,4,5,10,19
2023-08-11,SP1,Sevilla,Valencia,0,1,2,9,10,3,3,1000,1000,0,0,0,0,0,0,0,0,0,0,0,0,0,0,-1,1,-1,1,0,0,2,1,3,3,10,9
2023-08-12,SP1,Sociedad,Girona,1,1,1,15,6,2,1,1000,1000,0,0,0,0,0,0,0,0,0,0,0,0,0,0,0,0,9,-9,1,-1,1,1,1,2,6,15
2023-08-12,SP1,Las Palmas,Mallorca,1,1,1,5,12,2,2,1000,1000,0,0,0,0,0,0,0,0,0,0,0,0,0,0,0,0,-7,7,0,0,1,1,2,2,12,5
2023-08-12,SP1,Athletic Club,Real Madrid,0,0,2,7,14,1,8,1000,1000,0,0,0,0,0,0,0,0,0,0,0,0,0,0,-2,2,-7,7,-7,7,2,0,8,1,14,7
2023-08-13,SP1,Celta,Osasuna,0,0,2,11,11,1,5,1000,1000,0,0,0,0,0,0,0,0,0,0,0,0,0,0,-2,2,0,0,-4,4,2,0,5,1,11,11
2023-08-13,SP1,Villarreal,Betis,0,1,2,18,12,5,5,1000,1000,0,0,0,0,0,0,0,0,0,0,0,0,0,0,-1,1,6,-6,0,0,2,1,5,5,12,18
2023-08-13,SP1,Getafe,Barcelona,1,0,0,5,14,2,4,1000,1000,0,0,0,0,0,0,0,0,0,0,0,0,0,0,0,0,-9,9,-2,2,0,0,4,2,14,5
2023-08-14,SP1,Cadiz,Alaves,2,1,0,12,10,3,2,1000,1000,0,0,0,0,0,0,0,0,0,0,0,0,0,0,1,-1,2,-2,1,-1,0,1,2,3,10,12
2023-08-14,SP1,Ath Madrid,Granada,2,3,1,14,7,6,4,1000,1000,0,0,0,0,0,0,0,0,0,0,0,0,0,0,2,-2,7,-7,2,-2,1,3,4,6,7,14
2023-08-18,SP1,Mallorca,Villarreal,0,0,1,8,15,1,3,1000,968,0,0,0,0,0,0,0,0,1,0,1,0,1,0,-1,1,-7,7,-2,2,1,0,3,1,15,8
2023-08-18,SP1,Valencia,Las Palmas,2,1,0,9,7,4,1,1032,1000,0,0,0,0,0,0,0,0,3,1,3,1,3,1,1,-1,2,-2,3,-3,0,1,1,4,7,9
2023-08-19,SP1,Sociedad,Celta,1,1,1,11,17,2,6,1000,956.142381974524,0,0,0,0,1,0,1,0,1,0,1,0,1,0,0,0,-6,6,-4,4,1,1,6,2,17,11
2023-08-19,SP1,Almeria,Real Madrid,0,1,3,20,24,8,9,956.142381974524,1043.85761802548,0,1,1,0,0,1,1,0,0,3,0,3,0,3,-2,2,-4,4,-1,1,3,1,9,8,24,20
2023-08-19,SP1,Osasuna,Athletic Club,0,0,2,18,8,7,2,1043.85761802548,956.142381974524,0,0,0,0,0,0,0,0,3,0,3,0,3,0,-2,2,10,-10,5,-5,2,0,2,7,8,18
2023-08-20,SP1,Girona,Getafe,2,3,0,7,9,6,2,1000,1000,0,0,0,0,0,0,0,0,1,1,1,1,1,1,3,-3,-2,2,4,-4,0,3,2,6,9,7
2023-08-20,SP1,Barcelona,Cadiz,2,2,0,23,10,10,1,1000,1032,0,0,0,0,0,0,0,0,1,3,1,3,1,3,2,-2,13,-13,9,-9,0,2,1,10,10,23
2023-08-20,SP1,Betis,Ath Madrid,1,0,0,14,5,0,1,1032,1043.85761802548,0,0,0,0,0,0,0,0,3,3,3,3,3,3,0,0,9,-9,-1,1,0,0,1,0,5,14
2023-08-21,SP1,Alaves,Sevilla,2,4,3,14,12,7,2,968,968,0,0,0,0,0,0,0,0,0,0,0,0,0,0,1,-1,2,-2,5,-5,3,4,2,7,12,14
2023-08-21,SP1,Granada,Vallecano,0,0,2,14,17,7,9,956.142381974524,1043.85761802548,0,1,0,0,0,1,0,0,0,3,0,3,0,3,-2,2,-3,3,-2,2,2,0,9,7,17,14
2023-08-25,SP1,Las Palmas,Sociedad,1,0,0,11,8,5,1,970.939003057951,997.990941918308,0,0,0,0,1,0,1,0,1,2,1,2,1,2,0,0,3,-3,4,-4,0,0,1,5,8,11
2023-08-25,SP1,Celta,Real Madrid,0,0,1,13,10,4,3,958.151440056216,1076.87213489109,0,2,1,0,0,2,1,0,1,6,1,6,1,6,-1,1,3,-3,1,-1,1,0,3,4,10,13
2023-08-26,SP1,Cadiz,Almeria,1,1,1,11,5,3,2,984.11432967792,923.127865108906,1,0,0,0,1,0,0,0,3,0,3,0,3,0,0,0,6,-6,1,-1,1,1,2,3,5,11
2023-08-26,SP1,Granada,Mallorca,2,3,2,10,10,4,5,923.127865108906,965.060996942049,0,0,1,0,0,1,1,1,0,1,0,1,0,1,1,-1,0,0,-1,1,2,3,5,4,10,10
2023-08-26,SP1,Sevilla,Girona,0,1,2,21,8,4,3,936,1054.53159496449,0,0,1,0,0,1,1,1,0,4,0,4,0,4,-1,1,13,-13,1,-1,2,1,3,4,8,21
2023-08-27,SP1,Villarreal,Barcelona,0,3,4,13,21,6,11,1002.93900305795,1047.88567032208,0,0,1,0,0,1,1,1,3,4,3,4,3,4,-1,1,-8,8,-5,5,4,3,11,6,21,13
2023-08-27,SP1,Valencia,Osasuna,0,1,2,16,7,4,2,1061.06099694205,989.156898840142,1,1,0,0,1,1,0,0,6,3,6,3,6,3,-1,1,9,-9,2,-2,2,1,2,4,7,16
2023-08-27,SP1,Athletic Club,Betis,2,4,2,14,7,6,3,1010.84310115986,1032.54585157302,0,1,1,0,0,1,1,0,3,4,3,4,3,4,2,-2,7,-7,3,-3,2,4,3,6,7,14
2023-08-28,SP1,Getafe,Alaves,2,1,0,15,16,4,2,945.468405035509,1000,0,0,0,1,1,0,1,1,1,3,1,3,1,3,1,-1,-1,1,2,-2,0,1,2,4,16,15
2023-08-28,SP1,Vallecano,Ath Madrid,0,0,7,12,17,3,10,1076.87213489109,1043.31176645245,0,0,0,0,0,1,0,1,6,4,6,4,6,4,-7,7,-5,5,-7,7,7,0,10,3,17,12
2023-09-01,SP1,Cadiz,Villarreal,2,3,1,18,7,4,3,981.334293437101,975.055803702031,0,1,0,0,2,1,1,0,4,3,4,3,4,3,2,-2,11,-11,1,-1,1,3,3,4,7,18
2023-09-01,SP1,Almeria,Celta,0,2,3,16,14,5,8,925.907901349725,936.67941628049,0,0,2,0,0,1,2,1,1,1,1,1,1,1,-1,1,2,-2,-3,3,3,2,8,5,14,16
2023-09-02,SP1,Sociedad,Granada,2,5,3,15,8,6,5,996.747665514172,958.971404608451,0,0,0,1,2,0,2,1,3,3,3,3,3,3,2,-2,7,-7,1,-1,3,5,5,6,8,15
2023-09-02,SP1,Real Madrid,Getafe,2,2,1,26,6,12,2,1098.34415866682,982.450109916722,0,0,0,1,0,0,0,1,9,4,9,4,9,4,1,-1,20,-20,10,-10,1,2,2,12,6,26
2023-09-02,SP1,Alaves,Valencia,2,1,0,7,9,1,4,963.018295118787,1022.53134361731,1,1,0,0,1,1,0,0,3,6,3,6,3,6,1,-1,-2,2,-3,3,0,1,4,1,9,7
2023-09-02,SP1,Betis,Vallecano,2,1,0,14,15,5,6,985.95220157576,976.130913666253,0,2,0,0,1,2,1,0,4,6,4,6,4,6,1,-1,-1,1,-1,1,0,1,6,5,15,14
2023-09-03,SP1,Girona,Las Palmas,2,1,0,11,10,6,5,1076.01915306503,972.182279462086,1,0,0,1,1,0,0,1,7,2,7,2,7,2,1,-1,1,-1,1,-1,0,1,5,6,10,11
2023-09-03,SP1,Mallorca,Athletic Club,1,0,0,8,11,2,3,929.217457442504,1057.43675115712,0,1,1,0,0,1,1,0,1,6,1,6,1,6,0,0,-3,3,-1,1,0,0,3,2,11,8
2023-09-03,SP1,Osasuna,Barcelona,0,1,2,11,9,3,4,1027.68655216489,1075.768869678,0,1,1,0,0,2,1,0,6,7,6,7,6,7,-1,1,2,-2,-1,1,2,1,4,3,9,11
2023-09-15,SP1,Vallecano,Alaves,2,2,0,20,9,11,1,945.035246847369,1000.44666166963,0,0,1,2,0,0,1,2,6,6,6,6,6,6,2,-2,11,-11,10,-10,0,2,1,11,9,20
2023-09-16,SP1,Athletic Club,Cadiz,2,3,0,20,5,9,4,1051.78625643437,1024.39944907174,1,0,0,1,1,0,0,1,7,7,7,7,7,7,3,-3,15,-15,5,-5,0,3,4,9,5,20
2023-09-16,SP1,Valencia,Ath Madrid,2,3,0,12,11,8,3,985.10297706646,1144.05298767729,0,1,1,0,0,2,1,0,6,7,6,7,6,7,3,-3,1,-1,5,-5,0,3,3,8,11,12
2023-09-16,SP1,Celta,Mallorca,0,0,1,16,7,4,4,967.687640830217,934.867952165257,0,0,2,1,0,0,2,2,4,2,4,2,4,2,-1,1,9,-9,0,0,1,0,4,4,7,16
2023-09-16,SP1,Barcelona,Betis,2,5,0,17,11,9,2,1103.36838200581,1017.04786839464,1,0,0,1,1,0,0,1,10,7,10,7,10,7,5,-5,6,-6,7,-7,0,5,2,9,11,17
2023-09-17,SP1,Getafe,Osasuna,2,3,2,11,8,6,3,960.745304212917,1000.08703983707,1,2,0,0,2,2,0,0,4,6,4,6,4,6,1,-1,3,-3,3,-3,2,3,3,6,8,11
2023-09-17,SP1,Villarreal,Almeria,2,2,1,10,17,4,7,931.990648067391,894.899676799998,0,0,2,0,0,1,2,1,3,1,3,1,3,1,1,-1,-7,7,-3,3,1,2,7,4,17,10
2023-09-17,SP1,Sevilla,Las Palmas,2,1,0,26,12,9,2,914.512441899465,949.471079627425,0,0,2,2,0,0,2,2,0,2,0,2,0,2,1,-1,14,-14,7,-7,0,1,2,9,12,26
2023-09-17,SP1,Real Madrid,Sociedad,2,2,1,17,15,8,5,1120.04896437062,1035.85539943101,1,0,0,0,1,1,0,1,12,6,12,6,12,6,1,-1,2,-2,3,-3,1,2,5,8,15,17
2023-09-18,SP1,Granada,Girona,0,2,4,12,13,5,7,919.863670691612,1098.73035289969,1,1,0,0,1,2,0,0,3,10,3,10,3,10,-2,2,-1,1,-2,2,4,2,7,5,13,12
2023-09-22,SP1,Alaves,Athletic Club,0,0,2,15,11,5,3,949.653038064832,1102.02824821578,2,0,0,0,2,2,0,1,6,10,6,10,6,10,-2,2,4,-4,2,-2,2,0,3,5,11,15
2023-09-23,SP1,Girona,Mallorca,2,5,3,23,15,10,5,1121.81297004559,969.881798151415,2,1,0,0,2,1,0,0,13,5,13,5,13,5,2,-2,8,-8,5,-5,3,5,5,10,15,23
2023-09-23,SP1,Osasuna,Sevilla,1,0,0,16,15,2,3,964.478940024998,949.721429257042,0,0,2,1,0,0,2,1,6,3,6,3,6,3,0,0,1,-1,-1,1,0,0,3,2,15,16
2023-09-23,SP1,Barcelona,Celta,2,3,2,15,13,6,7,1159.3388975883,932.673794844059,2,1,0,0,2,2,0,0,13,4,13,4,13,4,1,-1,2,-2,-1,1,2,3,7,6,13,15
2023-09-23,SP1,Almeria,Valencia,1,2,2,17,7,10,5,866.302962313434,1062.97629191981,0,0,3,1,0,0,3,1,1,9,1,9,1,9,0,0,10,-10,5,-5,2,2,5,10,7,17
2023-09-24,SP1,Sociedad,Getafe,2,4,3,10,10,6,7,1011.46160620729,996.353404024994,1,0,0,2,3,0,0,2,6,7,6,7,6,7,1,-1,0,0,-1,1,3,4,7,6,10,10
2023-09-24,SP1,Vallecano,Villarreal,1,1,1,11,13,6,6,995.828870452171,960.587362553954,1,0,0,1,1,0,0,1,9,6,9,6,9,6,0,0,-2,2,0,0,1,1,6,6,13,11
2023-09-24,SP1,Betis,Cadiz,1,1,1,21,5,7,1,961.07735281215,974.157457290334,1,0,0,2,2,0,0,2,7,7,7,7,7,7,0,0,16,-16,6,-6,1,1,1,7,5,21
2023-09-24,SP1,Las Palmas,Granada,2,1,0,10,2,3,1,914.262092269848,896.781053545712,0,0,0,2,2,0,2,2,2,3,2,3,2,3,1,-1,8,-8,2,-2,0,1,1,3,2,10
2023-09-24,SP1,Ath Madrid,Real Madrid,2,3,1,10,20,4,5,1066.17967282394,1144.44275759435,1,3,0,0,1,3,0,0,7,15,7,15,7,15,2,-2,-10,10,-1,1,1,3,5,4,20,10
2023-09-26,SP1,Sevilla,Almeria,2,5,1,18,10,9,1,950.400629327958,874.502453787986,1,0,0,1,1,0,0,2,4,2,4,2,4,2,4,-4,8,-8,8,-8,1,5,1,9,10,18
2023-09-26,SP1,Mallorca,Barcelona,1,2,2,10,10,5,4,944.067123408404,1172.99394418253,0,2,0,0,1,3,2,0,4,15,5,16,5,16,0,0,0,0,1,-1,2,2,4,5,10,10
2023-09-27,SP1,Athletic Club,Getafe,1,2,2,9,13,4,5,1127.79638216646,965.744044442904,2,0,0,3,2,0,0,3,13,6,13,7,13,7,0,0,-4,4,-1,1,2,2,5,4,13,9
2023-09-27,SP1,Real Madrid,Las Palmas,2,2,0,21,16,9,2,1090.86957966389,944.653386378225,2,0,0,3,2,0,0,3,12,4,15,5,15,5,2,-2,5,-5,7,-7,0,2,2,9,16,21
2023-09-27,SP1,Villarreal,Girona,0,1,2,14,17,3,5,962.204750830582,1147.6276447886,1,2,0,0,1,3,0,0,7,15,7,16,7,16,-1,1,-3,3,-2,2,2,1,5,3,17,14
2023-09-27,SP1,Cadiz,Vallecano,1,0,0,9,9,2,4,973.555380640701,994.211482175544,1,0,0,1,3,0,0,1,5,7,8,10,8,10,0,0,0,0,-2,2,0,0,4,2,9,9
2023-09-27,SP1,Valencia,Sociedad,0,0,1,9,2,2,1,1054.77680044526,1042.07096578938,1,0,0,1,1,0,0,2,7,8,10,9,10,9,-1,1,7,-7,1,-1,1,0,1,2,2,9
2023-09-28,SP1,Celta,Alaves,1,1,1,8,21,0,11,919.018748249832,923.884904114146,0,0,3,3,0,0,3,3,4,6,4,6,4,6,0,0,-13,13,-11,11,1,1,11,0,21,8
2023-09-28,SP1,Granada,Betis,1,1,1,19,13,7,3,866.389759437334,961.679429461784,0,0,1,2,0,0,1,2,3,5,3,8,3,8,0,0,6,-6,4,-4,1,1,3,7,13,19
2023-09-28,SP1,Osasuna,Ath Madrid,0,0,2,13,4,2,3,963.799739954082,1119.7528507544,0,0,0,1,1,0,3,1,4,10,7,10,7,10,-2,2,9,-9,-1,1,2,0,3,2,4,13
2023-09-29,SP1,Barcelona,Sevilla,2,1,0,18,12,5,3,1163.75180330825,1001.03268008927,3,0,0,0,3,1,0,2,13,7,17,7,17,7,1,-1,6,-6,2,-2,0,1,3,5,12,18
2023-09-30,SP1,Getafe,Villarreal,1,0,0,22,3,9,0,972.708933235535,945.827044655838,2,0,0,0,3,1,0,2,7,4,8,7,8,7,0,0,19,-19,9,-9,0,0,0,9,3,22
2023-09-30,SP1,Vallecano,Mallorca,1,2,2,19,9,5,4,993.261352745096,953.309264282689,0,0,0,1,2,0,1,1,5,5,11,6,11,6,0,0,10,-10,1,-1,2,2,4,5,9,19
2023-09-30,SP1,Girona,Real Madrid,0,0,3,13,14,3,7,1164.00535096334,1117.2875997776,3,0,0,1,3,0,0,1,15,12,19,18,19,18,-3,3,-1,1,-4,4,3,0,7,3,14,13
2023-09-30,SP1,Sociedad,Athletic Club,2,3,0,8,18,5,3,1075.24069499372,1120.83149337383,2,1,0,0,4,3,0,0,10,11,12,14,12,14,3,-3,-10,10,2,-2,0,3,3,5,18,8
2023-10-01,SP1,Almeria,Granada,1,3,3,17,19,5,4,823.870403026679,870.671193212427,0,0,0,3,1,0,4,3,2,4,2,4,2,4,0,0,-2,2,1,-1,3,3,4,5,19,17
2023-10-01,SP1,Alaves,Osasuna,0,0,2,17,10,3,3,923.660824007176,938.404819076998,0,0,1,1,0,0,1,1,4,4,7,7,7,7,-2,2,7,-7,0,0,2,0,3,3,10,17
2023-10-01,SP1,Ath Madrid,Cadiz,2,3,2,18,8,9,4,1145.14777163149,974.505510071148,2,0,0,0,2,1,0,3,10,6,13,9,13,9,1,-1,10,-10,5,-5,2,3,4,9,8,18
2023-10-01,SP1,Betis,Valencia,2,3,0,15,9,7,2,957.397995686691,1021.60707124092,0,0,0,0,3,1,1,2,5,4,9,10,9,10,3,-3,6,-6,5,-5,0,3,2,7,9,15
2023-10-02,SP1,Las Palmas,Celta,2,2,1,16,11,5,3,918.235366264514,919.242828356801,1,0,0,1,3,0,0,1,4,4,5,5,5,5,1,-1,5,-5,2,-2,1,2,3,5,11,16
2023-10-06,SP1,Athletic Club,Almeria,2,3,0,23,4,9,1,1059.18500541171,826.012717255808,0,0,0,2,3,0,1,3,8,2,14,3,14,3,3,-3,19,-19,8,-8,0,3,1,9,4,23
2023-10-07,SP1,Cadiz,Girona,0,0,1,8,20,2,5,957.069575317199,1102.18506785858,0,3,0,0,4,4,1,0,5,12,9,19,9,19,-1,1,-12,12,-3,3,1,0,5,2,20,8
2023-10-07,SP1,Real Madrid,Osasuna,2,4,0,19,7,9,1,1179.10788288236,980.402384069918,3,1,0,0,3,1,0,0,12,4,21,10,21,10,4,-4,12,-12,8,-8,0,4,1,9,7,19
2023-10-07,SP1,Mallorca,Valencia,1,1,1,9,11,5,3,955.141059109709,957.110758122466,0,0,0,1,2,0,3,3,6,4,7,10,7,10,0,0,-2,2,2,-2,1,1,3,5,11,9
2023-10-07,SP1,Sevilla,Vallecano,1,2,2,22,7,6,4,983.012192031508,991.429557918077,2,0,0,0,2,1,0,2,7,6,7,12,7,12,0,0,15,-15,2,-2,2,2,4,6,7,22
2023-10-08,SP1,Villarreal,Las Palmas,0,1,2,9,8,4,5,947.062536944185,950.328156692263,0,0,1,4,0,0,1,4,5,6,8,8,8,8,-1,1,1,-1,-1,1,2,1,5,4,8,9
2023-10-08,SP1,Ath Madrid,Sociedad,2,2,1,14,13,5,4,1162.58370638544,1136.88718295584,3,1,0,0,3,1,0,0,12,12,16,15,16,15,1,-1,1,-1,1,-1,1,2,4,5,13,14
2023-10-08,SP1,Alaves,Betis,1,1,1,15,6,5,2,881.663259014256,1021.89430880515,0,0,2,0,0,1,2,3,4,8,7,12,7,12,0,0,9,-9,3,-3,1,1,2,5,6,15
2023-10-08,SP1,Celta,Getafe,1,2,2,26,3,11,2,887.150037929053,971.473440947188,0,0,0,0,1,1,4,4,4,5,5,9,5,9,0,0,23,-23,9,-9,2,2,2,11,3,26
2023-10-08,SP1,Granada,Barcelona,1,2,2,7,22,2,10,868.528878983298,1181.772291366,0,0,0,0,1,4,2,1,2,13,5,20,5,20,0,0,-15,15,-8,8,2,2,10,2,22,7
2023-10-20,SP1,Osasuna,Granada,2,2,0,12,13,6,3,949.232519125462,880.001994777934,0,0,1,0,0,1,4,4,4,3,10,6,10,6,2,-2,-1,1,3,-3,0,2,3,6,13,12
2023-10-21,SP1,Sociedad,Mallorca,2,1,0,14,18,6,7,1107.24961417083,955.231766129614,3,0,0,0,5,1,0,2,9,6,15,8,15,8,1,-1,-4,4,-1,1,0,1,7,6,18,14
2023-10-21,SP1,Getafe,Betis,1,1,1,14,13,4,3,967.664696614893,1015.7656705106,0,0,0,0,4,2,1,4,6,6,10,13,10,13,0,0,1,-1,1,-1,1,1,3,4,13,14
2023-10-21,SP1,Sevilla,Real Madrid,1,1,1,17,14,7,5,983.399750232494,1210.27774782682,0,1,0,0,3,1,1,0,8,12,8,24,8,24,0,0,3,-3,2,-2,1,1,5,7,14,17
2023-10-21,SP1,Celta,Ath Madrid,0,0,3,16,12,3,7,890.958782261349,1192.22127517044,0,1,0,0,2,1,5,0,2,12,6,19,6,19,-3,3,4,-4,-4,4,3,0,7,3,12,16
2023-10-22,SP1,Las Palmas,Vallecano,0,0,1,12,12,6,4,982.027390855224,991.041999717091,2,0,0,0,4,2,0,3,9,7,11,13,11,13,-1,1,0,0,2,-2,1,0,4,6,12,12
2023-10-22,SP1,Girona,Almeria,2,5,2,19,9,8,5,1121.54600382622,803.421293202828,0,0,1,3,0,0,1,4,12,2,22,3,22,3,3,-3,10,-10,3,-3,2,5,5,8,9,19
2023-10-22,SP1,Villarreal,Alaves,1,1,1,12,16,3,7,915.363302781223,887.791897308802,0,0,2,0,0,1,2,4,5,2,8,8,8,8,0,0,-4,4,-4,4,1,1,7,3,16,12
2023-10-22,SP1,Barcelona,Athletic Club,2,1,0,12,10,7,3,1170.29917557137,1081.77642946469,4,0,0,1,4,0,0,1,11,10,21,17,21,17,1,-1,2,-2,4,-4,0,1,3,7,10,12
2023-10-23,SP1,Valencia,Cadiz,2,2,0,12,5,4,4,957.020051102561,937.708639349562,0,0,1,1,0,0,1,4,5,2,11,9,11,9,2,-2,7,-7,0,0,0,2,4,4,5,12
2023-10-27,SP1,Girona,Celta,2,1,0,12,4,2,2,1136.60617846266,874.59381390269,1,0,0,2,1,0,0,2,12,2,25,6,25,6,1,-1,8,-8,0,0,0,1,2,2,4,12
2023-10-28,SP1,Almeria,Las Palmas,0,1,2,10,10,4,3,788.361118566388,950.857480750332,0,1,0,0,2,1,5,0,2,9,3,11,3,11,-1,1,0,0,1,-1,2,1,3,4,10,10
2023-10-28,SP1,Barcelona,Real Madrid,0,1,2,15,13,3,4,1194.31789451086,1201.09869140373,5,0,0,0,5,2,0,1,11,10,24,25,24,25,-1,1,2,-2,-1,1,2,1,4,3,13,15
2023-10-28,SP1,Mallorca,Getafe,1,0,0,15,8,4,0,936.403138543382,969.865783355871,0,0,0,0,3,2,4,5,3,4,8,11,8,11,0,0,7,-7,4,-4,0,0,0,4,8,15
2023-10-28,SP1,Cadiz,Sevilla,1,2,2,10,20,5,10,896.286239331636,992.578806655574,0,0,1,1,0,0,2,3,2,6,9,9,9,9,0,0,-10,10,-5,5,2,2,10,5,20,10
2023-10-29,SP1,Betis,Osasuna,2,2,1,9,7,2,1,1013.56458376962,984.464858763769,1,0,0,1,4,0,0,1,7,7,14,13,14,13,1,-1,2,-2,1,-1,1,2,1,2,7,9
2023-10-29,SP1,Vallecano,Sociedad,1,2,2,16,15,7,3,1022.21190982198,1126.07824175707,0,0,0,1,3,0,2,1,7,12,16,18,16,18,0,0,1,-1,4,-4,2,2,3,7,15,16
2023-10-29,SP1,Athletic Club,Valencia,1,2,2,12,11,7,5,1057.7577105252,998.442451120487,1,0,0,0,4,1,0,4,7,5,17,14,17,14,0,0,1,-1,2,-2,2,2,5,7,11,12
2023-10-29,SP1,Ath Madrid,Alaves,2,2,1,11,8,7,1,1208.5862435291,889.058948810833,4,0,0,0,4,2,0,5,15,3,22,9,22,9,1,-1,3,-3,6,-6,1,2,1,7,8,11
2023-10-30,SP1,Granada,Villarreal,0,2,3,18,6,8,5,844.769655139627,914.096251279193,0,0,0,0,2,2,3,3,3,3,6,9,6,9,-1,1,12,-12,3,-3,3,2,5,8,6,18
2023-11-03,SP1,Las Palmas,Ath Madrid,2,2,1,9,13,3,5,968.894574900801,1217.36247036376,0,2,1,0,0,2,1,0,9,15,13,25,14,25,1,-1,-4,4,-2,2,1,2,5,3,13,9
2023-11-04,SP1,Osasuna,Girona,0,2,4,15,11,3,4,955.138792835558,1148.20273203984,1,4,0,0,1,5,0,0,6,12,10,27,13,28,-2,2,4,-4,-1,1,4,2,4,3,11,15
2023-11-04,SP1,Betis,Mallorca,2,2,0,22,8,3,1,1042.89064969783,937.939402968764,2,0,0,1,5,0,0,3,9,4,14,8,17,9,2,-2,14,-14,2,-2,0,2,1,3,8,22
2023-11-04,SP1,Celta,Sevilla,1,1,1,15,13,3,5,862.99726032551,988.254528015215,0,0,1,0,0,1,6,4,2,6,6,10,6,10,0,0,2,-2,-2,2,1,1,5,3,13,15
2023-11-04,SP1,Sociedad,Barcelona,0,0,1,13,12,6,4,1121.43259940572,1162.9423497013,4,0,0,0,6,5,0,2,10,8,18,23,19,24,-1,1,1,-1,2,-2,1,0,4,6,12,13
2023-11-05,SP1,Alaves,Almeria,2,1,0,23,9,3,3,880.282721976169,770.324024415919,0,0,0,4,1,0,3,5,3,1,9,3,9,3,1,-1,14,-14,0,0,0,1,3,3,9,23
2023-11-05,SP1,Valencia,Granada,2,1,0,11,6,2,1,1001.14778712979,819.071455525867,1,0,0,1,1,0,0,5,5,3,12,6,15,6,1,-1,5,-5,1,-1,0,1,1,2,6,11
2023-11-05,SP1,Villarreal,Athletic Club,0,2,3,17,17,6,7,939.794450892953,1055.05237451589,0,0,0,2,1,0,3,2,5,5,12,18,12,18,-1,1,0,0,-1,1,3,2,7,6,17,17
2023-11-05,SP1,Real Madrid,Vallecano,1,0,0,22,4,5,0,1232.4742362133,1026.85755217333,4,1,0,0,4,3,0,0,13,7,25,14,28,17,0,0,18,-18,5,-5,0,0,0,5,4,22
2023-11-06,SP1,Getafe,Cadiz,2,1,0,13,6,3,2,968.329518930489,900.610517971995,0,0,0,2,5,0,2,5,5,2,11,7,12,10,1,-1,7,-7,1,-1,0,1,2,3,6,13
2023-11-10,SP1,Athletic Club,Celta,2,4,3,21,13,12,5,1076.80973601498,868.528003539405,0,0,0,3,5,0,1,3,7,2,18,6,21,7,1,-1,8,-8,7,-7,3,4,5,12,13,21
2023-11-11,SP1,Vallecano,Girona,0,1,2,22,19,9,7,1035.35671769702,1169.9224655452,0,5,0,0,4,6,3,0,7,12,12,27,18,31,-1,1,3,-3,2,-2,2,1,7,9,19,22
2023-11-11,SP1,Almeria,Sociedad,0,1,3,7,18,2,6,748.126476109251,1093.23770097955,0,0,1,0,0,1,6,2,1,7,3,17,3,19,-2,2,-11,11,-4,4,3,1,6,2,18,7
2023-11-11,SP1,Granada,Getafe,1,1,1,12,10,6,6,802.457879963987,994.170170073652,0,0,1,0,0,3,4,6,2,7,6,14,6,15,0,0,2,-2,0,0,1,1,6,6,10,12
2023-11-11,SP1,Osasuna,Las Palmas,1,1,1,11,6,3,1,933.419059330199,1020.53921233548,0,2,1,0,0,2,1,0,6,12,10,16,13,17,0,0,5,-5,2,-2,1,1,1,3,6,11
2023-11-11,SP1,Real Madrid,Valencia,2,5,1,16,10,7,4,1223.9750706896,1017.76136269167,0,0,0,0,5,2,1,5,11,8,23,12,29,18,4,-4,6,-6,3,-3,1,5,4,7,10,16
2023-11-12,SP1,Barcelona,Alaves,2,2,1,11,8,6,1,1191.13724812747,902.480270282836,0,0,1,1,0,0,1,6,10,5,23,9,27,12,1,-1,3,-3,5,-5,1,2,1,6,8,11
2023-11-12,SP1,Sevilla,Betis,1,1,1,13,14,4,6,982.72378480132,1073.88880051596,0,0,0,0,4,3,2,5,4,11,11,16,11,20,0,0,-1,1,-2,2,1,1,6,4,14,13
2023-11-12,SP1,Ath Madrid,Villarreal,2,3,1,25,11,10,7,1165.71783292908,918.037089393864,5,1,0,0,5,3,0,0,12,5,22,9,25,12,2,-2,14,-14,3,-3,1,3,7,10,11,25
2023-11-24,SP1,Alaves,Granada,2,3,1,8,11,5,4,892.269611156085,810.487677050344,1,0,0,2,2,0,0,6,5,2,9,4,12,7,2,-2,-3,3,1,-1,1,3,4,5,11,8
2023-11-25,SP1,Vallecano,Barcelona,1,1,1,10,15,4,4,1015.16599960953,1201.34790725422,0,1,1,0,0,6,4,0,6,10,12,23,18,30,0,0,-5,5,0,0,1,1,4,4,15,10
2023-11-25,SP1,Valencia,Celta,1,0,0,8,13,0,1,987.601741641361,853.7018144238,2,0,0,4,2,0,0,4,8,2,12,6,18,7,0,0,-5,5,-1,1,0,0,1,0,13,8
2023-11-25,SP1,Getafe,Almeria,2,2,1,18,13,5,4,986.140372987295,737.546709980789,1,0,0,5,6,0,0,6,7,0,12,2,16,3,1,-1,5,-5,1,-1,1,2,4,5,13,18
2023-11-25,SP1,Ath Madrid,Mallorca,2,1,0,20,8,3,1,1182.71348520763,906.941252150638,6,0,0,2,6,0,0,4,12,3,24,8,28,9,1,-1,12,-12,2,-2,0,1,1,3,8,20
2023-11-26,SP1,Villarreal,Osasuna,2,3,1,10,15,3,7,901.041437115319,937.349065456145,0,0,1,2,0,0,4,2,4,4,9,8,12,14,2,-2,-5,5,-4,4,1,3,7,3,15,10
2023-11-26,SP1,Sociedad,Sevilla,2,2,1,11,8,8,2,1103.81746710801,986.828318598137,0,0,1,0,0,2,1,5,7,5,19,12,22,12,1,-1,3,-3,6,-6,1,2,2,8,8,11
2023-11-26,SP1,Cadiz,Real Madrid,0,0,3,13,14,4,5,874.769866828832,1254.13469173991,0,1,0,0,1,3,3,0,1,11,7,23,10,32,-3,3,-1,1,-1,1,3,0,5,4,14,13
2023-11-26,SP1,Betis,Las Palmas,2,1,0,12,15,6,4,1069.78426671914,1016.60920620953,3,0,0,0,6,3,0,1,9,10,17,16,21,18,1,-1,-3,3,2,-2,0,1,4,6,15,12
2023-11-27,SP1,Girona,Athletic Club,1,1,1,12,13,2,6,1190.11318363269,1091.63592513059,2,1,0,0,2,1,0,0,15,10,27,18,34,24,0,0,-1,1,-4,4,1,1,6,2,13,12
2023-11-29,SP1,Mallorca,Cadiz,1,1,1,16,6,3,3,896.077905968725,863.731061782484,0,0,0,3,4,0,5,6,2,1,8,6,9,10,0,0,10,-10,0,0,1,1,3,3,6,16
2023-12-01,SP1,Las Palmas,Getafe,2,2,0,11,12,6,4,989.468924168873,998.488519021134,1,0,0,0,1,4,0,7,7,9,16,15,18,19,2,-2,-1,1,2,-2,0,2,4,6,12,11
2023-12-02,SP1,Girona,Valencia,2,2,1,9,9,5,3,1185.69580460557,981.723605672062,0,0,0,1,3,0,1,6,13,8,25,13,35,19,1,-1,0,0,2,-2,1,2,3,5,9,9
2023-12-02,SP1,Athletic Club,Vallecano,2,4,0,9,11,4,3,1096.05330415771,1023.00374122195,1,0,0,0,6,4,0,1,8,6,18,13,25,19,4,-4,-2,2,1,-1,0,4,3,4,11,9
2023-12-02,SP1,Real Madrid,Granada,2,2,0,11,1,4,0,1265.17349678626,776.767053660998,1,0,0,3,6,0,0,7,11,1,23,4,35,7,2,-2,10,-10,4,-4,0,2,0,4,1,11
2023-12-02,SP1,Osasuna,Sociedad,1,1,1,9,17,3,5,888.924860613902,1125.43194224833,0,1,0,0,1,2,2,0,4,10,8,19,14,25,0,0,-8,8,-2,2,1,1,5,3,17,9
2023-12-03,SP1,Mallorca,Alaves,1,0,0,7,7,3,4,894.592567866906,925.990234545431,0,0,0,2,5,0,6,7,2,7,8,9,10,15,0,0,0,0,-1,1,0,0,4,3,7,7
2023-12-03,SP1,Almeria,Betis,1,0,0,20,6,8,2,725.198563946951,1096.9245487598,0,0,2,0,0,4,7,6,0,11,2,17,3,24,0,0,14,-14,6,-6,0,0,2,8,6,20
2023-12-03,SP1,Sevilla,Villarreal,1,1,1,18,5,4,4,965.213843457814,949.465641957562,0,0,0,1,5,0,3,1,4,7,12,12,12,15,0,0,13,-13,0,0,1,1,4,4,5,18
2023-12-03,SP1,Barcelona,Ath Madrid,2,1,0,13,9,2,4,1193.5101656418,1193.57683138954,1,0,0,1,1,0,0,1,10,12,21,24,31,31,1,-1,4,-4,-2,2,0,1,4,2,9,13
2023-12-04,SP1,Celta,Cadiz,1,1,1,26,2,7,1,859.579950393098,865.216399884303,0,0,0,0,1,1,7,7,2,2,4,4,8,11,0,0,24,-24,6,-6,1,1,1,7,2,26
2023-12-08,SP1,Getafe,Valencia,2,1,0,8,3,6,0,953.492591852691,966.612939206041,2,0,0,2,7,0,0,7,8,5,12,10,19,19,1,-1,5,-5,6,-6,0,1,0,6,3,8
2023-12-09,SP1,Alaves,Las Palmas,0,0,1,19,9,5,2,924.548241861415,1034.46485133732,2,0,0,1,3,0,0,2,7,10,10,19,16,21,-1,1,10,-10,3,-3,1,0,2,5,9,19
2023-12-09,SP1,Betis,Real Madrid,1,1,1,14,12,6,2,1084.29369135187,1270.14749803601,4,2,0,0,7,4,0,0,11,13,18,23,25,38,0,0,2,-2,4,-4,1,1,2,6,12,14
2023-12-09,SP1,Villarreal,Sociedad,0,0,3,20,16,4,5,950.190377174805,1115.96012407147,1,0,0,0,1,3,0,1,7,8,10,20,16,26,-3,3,4,-4,-1,1,3,0,5,4,16,20
2023-12-09,SP1,Mallorca,Sevilla,2,1,0,6,19,3,5,896.034560550922,964.489108240571,0,0,0,1,6,0,7,6,3,4,6,10,11,13,1,-1,-13,13,-2,2,0,1,5,3,19,6
2023-12-10,SP1,Ath Madrid,Almeria,2,2,1,13,19,4,5,1161.57069124734,737.829421354882,7,0,0,6,7,0,0,7,9,1,24,3,31,4,1,-1,-6,6,-1,1,1,2,5,4,19,13
2023-12-10,SP1,Cadiz,Osasuna,1,1,1,12,13,5,5,864.956854561943,898.39667879077,0,0,1,3,0,0,4,3,3,2,5,9,12,15,0,0,-1,1,0,0,1,1,5,5,13,12
2023-12-10,SP1,Barcelona,Girona,0,2,4,31,15,11,7,1225.516305784,1200.80647107159,2,6,0,0,2,7,0,0,10,13,21,25,34,38,-2,2,16,-16,4,-4,4,2,7,11,15,31
2023-12-11,SP1,Granada,Athletic Club,1,1,1,7,19,4,4,771.793052411246,1147.19063568706,0,0,0,0,1,2,5,1,1,11,4,18,7,28,0,0,-12,12,0,0,1,1,4,4,19,7
2023-12-11,SP1,Vallecano,Celta,1,0,0,17,4,4,2,971.866409692604,859.839495715457,0,0,0,0,1,1,5,5,3,3,10,5,19,9,0,0,13,-13,2,-2,0,0,2,4,4,17
2023-12-15,SP1,Osasuna,Vallecano,2,1,0,10,9,4,3,896.861455609992,966.879034469996,0,0,0,1,2,0,3,2,3,3,9,10,16,20,1,-1,1,-1,1,-1,0,1,3,4,9,10
2023-12-16,SP1,Celta,Granada,2,1,0,11,7,4,2,864.826870938065,784.487091410486,0,0,0,4,2,0,8,8,4,2,6,5,10,8,1,-1,4,-4,2,-2,0,1,2,4,7,11
2023-12-16,SP1,Athletic Club,Ath Madrid,2,2,0,16,7,7,3,1134.49659668782,1166.70529459951,2,0,0,2,7,0,0,2,11,9,16,24,29,34,2,-2,9,-9,4,-4,0,2,3,7,7,16
2023-12-16,SP1,Sevilla,Getafe,0,0,3,12,14,4,7,926.264549591457,986.700446393171,0,0,0,1,6,0,4,8,3,10,9,15,13,22,-3,3,-2,2,-3,3,3,0,7,4,14,12
2023-12-16,SP1,Valencia,Barcelona,1,1,1,11,16,4,8,933.405084665561,1178.54475518371,0,0,0,0,3,7,1,1,4,10,9,18,19,34,0,0,-5,5,-4,4,1,1,8,4,16,11
2023-12-17,SP1,Almeria,Mallorca,1,0,0,7,20,1,2,732.694818002713,934.259119200037,0,0,0,3,1,0,8,5,1,5,2,9,4,14,0,0,-13,13,-1,1,0,0,2,1,20,7
2023-12-17,SP1,Sociedad,Betis,1,0,0,12,12,4,3,1146.28312028325,1092.11994377225,1,0,0,0,1,5,0,7,10,9,20,18,29,26,0,0,0,0,1,-1,0,0,3,4,12,12
2023-12-17,SP1,Las Palmas,Cadiz,1,1,1,7,13,2,5,1056.66591247905,866.492077742721,2,0,0,0,2,2,0,8,10,3,19,5,24,13,0,0,-6,6,-3,3,1,1,5,2,13,7
2023-12-17,SP1,Real Madrid,Villarreal,2,4,1,22,3,9,1,1262.32124561564,919.867380963019,2,0,0,0,7,1,0,2,11,4,24,9,39,16,3,-3,19,-19,8,-8,1,4,1,9,3,22
2023-12-18,SP1,Girona,Alaves,2,3,0,9,12,4,2,1247.77802167188,902.347180719676,1,0,0,0,4,1,0,8,13,7,25,10,41,16,3,-3,-3,3,2,-2,0,3,2,4,12,9
2023-12-19,SP1,Vallecano,Valencia,0,0,1,7,8,1,3,928.516084407372,943.131333496288,0,0,0,3,2,0,6,8,2,2,9,10,20,20,-1,1,-1,1,-2,2,1,0,3,1,8,7
2023-12-19,SP1,Ath Madrid,Getafe,1,3,3,8,29,4,9,1118.79350351221,1031.84088151215,8,1,0,0,8,1,0,0,9,10,21,17,34,25,0,0,-21,21,-5,5,3,3,9,4,29,8
2023-12-19,SP1,Granada,Sevilla,0,0,3,12,12,3,5,759.757533883821,881.12411447248,0,0,0,2,2,0,6,7,2,2,4,6,8,13,-3,3,0,0,-2,2,3,0,5,3,12,12
2023-12-20,SP1,Barcelona,Almeria,2,3,2,30,10,11,5,1168.81850635298,741.059193925928,0,0,1,7,0,0,1,8,8,2,18,3,35,5,1,-1,20,-20,6,-6,2,3,5,11,10,30
2023-12-20,SP1,Athletic Club,Las Palmas,2,1,0,19,5,10,1,1182.40838777512,1048.68923727423,3,1,0,0,8,1,0,0,11,8,18,20,32,25,1,-1,14,-14,9,-9,0,1,1,10,5,19
2023-12-20,SP1,Villarreal,Celta,2,3,2,12,15,8,5,906.534747985107,889.556428464731,0,0,1,0,0,2,1,6,4,6,9,8,16,13,1,-1,-3,3,3,-3,2,3,5,8,15,12
2023-12-21,SP1,Betis,Girona,1,1,1,21,12,4,4,1094.59423837943,1260.91140090895,0,7,0,0,8,8,1,0,7,13,18,25,27,44,0,0,9,-9,0,0,1,1,4,4,12,21
2023-12-21,SP1,Cadiz,Sociedad,1,0,0,10,8,2,1,874.468752947545,1143.80882567607,0,1,0,0,1,4,5,0,4,11,5,18,14,30,0,0,2,-2,1,-1,0,0,1,2,8,10
2023-12-21,SP1,Alaves,Real Madrid,0,0,1,8,9,2,4,889.213801482614,1275.65387859355,0,0,1,0,0,5,1,1,4,13,9,24,16,42,-1,1,-1,1,-2,2,1,0,4,2,9,8
2023-12-21,SP1,Mallorca,Osasuna,2,3,2,15,12,8,7,925.894743276822,935.224405672616,1,0,0,0,7,1,0,4,6,6,9,12,15,19,1,-1,3,-3,1,-1,2,3,7,8,12,15
2023-12-23,SP1,Ath Madrid,Sevilla,2,1,0,12,8,4,2,1114.87074786698,917.345454609439,0,1,0,0,9,1,1,0,7,4,19,9,35,16,1,-1,4,-4,2,-2,0,1,2,4,8,12
2024-01-02,SP1,Getafe,Vallecano,0,0,2,5,12,0,8,1035.76363715737,897.86140514899,3,0,0,2,8,0,0,3,10,2,17,8,26,20,-2,2,-7,7,-8,8,2,0,8,0,12,5
2024-01-02,SP1,Sociedad,Alaves,1,1,1,16,7,6,2,1133.40952481525,882.969360063808,0,0,0,1,2,0,1,9,9,4,16,9,31,16,0,0,9,-9,4,-4,1,1,2,6,7,16
2024-01-02,SP1,Valencia,Villarreal,2,3,1,11,8,8,4,973.786012754669,936.972230552322,0,0,0,1,4,0,2,3,5,7,13,11,23,19,2,-2,3,-3,4,-4,1,3,4,8,8,11
2024-01-03,SP1,Granada,Cadiz,2,2,0,15,15,8,2,723.536193746862,884.868053808366,0,0,1,0,0,3,7,9,1,5,3,6,8,15,2,-2,0,0,6,-6,0,2,2,8,15,15
2024-01-03,SP1,Celta,Betis,2,2,1,19,14,6,3,859.118945897516,1101.71745914301,1,0,0,0,3,6,0,8,6,7,8,16,13,28,1,-1,5,-5,3,-3,1,2,3,6,14,19
2024-01-03,SP1,Real Madrid,Mallorca,2,1,0,17,7,5,0,1281.89832001235,958.753830458852,3,0,0,0,8,1,0,6,13,9,24,11,45,18,1,-1,10,-10,5,-5,0,1,0,5,7,17
2024-01-03,SP1,Girona,Ath Madrid,2,4,3,17,18,9,12,1253.78818014536,1130.41397665305,2,0,0,3,5,0,0,3,11,7,26,19,45,38,1,-1,-1,1,-3,3,3,4,12,9,18,17
2024-01-04,SP1,Osasuna,Almeria,2,1,0,14,4,2,0,902.365318490586,736.032769269003,1,0,0,8,3,0,0,9,5,2,9,2,19,5,1,-1,10,-10,2,-2,0,1,0,2,4,14
2024-01-04,SP1,Sevilla,Athletic Club,0,0,2,11,15,2,6,901.802225823372,1202.66652145842,0,0,1,0,0,3,5,2,4,11,8,21,16,35,-2,2,-4,4,-4,4,2,0,6,2,15,11
2024-01-04,SP1,Las Palmas,Barcelona,0,1,2,12,15,3,5,1028.43110359092,1173.84493100991,0,0,0,0,3,8,1,2,7,8,17,18,25,38,-1,1,-3,3,-2,2,2,1,5,3,15,12
2024-01-12,SP1,Sevilla,Alaves,0,2,3,19,16,4,8,888.614862124069,892.848078532784,0,0,2,0,0,1,6,10,3,2,7,9,16,17,-1,1,3,-3,-4,4,3,2,8,4,16,19
2024-01-13,SP1,Las Palmas,Villarreal,2,3,0,8,17,3,3,1009.09335084598,897.744390013685,0,0,1,2,0,0,2,4,7,4,14,11,25,19,3,-3,-9,9,0,0,0,3,3,3,17,8
2024-01-13,SP1,Mallorca,Celta,1,1,1,17,6,6,2,950.134097325147,910.423226403823,2,0,0,1,8,0,0,7,8,8,10,10,18,16,0,0,11,-11,4,-4,1,1,2,6,6,17
2024-01-13,SP1,Athletic Club,Sociedad,2,2,1,10,9,3,1,1215.85388515772,1123.53080634627,4,0,0,0,9,5,0,1,13,7,21,17,38,32,1,-1,1,-1,2,-2,1,2,1,3,9,10
2024-01-13,SP1,Betis,Granada,2,1,0,25,6,6,2,1050.4131786367,786.411495934273,0,0,0,5,9,0,2,9,4,4,15,5,28,11,1,-1,19,-19,4,-4,0,1,2,6,6,25
2024-01-14,SP1,Almeria,Girona,1,0,0,20,5,3,1,718.280347052087,1274.87969175821,0,0,0,0,2,9,9,1,2,13,2,26,5,48,0,0,15,-15,2,-2,0,0,1,3,5,20
2024-01-14,SP1,Cadiz,Valencia,0,1,4,10,9,2,5,821.992751620956,1013.01385329331,0,1,0,0,2,1,6,0,4,7,6,15,15,26,-3,3,1,-1,-3,3,4,1,5,2,9,10
2024-01-19,SP1,Alaves,Cadiz,2,1,0,13,9,3,1,924.45820418549,794.747266832298,0,0,2,1,0,0,2,10,4,3,11,6,20,15,1,-1,4,-4,2,-2,0,1,1,3,9,13
2024-01-20,SP1,Vallecano,Las Palmas,0,0,2,16,10,3,5,958.26675787889,1046.72297765736,0,0,1,1,0,0,7,1,4,7,10,17,23,28,-2,2,6,-6,-2,2,2,0,5,3,10,16
2024-01-20,SP1,Villarreal,Mallorca,1,1,1,18,8,5,2,860.114763202309,948.313266243809,1,0,0,1,1,0,0,7,3,8,10,11,19,19,0,0,10,-10,3,-3,1,1,2,5,8,18
2024-01-20,SP1,Valencia,Athletic Club,2,1,0,6,6,1,3,1040.25933808196,1239.54526083701,1,1,0,0,5,4,0,0,10,13,15,24,29,41,1,-1,0,0,-2,2,0,1,3,1,6,6
2024-01-20,SP1,Celta,Sociedad,0,0,1,6,6,2,2,912.244057485161,1099.83943066699,2,0,0,1,4,0,0,2,8,6,11,14,17,32,-1,1,0,0,0,0,1,0,2,2,6,6
2024-01-21,SP1,Osasuna,Getafe,2,3,2,13,10,7,7,920.117740707502,975.358284427474,2,0,0,0,4,2,0,1,8,7,12,16,22,26,1,-1,3,-3,0,0,2,3,7,7,10,13
2024-01-21,SP1,Real Madrid,Almeria,2,3,2,18,10,6,2,1290.51805314606,733.031903971128,4,0,0,9,9,0,0,10,13,2,24,3,48,6,1,-1,8,-8,4,-4,2,3,2,6,10,18
2024-01-21,SP1,Betis,Barcelona,0,2,4,14,11,5,4,1061.90139406555,1193.18268375485,1,1,0,0,10,9,0,0,6,10,17,20,31,41,-2,2,3,-3,1,-1,4,2,4,5,11,14
2024-01-21,SP1,Girona,Sevilla,2,5,1,12,9,8,3,1260.12813483917,857.004736471363,3,0,0,1,6,0,0,1,11,3,24,6,49,16,4,-4,3,-3,5,-5,1,5,3,8,9,12
2024-01-22,SP1,Granada,Ath Madrid,0,0,1,17,10,2,5,774.923280505432,1109.32246504021,1,0,0,4,1,0,0,4,4,7,5,16,11,38,-1,1,7,-7,-3,3,1,0,5,2,10,17
2024-01-26,SP1,Almeria,Alaves,0,0,3,19,11,7,3,730.547237991694,945.037146659996,0,1,0,0,3,2,10,0,2,7,3,14,6,23,-3,3,8,-8,4,-4,3,0,3,7,11,19
2024-01-27,SP1,Sociedad,Vallecano,1,0,0,6,5,3,0,1116.06519920362,925.340013362166,0,1,0,0,3,1,2,0,6,4,16,7,34,23,0,0,1,-1,3,-3,0,0,0,3,5,6
2024-01-27,SP1,Las Palmas,Real Madrid,0,1,2,7,13,2,5,1079.64972217408,1293.00271912549,1,1,0,0,1,6,0,0,7,13,17,26,30,51,-1,1,-6,6,-3,3,2,1,5,2,13,7
2024-01-27,SP1,Barcelona,Villarreal,0,3,5,22,9,10,6,1221.21446653578,864.091397415795,1,0,0,3,1,0,0,5,10,4,20,8,44,20,-2,2,13,-13,4,-4,5,3,6,10,9,22
2024-01-27,SP1,Mallorca,Betis,0,0,1,14,8,1,2,944.336632030323,1033.86961128462,0,0,0,1,9,0,1,9,6,5,11,14,19,28,-1,1,6,-6,-1,1,1,0,2,1,8,14
2024-01-28,SP1,Celta,Girona,0,0,1,10,15,5,6,896.018288948527,1271.665651688,0,0,1,0,0,10,1,2,7,11,11,24,17,51,-1,1,-5,5,-1,1,1,0,6,5,15,10
2024-01-28,SP1,Cadiz,Athletic Club,1,0,0,9,8,2,0,774.168324357791,1190.96952841493,0,0,1,1,0,0,7,1,2,12,5,23,12,41,0,0,1,-1,2,-2,0,0,0,2,8,9
2024-01-28,SP1,Sevilla,Osasuna,1,1,1,10,11,5,4,845.467219622528,957.163139350162,0,0,3,1,0,0,7,5,3,10,5,12,16,25,0,0,-1,1,1,-1,1,1,4,5,11,10
2024-01-28,SP1,Ath Madrid,Valencia,2,2,0,12,10,8,3,1117.47029718158,1088.83507050405,1,2,0,0,10,2,0,0,7,13,16,17,41,29,2,-2,2,-2,5,-5,0,2,3,8,10,12
2024-01-29,SP1,Getafe,Granada,2,2,0,7,16,4,3,938.312885784814,766.775448364061,0,0,1,6,0,0,1,10,7,3,15,5,26,11,2,-2,-9,9,1,-1,0,2,3,4,16,7
2024-01-31,SP1,Barcelona,Osasuna,2,1,0,16,9,4,1,1143.45237399316,952.189530007982,0,0,1,0,0,1,1,6,10,10,20,13,43,23,1,-1,7,-7,3,-3,0,1,1,4,9,16
2024-01-31,SP1,Ath Madrid,Vallecano,2,2,1,8,10,3,2,1157.7213851471,933.335753420997,2,0,0,0,11,2,0,1,10,4,19,7,41,21,1,-1,-2,2,1,-1,1,2,2,3,10,8
2024-02-01,SP1,Getafe,Real Madrid,0,0,2,10,16,2,9,962.120227873076,1307.4989674792,1,2,0,0,1,7,0,0,7,15,17,26,28,51,-2,2,-6,6,-7,7,2,0,9,2,16,10
2024-02-02,SP1,Athletic Club,Mallorca,2,4,0,13,6,6,2,1177.63276185309,920.405107334595,5,0,0,0,10,1,0,8,10,5,21,11,39,19,4,-4,7,-7,4,-4,0,4,2,6,6,13
2024-02-03,SP1,Valencia,Almeria,2,2,1,7,15,2,5,1048.58398253853,705.96883145869,2,0,0,10,6,0,0,11,12,1,14,3,26,6,1,-1,-8,8,-3,3,1,2,5,2,15,7
2024-02-03,SP1,Granada,Las Palmas,1,1,1,3,16,1,6,742.968106275799,1065.15347382037,0,1,1,0,0,1,1,0,3,6,5,14,11,30,0,0,-13,13,-5,5,1,1,6,1,16,3
2024-02-03,SP1,Alaves,Barcelona,0,1,3,13,8,2,5,969.615553193,1159.42376932519,1,2,0,0,1,10,0,0,10,12,14,20,23,43,-2,2,5,-5,-3,3,3,1,5,2,8,13
2024-02-03,SP1,Girona,Sociedad,1,0,0,11,11,3,2,1278.26905379658,1108.06945914479,4,1,0,0,7,1,0,0,11,6,24,17,51,34,0,0,0,0,1,-1,0,0,2,3,11,11
2024-02-04,SP1,Villarreal,Cadiz,1,0,0,19,8,4,2,941.853489958416,787.505090919631,0,0,0,2,2,0,1,11,7,2,11,6,20,13,0,0,11,-11,2,-2,0,0,2,4,8,19
2024-02-04,SP1,Osasuna,Celta,0,0,3,18,6,1,5,936.218134675952,889.414886839955,3,0,0,0,5,1,0,8,7,4,13,10,23,16,-3,3,12,-12,-4,4,3,0,5,1,6,18
2024-02-04,SP1,Betis,Getafe,1,1,1,9,11,3,2,1057.80113598034,951.554780485445,0,0,1,1,0,0,1,2,7,4,14,14,30,28,0,0,-2,2,1,-1,1,1,2,3,11,9
2024-02-04,SP1,Real Madrid,Ath Madrid,1,1,1,17,10,4,5,1318.06441486683,1171.51790984206,5,1,0,0,10,1,0,0,15,12,28,19,51,43,0,0,7,-7,-1,1,1,1,5,4,10,17
2024-02-05,SP1,Vallecano,Sevilla,0,1,2,22,10,5,6,919.539228726038,850.440828964707,0,0,2,2,0,0,8,2,4,1,6,5,18,17,-1,1,12,-12,-1,1,2,1,6,5,10,22
2024-02-09,SP1,Cadiz,Betis,0,0,2,14,13,5,5,794.179673155634,1053.05533042336,0,1,0,0,1,1,8,0,2,7,7,14,13,31,-2,2,1,-1,0,0,2,0,5,5,13,14
2024-02-10,SP1,Alaves,Villarreal,1,1,1,17,12,4,4,947.588108504631,935.178907722412,0,1,1,0,0,1,1,0,10,5,14,12,23,21,0,0,5,-5,0,0,1,1,4,4,12,17
2024-02-10,SP1,Sociedad,Osasuna,0,0,1,21,9,3,2,1115.33531951266,874.384672648539,0,0,0,1,4,0,3,7,6,7,15,12,34,20,-1,1,12,-12,1,-1,1,0,2,3,9,21
2024-02-10,SP1,Real Madrid,Girona,2,4,0,16,5,6,0,1311.68935355168,1271.0031934287,0,1,0,0,11,11,1,0,13,11,26,22,49,49,4,-4,11,-11,6,-6,0,4,0,6,5,16
2024-02-10,SP1,Las Palmas,Valencia,2,2,0,8,7,3,1,1053.48397252296,1056.40140815768,0,0,1,1,0,0,1,1,7,12,14,17,30,29,2,-2,1,-1,2,-2,0,2,1,3,7,8
2024-02-11,SP1,Getafe,Celta,2,3,2,11,9,4,4,956.300586042427,951.248348867368,0,1,1,0,0,2,1,0,4,7,14,13,26,19,1,-1,2,-2,0,0,2,3,4,4,9,11
2024-02-11,SP1,Mallorca,Vallecano,2,2,1,8,11,5,4,896.49793743235,881.257633508106,0,0,1,1,0,0,2,2,2,4,11,6,19,18,1,-1,-3,3,1,-1,1,2,4,5,11,8
2024-02-11,SP1,Sevilla,Ath Madrid,2,1,0,10,16,6,5,888.72242418264,1177.89297115721,0,0,0,0,1,2,8,1,4,10,8,17,20,41,1,-1,-6,6,1,-1,0,1,5,6,16,10
2024-02-11,SP1,Barcelona,Granada,1,3,3,11,11,6,5,1181.45121401356,754.637607573209,1,0,0,7,1,0,0,11,12,4,20,5,43,9,0,0,0,0,1,-1,3,3,5,6,11,11
2024-02-12,SP1,Almeria,Athletic Club,1,0,0,10,12,4,4,698.151405839533,1201.53993175533,0,0,1,0,0,1,11,2,1,10,3,21,5,39,0,0,-2,2,0,0,0,0,4,4,12,10
2024-02-16,SP1,Villarreal,Getafe,1,1,1,20,11,7,2,935.75012966053,987.83529059816,0,0,0,0,3,1,2,3,6,7,10,14,22,29,0,0,9,-9,5,-5,1,1,2,7,11,20
2024-02-17,SP1,Ath Madrid,Las Palmas,2,5,0,13,11,7,2,1124.07828556871,1097.70985671282,3,0,0,0,12,2,0,1,10,10,17,17,41,33,5,-5,2,-2,5,-5,0,5,2,7,11,13
2024-02-17,SP1,Osasuna,Cadiz,2,2,0,11,5,4,1,925.592136568837,778.049674646409,0,0,1,0,0,1,1,12,7,2,15,6,23,10,2,-2,6,-6,3,-3,0,2,1,4,5,11
2024-02-17,SP1,Celta,Barcelona,0,1,2,13,14,4,4,919.713644311635,1167.9770624992,0,3,2,0,0,11,2,0,4,10,12,20,16,41,-1,1,-1,1,0,0,2,1,4,4,14,13
2024-02-17,SP1,Valencia,Sevilla,1,0,0,14,1,4,1,1012.17552396782,942.537109771136,3,1,0,0,7,1,0,0,9,7,16,10,29,20,0,0,13,-13,3,-3,0,0,1,4,1,14
2024-02-18,SP1,Vallecano,Real Madrid,1,1,1,8,11,3,4,850.660417766752,1368.67306075741,0,3,3,0,0,8,9,0,1,13,5,26,18,49,0,0,-3,3,-1,1,1,1,4,3,11,8
2024-02-18,SP1,Granada,Almeria,1,1,1,19,13,7,3,768.111759087569,712.478908868237,0,0,0,11,1,0,2,12,2,2,6,4,10,6,0,0,6,-6,4,-4,1,1,3,7,13,19
2024-02-18,SP1,Mallorca,Sociedad,0,1,2,4,19,1,5,927.095153173704,1064.12785559236,1,0,0,0,1,2,0,1,5,5,13,12,21,31,-1,1,-15,15,-4,4,2,1,5,1,19,4
2024-02-18,SP1,Betis,Alaves,1,0,0,13,13,2,4,1069.18532893258,947.016886566514,0,2,0,0,1,3,2,0,10,10,14,12,31,21,0,0,0,0,-2,2,0,0,4,2,13,13
2024-02-19,SP1,Athletic Club,Girona,2,3,2,14,12,7,6,1187.21242872663,1214.01948622297,6,0,0,1,11,0,0,1,8,8,21,21,39,46,1,-1,2,-2,1,-1,2,3,6,7,12,14
2024-02-23,SP1,Sociedad,Villarreal,0,1,3,21,6,8,4,1084.12281952998,938.130931288831,0,0,1,0,0,2,4,1,8,7,14,10,34,20,-2,2,15,-15,4,-4,3,1,4,8,6,21
2024-02-24,SP1,Barcelona,Getafe,2,4,0,17,10,9,4,1180.34416480206,985.454488969859,0,0,0,0,2,2,1,4,10,8,20,15,41,27,4,-4,7,-7,5,-5,0,4,4,9,10,17
2024-02-24,SP1,Alaves,Mallorca,1,1,1,9,15,1,8,952.421998100193,907.100189236086,0,0,0,1,1,0,2,9,8,4,12,12,22,18,0,0,-6,6,-7,7,1,1,8,1,15,9
2024-02-24,SP1,Almeria,Ath Madrid,1,2,2,9,18,4,9,715.019222308359,1192.45656362944,0,0,0,1,1,0,12,2,2,10,4,17,7,41,0,0,-9,9,-5,5,2,2,9,4,18,9
2024-02-25,SP1,Cadiz,Celta,1,2,2,19,7,6,3,751.772386366397,907.346542008772,0,0,1,1,0,0,9,1,2,3,5,11,10,16,0,0,12,-12,3,-3,2,2,3,6,7,19
2024-02-25,SP1,Betis,Athletic Club,2,3,1,13,3,5,1,1063.7802173989,1221.67656208784,0,0,0,0,2,2,3,3,8,8,14,21,32,39,2,-2,10,-10,4,-4,1,3,1,5,3,13
2024-02-25,SP1,Las Palmas,Osasuna,1,1,1,9,6,3,2,1029.33157865209,951.869424848849,1,1,0,0,1,1,0,0,7,7,14,17,33,26,0,0,3,-3,1,-1,1,1,2,3,6,9
2024-02-25,SP1,Real Madrid,Sevilla,2,1,0,16,4,6,1,1354.21704032139,945.701810374839,1,0,0,0,12,2,0,1,11,8,24,11,47,20,1,-1,12,-12,5,-5,0,1,1,6,4,16
2024-02-26,SP1,Girona,Vallecano,2,3,0,14,7,8,1,1179.55535286176,865.116438202773,0,0,0,2,8,0,1,3,7,2,18,6,43,16,3,-3,7,-7,7,-7,0,3,1,8,7,14
2024-03-01,SP1,Celta,Almeria,2,1,0,15,3,6,0,900.625403623786,729.093465866642,0,0,3,0,0,1,3,13,4,3,11,5,17,7,1,-1,12,-12,6,-6,0,1,0,6,3,15
2024-03-02,SP1,Sevilla,Sociedad,2,3,2,12,13,5,4,940.13774856089,1022.84944721116,1,1,0,0,2,3,0,0,8,5,11,11,17,31,1,-1,-1,1,1,-1,2,3,4,5,13,12
2024-03-02,SP1,Vallecano,Cadiz,1,1,1,9,16,5,5,849.778732322224,758.493524751383,0,0,0,1,1,0,10,13,1,3,5,5,15,10,0,0,-7,7,0,0,1,1,5,5,16,9
2024-03-02,SP1,Getafe,Las Palmas,1,3,3,16,14,5,5,953.762441425879,1025.82227032116,1,0,0,1,1,0,0,2,5,5,12,12,27,31,0,0,2,-2,0,0,3,3,5,5,14,16
2024-03-02,SP1,Valencia,Real Madrid,1,2,2,12,10,5,5,1009.01082336412,1359.78110213534,0,0,0,0,8,9,1,1,7,11,17,26,27,50,0,0,2,-2,0,0,2,2,5,5,10,12
2024-03-03,SP1,Villarreal,Granada,2,5,1,16,9,10,3,999.404303607651,765.571445647447,0,0,0,0,4,1,3,12,9,3,13,7,22,11,4,-4,7,-7,7,-7,1,5,3,10,9,16
2024-03-03,SP1,Ath Madrid,Betis,2,2,1,17,12,12,6,1178.38232007116,1126.30188477045,4,2,0,0,13,2,0,0,8,11,18,16,39,34,1,-1,5,-5,6,-6,1,2,6,12,12,17
2024-03-03,SP1,Mallorca,Girona,2,1,0,16,15,2,4,909.175577170312,1194.89305874231,0,0,1,2,0,0,1,2,4,7,10,18,19,43,1,-1,1,-1,-2,2,0,1,4,2,15,16
2024-03-03,SP1,Athletic Club,Barcelona,1,0,0,8,8,2,2,1159.15489471629,1212.03621234604,7,4,0,0,12,12,0,0,8,13,20,23,36,41,0,0,0,0,0,0,0,0,2,2,8,8
2024-03-04,SP1,Osasuna,Alaves,2,1,0,15,10,4,4,955.378733179779,950.346610165967,1,0,0,0,1,4,0,1,7,6,17,13,26,23,1,-1,5,-5,0,0,0,1,4,4,10,15
2024-03-08,SP1,Barcelona,Mallorca,2,1,0,20,9,6,3,1209.61957043371,962.818869446056,1,0,0,0,3,1,0,10,11,7,23,12,41,21,1,-1,11,-11,3,-3,0,1,3,6,9,20
2024-03-09,SP1,Valencia,Getafe,2,1,0,10,15,3,5,1021.26035463083,957.034140519956,0,0,0,1,9,0,2,5,5,6,18,10,27,27,1,-1,-5,5,-2,2,0,1,5,3,15,10
2024-03-09,SP1,Cadiz,Ath Madrid,2,2,0,7,8,3,4,762.603228871239,1205.62114242565,0,0,0,0,1,1,10,3,3,8,5,20,10,39,2,-2,-1,1,-1,1,0,2,4,3,8,7
2024-03-09,SP1,Granada,Sociedad,0,2,3,13,11,6,8,738.929558265657,983.372144082261,0,0,0,1,2,0,3,1,3,4,6,10,11,28,-1,1,2,-2,-2,2,3,2,8,6,11,13
2024-03-09,SP1,Girona,Osasuna,2,2,0,11,7,6,1,1141.24976646657,986.9152899281,1,0,0,0,9,2,0,1,4,10,15,17,40,29,2,-2,4,-4,5,-5,0,2,1,6,7,11
2024-03-10,SP1,Alaves,Vallecano,2,1,0,12,9,4,3,918.810053417646,845.669028202369,0,0,0,3,2,0,3,4,3,2,13,6,22,15,1,-1,3,-3,1,-1,0,1,3,4,9,12
2024-03-10,SP1,Las Palmas,Athletic Club,0,0,2,14,7,2,2,1022.55057122709,1161.57153662863,0,0,0,1,2,0,1,4,6,8,12,18,32,36,-2,2,7,-7,0,0,2,0,2,2,7,14
2024-03-10,SP1,Real Madrid,Celta,2,4,0,24,11,13,1,1347.53157086863,917.996445501931,2,0,0,0,13,1,0,2,9,7,24,11,48,19,4,-4,13,-13,12,-12,0,4,1,13,11,24
2024-03-10,SP1,Betis,Villarreal,0,2,3,13,6,4,4,1099.06306241596,1026.04619098944,1,1,0,0,3,3,0,0,8,9,15,16,33,25,-1,1,7,-7,0,0,3,2,4,4,6,13
2024-03-11,SP1,Almeria,Sevilla,1,2,2,14,19,4,6,711.722423988497,979.615051689792,0,0,0,1,2,0,13,2,3,10,4,11,7,20,0,0,-5,5,-2,2,2,2,6,4,19,14
2024-03-15,SP1,Sociedad,Cadiz,2,2,0,14,13,6,2,995.960174353461,843.966832030304,0,0,2,0,0,1,5,14,6,5,12,7,28,13,2,-2,1,-1,4,-4,0,2,2,6,13,14
2024-03-16,SP1,Mallorca,Granada,2,1,0,18,8,8,3,950.36754016979,726.341527994456,1,0,0,1,1,0,0,13,7,3,9,6,20,10,1,-1,10,-10,5,-5,0,1,3,8,8,18
2024-03-16,SP1,Osasuna,Real Madrid,0,2,4,9,17,4,9,961.351925136104,1357.56839106171,2,0,0,0,2,10,0,2,10,11,17,24,26,48,-2,2,-8,8,-5,5,4,2,9,4,17,9
2024-03-16,SP1,Getafe,Girona,2,1,0,11,13,3,3,930.883120093491,1166.81313125856,0,0,0,3,2,0,1,3,5,6,9,17,26,43,1,-1,-2,2,0,0,0,1,3,3,13,11
2024-03-16,SP1,Athletic Club,Alaves,2,2,0,16,7,4,3,1188.76045105228,944.171298127296,0,0,0,1,13,0,1,2,8,6,18,16,39,25,2,-2,9,-9,1,-1,0,2,3,4,7,16
2024-03-17,SP1,Sevilla,Celta,0,1,2,11,18,4,5,969.254353513923,907.959625308851,2,0,0,1,3,0,0,3,8,4,12,11,20,19,-1,1,-7,7,-1,1,2,1,5,4,18,11
2024-03-17,SP1,Las Palmas,Almeria,0,0,1,21,3,6,2,995.361656803432,722.083122164366,0,0,1,1,0,0,2,14,5,4,12,5,29,7,-1,1,18,-18,4,-4,1,0,2,6,3,21
2024-03-17,SP1,Villarreal,Valencia,2,1,0,13,14,7,7,1064.67400264549,1047.41137505729,1,0,0,2,5,0,0,2,11,8,16,20,27,30,1,-1,-1,1,0,0,0,1,7,7,14,13
2024-03-17,SP1,Vallecano,Betis,2,2,0,8,11,4,1,820.30778349272,1060.43525075991,0,0,0,1,2,0,11,1,2,7,6,14,14,30,2,-2,-3,3,3,-3,0,2,1,4,11,8
2024-03-17,SP1,Ath Madrid,Barcelona,0,0,3,12,9,3,5,1124.25753926658,1222.07089970997,5,0,0,0,14,13,0,1,7,11,17,23,36,41,-3,3,3,-3,-2,2,3,0,5,3,9,12
2024-03-29,SP1,Cadiz,Granada,2,1,0,13,10,5,2,818.158676479643,712.522586266136,1,0,0,2,2,0,0,14,5,2,7,6,13,9,1,-1,3,-3,3,-3,0,1,2,5,10,13
2024-03-30,SP1,Getafe,Sevilla,0,0,1,18,10,5,3,981.792198846112,931.666750307727,1,0,0,0,3,1,0,3,5,5,12,12,28,19,-1,1,8,-8,2,-2,1,0,3,5,10,18
2024-03-30,SP1,Almeria,Osasuna,0,0,3,12,6,5,4,775.08968901162,953.218513948596,0,0,0,1,3,0,14,2,6,7,8,14,10,26,-3,3,6,-6,1,-1,3,0,4,5,6,12
2024-03-30,SP1,Valencia,Mallorca,1,0,0,14,11,5,3,1017.00001474817,964.18648189811,1,0,0,1,10,0,0,11,5,7,17,12,30,22,0,0,3,-3,2,-2,0,0,3,5,11,14
2024-03-30,SP1,Barcelona,Las Palmas,2,1,0,14,8,2,0,1261.64338430502,942.355089956178,2,0,0,0,4,1,0,3,13,2,23,12,43,26,1,-1,6,-6,2,-2,0,1,0,2,8,14
2024-03-31,SP1,Celta,Vallecano,1,0,0,13,8,0,2,945.547228515048,890.42363293408,1,0,0,4,1,0,0,5,7,5,11,6,21,16,0,0,5,-5,-2,2,0,0,2,0,8,13
2024-03-31,SP1,Girona,Betis,2,3,2,9,7,5,4,1115.90405250594,990.319401318551,2,0,0,2,10,0,0,2,6,4,14,14,40,29,1,-1,2,-2,1,-1,2,3,4,5,7,9
2024-03-31,SP1,Alaves,Sociedad,0,0,1,3,12,0,3,926.930456246986,1021.76832990412,1,1,0,0,3,1,0,0,5,9,15,14,24,31,-1,1,-9,9,-3,3,1,0,3,0,12,3
2024-03-31,SP1,Real Madrid,Athletic Club,2,2,0,9,7,4,3,1365.70180224922,1206.00129293259,3,1,0,0,14,1,0,0,11,10,24,18,48,39,2,-2,2,-2,1,-1,0,2,3,4,7,9
2024-04-01,SP1,Villarreal,Ath Madrid,0,1,2,11,14,2,8,1095.08536295461,1084.68505467153,2,0,0,1,6,0,0,4,13,7,19,17,30,33,-1,1,-3,3,-6,6,2,1,8,2,14,11
2024-04-04,SP1,Granada,Valencia,0,0,1,13,6,3,2,689.962908292525,1014.58642331663,0,0,1,3,0,0,4,3,1,6,3,15,8,30,-1,1,7,-7,1,-1,1,0,2,3,6,13
2024-04-12,SP1,Betis,Celta,2,2,1,15,12,3,5,969.407429267405,943.029781248675,0,1,1,0,0,1,1,0,3,8,11,11,28,22,1,-1,3,-3,-2,2,1,2,5,3,12,15
2024-04-13,SP1,Ath Madrid,Girona,2,3,1,17,12,4,5,1117.64267244913,1136.81602455709,0,0,1,4,0,0,1,4,7,9,17,16,33,40,2,-2,5,-5,-1,1,1,3,5,4,12,17
2024-04-13,SP1,Vallecano,Getafe,1,0,0,11,7,2,0,892.941080200453,945.207241708057,1,0,0,2,3,0,0,6,5,4,7,12,14,27,0,0,4,-4,2,-2,0,0,0,2,7,11
2024-04-13,SP1,Mallorca,Real Madrid,0,0,1,6,16,2,9,966.600073329657,1390.70928458414,2,1,0,0,2,11,0,0,8,13,12,24,23,50,-1,1,-10,10,-7,7,1,0,9,2,16,6
2024-04-13,SP1,Cadiz,Barcelona,0,0,1,14,12,3,2,840.718354453254,1270.43003491432,2,1,0,0,3,14,0,0,8,13,10,23,16,43,-1,1,2,-2,1,-1,1,0,2,3,12,14
2024-04-14,SP1,Las Palmas,Sevilla,0,0,2,5,10,2,3,933.568439346874,968.251707445782,0,1,2,0,0,2,3,0,2,7,9,15,26,21,-2,2,-5,5,-1,1,2,0,3,2,10,5
2024-04-14,SP1,Granada,Alaves,2,2,0,9,8,3,3,681.406481751661,903.454677981043,0,0,2,2,0,0,5,3,0,4,3,12,8,23,2,-2,1,-1,0,0,0,2,3,3,8,9
2024-04-14,SP1,Athletic Club,Villarreal,1,1,1,13,10,6,2,1180.99381059767,1062.12774517702,1,2,0,0,14,4,0,0,7,12,15,19,39,29,0,0,3,-3,4,-4,1,1,2,6,10,13
2024-04-14,SP1,Sociedad,Almeria,1,2,2,17,7,4,3,1045.24410817006,746.299357503487,1,1,0,0,1,1,0,0,9,5,17,7,31,10,0,0,10,-10,1,-1,2,2,3,4,7,17
2024-04-15,SP1,Osasuna,Valencia,0,0,1,13,4,2,3,982.008845456728,1023.14284985749,0,1,1,0,0,1,1,0,7,8,14,15,26,30,-1,1,9,-9,-1,1,1,0,3,2,4,13
2024-04-19,SP1,Athletic Club,Granada,1,1,1,17,5,6,0,1175.7238533676,750.012540833821,0,0,0,3,15,0,1,15,8,3,16,6,39,11,0,0,12,-12,6,-6,1,1,0,6,5,17
2024-04-20,SP1,Celta,Las Palmas,2,4,1,21,9,13,4,913.454595331089,894.074487023406,0,0,0,1,2,0,1,4,7,1,11,6,22,23,3,-3,12,-12,9,-9,1,4,4,13,9,21
2024-04-20,SP1,Vallecano,Osasuna,2,2,1,17,6,6,2,895.330032022843,953.779824510619,0,1,0,0,4,1,1,0,6,6,7,13,14,26,1,-1,11,-11,4,-4,1,2,2,6,6,17
2024-04-20,SP1,Valencia,Betis,0,1,2,8,12,5,6,1051.3718708036,998.982615184991,0,0,0,3,11,0,1,3,10,3,15,14,32,28,-1,1,-4,4,-1,1,2,1,6,5,12,8
2024-04-20,SP1,Girona,Cadiz,2,4,1,10,12,5,5,1090.54056277217,835.743737844531,3,0,0,1,11,0,0,15,6,7,13,10,37,15,3,-3,-2,2,0,0,1,4,5,5,12,10
2024-04-21,SP1,Getafe,Sociedad,1,1,1,6,7,4,3,942.818289885667,1034.10042393831,0,2,1,0,0,2,1,0,5,10,10,15,27,31,0,0,-1,1,1,-1,1,1,3,4,7,6
2024-04-21,SP1,Almeria,Villarreal,0,1,2,24,11,5,3,757.443041735241,1067.39770240709,0,0,1,0,0,5,15,1,5,10,8,19,11,27,-1,1,13,-13,2,-2,2,1,3,5,11,24
2024-04-21,SP1,Alaves,Ath Madrid,2,2,0,8,15,3,4,834.848618898883,1163.91813423405,0,1,1,0,0,1,1,0,3,9,9,17,23,36,2,-2,-7,7,-1,1,0,2,4,3,15,8
2024-04-21,SP1,Real Madrid,Barcelona,2,3,2,14,14,8,6,1395.83389403191,1275.40465152305,4,2,0,0,15,15,0,0,13,13,24,26,50,46,1,-1,0,0,2,-2,2,3,6,8,14,14
2024-04-22,SP1,Sevilla,Mallorca,2,2,1,11,8,4,6,1007.74565976925,961.475463881885,0,0,1,0,0,1,1,12,10,7,18,11,23,22,1,-1,3,-3,-2,2,1,2,6,4,8,11
2024-04-26,SP1,Sociedad,Real Madrid,0,0,1,9,5,3,3,1029.99085202131,1417.16581560772,0,2,0,0,2,12,1,0,11,15,15,24,32,52,-1,1,4,-4,0,0,1,0,3,3,5,9
2024-04-27,SP1,Las Palmas,Girona,0,0,2,10,6,5,3,842.581537296207,1110.98340922431,0,0,3,5,0,0,4,5,0,9,6,13,20,37,-2,2,4,-4,2,-2,2,0,3,5,6,10
2024-04-27,SP1,Almeria,Getafe,0,1,3,21,8,11,5,748.241117433433,946.927861802666,0,0,2,0,0,1,16,7,5,5,8,11,11,25,-2,2,13,-13,6,-6,3,1,5,11,8,21
2024-04-27,SP1,Alaves,Celta,2,3,0,16,4,8,0,911.094417224398,964.947545058288,1,0,0,1,1,0,0,1,6,7,9,14,23,24,3,-3,12,-12,8,-8,0,3,0,8,4,16
2024-04-27,SP1,Ath Madrid,Athletic Club,2,3,1,8,7,3,1,1087.67233590853,1162.2645035729,1,0,0,1,1,0,0,1,6,8,14,16,33,37,2,-2,1,-1,2,-2,1,3,1,3,7,8
2024-04-28,SP1,Cadiz,Mallorca,1,1,1,10,9,2,2,815.300891392384,933.712089142985,0,0,1,1,0,0,1,13,6,4,9,11,15,22,0,0,1,-1,0,0,1,1,2,2,9,10
2024-04-28,SP1,Granada,Osasuna,2,3,0,12,11,4,2,763.471890628524,916.446618490943,1,0,0,1,1,0,0,1,4,3,7,13,12,26,3,-3,1,-1,2,-2,0,3,2,4,11,12
2024-04-28,SP1,Villarreal,Vallecano,2,3,0,15,20,7,4,1076.59962670889,932.663238042519,0,0,1,0,0,1,1,6,10,8,19,10,30,16,3,-3,-5,5,3,-3,0,3,4,7,20,15
2024-04-28,SP1,Betis,Sevilla,1,1,1,15,10,5,1,1035.77160288154,1035.50903450815,1,2,0,0,1,3,0,0,6,10,14,20,28,25,0,0,5,-5,4,-4,1,1,1,5,10,15
2024-04-29,SP1,Barcelona,Valencia,2,4,2,27,5,13,3,1254.07272994725,1014.58288310705,3,2,0,0,5,2,0,0,12,7,23,15,43,29,2,-2,22,-22,10,-10,2,4,3,13,5,27
2024-05-03,SP1,Getafe,Athletic Club,0,0,2,34,7,9,2,968.122991334715,1109.13299151054,0,0,0,2,1,0,2,2,8,5,13,13,27,34,-2,2,27,-27,7,-7,2,0,2,9,7,34
2024-05-04,SP1,Sociedad,Las Palmas,2,2,0,9,7,4,1,1023.77020879607,827.160933670428,0,0,1,2,0,0,2,5,8,0,14,5,29,19,2,-2,2,-2,3,-3,0,2,1,4,7,9
2024-05-04,SP1,Real Madrid,Cadiz,2,3,0,19,7,9,2,1423.38645883296,820.552165651992,5,0,0,2,16,0,0,16,15,4,26,9,52,16,3,-3,12,-12,7,-7,0,3,2,9,7,19
2024-05-04,SP1,Girona,Barcelona,2,4,2,9,16,7,7,1126.40401285009,1271.72380977617,4,0,0,1,12,0,0,1,9,12,15,23,37,43,2,-2,-7,7,0,0,2,4,7,7,16,9
2024-05-04,SP1,Mallorca,Ath Madrid,0,0,1,7,9,4,4,928.460814883378,1140.80384797089,0,0,1,1,0,0,1,1,5,9,12,16,23,33,-1,1,-2,2,0,0,1,0,4,4,9,7
2024-05-05,SP1,Osasuna,Betis,0,0,2,12,10,2,4,839.34492462087,1035.7595111634,0,1,2,0,0,1,2,0,3,7,13,14,25,28,-2,2,2,-2,-2,2,2,0,4,2,10,12
2024-05-05,SP1,Celta,Villarreal,2,3,2,23,11,7,3,902.030504459404,1109.74924081672,1,1,0,0,3,6,0,0,7,10,11,21,24,33,1,-1,12,-12,4,-4,2,3,3,7,11,23
2024-05-05,SP1,Valencia,Alaves,0,0,1,13,14,1,4,996.931803278122,974.011457823281,0,0,1,3,0,0,2,4,7,6,12,12,29,26,-1,1,-1,1,-3,3,1,0,4,1,14,13
2024-05-05,SP1,Sevilla,Granada,2,3,0,11,8,5,3,1035.5211262263,840.573584498597,1,0,0,0,1,1,0,16,10,7,18,9,26,14,3,-3,3,-3,2,-2,0,3,3,5,8,11
2024-05-05,SP1,Vallecano,Almeria,0,0,1,27,7,10,2,899.513623934692,727.045987901385,1,0,0,0,5,2,0,1,8,4,10,8,16,11,-1,1,20,-20,8,-8,1,0,2,10,7,27
2024-05-10,SP1,Alaves,Girona,1,2,2,14,15,8,5,1008.1194425238,1187.60586871308,2,1,0,0,2,1,0,0,9,12,14,18,26,39,0,0,-1,1,3,-3,2,2,5,8,15,14
2024-05-11,SP1,Mallorca,Las Palmas,2,1,0,7,7,2,1,913.899273748189,805.772988160111,0,0,2,3,0,0,2,6,2,0,9,2,22,19,1,-1,0,0,1,-1,0,1,1,2,7,7
2024-05-11,SP1,Villarreal,Sevilla,2,3,2,25,8,7,4,1060.61238057505,1062.30725332967,1,0,0,0,1,4,0,1,7,13,20,18,30,28,1,-1,17,-17,3,-3,2,3,4,7,8,25
2024-05-11,SP1,Granada,Real Madrid,0,0,4,12,13,1,7,813.78745739522,1426.67714930781,2,3,0,0,2,13,0,0,7,15,8,26,14,52,-4,4,-1,1,-6,6,4,0,7,1,13,12
2024-05-11,SP1,Athletic Club,Osasuna,1,2,2,15,13,6,3,1136.1075623308,817.938848721433,0,0,0,2,16,0,2,2,5,3,15,10,36,25,0,0,2,-2,3,-3,2,2,3,6,13,15
2024-05-12,SP1,Cadiz,Getafe,2,1,0,13,10,6,4,817.261475177146,941.148420514453,0,1,0,0,1,2,2,0,4,5,9,10,15,24,1,-1,3,-3,2,-2,0,1,4,6,10,13
2024-05-12,SP1,Ath Madrid,Celta,2,1,0,21,6,8,2,1155.36538910608,951.167364701077,2,0,0,2,2,0,0,2,12,7,19,14,36,26,1,-1,15,-15,6,-6,0,1,2,8,6,21
2024-05-12,SP1,Valencia,Vallecano,1,0,0,13,12,5,1,962.823818577605,852.816579829674,0,0,2,1,0,0,3,7,6,5,12,10,28,15,0,0,1,-1,4,-4,0,0,1,5,12,13
2024-05-12,SP1,Betis,Almeria,2,3,2,14,14,7,7,1057.16558706283,773.743032006402,0,1,0,0,2,3,1,0,10,4,14,10,28,14,1,-1,0,0,0,0,2,3,7,7,14,14
2024-05-13,SP1,Barcelona,Sociedad,2,2,0,14,10,5,3,1210.52195391318,1045.15815430638,4,0,0,0,6,3,0,1,9,8,22,17,42,29,2,-2,4,-4,2,-2,0,2,3,5,10,14
2024-05-14,SP1,Osasuna,Mallorca,1,1,1,10,10,4,4,829.521039354094,936.250002662247,0,0,3,0,0,1,3,14,1,4,8,12,25,24,0,0,0,0,0,0,1,1,4,4,10,10
2024-05-14,SP1,Real Madrid,Alaves,2,5,0,22,18,11,10,1430.356891216,1015.72063139643,6,1,0,0,17,1,0,0,15,10,28,14,52,26,5,-5,4,-4,1,-1,0,5,10,11,18,22
2024-05-14,SP1,Girona,Villarreal,0,0,1,22,11,5,3,1180.00467984045,1092.76848288636,5,0,0,1,13,0,0,1,10,10,19,22,37,32,-1,1,11,-11,2,-2,1,0,3,5,11,22
2024-05-15,SP1,Sevilla,Cadiz,0,0,1,14,19,3,7,1030.15115101836,860.2116799487,2,0,0,3,2,0,0,17,10,4,17,12,28,17,-1,1,-5,5,-4,4,1,0,7,3,19,14
2024-05-15,SP1,Vallecano,Granada,2,2,1,18,10,9,1,857.719831232553,810.107715487031,0,0,1,1,0,0,1,17,5,7,10,7,16,14,1,-1,8,-8,8,-8,1,2,1,9,10,18
2024-05-15,SP1,Celta,Athletic Club,2,2,1,10,7,4,2,936.071698445915,1124.52537169814,2,1,0,0,4,1,0,0,6,6,14,13,25,34,1,-1,3,-3,2,-2,1,2,2,4,7,10
2024-05-15,SP1,Getafe,Ath Madrid,0,0,3,8,7,3,3,898.198215742898,1170.46105536125,0,1,1,0,0,1,3,0,5,12,9,19,24,36,-3,3,1,-1,0,0,3,0,3,3,7,8
2024-05-16,SP1,Las Palmas,Betis,1,2,2,16,6,9,4,783.422259246054,1067.63748614008,0,2,4,0,0,2,5,0,0,13,2,16,16,30,0,0,10,-10,5,-5,2,2,4,9,6,16
2024-05-16,SP1,Almeria,Barcelona,0,0,2,12,16,3,7,763.271132929157,1234.95071358509,0,0,3,2,0,0,17,2,4,9,9,22,13,42,-2,2,-4,4,-4,4,2,0,7,3,16,12
2024-05-16,SP1,Sociedad,Valencia,2,1,0,10,7,5,3,1020.72939463447,957.920567174726,1,0,0,1,1,0,0,1,5,4,14,12,28,29,1,-1,3,-3,2,-2,0,1,3,5,7,10
2024-05-18,SP1,Alaves,Getafe,2,1,0,9,10,2,4,1003.26468188523,879.373277021491,0,0,0,1,3,0,1,1,10,4,13,9,26,21,1,-1,-1,1,-2,2,0,1,4,2,10,9
2024-05-19,SP1,Athletic Club,Sevilla,2,2,0,15,9,6,4,1076.69137007338,983.638454302475,0,0,0,1,17,0,3,2,5,7,13,17,33,28,2,-2,6,-6,2,-2,0,2,4,6,9,15
2024-05-19,SP1,Ath Madrid,Osasuna,0,1,4,15,15,2,6,1189.28599408265,834.287106131825,3,0,0,0,3,1,0,3,12,2,21,8,39,25,-3,3,0,0,-4,4,4,1,6,2,15,15
2024-05-19,SP1,Barcelona,Vallecano,2,3,0,14,15,6,4,1240.3962534518,885.361839668498,5,0,0,0,7,1,0,8,9,7,22,13,45,18,3,-3,-1,1,2,-2,0,3,4,6,15,14
2024-05-19,SP1,Betis,Sociedad,0,0,2,18,5,9,2,1056.85348399238,1047.00669327323,1,0,0,1,3,0,0,2,11,7,14,17,30,28,-2,2,13,-13,7,-7,2,0,2,9,5,18
2024-05-19,SP1,Cadiz,Las Palmas,1,0,0,10,9,3,1,906.72437666459,794.20626139375,1,0,0,4,2,0,0,7,7,1,14,2,19,14,0,0,1,-1,2,-2,0,0,1,3,9,10
2024-05-19,SP1,Granada,Celta,0,1,2,11,8,3,5,782.465707051086,983.905700070674,0,0,1,3,0,0,1,3,4,9,7,16,13,27,-1,1,3,-3,-2,2,2,1,5,3,8,11
2024-05-19,SP1,Mallorca,Almeria,1,2,2,29,7,8,3,931.483935884516,757.825593062452,1,0,0,1,1,0,0,1,5,3,12,8,22,13,0,0,22,-22,5,-5,2,2,3,8,7,29
2024-05-19,SP1,Valencia,Girona,0,1,3,20,18,6,5,931.643268535965,1140.13462519929,0,0,0,0,1,2,4,1,1,10,11,16,29,34,-2,2,2,-2,1,-1,3,1,5,6,18,20
2024-05-19,SP1,Villarreal,Real Madrid,1,4,4,21,12,7,6,1132.63853752751,1442.81284072719,2,4,0,0,2,14,0,0,12,15,22,28,35,54,0,0,9,-9,1,-1,4,4,6,7,12,21
2024-05-24,SP1,Girona,Granada,2,7,0,16,10,9,2,1160.43583337463,767.186137113009,0,0,1,2,0,0,1,18,10,3,19,7,34,13,7,-7,6,-6,7,-7,0,7,2,9,10,16
2024-05-25,SP1,Osasuna,Villarreal,1,1,1,12,11,6,3,930.839987568288,1144.04255401414,0,1,0,0,1,1,4,0,5,10,8,20,25,36,0,0,1,-1,3,-3,1,1,3,6,11,12
2024-05-25,SP1,Sociedad,Ath Madrid,0,0,2,14,10,4,4,1092.10696235188,1092.73311264619,2,2,0,0,2,2,0,0,9,12,20,18,30,38,-2,2,4,-4,0,0,2,0,4,4,10,14
2024-05-25,SP1,Almeria,Cadiz,2,6,1,27,12,12,4,765.217314294666,901.716587703245,0,1,4,0,0,1,18,0,4,8,9,14,13,19,5,-5,15,-15,8,-8,1,6,4,12,12,27
2024-05-25,SP1,Vallecano,Athletic Club,0,0,1,17,7,4,1,872.853795928767,1109.07572717251,1,0,0,1,1,0,0,1,4,7,12,15,18,33,-1,1,10,-10,3,-3,1,0,1,4,7,17
2024-05-25,SP1,Real Madrid,Betis,1,0,0,13,11,5,3,1431.40882424056,1011.75321491373,7,0,0,0,18,3,0,1,13,8,28,14,52,29,0,0,2,-2,2,-2,0,0,3,5,11,13
2024-05-26,SP1,Getafe,Mallorca,0,1,2,16,9,6,4,858.323844433018,924.092214652301,0,0,2,0,0,2,4,15,3,6,8,10,18,22,-1,1,7,-7,2,-2,2,1,4,6,9,16
2024-05-26,SP1,Celta,Valencia,1,2,2,9,12,4,1,999.185270008752,911.34206036063,3,0,0,2,5,0,0,2,9,1,16,8,27,28,0,0,-3,3,3,-3,2,2,1,4,12,9
2024-05-26,SP1,Las Palmas,Alaves,1,1,1,10,14,4,4,799.214050355095,1024.31411447371,0,0,0,1,1,0,6,1,2,10,2,16,14,29,0,0,-4,4,0,0,1,1,4,4,14,10
2024-05-26,SP1,Sevilla,Barcelona,0,1,2,15,11,6,6,951.254097203339,1252.90429719153,0,1,1,0,0,1,1,0,4,12,14,24,25,47,-1,1,4,-4,0,0,2,1,6,6,11,15
2022-08-12,SP1,Osasuna,Sevilla,2,2,1,12,10,5,3,939.587007396585,941.669078132102,0,0,0,2,2,0,5,3,6,3,9,13,26,25,1,-1,2,-2,2,-2,1,2,3,5,10,12
2022-08-13,SP1,Celta,Espanol,1,2,2,8,10,3,2,995.223990853628,1000,0,0,0,0,6,0,1,0,10,0,17,0,28,0,0,0,-2,2,1,-1,2,2,2,3,10,8
2022-08-13,SP1,Valladolid,Villarreal,0,0,3,12,10,6,4,1000,1135.29553418585,0,0,0,0,0,2,0,1,0,8,0,18,0,34,-3,3,2,-2,2,-2,3,0,4,6,10,12
2022-08-13,SP1,Barcelona,Vallecano,1,0,0,21,4,6,2,1262.48931626276,859.780364667631,6,0,0,1,8,0,0,9,12,4,24,12,47,18,0,0,17,-17,4,-4,0,0,2,6,4,21
2022-08-14,SP1,Cadiz,Sociedad,0,0,1,7,15,2,7,800.076838610382,1048.32838467762,0,1,0,0,3,1,1,0,7,9,11,17,18,29,-1,1,-8,8,-5,5,1,0,7,2,15,7
2022-08-14,SP1,Valencia,Girona,2,1,0,17,5,2,1,915.303339515753,1177.74320916202,0,1,1,0,0,3,5,0,2,10,9,19,26,36,1,-1,12,-12,1,-1,0,1,1,2,5,17
2022-08-14,SP1,Almeria,Real Madrid,0,1,2,10,29,6,15,866.857063387529,1418.03221310711,1,0,0,0,1,15,0,1,7,11,11,26,16,50,-1,1,-19,19,-9,9,2,1,15,6,29,10
2022-08-15,SP1,Athletic Club,Mallorca,1,0,0,23,6,6,2,1122.14915843365,950.106054754629,1,1,0,0,18,3,0,0,10,8,15,13,33,22,0,0,17,-17,4,-4,0,0,2,6,6,23
2022-08-15,SP1,Getafe,Ath Madrid,0,0,3,10,12,0,5,832.31000433069,1136.51169032045,0,3,3,0,0,3,5,0,0,12,8,21,17,38,-3,3,-2,2,-5,5,3,0,5,0,12,10
2022-08-15,SP1,Betis,Elche,2,3,0,17,4,8,2,1025.12982604718,1000,0,0,1,0,0,0,1,0,8,0,15,0,29,0,3,-3,13,-13,6,-6,0,3,2,8,4,17
2022-08-19,SP1,Espanol,Vallecano,0,0,2,13,8,1,3,999.78007050354,872.912251789524,0,0,0,0,0,1,0,10,1,5,1,10,1,16,-2,2,5,-5,-2,2,2,0,3,1,8,13
2022-08-19,SP1,Sevilla,Valladolid,1,1,1,18,6,2,3,909.477314626122,965.691614886156,0,0,2,0,0,0,2,0,0,0,13,0,25,0,0,0,12,-12,-1,1,1,1,3,2,6,18
2022-08-20,SP1,Osasuna,Cadiz,2,2,0,16,9,3,2,971.778770902566,787.70905442812,1,0,0,1,3,0,0,1,9,7,12,11,26,18,2,-2,7,-7,1,-1,0,2,2,3,9,16
2022-08-20,SP1,Mallorca,Betis,0,1,2,13,8,7,3,957.439141694929,1075.72404434686,0,0,0,0,2,4,1,2,9,8,11,18,23,32,-1,1,5,-5,4,-4,2,1,3,7,8,13
2022-08-20,SP1,Celta,Real Madrid,0,1,4,15,16,2,7,995.443920350088,1420.60510873621,0,1,0,0,7,16,2,0,8,11,15,26,26,50,-3,3,-1,1,-5,5,4,1,7,2,16,15
2022-08-21,SP1,Athletic Club,Valencia,2,1,0,12,10,2,0,1114.81607149335,967.730134761281,0,0,0,0,19,1,1,3,8,5,13,11,31,26,1,-1,2,-2,2,-2,0,1,0,2,10,12
2022-08-21,SP1,Ath Madrid,Villarreal,0,0,2,13,19,5,5,1152.64271137249,1169.60391929969,0,1,1,0,0,3,1,0,12,11,24,18,41,37,-2,2,-6,6,0,0,2,0,5,5,19,13
2022-08-21,SP1,Sociedad,Barcelona,0,1,4,10,15,5,7,1060.69616885988,1249.35742914087,0,2,1,0,0,2,1,0,9,13,17,22,31,45,-3,3,-5,5,-2,2,4,1,7,5,15,10
2022-08-22,SP1,Elche,Almeria,1,1,1,13,12,3,7,949.405781700321,864.284167758435,0,0,0,0,0,1,0,2,0,4,0,8,0,16,0,0,1,-1,-4,4,1,1,7,3,12,13
2022-08-22,SP1,Girona,Getafe,2,3,1,12,7,6,3,1125.31641391649,816.178983278651,1,0,0,2,1,0,0,2,7,0,19,5,33,17,2,-2,5,-5,3,-3,1,3,3,6,7,12
2022-08-26,SP1,Girona,Celta,0,0,1,11,11,3,6,1137.97900108648,986.759535693771,2,1,0,0,2,1,0,0,9,8,19,14,35,25,-1,1,0,0,-3,3,1,0,6,3,11,11
2022-08-26,SP1,Betis,Osasuna,2,1,0,7,12,1,2,1097.23187627252,994.35559600283,1,1,0,0,1,2,0,0,8,11,21,12,32,26,1,-1,-5,5,-1,1,0,1,2,1,12,7
2022-08-27,SP1,Elche,Sociedad,0,0,1,12,9,5,5,945.562380400543,1033.172088658,0,2,0,0,1,2,1,0,1,9,1,14,1,31,-1,1,3,-3,0,0,1,0,5,5,9,12
2022-08-27,SP1,Vallecano,Mallorca,0,0,2,15,9,0,4,932.108919780867,935.93130976927,0,0,1,0,0,4,1,1,7,6,12,10,19,22,-2,2,6,-6,-4,4,2,0,4,0,9,15
2022-08-27,SP1,Almeria,Sevilla,2,2,1,11,13,5,5,868.127569058213,912.04372288934,0,0,1,3,0,0,1,4,5,1,9,11,16,26,1,-1,-2,2,0,0,1,2,5,5,13,11
2022-08-28,SP1,Getafe,Villarreal,1,0,0,8,11,2,6,803.516396108665,1211.32218306963,0,2,4,0,0,4,6,0,0,11,5,21,17,40,0,0,-3,3,-4,4,0,0,6,2,11,8
2022-08-28,SP1,Barcelona,Valladolid,2,4,0,24,8,9,3,1276.88150934276,963.125206622937,0,0,0,0,9,1,1,1,13,1,22,1,45,1,4,-4,16,-16,6,-6,0,4,3,9,8,24
2022-08-28,SP1,Espanol,Real Madrid,0,1,3,15,19,4,6,940.583402512197,1429.28949339252,0,2,1,0,0,17,1,0,1,11,1,26,1,50,-2,2,-4,4,-2,2,3,1,6,4,19,15
2022-08-29,SP1,Cadiz,Athletic Club,0,0,4,9,20,3,8,765.132229327856,1134.02417876832,0,1,1,0,0,1,2,0,4,10,8,16,18,31,-4,4,-11,11,-5,5,4,0,8,3,20,9
2022-08-29,SP1,Valencia,Ath Madrid,0,0,1,12,13,2,7,948.522027486307,1110.92444760255,1,4,0,0,1,4,0,0,4,9,8,21,23,38,-1,1,-1,1,-5,5,1,0,7,2,13,12
2022-09-02,SP1,Celta,Cadiz,2,3,0,9,7,5,0,1031.8697746489,751.350220773936,0,0,1,2,0,0,3,2,8,1,17,8,28,18,3,-3,2,-2,5,-5,0,3,0,5,7,9
2022-09-03,SP1,Mallorca,Girona,1,1,1,10,10,4,4,979.30643790674,1092.86876213135,0,0,1,1,0,0,2,1,8,9,13,19,24,32,0,0,0,0,0,0,1,1,4,4,10,10
2022-09-03,SP1,Real Madrid,Betis,2,2,1,22,8,4,4,1434.25540764091,1120.0241601157,0,1,0,0,19,5,1,0,11,10,26,21,50,35,1,-1,14,-14,0,0,1,2,4,4,8,22
2022-09-03,SP1,Sociedad,Ath Madrid,1,1,1,12,15,5,7,1057.26972173239,1128.96854760761,0,5,2,0,0,5,2,0,9,9,16,21,31,38,0,0,-3,3,-2,2,1,1,7,5,15,12
2022-09-03,SP1,Sevilla,Barcelona,0,0,3,9,18,4,7,876.020300495896,1295.08513018609,0,3,0,0,1,3,3,0,1,13,8,22,26,48,-3,3,-9,9,-3,3,3,0,7,4,18,9
2022-09-04,SP1,Osasuna,Vallecano,2,2,1,13,5,6,3,971.563312159645,888.733791643397,2,1,0,0,4,2,0,0,10,4,12,11,25,18,1,-1,8,-8,3,-3,1,2,3,6,5,13
2022-09-04,SP1,Athletic Club,Espanol,0,0,1,17,9,2,2,1147.80618732224,935.617488263813,1,0,0,0,20,1,0,1,13,1,18,1,34,1,-1,1,8,-8,0,0,1,0,2,2,9,17
2022-09-04,SP1,Villarreal,Elche,2,4,0,18,7,10,0,1198.11460522717,921.464747326156,0,0,0,1,3,0,1,1,9,1,21,1,40,1,4,-4,11,-11,10,-10,0,4,0,10,7,18
2022-09-04,SP1,Valencia,Getafe,2,5,1,24,7,9,4,930.477927481246,816.723973951128,0,0,1,3,0,0,1,3,4,1,5,5,20,15,4,-4,17,-17,5,-5,1,5,4,9,7,24
2022-09-05,SP1,Valladolid,Almeria,2,1,0,14,12,6,1,944.921585779597,904.150991451657,0,0,1,0,0,2,1,3,1,8,1,11,1,19,1,-1,2,-2,5,-5,0,1,1,6,12,14
2022-09-09,SP1,Girona,Valladolid,2,2,1,14,14,5,4,1087.81763716311,973.1836172714,0,0,1,1,0,0,1,2,7,4,17,4,30,4,1,-1,0,0,1,-1,1,2,4,5,14,14
2022-09-10,SP1,Vallecano,Valencia,2,2,1,14,17,6,4,864.221353249489,974.585559528739,0,0,2,1,0,0,2,4,4,7,8,8,18,23,1,-1,-3,3,2,-2,1,2,4,6,17,14
2022-09-10,SP1,Espanol,Sevilla,0,2,3,19,11,5,7,985.045951392149,867.051247977441,0,0,2,4,0,0,2,5,4,1,4,5,4,25,-1,1,8,-8,-2,2,3,2,7,5,11,19
2022-09-10,SP1,Cadiz,Barcelona,0,0,4,6,16,0,8,733.254105847661,1304.05418270455,0,4,2,0,0,4,3,0,0,13,8,25,17,48,-4,4,-10,10,-8,8,4,0,8,0,16,6
2022-09-10,SP1,Ath Madrid,Celta,2,4,1,10,14,4,3,1125.71278157092,1049.96588957517,0,2,2,0,0,2,2,0,10,8,22,17,36,31,3,-3,-4,4,1,-1,1,4,3,4,14,10
2022-09-11,SP1,Real Madrid,Mallorca,2,4,1,22,5,7,2,1443.26506557106,984.357562874983,1,1,0,0,20,5,0,0,13,8,26,14,50,25,3,-3,17,-17,5,-5,1,4,2,7,5,22
2022-09-11,SP1,Elche,Athletic Club,0,1,4,9,16,2,8,899.659015741242,1098.37772419391,0,2,1,0,0,2,2,0,1,10,1,17,1,33,-3,3,-7,7,-6,6,4,1,8,2,16,9
2022-09-11,SP1,Getafe,Sociedad,2,2,1,8,13,3,6,772.616341903636,1060.52548776908,0,3,0,0,1,3,7,0,1,7,4,16,15,31,1,-1,-5,5,-3,3,1,2,6,3,13,8
2022-09-11,SP1,Betis,Villarreal,2,1,0,16,14,5,3,1111.01450218555,1219.92033681208,2,0,0,0,2,5,0,1,10,11,18,21,32,40,1,-1,2,-2,2,-2,0,1,3,5,14,16
2022-09-12,SP1,Almeria,Osasuna,0,0,1,7,15,2,4,875.888959959855,996.075750553553,1,0,0,1,1,0,0,1,7,10,11,15,19,28,-1,1,-8,8,-2,2,1,0,4,2,15,7
2022-09-16,SP1,Valladolid,Cadiz,0,0,1,18,7,6,1,951.374649819484,728.601905808144,1,0,0,3,1,0,0,3,4,0,4,7,4,16,-1,1,11,-11,5,-5,1,0,1,6,7,18
2022-09-17,SP1,Mallorca,Almeria,2,1,0,5,9,2,3,977.104487833196,854.537184961699,0,0,0,1,1,0,3,4,5,4,13,11,25,19,1,-1,-4,4,-1,1,0,1,3,2,9,5
2022-09-17,SP1,Barcelona,Elche,2,3,0,25,1,9,1,1308.70638274407,873.30913632004,1,0,0,2,10,0,0,2,13,1,25,1,48,1,3,-3,24,-24,8,-8,0,3,1,9,1,25
2022-09-17,SP1,Valencia,Celta,2,3,0,14,6,7,2,932.749275868961,1007.1382631685,1,0,0,1,1,0,0,1,6,7,8,17,20,28,3,-3,8,-8,5,-5,0,3,2,7,6,14
2022-09-17,SP1,Athletic Club,Vallecano,2,3,2,14,11,7,2,1124.72760361511,906.057636909267,0,0,1,1,0,0,1,1,10,7,20,11,33,21,1,-1,3,-3,5,-5,2,3,2,7,11,14
2022-09-18,SP1,Osasuna,Getafe,0,0,2,12,10,4,4,1017.42752555171,826.368685814663,3,0,0,4,5,0,0,4,12,4,18,4,31,17,-2,2,2,-2,0,0,2,0,4,4,10,12
2022-09-18,SP1,Villarreal,Sevilla,1,1,1,17,12,7,1,1178.20583926753,909.519554627221,1,1,0,0,4,1,0,0,10,4,18,7,39,25,0,0,5,-5,6,-6,1,1,1,7,12,17
2022-09-18,SP1,Betis,Girona,2,2,1,9,8,3,3,1152.7289997301,1109.62660461503,3,0,0,0,3,1,0,2,12,7,20,17,34,32,1,-1,1,-1,0,0,1,2,3,3,8,9
2022-09-18,SP1,Sociedad,Espanol,2,2,1,14,14,6,4,1006.77314385805,942.577644742368,0,1,0,0,1,2,3,0,7,4,16,4,30,4,1,-1,0,0,2,-2,1,2,4,6,14,14
2022-09-18,SP1,Ath Madrid,Real Madrid,0,1,2,12,6,5,3,1168.54040797759,1450.51814061284,1,3,0,0,1,18,0,0,10,15,22,26,38,52,-1,1,6,-6,2,-2,2,1,3,5,6,12
2022-09-30,SP1,Athletic Club,Almeria,2,4,0,17,8,4,2,1138.88353803424,833.379939376171,1,0,0,2,1,0,0,5,12,4,20,8,35,18,4,-4,9,-9,2,-2,0,4,2,4,8,17
2022-10-01,SP1,Cadiz,Villarreal,1,0,0,10,14,2,6,778.704634927552,1167.82394879155,0,0,3,1,0,0,4,2,3,8,10,19,19,39,0,0,-4,4,-4,4,0,0,6,2,14,10
2022-10-01,SP1,Getafe,Valladolid,0,2,3,14,14,6,7,892.175020408611,901.271920700076,1,0,0,2,2,0,0,3,7,4,7,4,17,4,-1,1,0,0,-1,1,3,2,7,6,14,14
2022-10-01,SP1,Sevilla,Ath Madrid,0,0,2,14,20,3,6,919.901445103206,1157.99546033633,0,0,1,0,0,6,4,1,5,7,5,19,23,38,-2,2,-6,6,-3,3,2,0,6,3,20,14
2022-10-01,SP1,Mallorca,Barcelona,0,0,1,13,11,3,3,998.261733418724,1316.93131302974,1,5,0,0,2,5,0,0,7,15,16,28,25,50,-1,1,2,-2,0,0,1,0,3,3,11,13
2022-10-02,SP1,Espanol,Valencia,1,2,2,10,12,5,5,916.423889827999,998.781358197523,0,0,3,2,0,0,3,5,3,6,4,11,4,23,0,0,-2,2,0,0,2,2,5,5,12,10
2022-10-02,SP1,Celta,Betis,2,1,0,11,9,4,4,941.106180839943,1180.77936403057,1,0,0,1,1,0,0,1,6,12,14,20,28,34,1,-1,2,-2,0,0,0,1,4,4,9,11
2022-10-02,SP1,Girona,Sociedad,0,3,5,16,11,8,5,1081.57624031456,1032.92689877242,1,0,0,1,1,0,0,1,7,7,14,16,32,33,-2,2,5,-5,3,-3,5,3,5,8,11,16
2022-10-02,SP1,Real Madrid,Osasuna,1,1,1,22,8,4,2,1461.0630882541,951.621190957761,2,1,0,0,21,1,0,0,15,9,26,18,52,28,0,0,14,-14,2,-2,1,1,2,4,8,22
2022-10-03,SP1,Vallecano,Elche,2,2,1,15,5,6,2,891.901702490139,865.084206034367,1,0,0,3,1,0,0,3,6,1,11,1,21,1,1,-1,10,-10,4,-4,1,2,2,6,5,15
2022-10-07,SP1,Osasuna,Valencia,0,1,2,11,15,2,7,966.003073876117,995.058132530647,0,0,1,0,0,1,1,6,7,7,18,11,26,23,-1,1,-4,4,-5,5,2,1,7,2,15,11
2022-10-08,SP1,Almeria,Vallecano,2,3,1,10,12,4,4,814.420818981482,921.436613368581,0,0,1,2,0,0,1,2,3,6,8,13,17,23,2,-2,-2,2,0,0,1,3,4,4,12,10
2022-10-08,SP1,Ath Madrid,Girona,2,2,1,13,11,7,4,1175.76009937235,1031.61732401063,0,0,1,1,0,0,1,3,10,4,19,13,38,32,1,-1,2,-2,3,-3,1,2,4,7,11,13
2022-10-08,SP1,Sevilla,Athletic Club,1,1,1,10,21,3,4,902.13680606718,1157.84265842893,0,3,2,0,0,3,5,0,4,12,5,22,22,35,0,0,-11,11,-1,1,1,1,4,3,21,10
2022-10-08,SP1,Getafe,Real Madrid,0,0,1,9,19,2,4,861.012684477682,1446.68120533575,0,4,1,0,0,19,1,0,7,13,7,24,16,52,-1,1,-10,10,-2,2,1,0,4,2,19,9
2022-10-09,SP1,Valladolid,Betis,1,0,0,12,4,3,1,932.434256631005,1129.64733491471,0,0,1,2,0,0,1,2,6,9,7,17,7,33,0,0,8,-8,2,-2,0,0,1,3,4,12
2022-10-09,SP1,Cadiz,Espanol,1,2,2,8,9,3,6,791.62560076324,920.147115494875,0,0,0,1,1,0,5,1,4,4,8,5,20,5,0,0,-1,1,-3,3,2,2,6,3,9,8
2022-10-09,SP1,Sociedad,Villarreal,2,1,0,17,5,5,1,1082.88581507635,1154.90298295586,1,0,0,0,2,1,0,3,10,6,19,17,33,39,1,-1,12,-12,4,-4,0,1,1,5,5,17
2022-10-09,SP1,Barcelona,Celta,2,1,0,13,14,5,3,1325.74499665939,992.238209955802,2,0,0,2,11,0,0,2,15,9,28,17,50,31,1,-1,-1,1,2,-2,0,1,3,5,14,13
2022-10-10,SP1,Elche,Mallorca,1,1,1,7,11,2,4,835.549295155924,989.448049789073,0,0,2,1,0,0,3,1,0,7,1,13,1,25,0,0,-4,4,-2,2,1,1,4,2,11,7
2022-10-14,SP1,Vallecano,Getafe,1,0,0,16,6,3,3,864.481737833538,858.887755550817,2,1,0,0,2,1,0,0,6,6,10,7,23,16,0,0,10,-10,0,0,0,0,3,3,6,16
2022-10-15,SP1,Girona,Cadiz,1,1,1,23,9,6,2,1012.18069026849,797.288273719408,0,1,1,0,0,1,1,0,4,5,13,6,29,20,0,0,14,-14,4,-4,1,1,2,6,9,23
2022-10-15,SP1,Valencia,Elche,1,2,2,20,8,8,6,1024.38828370087,842.206764760647,2,0,0,4,2,0,0,4,10,1,14,2,25,2,0,0,12,-12,2,-2,2,2,6,8,8,20
2022-10-15,SP1,Mallorca,Sevilla,0,0,1,9,4,5,1,982.79058018435,912.164175578342,0,0,1,0,0,2,1,1,5,5,13,6,25,23,-1,1,5,-5,4,-4,1,0,1,5,4,9
2022-10-15,SP1,Athletic Club,Ath Madrid,0,0,1,13,3,3,1,1147.81528891777,1195.19673311449,2,1,0,0,2,7,0,0,10,10,23,19,36,40,-1,1,10,-10,2,-2,1,0,1,3,3,13
2022-10-16,SP1,Celta,Sociedad,0,1,2,10,8,3,6,984.053780632326,1121.42544823617,2,1,0,0,2,1,0,0,6,10,14,19,30,36,-1,1,2,-2,-3,3,2,1,6,3,8,10
2022-10-16,SP1,Real Madrid,Barcelona,2,3,1,8,18,4,5,1448.80613426261,1333.92942598287,0,6,0,0,22,6,1,0,13,15,24,28,52,50,2,-2,-10,10,-1,1,1,3,5,4,18,8
2022-10-16,SP1,Espanol,Valladolid,2,1,0,15,14,3,2,914.484442538706,940.652061991069,0,1,0,0,1,1,4,0,5,7,6,8,6,8,1,-1,1,-1,1,-1,0,1,2,3,14,15
2022-10-16,SP1,Betis,Almeria,2,3,1,15,12,6,5,1121.42952955464,871.375694516525,4,0,0,3,4,0,0,6,7,3,17,11,31,19,2,-2,3,-3,1,-1,1,3,5,6,12,15
2022-10-17,SP1,Villarreal,Osasuna,2,2,0,12,14,9,3,1116.36334979604,936.672922705893,0,0,0,0,5,2,1,1,5,7,14,17,36,25,2,-2,-2,2,6,-6,0,2,3,9,14,12
2022-10-18,SP1,Sevilla,Valencia,1,1,1,18,13,5,5,950.580964647253,1016.69134788194,0,1,0,0,1,2,6,0,8,8,9,15,23,23,0,0,5,-5,0,0,1,1,5,5,13,18
2022-10-18,SP1,Getafe,Athletic Club,1,2,2,11,14,4,4,859.145345696704,1120.15242700657,0,0,2,0,0,4,2,1,7,10,8,20,16,35,0,0,-3,3,0,0,2,2,4,4,14,11
2022-10-18,SP1,Ath Madrid,Vallecano,1,1,1,12,14,4,4,1222.85959502568,864.22414768765,1,0,0,3,1,0,0,3,12,7,22,11,40,23,0,0,-2,2,0,0,1,1,4,4,14,12
2022-10-19,SP1,Cadiz,Betis,1,0,0,13,12,3,3,806.089710803582,1138.23877883215,0,0,0,0,2,1,6,3,6,10,6,20,20,34,0,0,1,-1,0,0,0,0,3,3,12,13
2022-10-19,SP1,Valladolid,Celta,2,4,1,9,22,7,5,906.246482059579,964.085632741763,0,0,0,3,1,0,2,3,4,3,8,11,8,27,3,-3,-13,13,2,-2,1,4,5,7,22,9
2022-10-19,SP1,Sociedad,Mallorca,2,1,0,14,12,7,3,1141.39359612674,944.373791115439,2,0,0,0,3,1,0,2,12,4,19,12,39,22,1,-1,2,-2,4,-4,0,1,3,7,12,14
2022-10-19,SP1,Elche,Real Madrid,0,0,3,10,10,3,7,849.903700579579,1478.66890499142,0,5,0,0,1,20,4,0,2,13,3,26,3,54,-3,3,0,0,-4,4,3,0,7,3,10,10
2022-10-20,SP1,Almeria,Girona,2,3,2,13,14,7,5,854.566445239022,1003.37925318432,1,0,0,2,1,0,0,4,3,4,10,11,19,30,1,-1,-1,1,2,-2,2,3,5,7,14,13
2022-10-20,SP1,Osasuna,Espanol,2,1,0,17,5,5,3,913.670866013355,948.890022470197,0,0,2,0,0,1,2,2,4,5,14,9,22,9,1,-1,12,-12,2,-2,0,1,3,5,5,17
2022-10-20,SP1,Barcelona,Villarreal,2,3,0,16,5,5,1,1304.06665525406,1139.36540648858,3,0,0,1,12,0,0,4,12,5,25,16,49,36,3,-3,11,-11,4,-4,0,3,1,5,5,16
2022-10-22,SP1,Vallecano,Cadiz,2,5,1,28,3,11,0,876.621003527771,817.96952166364,0,0,0,0,3,2,1,1,5,7,12,7,24,18,4,-4,25,-25,11,-11,1,5,0,11,3,28
2022-10-22,SP1,Valladolid,Sociedad,2,1,0,9,20,2,2,969.773251192071,1156.97109437286,1,2,0,0,2,2,0,0,7,15,11,22,11,39,1,-1,-11,11,0,0,0,1,2,2,20,9
2022-10-22,SP1,Valencia,Mallorca,0,1,2,13,10,3,5,1013.68307162422,928.79629286932,0,0,0,1,3,0,1,3,9,4,15,9,24,22,-1,1,3,-3,-2,2,2,1,5,3,10,13
2022-10-22,SP1,Real Madrid,Sevilla,2,3,1,18,9,6,2,1481.51520433485,953.58924090497,1,1,0,0,23,3,0,0,13,6,28,10,54,23,2,-2,9,-9,4,-4,1,3,2,6,9,18
2022-10-23,SP1,Espanol,Elche,1,2,2,13,9,5,4,913.657283537695,847.057401236142,1,0,0,0,2,1,0,5,5,2,9,3,9,3,0,0,4,-4,1,-1,2,2,4,5,9,13
2022-10-23,SP1,Betis,Ath Madrid,0,1,2,17,9,4,3,1126.35896797209,1210.46273918556,5,2,0,0,5,8,0,0,8,10,20,20,35,41,-1,1,8,-8,1,-1,2,1,3,4,9,17
2022-10-23,SP1,Girona,Osasuna,1,1,1,7,9,1,2,958.45399171616,948.903604945856,0,0,0,1,1,0,2,2,1,4,8,16,27,25,0,0,-2,2,-1,1,1,1,2,1,9,7
2022-10-23,SP1,Villarreal,Almeria,2,2,1,11,15,5,4,1108.90757242481,899.491706707177,1,0,0,4,6,0,0,7,5,6,15,10,33,21,1,-1,-4,4,1,-1,1,2,4,5,15,11
2022-10-23,SP1,Barcelona,Athletic Club,2,4,0,10,5,7,3,1334.52448931783,1109.97822856585,4,0,0,0,13,5,0,2,12,8,25,18,49,33,4,-4,5,-5,4,-4,0,4,3,7,5,10
2022-10-24,SP1,Celta,Getafe,1,1,1,17,4,5,1,900.558863609272,869.319544137432,0,0,1,0,0,2,1,1,3,5,10,9,27,17,0,0,13,-13,4,-4,1,1,1,5,4,17
2022-10-28,SP1,Mallorca,Espanol,1,1,1,12,7,5,2,968.4627110876,910.627267668178,0,0,2,1,0,0,2,3,4,6,11,9,22,10,0,0,5,-5,3,-3,1,1,2,5,7,12
2022-10-29,SP1,Almeria,Celta,2,3,1,19,8,5,3,884.739758195452,899.124104150144,2,0,0,4,2,0,0,4,6,4,10,10,18,25,2,-2,11,-11,2,-2,1,3,3,5,8,19
2022-10-29,SP1,Cadiz,Ath Madrid,2,3,2,10,15,7,7,764.253224171698,1234.86433593698,0,3,0,0,3,9,7,0,4,13,7,20,18,44,1,-1,-5,5,0,0,2,3,7,7,15,10
2022-10-29,SP1,Sevilla,Vallecano,0,0,1,10,15,4,5,949.581061407284,930.337301019713,0,0,0,0,2,1,7,4,5,8,10,14,23,24,-1,1,-5,5,-1,1,1,0,5,4,15,10
2022-10-29,SP1,Valencia,Barcelona,0,0,1,3,13,2,2,974.016653405942,1362.31420676605,0,0,1,1,0,0,2,1,6,12,12,27,23,49,-1,1,-10,10,0,0,1,0,2,2,13,3
2022-10-30,SP1,Osasuna,Valladolid,2,2,0,20,7,10,2,949.343305769296,1017.51975012816,1,0,0,1,1,0,0,1,5,10,14,14,26,14,2,-2,13,-13,8,-8,0,2,2,10,7,20
2022-10-30,SP1,Real Madrid,Girona,1,1,1,19,8,6,2,1485.52338383254,958.014290892721,2,0,0,3,24,0,0,5,13,2,28,9,54,28,0,0,11,-11,4,-4,1,1,2,6,8,19
2022-10-30,SP1,Athletic Club,Villarreal,2,1,0,19,6,7,3,1082.18851111763,1123.65952093654,0,0,1,2,0,0,1,5,5,7,17,15,30,33,1,-1,13,-13,4,-4,0,1,3,7,6,19
2022-10-30,SP1,Sociedad,Betis,0,0,2,14,10,7,4,1109.22459543677,1101.95737122067,3,0,0,0,4,2,0,4,12,5,19,17,36,35,-2,2,4,-4,3,-3,2,0,4,7,10,14
2022-10-31,SP1,Elche,Getafe,0,0,1,12,8,5,3,850.087417105659,870.754303596559,0,0,1,0,0,3,5,2,3,3,4,10,4,15,-1,1,4,-4,2,-2,1,0,3,5,8,12
2022-11-04,SP1,Girona,Athletic Club,2,2,1,19,11,10,7,972.548687022565,1117.99009496646,0,0,0,1,2,0,3,3,3,5,7,17,26,33,1,-1,8,-8,3,-3,1,2,7,10,11,19
2022-11-05,SP1,Getafe,Cadiz,1,0,0,13,15,2,4,900.853054909162,824.256991734379,0,0,0,1,1,0,3,2,6,6,13,10,18,18,0,0,-2,2,-2,2,0,0,4,2,15,13
2022-11-05,SP1,Valladolid,Elche,2,2,1,16,4,11,2,965.164842342022,819.988665793056,2,0,0,0,3,2,0,6,7,3,13,3,14,4,1,-1,12,-12,9,-9,1,2,2,11,4,16
2022-11-05,SP1,Celta,Osasuna,0,1,2,13,8,5,4,853.451752766213,1001.69821355543,0,0,0,0,1,1,2,3,1,7,10,14,24,26,-1,1,5,-5,1,-1,2,1,4,5,8,13
2022-11-05,SP1,Barcelona,Almeria,2,2,0,27,4,13,1,1368.49865284707,930.412109579383,5,0,0,5,14,0,0,8,12,9,27,12,49,21,2,-2,23,-23,12,-12,0,2,1,13,4,27
2022-11-06,SP1,Ath Madrid,Espanol,1,1,1,27,6,7,2,1174.8605683743,913.266356624555,0,0,0,0,2,1,1,4,10,6,20,10,41,11,0,0,21,-21,5,-5,1,1,2,7,6,27
2022-11-06,SP1,Sociedad,Valencia,1,1,1,9,14,4,3,1064.44975222306,967.832207324921,0,0,1,0,0,3,1,1,9,5,19,12,33,20,0,0,-5,5,1,-1,1,1,3,4,14,9
2022-11-06,SP1,Villarreal,Mallorca,0,0,2,9,7,2,5,1087.8579370877,965.823622131224,2,1,0,0,7,1,0,0,6,5,12,12,33,22,-2,2,2,-2,-3,3,2,0,5,2,7,9
2022-11-06,SP1,Betis,Sevilla,1,1,1,9,22,4,6,1146.73221443438,915.810455843947,0,0,1,1,0,0,1,1,8,5,17,9,38,20,0,0,-13,13,-2,2,1,1,6,4,22,9
2022-11-07,SP1,Vallecano,Real Madrid,2,3,2,15,16,7,2,964.10790658305,1470.9889877027,1,6,0,0,4,21,0,0,8,13,14,26,26,52,1,-1,-1,1,5,-5,2,3,2,7,16,15
2022-11-08,SP1,Elche,Girona,0,1,2,11,21,2,3,800.632446777259,1017.21307673003,0,0,2,0,0,1,6,6,2,6,3,10,4,29,-1,1,-10,10,-1,1,2,1,3,2,21,11
2022-11-08,SP1,Athletic Club,Valladolid,2,3,0,19,8,6,0,1073.325705259,984.52106135782,1,0,0,2,1,0,0,2,4,9,14,16,32,17,3,-3,11,-11,6,-6,0,3,0,6,8,19
2022-11-08,SP1,Osasuna,Barcelona,0,1,2,15,9,3,3,1020.81663316132,1375.019578371,2,1,0,0,2,1,0,0,10,12,17,27,29,49,-1,1,6,-6,0,0,2,1,3,3,9,15
2022-11-09,SP1,Almeria,Getafe,2,1,0,8,11,3,3,923.89118405545,897.381733494128,3,1,0,0,3,4,0,0,6,7,9,13,20,18,1,-1,-3,3,0,0,0,1,3,3,11,8
2022-11-09,SP1,Sevilla,Sociedad,0,1,2,6,17,3,9,925.113610451552,1060.11160448931,0,0,1,1,0,0,8,1,5,7,10,17,18,33,-1,1,-11,11,-6,6,2,1,9,3,17,6
2022-11-09,SP1,Espanol,Villarreal,0,0,1,14,10,6,3,923.456643083367,1029.19936269983,0,0,0,3,3,0,1,6,6,6,11,11,12,32,-1,1,4,-4,3,-3,1,0,3,6,10,14
2022-11-09,SP1,Mallorca,Ath Madrid,2,1,0,9,17,3,5,1024.4821965191,1164.67028191549,0,0,0,1,1,0,3,1,7,8,12,18,25,39,1,-1,-8,8,-2,2,0,1,5,3,17,9
2022-11-10,SP1,Vallecano,Celta,1,0,0,10,11,3,3,1024.82607736958,834.333333160327,2,0,0,5,5,0,0,5,11,1,17,7,28,24,0,0,-1,1,0,0,0,0,3,3,11,10
2022-11-10,SP1,Valencia,Betis,2,3,0,15,5,7,1,972.170355058674,1137.42905982677,0,1,2,0,0,3,3,0,3,8,13,15,18,36,3,-3,10,-10,6,-6,0,3,1,7,5,15
2022-11-10,SP1,Real Madrid,Cadiz,2,2,1,18,10,5,5,1410.27081691617,827.728313149413,0,0,0,0,25,1,1,3,10,6,23,11,49,19,1,-1,8,-8,0,0,1,2,5,5,10,18
2022-12-29,SP1,Girona,Vallecano,1,2,2,16,12,7,4,1031.50205343589,1016.83837109429,1,1,0,0,3,2,0,0,8,11,12,18,29,26,0,0,4,-4,3,-3,2,2,4,7,12,16
2022-12-29,SP1,Betis,Athletic Club,1,0,0,9,10,5,0,1058.75331065472,1114.21481631717,0,0,0,2,1,0,2,4,5,7,15,17,33,34,0,0,-1,1,5,-5,0,0,0,5,10,9
2022-12-29,SP1,Ath Madrid,Elche,2,2,0,18,5,4,1,1120.4163820595,786.343470071397,0,0,0,1,3,0,2,7,5,1,17,3,39,4,2,-2,13,-13,3,-3,0,2,1,4,5,18
2022-12-30,SP1,Getafe,Mallorca,2,2,0,14,3,6,0,867.818616988015,1068.73609637509,0,2,0,0,2,2,4,0,6,10,13,14,17,28,2,-2,11,-11,6,-6,0,2,0,6,3,14
2022-12-30,SP1,Cadiz,Almeria,1,1,1,12,18,6,9,825.566103971608,953.454300561562,1,0,0,6,4,0,0,9,5,9,11,12,19,23,0,0,-6,6,-3,3,1,1,9,6,18,12
2022-12-30,SP1,Celta,Sevilla,1,1,1,17,7,5,5,842.321039435614,904.957265980227,0,0,1,0,0,1,3,2,2,2,5,10,22,15,0,0,10,-10,0,0,1,1,5,5,7,17
2022-12-30,SP1,Valladolid,Real Madrid,0,0,2,14,19,4,8,943.631950299652,1412.43302609397,3,0,0,1,4,0,0,1,9,10,13,23,17,49,-2,2,-5,5,-4,4,2,0,8,4,19,14
2022-12-31,SP1,Barcelona,Espanol,1,1,1,21,4,6,1,1382.3906552368,900.905930503871,6,0,0,0,15,2,0,5,15,3,27,8,52,12,0,0,17,-17,5,-5,1,1,1,6,4,21
2022-12-31,SP1,Sociedad,Osasuna,2,2,0,9,11,2,3,1080.26794896063,1013.44555629552,0,1,0,0,1,2,2,0,7,10,19,14,35,29,2,-2,-2,2,-1,1,0,2,3,2,11,9
2022-12-31,SP1,Villarreal,Valencia,2,2,1,14,13,8,4,1051.75007527932,1050.84610423072,0,0,1,0,0,4,1,2,6,5,11,13,32,21,1,-1,1,-1,4,-4,1,2,4,8,13,14
2023-01-06,SP1,Elche,Celta,0,0,1,13,14,5,7,775.158137855018,845.174695076375,0,0,3,0,0,1,7,6,1,3,3,6,4,23,-1,1,-1,1,-2,2,1,0,7,5,14,13
2023-01-06,SP1,Valencia,Cadiz,0,0,1,11,6,2,2,1018.92936285329,831.203248284543,1,0,0,1,1,0,0,4,4,5,13,12,21,19,-1,1,5,-5,0,0,1,0,2,2,6,11
2023-01-07,SP1,Villarreal,Real Madrid,2,2,1,17,13,5,3,1083.66681665676,1417.96381339481,1,1,0,0,1,1,0,0,9,10,14,23,32,49,1,-1,4,-4,2,-2,1,2,3,5,13,17
2023-01-07,SP1,Mallorca,Valladolid,2,1,0,13,9,4,1,1002.01027140884,938.101162998809,1,0,0,3,2,0,0,3,10,6,14,13,27,17,1,-1,4,-4,3,-3,0,1,1,4,9,13
2023-01-07,SP1,Espanol,Girona,1,2,2,12,12,6,5,915.021911812604,1030.82716658665,0,1,1,0,0,2,2,0,4,9,9,10,13,27,0,0,0,0,1,-1,2,2,5,6,12,12
2023-01-08,SP1,Almeria,Sociedad,0,0,2,6,9,1,6,947.817156248627,1115.79290967718,4,1,0,0,4,1,0,0,7,7,13,22,24,38,-2,2,-3,3,-5,5,2,0,6,1,9,6
2023-01-08,SP1,Vallecano,Betis,0,1,2,15,14,3,3,1017.51325794353,1061.28593169197,0,0,0,1,6,0,1,1,11,5,16,13,27,33,-1,1,1,-1,0,0,2,1,3,3,14,15
2023-01-08,SP1,Sevilla,Getafe,2,2,1,11,11,5,2,902.103610339466,934.54444195426,0,0,2,1,0,0,9,1,2,8,8,13,15,17,1,-1,0,0,3,-3,1,2,2,5,11,11
2023-01-08,SP1,Ath Madrid,Barcelona,0,0,1,20,10,5,2,1131.60171427588,1368.27467392807,1,2,0,0,4,2,0,0,7,13,17,25,39,50,-1,1,10,-10,3,-3,1,0,2,5,10,20
2023-01-09,SP1,Athletic Club,Osasuna,1,0,0,17,3,3,1,1111.68219527993,977.920595578966,2,0,0,1,2,0,0,1,7,7,15,11,35,29,0,0,14,-14,2,-2,0,0,1,3,3,17
2023-01-13,SP1,Celta,Villarreal,1,1,1,21,3,8,1,870.811835389797,1139.51480089688,0,1,0,0,1,1,4,0,5,9,9,16,23,35,0,0,18,-18,7,-7,1,1,1,8,3,21
2023-01-14,SP1,Valladolid,Vallecano,0,0,1,9,13,2,6,911.921907108627,989.523673568074,0,0,1,0,0,3,1,1,3,8,13,16,17,27,-1,1,-4,4,-4,4,1,0,6,2,13,9
2023-01-14,SP1,Girona,Sevilla,2,2,1,19,10,7,2,1025.6832356023,937.082868286484,0,0,0,0,4,2,1,3,9,5,11,10,25,15,1,-1,9,-9,5,-5,1,2,2,7,10,19
2023-01-14,SP1,Osasuna,Mallorca,2,1,0,15,6,4,2,983.793220317183,1028.18952729902,0,0,1,1,0,0,1,1,7,10,12,14,30,30,1,-1,9,-9,2,-2,0,1,2,4,6,15
2023-01-14,SP1,Sociedad,Athletic Club,2,3,1,11,6,5,2,1139.95754625719,1105.80957054171,1,0,0,0,2,1,0,5,10,8,22,13,38,33,2,-2,5,-5,3,-3,1,3,2,5,6,11
2023-01-15,SP1,Getafe,Espanol,0,1,2,10,10,2,4,899.565184007242,920.165842796951,1,0,0,0,3,3,0,6,7,4,10,10,17,14,-1,1,0,0,-2,2,2,1,4,2,10,10
2023-01-15,SP1,Almeria,Ath Madrid,1,1,1,14,12,3,6,923.65251966862,1118.55527159596,0,0,1,2,0,0,1,2,7,4,13,17,21,36,0,0,2,-2,-3,3,1,1,6,3,12,14
2023-01-16,SP1,Cadiz,Elche,1,1,1,16,12,3,5,878.986593710119,749.520997541596,0,0,0,2,5,0,1,8,8,0,12,3,22,4,0,0,4,-4,-2,2,1,1,5,3,12,16
2023-01-20,SP1,Mallorca,Celta,2,1,0,8,10,3,3,992.122587867351,881.194170606525,2,1,0,0,3,2,0,0,9,6,14,7,27,24,1,-1,-2,2,0,0,0,1,3,3,10,8
2023-01-21,SP1,Vallecano,Sociedad,0,0,2,14,12,2,7,1014.49281777568,1179.51841109139,0,2,1,0,0,2,2,0,8,13,16,22,29,41,-2,2,2,-2,-5,5,2,0,7,2,12,14
2023-01-21,SP1,Espanol,Betis,2,1,0,8,13,2,4,950.270672442579,1089.27551606742,0,1,0,0,1,1,3,0,6,8,12,13,17,33,1,-1,-5,5,-2,2,0,1,4,2,13,8
2023-01-21,SP1,Ath Madrid,Valladolid,2,3,0,18,7,8,1,1110.41606130625,886.952762901017,0,0,1,4,0,0,1,4,5,3,15,10,34,17,3,-3,11,-11,7,-7,0,3,1,8,7,18
2023-01-21,SP1,Sevilla,Cadiz,2,1,0,17,4,9,1,913.070853415851,873.285926584825,1,1,0,0,1,1,0,0,5,6,10,12,15,20,1,-1,13,-13,8,-8,0,1,1,9,4,17
2023-01-22,SP1,Villarreal,Girona,2,1,0,19,8,9,1,1129.13246568015,1049.69525047294,2,0,0,0,2,3,0,1,10,11,16,14,33,27,1,-1,11,-11,8,-8,0,1,1,9,8,19
2023-01-22,SP1,Elche,Osasuna,1,1,1,13,8,4,4,755.22166466689,1019.86015974886,0,0,4,0,0,1,8,2,1,7,4,14,5,32,0,0,5,-5,0,0,1,1,4,4,8,13
2023-01-22,SP1,Barcelona,Getafe,2,1,0,8,7,4,3,1381.32111660799,869.460354361614,0,0,0,2,16,0,1,2,13,4,25,10,53,17,1,-1,1,-1,1,-1,0,1,3,4,7,8
2023-01-22,SP1,Athletic Club,Real Madrid,0,0,2,18,10,3,4,1066.24870570751,1362.11582915469,0,0,0,1,3,0,1,1,5,7,10,20,32,46,-2,2,8,-8,-1,1,2,0,4,3,10,18
2023-01-23,SP1,Valencia,Almeria,1,2,2,16,14,6,3,971.146017427713,931.791729958334,0,0,1,0,0,1,1,10,4,5,10,14,21,22,0,0,2,-2,3,-3,2,2,3,6,14,16
2023-01-27,SP1,Almeria,Espanol,2,3,1,19,6,7,3,933.596350547183,994.431451397712,0,1,0,0,1,4,2,0,6,8,12,14,23,20,2,-2,13,-13,4,-4,1,3,3,7,6,19
2023-01-28,SP1,Cadiz,Mallorca,2,2,0,11,9,4,2,844.93432105005,1014.23927194993,0,0,0,2,6,0,2,2,5,9,11,16,17,29,2,-2,2,-2,2,-2,0,2,2,4,9,11
2023-01-28,SP1,Girona,Barcelona,0,0,1,8,8,2,3,1024.88680848698,1384.5148344519,1,3,0,0,5,3,0,0,8,13,14,25,27,53,-1,1,0,0,-1,1,1,0,3,2,8,8
2023-01-28,SP1,Sevilla,Elche,2,3,0,22,6,8,1,941.422458950626,765.494813588806,2,0,0,0,2,1,0,9,7,2,12,4,18,6,3,-3,16,-16,7,-7,0,3,1,8,6,22
2023-01-28,SP1,Getafe,Betis,0,0,1,6,13,1,2,866.2666365177,1045.11473711229,0,0,1,1,0,0,1,1,3,5,10,13,17,30,-1,1,-7,7,-1,1,1,0,2,1,13,6
2023-01-29,SP1,Valladolid,Valencia,2,1,0,13,15,6,2,863.343868388787,969.341396838863,0,0,2,1,0,0,2,3,0,5,9,10,17,21,1,-1,-2,2,4,-4,0,1,2,6,15,13
2023-01-29,SP1,Osasuna,Ath Madrid,0,0,1,14,13,4,5,1009.58701082694,1134.02495581848,1,0,0,0,1,1,0,3,5,7,15,15,32,34,-1,1,1,-1,-1,1,1,0,5,4,13,14
2023-01-29,SP1,Celta,Athletic Club,2,1,0,9,5,3,0,859.077486523946,1052.7357739493,0,0,0,1,2,0,5,6,6,5,7,9,21,32,1,-1,4,-4,3,-3,0,1,0,3,5,9
2023-01-29,SP1,Real Madrid,Sociedad,1,0,0,20,8,7,3,1375.62876091289,1203.98149981921,1,3,0,0,26,3,0,0,9,15,22,22,46,41,0,0,12,-12,4,-4,0,0,3,7,8,20
2023-01-30,SP1,Villarreal,Vallecano,0,0,1,12,11,3,3,1153.94090766611,990.029729047864,3,1,0,0,3,4,0,0,13,5,19,16,33,26,-1,1,1,-1,0,0,1,0,3,3,11,12
2023-02-01,SP1,Betis,Barcelona,0,1,2,5,13,1,3,1061.95792195772,1391.68466491813,0,4,0,0,2,4,3,0,7,13,15,25,32,53,-1,1,-8,8,-2,2,2,1,3,1,13,5
2023-02-02,SP1,Real Madrid,Valencia,2,2,0,19,4,7,0,1368.31008156857,927.870691689274,0,0,0,2,27,0,1,4,10,4,20,7,44,21,2,-2,15,-15,7,-7,0,2,0,7,4,19
2023-02-03,SP1,Athletic Club,Cadiz,2,4,1,17,15,9,3,1004.54246671317,908.618648587437,0,0,1,1,0,0,2,1,2,8,9,13,29,19,3,-3,2,-2,6,-6,1,4,3,9,15,17
2023-02-04,SP1,Espanol,Osasuna,1,1,1,9,9,4,3,942.972004465873,988.581997669885,1,0,0,0,2,2,0,3,8,5,11,15,20,29,0,0,0,0,1,-1,1,1,3,4,9,9
2023-02-04,SP1,Elche,Villarreal,2,3,1,18,14,7,2,736.435177772018,1107.87269015137,0,0,0,0,1,2,9,1,2,10,3,16,6,32,2,-2,4,-4,5,-5,1,3,2,7,14,18
2023-02-04,SP1,Ath Madrid,Getafe,1,1,1,12,9,4,1,1155.02996897554,849.423451672271,1,0,0,3,1,0,0,3,10,3,15,9,37,17,0,0,3,-3,3,-3,1,1,1,4,9,12
2023-02-04,SP1,Betis,Celta,0,3,4,15,9,7,7,1053.61691493084,907.270793760083,0,0,1,1,0,0,4,1,7,8,12,10,32,21,-1,1,6,-6,0,0,4,3,7,7,9,15
2023-02-05,SP1,Mallorca,Real Madrid,2,1,0,4,20,1,1,950.554944412543,1374.74972293037,3,1,0,0,4,1,0,0,6,10,16,20,28,46,1,-1,-16,16,0,0,0,1,1,1,20,4
2023-02-05,SP1,Girona,Valencia,2,1,0,20,8,8,4,1017.71697802076,921.431050327473,0,0,1,3,0,0,1,5,5,1,13,6,24,21,1,-1,12,-12,4,-4,0,1,4,8,8,20
2023-02-05,SP1,Sociedad,Valladolid,0,0,1,15,7,4,2,1211.30017916354,904.814573538376,2,0,0,5,3,0,0,5,13,3,20,12,39,20,-1,1,8,-8,2,-2,1,0,2,4,7,15
2023-02-05,SP1,Barcelona,Sevilla,2,3,0,16,3,7,1,1400.025671945,970.482094767414,1,0,0,1,17,0,0,4,13,10,28,12,53,21,3,-3,13,-13,6,-6,0,3,1,7,3,16
2023-02-06,SP1,Vallecano,Almeria,2,2,0,15,14,11,5,1036.0979465626,985.055797479023,0,0,2,0,0,2,3,11,7,6,18,15,29,25,2,-2,1,-1,6,-6,0,2,5,11,14,15
2023-02-10,SP1,Cadiz,Girona,2,2,0,12,7,3,1,868.771502179397,1041.06898760647,1,0,0,1,7,0,0,2,7,7,12,16,19,24,2,-2,5,-5,2,-2,0,2,1,3,7,12
2023-02-11,SP1,Almeria,Betis,0,2,3,16,12,9,7,947.59539365601,1008.88232190557,1,1,0,0,2,1,0,0,5,6,12,11,22,31,-1,1,4,-4,2,-2,3,2,7,9,12,16
2023-02-11,SP1,Sevilla,Mallorca,2,2,0,15,6,6,0,961.99722042184,1009.43265656859,3,0,0,3,3,0,0,3,9,9,11,19,21,28,2,-2,9,-9,6,-6,0,2,0,6,6,15
2023-02-11,SP1,Valencia,Athletic Club,0,1,2,18,11,8,3,898.079040741758,1044.38961312121,0,0,0,2,1,0,2,7,1,4,5,11,20,29,-1,1,7,-7,5,-5,2,1,3,8,11,18
2023-02-12,SP1,Getafe,Vallecano,1,1,1,13,19,4,4,860.723003909596,1073.55835038561,0,2,2,0,0,5,2,0,1,9,9,20,18,32,0,0,-6,6,0,0,1,1,4,4,19,13
2023-02-12,SP1,Celta,Ath Madrid,0,0,1,14,10,3,2,952.005386785356,1143.73041673821,1,1,0,0,3,2,0,0,10,8,13,15,23,35,-1,1,4,-4,1,-1,1,0,2,3,10,14
2023-02-12,SP1,Valladolid,Osasuna,1,0,0,18,15,5,4,959.454190295111,986.493563055828,1,0,0,0,1,3,0,4,6,6,12,13,23,29,0,0,3,-3,1,-1,0,0,4,5,15,18
2023-02-12,SP1,Villarreal,Barcelona,0,0,1,11,7,2,4,1029.40634474871,1408.51054629057,0,5,1,0,0,5,1,0,7,15,16,28,31,53,-1,1,4,-4,-2,2,1,0,4,2,7,11
2023-02-13,SP1,Espanol,Sociedad,0,2,3,10,11,6,5,945.06043907993,1156.66056240681,0,0,0,0,3,4,1,1,8,10,12,17,21,39,-1,1,-1,1,1,-1,3,2,5,6,11,10
2023-02-15,SP1,Real Madrid,Elche,2,4,0,26,7,13,0,1315.87201077432,814.901523174682,1,0,0,1,28,0,0,10,7,5,17,6,45,9,4,-4,19,-19,13,-13,0,4,0,13,7,26
2023-02-17,SP1,Girona,Almeria,2,6,2,14,16,8,4,977.085279140868,921.1823003608,1,0,0,1,1,0,0,12,6,5,15,12,24,22,4,-4,-2,2,4,-4,2,6,4,8,16,14
2023-02-18,SP1,Sociedad,Celta,1,1,1,9,18,3,4,1171.27026390461,936.065858789824,0,1,1,0,0,1,1,0,10,7,20,12,39,22,0,0,-9,9,-1,1,1,1,4,3,18,9
2023-02-18,SP1,Betis,Valladolid,2,2,1,16,17,10,3,1035.29541520078,960.696891501506,0,1,2,0,0,1,5,0,6,7,14,10,31,24,1,-1,-1,1,7,-7,1,2,3,10,17,16
2023-02-18,SP1,Mallorca,Villarreal,2,4,2,13,8,5,4,959.624081302027,1022.91985989894,4,0,0,1,5,0,0,2,6,4,16,13,27,28,2,-2,5,-5,1,-1,2,4,4,5,8,13
2023-02-18,SP1,Osasuna,Real Madrid,0,0,2,11,11,4,6,985.250861849432,1322.70407363831,0,0,1,1,0,0,1,1,6,10,13,17,27,45,-2,2,0,0,-2,2,2,0,6,4,11,11
2023-02-19,SP1,Elche,Espanol,0,0,1,19,11,5,4,808.06946031069,930.450737582129,1,0,0,1,2,0,0,1,5,7,5,11,9,20,-1,1,8,-8,1,-1,1,0,4,5,11,19
2023-02-19,SP1,Vallecano,Sevilla,1,1,1,18,7,5,2,1064.8231943148,1011.80579568841,1,0,0,2,1,0,0,5,10,9,18,14,32,24,0,0,11,-11,3,-3,1,1,2,5,7,18
2023-02-19,SP1,Ath Madrid,Athletic Club,2,1,0,17,8,5,2,1159.66994473374,1063.65777584661,0,1,0,0,2,1,1,0,11,6,15,14,35,31,1,-1,9,-9,3,-3,0,1,2,5,8,17
2023-02-19,SP1,Barcelona,Cadiz,2,2,0,16,14,5,4,1414.99703114035,932.755210645001,2,0,0,2,18,0,0,2,15,7,28,15,55,22,2,-2,2,-2,1,-1,0,2,4,5,14,16
2023-02-20,SP1,Getafe,Valencia,2,1,0,15,8,6,3,869.458159980403,878.81087801635,0,0,0,4,1,0,3,6,2,1,9,5,19,17,1,-1,7,-7,3,-3,0,1,3,6,8,15
2023-02-24,SP1,Elche,Betis,0,2,3,4,21,2,9,786.89704548927,1060.52830952462,0,2,1,0,0,2,1,0,4,9,5,14,8,31,-1,1,-17,17,-7,7,3,2,9,2,21,4
2023-02-25,SP1,Espanol,Mallorca,2,2,1,9,15,3,4,951.623152403549,1011.38443906325,0,0,1,4,0,0,2,4,7,9,13,18,23,30,1,-1,-6,6,-1,1,1,2,4,3,15,9
2023-02-25,SP1,Cadiz,Vallecano,2,1,0,5,11,3,2,927.612066056974,1062.40042896792,2,0,0,0,8,6,0,1,6,8,12,16,22,30,1,-1,-6,6,1,-1,0,1,2,3,11,5
2023-02-25,SP1,Real Madrid,Ath Madrid,1,1,1,18,7,7,2,1333.70088216198,1183.04533189992,2,2,0,0,29,3,0,0,10,13,19,18,45,38,0,0,11,-11,5,-5,1,1,2,7,7,18
2023-02-25,SP1,Valencia,Sociedad,2,1,0,8,11,3,3,845.94966886565,1161.83749900512,0,1,1,0,0,5,3,0,0,8,5,21,17,40,1,-1,-3,3,0,0,0,1,3,3,11,8
2023-02-26,SP1,Athletic Club,Girona,0,2,3,17,8,3,4,1040.28238868044,1031.29822518202,1,0,0,2,1,0,0,3,6,6,11,17,28,24,-1,1,9,-9,-1,1,3,2,4,3,8,17
2023-02-26,SP1,Celta,Valladolid,2,3,0,18,6,4,3,945.498623689316,935.463997177665,0,0,1,1,0,0,1,1,7,7,13,10,23,23,3,-3,12,-12,1,-1,0,3,3,4,6,18
2023-02-26,SP1,Almeria,Barcelona,2,1,0,7,14,4,1,866.969354319644,1420.14017572837,0,6,1,0,0,6,1,0,4,15,9,28,21,55,1,-1,-7,7,3,-3,0,1,1,4,14,7
2023-02-26,SP1,Sevilla,Osasuna,0,2,3,22,11,8,4,1014.22856103529,974.254053325761,4,0,0,0,4,4,0,5,10,3,15,10,24,24,-1,1,11,-11,4,-4,3,2,4,8,11,22
2023-02-27,SP1,Villarreal,Getafe,2,2,1,11,8,5,3,971.159502137717,902.319369131103,0,0,2,0,0,1,2,4,3,5,13,9,25,22,1,-1,3,-3,2,-2,1,2,3,5,8,11
2023-03-03,SP1,Sociedad,Cadiz,1,0,0,15,6,3,2,1106.77358789378,971.439054987533,0,0,0,3,1,0,2,3,5,9,20,14,37,25,0,0,9,-9,1,-1,0,0,2,3,6,15
2023-03-04,SP1,Getafe,Girona,2,3,2,10,9,6,7,876.57809037732,1064.12551283606,1,1,0,0,2,1,0,0,5,9,8,17,21,27,1,-1,1,-1,-1,1,2,3,7,6,9,10
2023-03-04,SP1,Almeria,Villarreal,0,0,2,6,16,0,6,928.424678514597,996.900780891501,1,0,0,2,1,0,0,3,6,3,12,16,21,27,-2,2,-10,10,-6,6,2,0,6,0,16,6
2023-03-04,SP1,Mallorca,Elche,0,0,1,14,15,3,6,973.933869562073,775.922087611181,5,0,0,2,6,0,0,11,6,3,15,5,27,8,-1,1,-1,1,-3,3,1,0,6,3,15,14
2023-03-04,SP1,Ath Madrid,Sevilla,2,6,1,18,8,8,1,1189.57882670329,978.562933572491,1,0,0,0,3,1,0,6,11,7,18,14,36,24,5,-5,10,-10,7,-7,1,6,1,8,8,18
2023-03-05,SP1,Valladolid,Espanol,2,2,1,15,12,5,2,882.506944685465,989.073721904721,0,1,0,0,2,1,1,0,7,7,7,15,23,26,1,-1,3,-3,3,-3,1,2,2,5,12,15
2023-03-05,SP1,Barcelona,Valencia,2,1,0,13,13,4,1,1358.68485153342,901.013579976982,3,0,0,5,19,0,0,7,12,3,25,7,52,20,1,-1,0,0,3,-3,0,1,1,4,13,13
2023-03-05,SP1,Vallecano,Athletic Club,1,0,0,18,16,2,3,1018.57344003736,1007.4551010264,0,0,0,1,2,0,1,1,8,6,13,11,30,25,0,0,2,-2,-1,1,0,0,3,2,16,18
2023-03-05,SP1,Betis,Real Madrid,1,0,0,8,15,4,5,1071.50326740271,1327.16738735861,1,1,0,0,1,1,0,0,9,10,16,20,31,43,0,0,-7,7,-1,1,0,0,5,4,15,8
2023-03-06,SP1,Osasuna,Celta,1,0,0,10,6,5,0,1009.91968078856,998.455676181516,0,0,2,0,0,2,2,1,5,10,10,16,27,23,0,0,4,-4,5,-5,0,0,0,5,6,10
2023-03-10,SP1,Cadiz,Getafe,1,2,2,11,16,4,10,977.374253129746,924.348978355415,3,0,0,1,9,0,0,5,7,8,15,11,26,24,0,0,-5,5,-6,6,2,2,10,4,16,11
2023-03-11,SP1,Real Madrid,Espanol,2,3,1,22,10,7,3,1317.14118494661,947.555202663242,0,0,0,1,30,0,1,1,8,7,18,15,41,23,2,-2,12,-12,4,-4,1,3,3,7,10,22
2023-03-11,SP1,Elche,Valladolid,1,1,1,24,5,10,1,824.411791824047,924.025463926944,0,0,2,2,0,0,2,2,6,7,8,10,11,23,0,0,19,-19,9,-9,1,1,1,10,5,24
2023-03-11,SP1,Celta,Vallecano,2,3,0,15,12,6,3,998.983421591886,1018.06159631402,1,0,0,1,1,0,0,2,8,6,16,13,21,31,3,-3,3,-3,3,-3,0,3,3,6,12,15
2023-03-11,SP1,Valencia,Osasuna,2,1,0,8,7,4,0,896.72899946067,1009.39193537819,1,1,0,0,1,5,0,0,3,6,4,11,17,25,1,-1,1,-1,4,-4,0,1,0,4,7,8
2023-03-12,SP1,Mallorca,Sociedad,1,1,1,8,8,2,2,925.444165349208,1100.83838975157,0,0,1,1,0,0,1,1,6,5,12,18,26,37,0,0,0,0,0,0,1,1,2,2,8,8
2023-03-12,SP1,Sevilla,Almeria,2,2,1,27,13,5,5,944.698302435776,893.100750768856,0,0,1,2,0,0,1,13,4,3,14,9,24,21,1,-1,14,-14,0,0,1,2,5,5,13,27
2023-03-12,SP1,Villarreal,Betis,1,1,1,15,6,4,3,1032.22470863724,1081.52946981471,1,3,0,0,1,3,0,0,6,10,16,17,27,32,0,0,9,-9,1,-1,1,1,3,4,6,15
2023-03-12,SP1,Athletic Club,Barcelona,0,0,1,15,10,5,2,1007.96694474974,1362.96943204973,0,0,1,1,0,0,1,1,7,12,9,25,26,52,-1,1,5,-5,3,-3,1,0,2,5,10,15
2023-03-13,SP1,Girona,Ath Madrid,0,0,1,6,14,4,4,1016.35462485796,1223.44345784,2,0,0,0,2,4,0,1,9,11,14,21,26,38,-1,1,-8,8,0,0,1,0,4,4,14,6
2023-03-17,SP1,Valladolid,Athletic Club,0,1,3,15,15,3,6,919.559783977683,1000.62583307144,1,0,0,0,3,1,0,2,5,4,11,8,24,23,-2,2,0,0,-3,3,3,1,6,3,15,15
2023-03-18,SP1,Almeria,Cadiz,1,1,1,17,10,5,4,865.818428791621,974.951133390589,0,0,1,0,0,1,1,4,3,8,8,15,21,27,0,0,7,-7,1,-1,1,1,4,5,10,17
2023-03-18,SP1,Vallecano,Girona,1,2,2,15,12,3,4,960.538601091192,1001.4500671101,0,0,0,1,3,0,2,1,3,6,12,13,28,23,0,0,3,-3,-1,1,2,2,4,3,12,15
2023-03-18,SP1,Espanol,Celta,0,1,3,11,8,3,4,938.217757528601,1056.50641681472,1,0,0,0,1,3,0,2,6,8,14,18,23,24,-2,2,3,-3,-1,1,3,1,4,3,8,11
2023-03-18,SP1,Ath Madrid,Valencia,2,3,0,14,9,6,1,1238.34801558786,938.756607640792,2,0,0,6,4,0,0,8,13,6,21,7,38,20,3,-3,5,-5,5,-5,0,3,1,6,9,14
2023-03-19,SP1,Betis,Mallorca,2,1,0,10,5,3,1,1079.27402188026,932.898620068984,0,0,0,5,2,0,1,5,11,4,17,13,30,27,1,-1,5,-5,2,-2,0,1,1,3,5,10
2023-03-19,SP1,Osasuna,Villarreal,0,0,3,10,12,2,6,967.364327198072,1034.48015657169,0,1,0,0,1,1,3,0,5,7,11,14,22,28,-3,3,-2,2,-4,4,3,0,6,2,12,10
2023-03-19,SP1,Sociedad,Elche,2,2,0,17,4,4,3,1093.38393503179,828.877471773308,0,1,0,0,2,1,3,0,6,4,16,9,38,12,2,-2,13,-13,1,-1,0,2,3,4,4,17
2023-03-19,SP1,Getafe,Sevilla,2,2,0,15,11,4,4,926.772098094572,971.980624413011,2,0,0,1,3,0,0,7,8,7,9,16,22,24,2,-2,4,-4,0,0,0,2,4,4,11,15
2023-03-19,SP1,Barcelona,Real Madrid,2,2,1,17,11,7,3,1370.31054372803,1326.47863008125,4,0,0,0,20,2,0,1,12,11,27,18,52,41,1,-1,6,-6,4,-4,1,2,3,7,11,17
2023-03-31,SP1,Mallorca,Osasuna,1,0,0,10,11,1,2,913.635482767868,923.237761131787,0,0,0,1,1,0,2,1,4,4,10,10,24,22,0,0,-1,1,-1,1,0,0,2,1,11,10
2023-04-01,SP1,Girona,Espanol,2,2,1,14,5,4,1,999.574684298158,908.740609594914,0,0,1,2,0,0,1,2,7,6,13,13,24,23,1,-1,9,-9,3,-3,1,2,1,4,5,14
2023-04-01,SP1,Athletic Club,Getafe,1,0,0,17,9,3,1,1034.43203723715,976.304504404293,0,0,2,0,0,1,2,6,4,10,10,12,23,22,0,0,8,-8,2,-2,0,0,1,3,9,17
2023-04-01,SP1,Cadiz,Sevilla,0,0,2,14,11,3,5,970.084401611799,922.44821810329,0,0,0,2,10,0,1,8,6,4,13,13,25,23,-2,2,3,-3,-2,2,2,0,5,3,11,14
2023-04-01,SP1,Elche,Barcelona,0,0,4,15,12,2,6,813.169795697332,1398.29475771965,0,1,0,0,1,1,3,0,4,12,9,27,12,52,-4,4,3,-3,-4,4,4,0,6,2,12,15
2023-04-02,SP1,Celta,Almeria,1,2,2,21,8,5,3,1085.9835647484,870.685160570411,2,0,0,3,2,0,0,14,11,4,18,9,27,22,0,0,13,-13,2,-2,2,2,3,5,8,21
2023-04-02,SP1,Real Madrid,Valladolid,2,6,0,30,12,17,2,1298.49441608963,885.753579811973,1,0,0,0,31,1,0,3,8,4,18,11,38,24,6,-6,18,-18,15,-15,0,6,2,17,12,30
2023-04-02,SP1,Villarreal,Sociedad,2,2,0,16,16,4,3,1078.60672263797,1109.09161110777,0,0,0,0,2,1,1,2,10,6,14,16,30,38,2,-2,0,0,1,-1,0,2,3,4,16,16
2023-04-02,SP1,Ath Madrid,Betis,2,1,0,13,6,7,2,1254.84723685395,1098.53715918138,3,0,0,0,5,4,0,1,13,11,24,17,41,30,1,-1,7,-7,5,-5,0,1,2,7,6,13
2023-04-03,SP1,Valencia,Vallecano,1,1,1,18,7,4,2,922.257386374705,962.413983903139,2,0,0,2,2,0,0,3,6,3,7,13,17,29,0,0,11,-11,2,-2,1,1,2,4,7,18
2023-04-07,SP1,Sevilla,Celta,1,2,2,7,9,2,4,972.281665676293,1077.16909713964,1,1,0,0,1,4,0,0,6,11,16,18,26,25,0,0,-2,2,-2,2,2,2,4,2,9,7
2023-04-08,SP1,Osasuna,Elche,2,2,1,22,7,6,1,922.795672426718,808.873565093354,0,0,1,1,0,0,4,1,5,4,8,8,22,12,1,-1,15,-15,5,-5,1,2,1,6,7,22
2023-04-08,SP1,Espanol,Athletic Club,0,1,2,9,12,2,7,884.921195365623,1031.77986484013,0,1,1,0,0,2,1,0,3,5,10,11,22,21,-1,1,-3,3,-5,5,2,1,7,2,12,9
2023-04-08,SP1,Sociedad,Getafe,2,2,0,11,6,6,4,1061.39565838894,978.956676801311,1,0,0,0,3,2,0,7,5,8,13,13,35,23,2,-2,5,-5,2,-2,0,2,4,6,6,11
2023-04-08,SP1,Real Madrid,Villarreal,0,2,3,18,17,4,8,1312.62374149585,1126.3026753568,2,2,0,0,32,2,0,0,8,13,18,16,40,32,-1,1,1,-1,-4,4,3,2,8,4,17,18
2023-04-09,SP1,Valladolid,Mallorca,1,3,3,10,14,6,6,871.624254405751,914.077571472936,0,0,1,6,0,0,1,6,4,2,11,11,21,25,0,0,-4,4,0,0,3,3,6,6,14,10
2023-04-09,SP1,Betis,Cadiz,0,0,2,9,15,3,4,1080.03520656223,920.250954038796,1,0,0,0,3,2,0,5,8,6,17,12,30,24,-2,2,-6,6,-1,1,2,0,4,3,15,9
2023-04-09,SP1,Almeria,Valencia,2,2,1,10,11,4,4,879.499628179176,924.098475120315,0,0,0,7,1,0,2,9,5,7,9,7,23,17,1,-1,-1,1,0,0,1,2,4,4,11,10
2023-04-09,SP1,Vallecano,Ath Madrid,0,1,2,15,14,3,4,960.572895157529,1273.3491894731,0,1,0,0,4,5,3,0,3,13,11,26,27,41,-1,1,1,-1,-1,1,2,1,4,3,14,15
2023-04-10,SP1,Barcelona,Girona,1,0,0,18,5,3,0,1402.59098832363,1023.39409852745,5,0,0,0,21,1,0,2,12,7,27,13,52,27,0,0,13,-13,3,-3,0,0,0,3,5,18
2023-04-14,SP1,Vallecano,Osasuna,2,2,1,12,8,3,4,951.498205463638,944.663597577353,0,0,1,0,0,1,4,2,3,5,11,10,27,25,1,-1,4,-4,-1,1,1,2,4,3,8,12
2023-04-15,SP1,Villarreal,Valladolid,0,1,2,22,14,7,7,1173.98789805913,873.569629713979,1,0,0,1,3,0,0,4,13,5,16,12,35,21,-1,1,8,-8,0,0,2,1,7,7,14,22
2023-04-15,SP1,Athletic Club,Sociedad,2,2,0,13,13,5,4,1051.0055639077,1095.03780645161,0,0,0,1,1,0,3,3,8,8,14,13,23,35,2,-2,0,0,1,-1,0,2,4,5,13,13
2023-04-15,SP1,Betis,Espanol,2,3,1,15,13,8,4,1017.31883544197,865.695496298051,0,0,1,3,0,0,1,3,5,0,14,7,29,21,2,-2,2,-2,4,-4,1,3,4,8,13,15
2023-04-15,SP1,Cadiz,Real Madrid,0,0,2,12,35,3,11,982.96732515906,1264.93851879353,0,0,1,1,0,0,2,2,6,7,15,17,26,37,-2,2,-23,23,-8,8,2,0,11,3,35,12
2023-04-16,SP1,Girona,Elche,2,2,0,14,13,4,5,1036.15241084114,787.005639942719,1,0,0,2,1,0,0,2,5,4,14,7,28,11,2,-2,1,-1,-1,1,0,2,5,4,13,14
2023-04-16,SP1,Getafe,Barcelona,1,0,0,5,15,1,3,945.314528738645,1389.83267600994,3,2,0,0,4,2,0,0,8,13,13,25,23,50,0,0,-10,10,-2,2,0,0,3,1,15,5
2023-04-16,SP1,Ath Madrid,Almeria,2,2,1,19,2,7,0,1282.42387916699,915.584919552969,4,0,0,0,6,1,0,15,15,5,26,11,41,23,1,-1,17,-17,7,-7,1,2,0,7,2,19
2023-04-16,SP1,Valencia,Sevilla,0,0,2,13,6,3,3,888.013183746521,976.970330273136,0,1,0,0,3,1,1,0,4,7,7,14,14,26,-2,2,7,-7,0,0,2,0,3,3,6,13
2023-04-17,SP1,Celta,Mallorca,0,0,1,12,8,3,2,1072.4804325428,912.132196164708,0,0,0,0,3,1,1,7,9,3,19,9,26,25,-1,1,4,-4,1,-1,1,0,2,3,8,12
2023-04-21,SP1,Espanol,Cadiz,1,0,0,14,11,5,2,839.848528067783,968.514486847692,0,1,2,0,0,3,2,0,0,5,7,12,18,25,0,0,3,-3,3,-3,0,0,2,5,11,14
2023-04-22,SP1,Osasuna,Betis,2,3,2,10,21,5,6,913.293007041093,1043.16580367224,1,0,0,1,1,0,0,2,4,7,10,17,25,29,1,-1,-11,11,-1,1,2,3,6,5,21,10
2023-04-22,SP1,Almeria,Athletic Club,0,1,2,12,14,4,3,908.675138170221,1100.39190764751,1,2,0,0,2,3,0,0,5,10,8,17,23,26,-1,1,-2,2,1,-1,2,1,3,4,14,12
2023-04-22,SP1,Sociedad,Vallecano,2,2,1,7,7,1,2,1045.6514627118,982.868795999899,2,0,0,0,4,1,0,4,7,5,12,11,32,29,1,-1,0,0,-1,1,1,2,2,1,7,7
2023-04-22,SP1,Valladolid,Girona,2,1,0,15,12,6,6,927.926674180188,1053.03272396752,0,0,0,0,1,2,2,3,5,8,12,17,24,30,1,-1,3,-3,0,0,0,1,6,6,12,15
2023-04-22,SP1,Real Madrid,Celta,2,2,0,17,12,5,2,1279.39135710489,1026.67813838768,0,0,1,0,0,5,1,1,9,8,17,16,37,26,2,-2,5,-5,3,-3,0,2,2,5,12,17
2023-04-23,SP1,Elche,Valencia,0,0,2,7,5,1,3,770.125326816337,855.145723119012,0,0,1,8,0,0,4,10,1,4,7,7,10,13,-2,2,2,-2,-2,2,2,0,3,1,5,7
2023-04-23,SP1,Barcelona,Ath Madrid,2,1,0,13,13,4,3,1376.13136517453,1289.33366054973,0,2,0,0,22,6,1,0,11,15,23,26,51,41,1,-1,0,0,1,-1,0,1,3,4,13,13
2023-04-23,SP1,Mallorca,Getafe,2,3,1,8,3,4,1,957.934490319825,959.015839574052,0,0,0,1,2,0,3,8,6,6,12,14,28,23,2,-2,5,-5,3,-3,1,3,1,4,3,8
2023-04-23,SP1,Sevilla,Villarreal,2,2,1,17,17,4,5,1009.83779090065,1119.63085359292,0,3,0,0,2,3,1,0,10,10,14,16,26,32,1,-1,0,0,-1,1,1,2,5,4,17,17
2023-04-25,SP1,Cadiz,Osasuna,0,0,1,20,6,4,4,962.845996051856,956.727071189076,0,0,2,1,0,0,3,3,5,7,13,12,25,25,-1,1,14,-14,0,0,1,0,4,4,6,20
2023-04-25,SP1,Girona,Real Madrid,2,4,2,13,18,5,3,1009.98350286627,1295.99357360483,2,1,0,0,2,1,0,0,8,9,14,20,30,37,2,-2,-5,5,2,-2,2,4,3,5,18,13
2023-04-25,SP1,Betis,Sociedad,1,0,0,10,10,1,3,999.731739524253,1071.93109381605,1,0,0,2,1,0,0,4,6,9,17,15,28,32,0,0,0,0,-2,2,0,0,3,1,10,10
2023-04-26,SP1,Ath Madrid,Mallorca,2,3,1,24,6,9,2,1265.16575962363,1001.9286091857,5,1,0,0,7,2,0,0,12,8,25,12,40,31,2,-2,18,-18,7,-7,1,3,2,9,6,24
2023-04-26,SP1,Getafe,Almeria,0,1,2,21,23,9,11,915.021720708172,892.735040994934,0,0,0,1,5,0,1,16,5,5,13,8,22,20,-1,1,-2,2,-2,2,2,1,11,9,23,21
2023-04-26,SP1,Celta,Elche,2,1,0,17,16,9,1,1010.07592188774,736.790819894917,0,0,1,3,0,0,2,3,5,0,13,4,26,10,1,-1,1,-1,8,-8,0,1,1,9,16,17
2023-04-26,SP1,Vallecano,Barcelona,2,2,1,9,10,6,5,956.589164895643,1400.29926610064,1,0,0,0,1,3,0,1,5,11,8,23,28,51,1,-1,-1,1,1,-1,1,2,5,6,10,9
2023-04-27,SP1,Valencia,Valladolid,2,2,1,18,8,5,2,888.480230040431,970.975895281443,0,1,1,0,0,1,2,0,4,7,10,12,15,24,1,-1,10,-10,3,-3,1,2,2,5,8,18
2023-04-27,SP1,Villarreal,Espanol,2,4,2,31,13,13,4,1077.84222793444,845.517018863619,0,0,1,4,0,0,1,4,9,1,16,7,32,19,2,-2,18,-18,9,-9,2,4,4,13,13,31
2023-04-27,SP1,Athletic Club,Sevilla,0,0,1,7,4,2,1,1116.3320048228,1051.62641655912,1,2,0,0,2,2,0,0,13,10,17,17,28,28,-1,1,3,-3,1,-1,1,0,1,2,4,7
2023-04-28,SP1,Osasuna,Sociedad,0,0,2,13,12,1,8,989.290586735127,1068.65323850753,2,0,0,0,2,1,0,5,10,7,14,13,27,33,-2,2,1,-1,-7,7,2,0,8,1,12,13
2023-04-29,SP1,Elche,Vallecano,2,4,0,18,14,9,3,725.797730952391,1015.97189849265,0,0,2,1,0,0,5,5,0,7,4,10,9,28,4,-4,4,-4,6,-6,0,4,3,9,14,18
2023-04-29,SP1,Real Madrid,Almeria,2,4,2,15,9,12,3,1222.45270202667,926.78490926839,1,1,0,0,1,1,0,0,9,7,17,11,34,23,2,-2,6,-6,9,-9,2,4,3,12,9,15
2023-04-29,SP1,Barcelona,Betis,2,4,0,15,4,8,1,1340.91653250364,1003.00959483277,1,0,0,2,23,0,0,3,8,4,20,15,48,29,4,-4,11,-11,7,-7,0,4,1,8,4,15
2023-04-30,SP1,Cadiz,Valencia,2,2,1,8,16,4,4,930.282480505805,927.938719418107,0,1,3,0,0,1,4,0,4,7,10,13,25,18,1,-1,-8,8,0,0,1,2,4,4,16,8
2023-04-30,SP1,Villarreal,Celta,2,3,1,9,14,3,5,1096.08196761088,1021.06901083027,1,0,0,1,1,0,0,2,9,5,19,16,32,28,2,-2,-5,5,-2,2,1,3,5,3,14,9
2023-04-30,SP1,Espanol,Getafe,2,1,0,17,7,8,2,827.277279187179,880.971852434716,0,0,0,2,1,0,3,9,1,2,7,12,18,21,1,-1,10,-10,6,-6,0,1,2,8,7,17
2023-04-30,SP1,Valladolid,Ath Madrid,0,2,5,19,9,6,6,931.517405903767,1280.96787592201,1,0,0,1,2,0,0,1,7,12,11,25,21,40,-3,3,10,-10,0,0,5,2,6,6,9,19
2023-05-01,SP1,Mallorca,Athletic Club,1,1,1,9,16,2,6,986.126492887324,1078.44035910817,1,3,0,0,3,4,0,0,8,10,12,14,28,28,0,0,-7,7,-4,4,1,1,6,2,16,9
2023-05-01,SP1,Sevilla,Girona,0,0,2,23,9,5,3,1089.51806227375,1083.52437444443,1,0,0,1,3,0,0,4,13,10,17,17,31,32,-2,2,14,-14,2,-2,2,0,3,5,9,23
2023-05-02,SP1,Almeria,Elche,2,2,1,10,14,4,1,913.258855686901,834.37242347328,0,0,1,4,0,0,1,4,6,3,11,7,20,12,1,-1,-4,4,3,-3,1,2,1,4,14,10
2023-05-02,SP1,Barcelona,Osasuna,2,1,0,21,7,4,2,1357.05301225053,955.280425228559,2,1,0,0,24,1,0,0,8,9,20,14,48,24,1,-1,14,-14,2,-2,0,1,2,4,7,21
2023-05-02,SP1,Sociedad,Real Madrid,2,2,0,9,10,4,5,1102.6634000141,1235.97875560815,3,0,0,1,5,0,0,1,10,9,15,17,36,36,2,-2,-1,1,-1,1,0,2,5,4,10,9
2023-05-03,SP1,Valencia,Villarreal,1,1,1,8,11,1,4,896.154584517343,1130.61496243949,1,0,0,1,1,0,0,1,6,9,13,22,18,35,0,0,-3,3,-3,3,1,1,4,1,11,8
2023-05-03,SP1,Ath Madrid,Cadiz,2,5,1,18,2,8,1,1293.83629744397,962.066615406569,6,0,0,0,8,4,0,1,12,7,25,13,43,25,4,-4,16,-16,7,-7,1,5,1,8,2,18
2023-05-03,SP1,Getafe,Celta,2,1,0,14,7,4,1,844.065399786564,986.536016001661,0,0,1,2,0,0,2,3,1,4,9,15,18,28,1,-1,7,-7,3,-3,0,1,1,4,7,14
2023-05-04,SP1,Girona,Mallorca,2,2,1,17,8,7,2,1128.13851485404,990.28040939078,3,0,0,1,3,0,0,1,10,8,17,10,34,28,1,-1,9,-9,5,-5,1,2,2,7,8,17
2023-05-04,SP1,Sevilla,Espanol,2,3,2,18,7,6,3,1044.90392186415,864.183731835331,0,0,1,5,0,0,1,5,10,4,16,7,31,20,1,-1,11,-11,3,-3,2,3,3,6,7,18
2023-05-04,SP1,Athletic Club,Betis,0,0,1,21,12,6,2,1074.28644260471,986.87311508588,0,0,1,3,0,0,1,4,10,4,15,12,26,26,-1,1,9,-9,4,-4,1,0,2,6,12,21
2023-05-04,SP1,Vallecano,Valladolid,2,2,1,16,7,6,4,907.39720597176,918.648984381804,2,0,0,1,2,0,0,1,6,7,9,11,25,21,1,-1,9,-9,2,-2,1,2,4,6,7,16
2023-05-12,SP1,Mallorca,Cadiz,2,1,0,8,14,3,4,970.350709963253,945.424717931981,0,0,0,1,4,0,1,2,7,4,10,10,25,24,1,-1,-6,6,-1,1,0,1,4,3,14,8
2023-05-13,SP1,Sociedad,Girona,1,2,2,18,13,6,6,1162.56971161831,1148.06821428157,4,1,0,0,6,1,0,0,10,12,18,17,38,34,0,0,5,-5,0,0,2,2,6,6,13,18
2023-05-13,SP1,Osasuna,Almeria,2,3,1,18,8,7,3,949.515989270063,938.115481651162,0,0,1,1,0,0,1,1,6,6,11,11,21,23,2,-2,10,-10,4,-4,1,3,3,7,8,18
2023-05-13,SP1,Villarreal,Athletic Club,2,5,1,17,11,11,5,1121.20458055827,1034.40106234855,2,0,0,0,2,5,0,1,7,7,20,15,36,26,4,-4,6,-6,6,-6,1,5,5,11,11,17
2023-05-13,SP1,Real Madrid,Getafe,2,1,0,16,9,3,2,1176.07244400395,888.498248043819,2,0,0,3,2,0,0,10,9,4,16,12,36,20,1,-1,7,-7,1,-1,0,1,2,3,9,16
2023-05-14,SP1,Celta,Valencia,0,1,2,10,12,6,5,942.103167744405,905.564966398567,1,0,0,1,1,0,0,1,3,7,12,11,28,18,-1,1,-2,2,1,-1,2,1,5,6,12,10
2023-05-14,SP1,Elche,Ath Madrid,2,1,0,15,13,4,4,809.51579750902,1310.47819491856,1,1,0,0,1,1,0,0,3,12,7,27,12,45,1,-1,2,-2,0,0,0,1,4,4,13,15
2023-05-14,SP1,Valladolid,Sevilla,0,0,3,28,17,6,5,885.61301944125,1061.61370548344,0,3,1,0,0,3,1,0,6,12,11,19,18,33,-3,3,11,-11,1,-1,3,0,5,6,17,28
2023-05-14,SP1,Espanol,Barcelona,0,2,4,15,15,7,5,847.473948216035,1362.81744820902,1,0,0,1,2,0,0,2,4,10,4,23,19,48,-2,2,0,0,2,-2,4,2,5,7,15,15
2023-05-15,SP1,Betis,Vallecano,2,3,1,11,16,5,4,1026.75849534205,940.433170912314,0,0,0,2,2,0,1,6,7,9,12,12,28,25,2,-2,-5,5,1,-1,1,3,4,5,16,11
2023-05-19,SP1,Cadiz,Valladolid,2,2,0,11,6,4,2,915.716555938278,856.562345504125,1,0,0,2,1,0,0,2,4,3,9,8,24,18,2,-2,5,-5,2,-2,0,2,2,4,6,11
2023-05-20,SP1,Girona,Villarreal,0,1,2,9,10,3,5,1148.73564537762,1169.9192041751,4,0,0,0,4,1,0,2,10,10,18,20,32,36,-1,1,-1,1,-2,2,2,1,5,3,10,9
2023-05-20,SP1,Athletic Club,Celta,2,2,1,10,8,3,3,985.686438731711,906.750226838424,0,0,2,3,0,0,2,4,4,3,14,11,23,27,1,-1,2,-2,0,0,1,2,3,3,8,10
2023-05-20,SP1,Almeria,Mallorca,2,3,0,12,7,3,3,895.696460461337,1000.05887195696,1,0,0,2,1,0,0,2,6,7,11,13,20,25,3,-3,5,-5,0,0,0,3,3,3,7,12
2023-05-20,SP1,Getafe,Elche,1,1,1,9,13,5,4,878.233986067114,870.126251424712,1,0,0,5,1,0,0,5,3,6,9,7,20,15,0,0,-4,4,1,-1,1,1,4,5,13,9
2023-05-20,SP1,Barcelona,Sociedad,0,1,2,13,13,4,6,1367.11197322836,1161.90228052225,3,1,0,0,25,2,0,0,12,11,23,18,48,36,-1,1,0,0,-2,2,2,1,6,4,13,13
2023-05-21,SP1,Vallecano,Espanol,0,1,2,15,10,5,6,907.253764446467,843.179423196699,3,0,0,6,3,0,0,6,6,4,11,4,24,19,-1,1,5,-5,-1,1,2,1,6,5,10,15
2023-05-21,SP1,Ath Madrid,Osasuna,2,3,0,15,12,5,2,1249.86774100287,991.935010459888,7,0,0,1,9,0,0,1,9,9,24,13,45,24,3,-3,3,-3,3,-3,0,3,2,5,12,15
2023-05-21,SP1,Valencia,Real Madrid,2,1,0,12,13,6,5,940.917907304548,1186.33670598065,0,0,0,2,2,0,1,2,10,9,14,18,18,36,1,-1,-1,1,1,-1,0,1,5,6,13,12
2023-05-21,SP1,Sevilla,Betis,1,0,0,10,5,4,0,1090.66437942057,1059.93790180789,1,1,0,0,1,1,0,0,12,7,22,14,36,31,0,0,5,-5,4,-4,0,0,0,4,5,10
2023-05-23,SP1,Celta,Girona,1,1,1,16,11,7,4,881.897957139885,1118.68430913444,0,0,1,0,0,2,1,1,3,10,8,18,26,31,0,0,5,-5,3,-3,1,1,4,7,11,16
2023-05-23,SP1,Sociedad,Almeria,2,1,0,15,2,2,2,1210.87368680742,966.132716590386,0,0,0,2,7,0,1,2,11,9,20,14,36,22,1,-1,13,-13,0,0,0,1,2,2,2,15
2023-05-23,SP1,Valladolid,Barcelona,2,3,1,8,16,4,6,820.100577128945,1318.1405669432,0,1,2,0,0,1,2,0,0,9,7,20,18,47,2,-2,-8,8,-2,2,1,3,6,4,16,8
2023-05-24,SP1,Elche,Sevilla,1,1,1,20,9,7,3,870.49955864222,1089.25305037635,2,4,0,0,2,4,0,0,7,10,7,20,16,36,0,0,11,-11,4,-4,1,1,3,7,9,20
2023-05-24,SP1,Real Madrid,Vallecano,2,2,1,12,15,3,6,1134.86800772368,869.418306638002,3,0,0,3,3,0,0,7,6,6,15,11,33,23,1,-1,-3,3,-3,3,1,2,6,3,15,12
2023-05-24,SP1,Villarreal,Cadiz,2,2,0,13,16,7,8,1199.97054041829,952.178324313458,3,0,0,2,3,0,0,3,13,6,22,11,36,26,2,-2,-3,3,-1,1,0,2,8,7,16,13
2023-05-24,SP1,Betis,Getafe,0,0,1,11,9,4,2,1061.34923085211,877.860678849605,1,0,0,4,3,0,0,11,8,4,14,9,31,18,-1,1,2,-2,2,-2,1,0,2,4,9,11
2023-05-24,SP1,Espanol,Ath Madrid,1,3,3,26,16,13,7,881.014881005165,1270.01242013209,0,0,1,1,0,0,1,1,6,12,7,24,21,45,0,0,10,-10,6,-6,3,3,7,13,16,26
2023-05-25,SP1,Mallorca,Valencia,2,1,0,4,15,3,5,929.622615827907,992.386605561516,1,1,0,0,5,1,0,0,4,10,12,14,25,21,1,-1,-11,11,-2,2,0,1,5,3,15,4
2023-05-25,SP1,Osasuna,Athletic Club,2,2,0,9,10,3,5,971.790331330667,1010.53870843025,1,0,0,1,1,0,0,2,6,4,13,17,24,25,2,-2,-1,1,-2,2,0,2,5,3,10,9
2023-05-27,SP1,Sevilla,Real Madrid,0,1,2,11,6,1,3,1080.3283675233,1146.27786251258,0,0,0,3,2,0,1,3,8,9,21,18,34,36,-1,1,5,-5,-2,2,2,1,3,1,6,11
2023-05-28,SP1,Almeria,Valladolid,1,0,0,23,8,7,2,953.562046232524,903.095698094194,2,0,0,3,2,0,0,3,6,3,13,10,22,21,0,0,15,-15,5,-5,0,0,2,7,8,23
2023-05-28,SP1,Athletic Club,Elche,0,0,1,27,6,8,2,961.809970162386,879.424241495273,1,0,0,0,1,1,0,6,4,8,14,8,24,17,-1,1,21,-21,6,-6,1,0,2,8,6,27
2023-05-28,SP1,Ath Madrid,Sociedad,2,2,1,11,10,5,5,1257.09340554743,1223.44435716528,8,2,0,0,10,3,0,0,10,13,22,20,46,36,1,-1,1,-1,0,0,1,2,5,5,10,11
2023-05-28,SP1,Barcelona,Mallorca,2,3,0,28,3,9,1,1235.14544597795,967.34131946497,0,0,1,3,0,0,1,3,9,7,17,15,44,25,3,-3,25,-25,8,-8,0,3,1,9,3,28
2023-05-28,SP1,Cadiz,Celta,2,1,0,13,9,3,4,935.191463087059,891.378125116338,2,0,0,4,2,0,0,5,6,1,10,6,23,24,1,-1,4,-4,-1,1,0,1,4,3,9,13
2023-05-28,SP1,Getafe,Osasuna,2,2,1,16,10,6,2,925.346906588793,1020.51906959853,0,0,0,2,2,0,1,2,7,6,9,16,21,26,1,-1,6,-6,4,-4,1,2,2,6,10,16
2023-05-28,SP1,Girona,Betis,0,1,2,9,18,3,7,1109.20414115799,1013.86300311292,0,0,1,0,0,2,1,1,8,7,18,11,31,28,-1,1,-9,9,-4,4,2,1,7,3,18,9
2023-05-28,SP1,Valencia,Espanol,1,2,2,19,9,4,5,954.667901924453,893.933895589824,1,1,0,0,3,1,0,0,7,7,14,8,21,21,0,0,10,-10,-1,1,2,2,5,4,9,19
2023-05-28,SP1,Vallecano,Villarreal,2,2,1,15,7,4,2,858.008451849104,1216.95740164469,0,1,1,0,0,2,1,0,3,13,10,22,23,36,1,-1,8,-8,2,-2,1,2,2,4,7,15
2023-06-04,SP1,Mallorca,Vallecano,2,3,0,8,20,4,4,948.113244318398,914.813696068007,2,0,0,4,6,0,0,8,6,6,14,12,25,23,3,-3,-12,12,0,0,0,3,4,4,20,8
2023-06-04,SP1,Osasuna,Girona,2,2,1,14,11,7,6,979.966250795761,1068.63687283351,2,0,0,0,2,3,0,2,6,5,15,15,23,28,1,-1,3,-3,1,-1,1,2,6,7,11,14
2023-06-04,SP1,Real Madrid,Athletic Club,1,1,1,9,15,2,9,1172.27560575967,922.361056951124,4,0,0,2,4,0,0,3,9,3,18,13,36,24,0,0,-6,6,-7,7,1,1,9,2,15,9
2023-06-04,SP1,Sociedad,Sevilla,2,2,1,17,9,6,4,1194.53389526294,1054.33062427621,1,0,0,0,8,5,0,1,10,8,20,18,33,34,1,-1,8,-8,2,-2,1,2,4,6,9,17
2023-06-04,SP1,Villarreal,Ath Madrid,1,2,2,22,9,7,3,1160.15215742578,1286.00386744977,4,0,0,0,4,1,0,2,10,10,19,22,35,48,0,0,13,-13,4,-4,2,2,3,7,9,22
2023-06-04,SP1,Betis,Valencia,1,1,1,8,10,3,3,1054.4302714374,951.899142245547,0,0,1,1,0,0,1,1,10,8,14,14,31,21,0,0,-2,2,0,0,1,1,3,3,10,8
2023-06-04,SP1,Celta,Barcelona,2,2,1,12,9,9,2,863.392227174393,1254.37352112452,0,0,0,1,1,0,2,1,1,9,5,17,23,44,1,-1,3,-3,7,-7,1,2,2,9,9,12
2023-06-04,SP1,Elche,Cadiz,1,1,1,12,14,5,3,918.873154706535,963.177361029005,0,0,0,3,3,0,1,4,8,6,11,13,19,25,0,0,-2,2,2,-2,1,1,3,5,14,12
2023-06-04,SP1,Espanol,Almeria,1,3,3,12,11,8,4,896.702655268729,951.254193110108,0,0,0,3,1,0,2,3,5,7,9,13,19,22,0,0,1,-1,4,-4,3,3,4,8,11,12
2023-06-04,SP1,Valladolid,Getafe,1,0,0,15,4,0,1,905.40355121661,965.899725391563,1,1,0,0,1,1,0,0,4,10,11,11,22,24,0,0,11,-11,-1,1,0,0,1,0,4,15
2021-08-13,SP1,Valencia,Getafe,2,1,0,4,22,2,4,956.488417374539,963.141591565824,0,0,0,0,4,2,1,1,8,8,15,12,22,25,1,-1,-18,18,-2,2,0,1,4,2,22,4
2021-08-14,SP1,Cadiz,Levante,1,1,1,7,12,2,3,961.14806433736,1000,3,0,0,0,3,0,0,0,7,0,11,0,26,0,0,0,-5,5,-1,1,1,1,3,2,12,7
2021-08-14,SP1,Mallorca,Betis,1,1,1,6,10,2,1,997.434268834294,1049.84099630841,3,1,0,0,7,3,0,0,9,8,16,15,25,29,0,0,-4,4,1,-1,1,1,1,2,10,6
2021-08-14,SP1,Alaves,Real Madrid,0,1,4,11,19,4,7,1015.19014873759,1162.41187947401,1,1,0,0,4,1,0,0,8,10,14,19,30,36,-3,3,-8,8,-3,3,4,1,7,4,19,11
2021-08-14,SP1,Osasuna,Espanol,1,0,0,14,10,1,3,1019.96030311297,899.194403846574,3,0,0,0,3,2,0,1,9,6,15,10,25,17,0,0,4,-4,-2,2,0,0,3,1,10,14
2021-08-15,SP1,Celta,Ath Madrid,0,1,2,10,13,2,4,921.293555008151,1280.44903443979,1,0,0,0,2,2,0,3,4,8,7,20,26,46,-1,1,-3,3,-2,2,2,1,4,2,13,10
2021-08-15,SP1,Barcelona,Sociedad,2,4,2,13,11,8,3,1196.47219329076,1214.27880187784,1,0,0,1,1,0,0,1,6,10,16,20,41,33,2,-2,2,-2,5,-5,2,4,3,8,11,13
2021-08-15,SP1,Sevilla,Vallecano,2,3,0,21,4,8,3,1034.58571766132,865.492671552111,0,0,1,5,0,0,2,9,5,3,17,12,31,23,3,-3,17,-17,5,-5,0,3,3,8,4,21
2021-08-16,SP1,Villarreal,Granada,1,0,0,14,6,4,1,1165.70699043576,749.878761325619,0,0,0,3,5,0,1,19,10,0,17,7,33,13,0,0,8,-8,3,-3,0,0,1,4,6,14
2021-08-16,SP1,Elche,Athletic Club,1,0,0,8,9,2,3,920.902451398179,932.224783236781,0,0,0,0,4,1,2,4,9,4,12,11,19,25,0,0,-1,1,-1,1,0,0,3,2,9,8
2021-08-20,SP1,Betis,Cadiz,1,1,1,16,8,7,3,1047.44571587809,962.929841357952,0,0,0,0,1,1,2,5,6,8,13,12,30,24,0,0,8,-8,4,-4,1,1,3,7,8,16
2021-08-21,SP1,Alaves,Mallorca,0,0,1,9,12,4,2,982.475280900298,999.829549264607,0,0,1,4,0,0,1,4,5,7,14,14,29,26,-1,1,-3,3,2,-2,1,0,2,4,12,9
2021-08-21,SP1,Espanol,Villarreal,1,0,0,14,12,3,2,904.542219140748,1152.38393088237,0,0,0,1,2,0,3,1,7,8,11,18,18,34,0,0,2,-2,1,-1,0,0,2,3,12,14
2021-08-21,SP1,Granada,Valencia,1,1,1,9,18,2,7,763.201820879007,989.101122472238,0,0,2,0,0,1,2,2,1,8,8,18,11,25,0,0,-9,9,-5,5,1,1,7,2,18,9
2021-08-21,SP1,Athletic Club,Barcelona,1,1,1,16,9,7,3,931.703555087718,1242.57561573037,0,0,1,2,0,0,1,2,5,6,9,18,26,41,0,0,7,-7,4,-4,1,1,3,7,9,16
2021-08-22,SP1,Sociedad,Vallecano,2,1,0,13,9,8,1,1168.17537943823,835.586700332137,2,0,0,6,9,0,0,10,9,3,20,9,32,20,1,-1,4,-4,7,-7,0,1,1,8,9,13
2021-08-22,SP1,Ath Madrid,Elche,2,1,0,8,4,4,2,1287.63620160679,921.423679547242,9,1,0,0,11,2,0,0,11,7,20,13,46,20,1,-1,4,-4,2,-2,0,1,2,4,4,8
2021-08-22,SP1,Levante,Real Madrid,1,3,3,8,19,4,5,998.218222979409,1195.12674731131,0,2,0,0,0,2,0,0,1,10,1,19,1,36,0,0,-11,11,-1,1,3,3,5,4,19,8
2021-08-23,SP1,Getafe,Sevilla,0,0,1,12,9,0,3,930.528886468126,1064.49168888129,1,0,0,1,3,0,0,2,8,5,11,17,25,31,-1,1,3,-3,-3,3,1,0,3,0,9,12
2021-08-23,SP1,Osasuna,Celta,1,0,0,15,4,7,0,1014.6124878188,914.106387841152,0,0,0,5,4,0,1,6,7,4,16,7,26,23,0,0,11,-11,7,-7,0,0,0,7,4,15
2021-08-27,SP1,Mallorca,Espanol,2,1,0,12,8,6,3,1030.23249005926,914.346548795324,0,0,0,0,8,3,1,2,10,5,14,11,26,18,1,-1,4,-4,3,-3,0,1,3,6,8,12
2021-08-27,SP1,Valencia,Alaves,2,3,0,9,10,4,3,979.952351824361,952.072340105646,1,0,0,0,5,1,0,2,6,4,16,14,26,26,3,-3,-1,1,1,-1,0,3,3,4,10,9
2021-08-28,SP1,Celta,Athletic Club,0,0,1,13,6,0,2,918.609936876812,943.123357900867,0,0,1,0,0,2,1,5,5,3,8,7,21,24,-1,1,7,-7,-2,2,1,0,2,0,6,13
2021-08-28,SP1,Elche,Sevilla,1,1,1,7,18,4,5,914.491639789844,1084.73040787383,0,1,0,0,5,1,3,0,6,7,13,17,17,34,0,0,-11,11,-1,1,1,1,5,4,18,7
2021-08-28,SP1,Sociedad,Levante,2,1,0,7,6,2,0,1176.39760660469,1006.42569829259,3,0,0,0,10,1,0,1,9,2,20,2,35,2,1,-1,1,-1,2,-2,0,1,0,2,6,7
2021-08-28,SP1,Betis,Real Madrid,0,0,1,11,13,6,3,1043.62861127725,1186.91927199813,0,0,0,0,2,3,3,1,6,11,14,17,31,37,-1,1,-2,2,3,-3,1,0,3,6,13,11
2021-08-29,SP1,Barcelona,Getafe,2,2,1,7,8,3,3,1231.15581291722,910.290167475583,2,0,0,1,2,0,0,2,7,7,16,11,39,24,1,-1,-1,1,0,0,1,2,3,3,8,7
2021-08-29,SP1,Cadiz,Osasuna,0,2,3,7,14,3,4,966.746945958798,1010.10893878314,0,0,0,3,4,0,1,3,6,8,12,14,25,26,-1,1,-7,7,-1,1,3,2,4,3,14,7
2021-08-29,SP1,Vallecano,Granada,2,4,0,19,9,6,3,827.364473165684,772.350591526883,1,0,0,0,1,1,0,20,3,2,9,9,17,12,4,-4,10,-10,3,-3,0,4,3,6,9,19
2021-08-29,SP1,Ath Madrid,Villarreal,1,2,2,24,2,5,2,1294.56824136419,1142.5796012278,10,0,0,0,12,1,0,2,11,6,23,19,48,35,0,0,22,-22,3,-3,2,2,2,5,2,24
2021-09-11,SP1,Levante,Vallecano,1,1,1,7,22,2,6,988.940767996918,881.738348579295,0,0,0,7,1,0,1,11,2,6,2,9,2,19,0,0,-15,15,-4,4,1,1,6,2,22,7
2021-09-11,SP1,Athletic Club,Mallorca,2,2,0,19,7,5,1,972.869327372594,1051.93796520379,0,1,0,0,1,1,2,0,6,10,10,17,24,29,2,-2,12,-12,4,-4,0,2,1,5,7,19
2021-09-12,SP1,Espanol,Ath Madrid,0,1,2,9,13,3,3,892.641073650798,1287.98367238865,0,1,0,0,3,3,4,0,4,11,11,21,18,46,-1,1,-4,4,0,0,2,1,3,3,13,9
2021-09-12,SP1,Osasuna,Valencia,0,1,4,11,10,2,4,1038.13575966911,1030.11742058426,0,0,0,0,5,2,2,3,8,9,14,16,28,29,-3,3,1,-1,-2,2,4,1,4,2,10,11
2021-09-12,SP1,Cadiz,Sociedad,0,0,2,6,16,1,4,938.720125072823,1193.88253690036,0,0,1,2,0,0,2,2,6,9,12,22,22,35,-2,2,-10,10,-3,3,2,0,4,1,16,6
2021-09-12,SP1,Real Madrid,Celta,2,5,2,15,11,11,4,1206.42235502367,888.863967405085,0,0,0,0,5,1,1,7,11,4,20,5,37,21,3,-3,4,-4,7,-7,2,5,4,11,11,15
2021-09-13,SP1,Getafe,Elche,0,0,1,10,8,1,3,901.572119474012,921.758932063204,0,0,1,1,0,0,1,1,4,6,11,14,23,18,-1,1,2,-2,-2,2,1,0,3,1,8,10
2021-09-13,SP1,Granada,Betis,0,1,2,11,19,2,9,717.976716113272,1024.12552825171,0,0,0,0,1,4,3,1,2,6,6,13,12,28,-1,1,-8,8,-7,7,2,1,9,2,19,11
2021-09-17,SP1,Celta,Cadiz,0,1,2,14,7,4,3,873.761425953833,922.30684395916,0,0,2,0,0,2,2,6,4,3,5,9,20,22,-1,1,7,-7,1,-1,2,1,3,4,7,14
2021-09-18,SP1,Vallecano,Getafe,2,3,0,11,13,5,3,886.524276077748,871.42930421677,2,0,0,2,2,0,0,3,4,1,10,11,19,20,3,-3,-2,2,2,-2,0,3,3,5,13,11
2021-09-18,SP1,Ath Madrid,Athletic Club,1,0,0,14,6,2,0,1293.94522385569,1026.53915224934,0,1,0,0,13,3,1,0,11,9,21,12,46,27,0,0,8,-8,2,-2,0,0,0,2,6,14
2021-09-18,SP1,Elche,Levante,1,1,1,9,11,2,6,951.901747320445,984.154840498465,0,0,0,1,6,0,4,2,6,3,14,3,21,3,0,0,-2,2,-4,4,1,1,6,2,11,9
2021-09-18,SP1,Alaves,Osasuna,0,0,2,8,13,3,5,901.907271345747,982.345873315785,0,1,2,0,0,1,2,0,4,8,14,14,23,28,-2,2,-5,5,-2,2,2,0,5,3,13,8
2021-09-19,SP1,Mallorca,Villarreal,1,0,0,10,11,1,3,998.26814032704,1149.16417020334,1,0,0,0,9,2,0,3,10,4,16,17,26,36,0,0,-1,1,-2,2,0,0,3,1,11,10
2021-09-19,SP1,Sociedad,Sevilla,1,0,0,11,11,4,4,1210.29581801402,1077.46311560047,4,0,0,0,11,2,0,1,12,7,22,15,37,32,0,0,0,0,0,0,0,0,4,4,11,11
2021-09-19,SP1,Betis,Espanol,1,2,2,23,11,9,4,1033.50141530704,886.679522183755,0,0,1,1,0,0,4,3,6,3,16,8,28,15,0,0,12,-12,5,-5,2,2,4,9,11,23
2021-09-19,SP1,Valencia,Real Madrid,0,1,2,12,18,4,10,1085.90730693759,1221.52489647492,2,1,0,0,6,4,0,0,11,11,19,20,32,37,-1,1,-6,6,-6,6,2,1,10,4,18,12
2021-09-20,SP1,Barcelona,Granada,1,1,1,17,5,6,2,1239.87386091879,708.600829057945,3,0,0,1,3,0,0,21,10,2,19,5,39,12,0,0,12,-12,4,-4,1,1,2,6,5,17
2021-09-21,SP1,Getafe,Ath Madrid,0,1,2,7,12,2,4,819.265444111792,1283.5975487869,0,2,2,0,0,4,2,0,0,11,8,19,20,46,-1,1,-5,5,-2,2,2,1,4,2,12,7
2021-09-21,SP1,Athletic Club,Vallecano,0,1,2,8,8,1,3,1036.88682731813,938.688136182727,1,0,0,0,2,1,0,12,9,7,13,10,28,22,-1,1,0,0,-2,2,2,1,3,1,8,8
2021-09-21,SP1,Levante,Celta,0,0,2,6,4,2,2,982.673782689588,846.203752474434,0,0,0,1,2,0,2,8,4,1,4,5,4,17,-2,2,2,-2,0,0,2,0,2,2,4,6
2021-09-22,SP1,Espanol,Alaves,2,1,0,10,8,2,2,893.065248867405,868.025992230074,0,0,1,1,0,0,5,3,3,1,9,11,13,20,1,-1,2,-2,0,0,0,1,2,2,8,10
2021-09-22,SP1,Sevilla,Valencia,2,3,1,11,8,5,3,1083.29868962579,1065.80017950614,1,1,0,0,1,3,0,0,8,10,16,18,32,29,2,-2,3,-3,2,-2,1,3,3,5,8,11
2021-09-22,SP1,Real Madrid,Mallorca,2,6,1,18,17,12,5,1241.63202390637,1004.81086040744,1,0,0,1,6,0,0,1,13,8,23,17,39,27,5,-5,1,-1,7,-7,1,6,5,12,17,18
2021-09-22,SP1,Villarreal,Elche,2,4,1,14,9,9,3,1142.62145012294,953.382805129322,0,1,0,0,6,1,2,0,5,6,15,15,37,22,3,-3,5,-5,6,-6,1,4,3,9,9,14
2021-09-23,SP1,Granada,Sociedad,0,2,3,10,20,2,11,723.165229546064,1204.46024398871,0,1,1,0,0,1,4,0,3,10,3,20,12,38,-1,1,-10,10,-9,9,3,2,11,2,20,10
2021-09-23,SP1,Osasuna,Betis,0,1,3,11,16,3,9,1016.22715243146,1027.11568862339,0,1,1,0,0,5,3,0,8,6,17,14,28,26,-2,2,-5,5,-6,6,3,1,9,3,16,11
2021-09-23,SP1,Cadiz,Barcelona,1,0,0,13,6,3,2,949.864517438559,1225.30946043067,0,0,2,0,0,1,3,3,5,8,12,17,22,37,0,0,7,-7,1,-1,0,0,2,3,6,13
2021-09-25,SP1,Alaves,Ath Madrid,2,1,0,7,13,1,1,838.328208539079,1287.73136632369,0,3,3,0,0,5,3,0,0,11,8,22,20,46,1,-1,-6,6,0,0,0,1,1,1,13,7
2021-09-25,SP1,Valencia,Athletic Club,1,1,1,13,12,6,4,1024.14957412293,996.075775840462,0,0,1,0,0,4,1,1,7,8,15,13,29,27,0,0,1,-1,2,-2,1,1,4,6,12,13
2021-09-25,SP1,Sevilla,Espanol,2,2,0,12,13,5,2,1124.94929500899,922.7630325584,2,0,0,0,2,1,0,4,11,5,16,12,35,16,2,-2,-1,1,3,-3,0,2,2,5,13,12
2021-09-25,SP1,Real Madrid,Villarreal,1,0,0,15,6,2,2,1271.77425418506,1170.07719207331,2,0,0,0,7,3,0,4,13,7,23,17,41,37,0,0,9,-9,0,0,0,0,2,2,6,15
2021-09-26,SP1,Mallorca,Osasuna,0,2,3,17,12,8,6,974.668630128753,973.743570335418,0,2,0,0,10,2,1,0,7,7,14,14,27,27,-1,1,5,-5,2,-2,3,2,6,8,12,17
2021-09-26,SP1,Barcelona,Levante,2,3,0,20,6,12,2,1214.74963523686,922.423723602693,0,0,0,0,4,1,1,3,9,3,15,4,38,4,3,-3,14,-14,10,-10,0,3,2,12,6,20
2021-09-26,SP1,Sociedad,Elche,2,1,0,17,5,5,2,1208.23215589253,925.927063178949,0,0,0,1,12,0,1,1,13,5,22,12,40,19,1,-1,12,-12,3,-3,0,1,2,5,5,17
2021-09-26,SP1,Vallecano,Cadiz,2,3,1,13,6,6,1,979.499187660391,960.424342632368,3,1,0,0,3,3,0,0,10,5,13,13,24,22,2,-2,7,-7,5,-5,1,3,1,6,6,13
2021-09-26,SP1,Betis,Getafe,2,2,0,20,8,5,3,1069.59927071942,815.131626575008,0,0,0,3,1,0,5,4,8,0,14,8,28,17,2,-2,12,-12,2,-2,0,2,3,5,8,20
2021-09-27,SP1,Celta,Granada,2,1,0,14,7,5,4,906.453811561328,719.393317642245,0,0,3,0,0,1,3,22,4,2,8,3,19,11,1,-1,7,-7,1,-1,0,1,4,5,7,14
2021-10-01,SP1,Athletic Club,Alaves,2,1,0,16,17,5,5,997.365815647921,897.849388259693,0,0,1,2,0,0,1,4,8,3,11,8,28,22,1,-1,-1,1,0,0,0,1,5,5,17,16
2021-10-02,SP1,Osasuna,Vallecano,2,1,0,7,7,3,0,1005.8287712897,1020.9513591098,0,1,2,0,0,2,4,0,9,13,17,16,30,27,1,-1,0,0,3,-3,0,1,0,3,7,7
2021-10-02,SP1,Mallorca,Levante,2,1,0,9,6,7,2,942.583429174476,905.330258555876,0,0,1,1,0,0,2,4,4,2,14,4,26,4,1,-1,3,-3,5,-5,0,1,2,7,6,9
2021-10-02,SP1,Cadiz,Valencia,1,0,0,2,16,1,4,918.972171182956,1022.85953431547,0,0,0,1,1,0,4,1,4,7,10,13,21,27,0,0,-14,14,-3,3,0,0,4,1,16,2
2021-10-02,SP1,Ath Madrid,Barcelona,2,2,0,6,9,3,2,1228.21018660307,1231.84310028368,0,0,0,0,14,2,2,4,8,9,19,15,43,38,2,-2,-3,3,1,-1,0,2,2,3,9,6
2021-10-03,SP1,Elche,Celta,2,1,0,12,10,5,1,915.398702246786,922.716901661867,0,1,0,0,7,1,5,0,5,6,11,11,18,19,1,-1,2,-2,4,-4,0,1,1,5,10,12
2021-10-03,SP1,Espanol,Real Madrid,2,2,1,8,18,4,4,901.890016423816,1267.22025342903,1,2,0,0,1,5,0,0,4,13,9,24,16,39,1,-1,-10,10,0,0,1,2,4,4,18,8
2021-10-03,SP1,Getafe,Sociedad,1,1,1,9,10,2,5,798.664918518609,1218.76051682469,0,2,3,0,0,2,3,0,0,13,7,22,16,42,0,0,-1,1,-3,3,1,1,5,2,10,9
2021-10-03,SP1,Villarreal,Betis,2,2,0,11,10,5,3,1174.63119282933,1086.06597877582,1,2,0,0,7,6,0,0,7,10,15,16,35,30,2,-2,1,-1,2,-2,0,2,3,5,10,11
2021-10-03,SP1,Granada,Sevilla,2,1,0,3,14,1,3,703.130227541706,1145.82231114358,0,0,2,0,0,3,5,2,1,11,3,16,10,38,1,-1,-11,11,-2,2,0,1,3,1,14,3
2021-10-16,SP1,Levante,Getafe,1,0,0,6,14,2,4,876.74831347259,812.047622945382,0,0,1,4,0,0,3,5,2,1,4,5,4,14,0,0,-8,8,-2,2,0,0,4,2,14,6
2021-10-16,SP1,Sociedad,Mallorca,2,1,0,10,7,2,1,1205.37781239792,971.165374257762,1,0,0,2,13,0,0,2,11,4,20,14,40,29,1,-1,3,-3,1,-1,0,1,1,2,7,10
2021-10-17,SP1,Vallecano,Elche,2,2,1,10,7,4,3,987.559396230339,948.072633657288,4,0,0,2,4,0,0,2,10,7,16,13,26,21,1,-1,3,-3,1,-1,1,2,3,4,7,10
2021-10-17,SP1,Celta,Sevilla,0,0,1,14,8,3,2,890.042970251365,1086.46474650025,1,0,0,1,1,0,0,3,6,8,10,15,16,35,-1,1,6,-6,1,-1,1,0,2,3,8,14
2021-10-17,SP1,Villarreal,Osasuna,0,1,2,11,6,6,2,1207.54503441087,1039.22073416916,2,3,0,0,8,3,0,0,9,9,15,17,37,33,-1,1,5,-5,4,-4,2,1,2,6,6,11
2021-10-17,SP1,Barcelona,Valencia,2,3,1,12,9,5,3,1187.52690766029,1018.21300510824,1,0,0,0,5,1,0,2,8,5,15,14,35,28,2,-2,3,-3,2,-2,1,3,3,5,9,12
2021-10-18,SP1,Alaves,Betis,0,0,1,14,19,2,4,874.772488657141,1053.15213719429,1,0,0,1,1,0,0,1,3,10,7,16,21,27,-1,1,-5,5,-2,2,1,0,4,2,19,14
2021-10-18,SP1,Espanol,Cadiz,2,2,0,14,13,6,2,958.926520780977,923.618700390191,2,0,0,1,2,0,0,1,7,5,11,11,19,21,2,-2,1,-1,4,-4,0,2,2,6,13,14
2021-10-22,SP1,Osasuna,Granada,1,1,1,17,9,6,4,1085.61501716562,762.487792185031,1,0,0,1,1,0,0,23,12,4,20,6,35,13,0,0,8,-8,2,-2,1,1,4,6,9,17
2021-10-23,SP1,Valencia,Mallorca,1,2,2,20,9,6,4,994.182995639939,957.971195095264,0,0,0,3,1,0,2,3,2,4,13,14,27,28,0,0,11,-11,2,-2,2,2,4,6,9,20
2021-10-23,SP1,Cadiz,Alaves,0,0,2,23,8,4,4,884.202792278048,857.895816002735,0,0,0,3,2,0,5,5,5,3,8,7,21,20,-2,2,15,-15,0,0,2,0,4,4,8,23
2021-10-23,SP1,Elche,Espanol,1,2,2,12,20,7,7,919.693920506429,998.34242889312,1,0,0,1,8,0,0,5,4,10,10,13,21,22,0,0,-8,8,0,0,2,2,7,7,20,12
2021-10-23,SP1,Athletic Club,Villarreal,2,2,1,14,11,7,3,1020.44271525047,1161.15075141441,1,0,0,0,1,4,0,5,8,8,14,12,28,34,1,-1,3,-3,4,-4,1,2,3,7,11,14
2021-10-24,SP1,Sevilla,Levante,2,5,3,18,12,11,7,1102.08285410291,873.802708519291,3,0,0,2,3,0,0,5,10,2,17,5,38,5,2,-2,6,-6,4,-4,3,5,7,11,12,18
2021-10-24,SP1,Barcelona,Real Madrid,0,1,2,12,10,2,5,1211.55691712859,1210.18374907187,2,0,0,1,6,0,0,1,8,10,18,21,35,39,-1,1,2,-2,-3,3,2,1,5,2,10,12
2021-10-24,SP1,Betis,Vallecano,2,3,2,11,14,5,3,1070.0288098487,1015.9381093812,1,0,0,1,2,0,0,1,10,12,16,16,30,28,1,-1,-3,3,2,-2,2,3,3,5,14,11
2021-10-24,SP1,Ath Madrid,Sociedad,1,2,2,17,8,4,4,1272.52637922646,1218.57199156041,1,0,0,0,15,3,0,1,10,11,21,23,43,43,0,0,9,-9,0,0,2,2,4,4,8,17
2021-10-25,SP1,Getafe,Celta,0,0,3,11,16,2,8,814.993227898681,874.424862648705,0,0,0,1,1,0,4,1,2,6,3,10,14,15,-3,3,-5,5,-6,6,3,0,8,2,16,11
2021-10-26,SP1,Alaves,Elche,2,1,0,16,4,5,1,905.067894360362,923.255195134299,0,0,1,3,0,0,1,3,6,4,7,10,23,22,1,-1,12,-12,4,-4,0,1,1,5,4,16
2021-10-26,SP1,Espanol,Athletic Club,1,1,1,14,23,3,7,994.78115426525,1064.73745848829,3,0,0,0,3,5,0,2,10,8,13,17,23,30,0,0,-9,9,-4,4,1,1,7,3,23,14
2021-10-26,SP1,Villarreal,Cadiz,1,3,3,14,9,5,4,1116.85600817659,837.030713920421,0,0,1,2,0,0,1,2,7,2,12,7,31,18,0,0,5,-5,1,-1,3,3,4,5,9,14
2021-10-27,SP1,Mallorca,Sevilla,1,1,1,11,10,4,3,959.632797801349,1120.66128200989,1,1,0,0,1,1,0,0,4,12,12,20,28,38,0,0,1,-1,1,-1,1,1,3,4,10,11
2021-10-27,SP1,Vallecano,Barcelona,2,1,0,13,16,3,1,988.880182731967,1179.43044433522,5,0,0,1,5,0,0,5,9,7,16,15,28,32,1,-1,-3,3,2,-2,0,1,1,3,16,13
2021-10-27,SP1,Betis,Valencia,2,4,1,14,10,9,4,1097.08673649793,992.521392933854,2,0,0,1,3,0,0,3,12,3,18,13,33,28,3,-3,4,-4,5,-5,1,4,4,9,10,14
2021-10-27,SP1,Real Madrid,Osasuna,1,0,0,17,7,3,0,1242.31022186525,1073.92525438435,0,4,0,0,8,4,1,0,10,10,21,18,39,33,0,0,10,-10,3,-3,0,0,0,3,7,17
2021-10-28,SP1,Celta,Sociedad,0,0,2,14,11,6,4,919.718322210777,1221.03690015552,0,0,1,0,0,4,1,2,9,11,10,21,17,41,-2,2,3,-3,2,-2,2,0,4,6,11,14
2021-10-28,SP1,Granada,Getafe,1,1,1,18,6,3,4,774.177554966306,769.69976833661,1,0,0,0,1,1,0,6,5,2,7,2,14,14,0,0,12,-12,-1,1,1,1,4,3,6,18
2021-10-28,SP1,Levante,Ath Madrid,1,2,2,10,7,3,3,855.224280612314,1270.06147063135,0,0,0,1,1,0,4,1,1,8,5,19,5,41,0,0,3,-3,0,0,2,2,3,3,7,10
2021-10-30,SP1,Elche,Real Madrid,0,1,2,13,17,4,5,889.581611220753,1235.11085201382,0,1,0,0,9,1,1,0,4,8,9,21,22,40,-1,1,-4,4,-1,1,2,1,5,4,17,13
2021-10-30,SP1,Sevilla,Osasuna,2,2,0,16,10,4,3,1113.73465785481,1081.12462423578,4,0,0,0,4,5,0,1,10,11,21,18,38,34,2,-2,6,-6,1,-1,0,2,3,4,10,16
2021-10-30,SP1,Valencia,Villarreal,2,2,0,9,11,3,1,953.923595853611,1106.18327331581,0,0,0,1,2,0,3,6,3,5,10,12,28,29,2,-2,-2,2,2,-2,0,2,1,3,11,9
2021-10-30,SP1,Barcelona,Alaves,1,1,1,16,3,5,2,1131.45105488525,938.741478273908,0,1,1,0,0,1,1,0,6,9,15,9,31,23,0,0,13,-13,3,-3,1,1,2,5,3,16
2021-10-31,SP1,Cadiz,Mallorca,1,1,1,13,11,2,5,847.7034487812,966.559421956427,0,0,1,0,0,1,6,4,2,5,7,12,19,26,0,0,2,-2,-3,3,1,1,5,2,11,13
2021-10-31,SP1,Ath Madrid,Betis,2,3,0,18,8,9,1,1256.75243844238,1135.68453357817,0,1,0,0,16,1,1,0,8,12,19,20,39,33,3,-3,10,-10,8,-8,0,3,1,9,8,18
2021-10-31,SP1,Getafe,Espanol,2,2,1,12,10,7,3,769.905966614862,997.959918969221,0,0,1,0,0,1,5,6,3,8,3,13,14,24,1,-1,2,-2,4,-4,1,2,3,7,10,12
2021-10-31,SP1,Sociedad,Athletic Club,1,1,1,8,11,3,5,1234.19498958849,1061.55869378432,2,0,0,0,14,6,0,3,11,8,24,17,44,28,0,0,-3,3,-2,2,1,1,5,3,11,8
2021-11-01,SP1,Vallecano,Celta,1,0,0,11,10,5,4,1036.85957218193,906.560232777806,6,1,0,0,6,1,0,0,9,6,19,10,28,17,0,0,1,-1,1,-1,0,0,4,5,10,11
2021-11-01,SP1,Levante,Granada,0,0,3,12,12,3,6,868.533312801283,773.971356688053,0,0,0,0,2,1,5,24,2,5,5,8,6,15,-3,3,0,0,-3,3,3,0,6,3,12,12
2021-11-05,SP1,Athletic Club,Cadiz,0,0,1,15,8,5,4,1068.91334314994,852.97299166279,2,0,0,0,2,1,0,3,9,3,17,7,26,19,-1,1,7,-7,1,-1,1,0,4,5,8,15
2021-11-06,SP1,Espanol,Granada,2,2,0,17,18,6,5,947.529284735269,842.988941104398,0,1,0,0,4,2,1,0,8,8,12,10,23,18,2,-2,-1,1,1,-1,0,2,5,6,18,17
2021-11-06,SP1,Celta,Barcelona,1,3,3,18,10,4,6,912.294392454181,1123.38694795238,0,0,2,2,0,0,2,6,4,4,10,13,18,31,0,0,8,-8,-2,2,3,3,6,4,10,18
2021-11-06,SP1,Alaves,Levante,2,2,1,10,12,3,7,946.805585206778,799.515728384938,1,0,0,3,1,0,0,6,7,2,10,4,24,6,1,-1,-2,2,-4,4,1,2,7,3,12,10
2021-11-06,SP1,Real Madrid,Vallecano,2,2,1,15,19,7,7,1242.81388715883,1031.12541250555,0,0,0,2,9,0,2,2,8,7,21,20,40,29,1,-1,-4,4,0,0,1,2,7,7,19,15
2021-11-07,SP1,Villarreal,Getafe,2,1,0,10,5,4,2,1044.24827577699,820.336600848814,0,0,0,0,1,2,2,7,4,6,11,6,29,17,1,-1,5,-5,2,-2,0,1,2,4,5,10
2021-11-07,SP1,Valencia,Ath Madrid,1,3,3,11,13,5,7,1015.85859339243,1293.01538383337,1,0,0,0,3,1,0,2,5,8,12,19,28,39,0,0,-2,2,-2,2,3,3,7,5,13,11
2021-11-07,SP1,Mallorca,Elche,1,2,2,18,7,6,2,961.289879074836,881.878576075742,0,0,0,4,2,0,1,4,6,4,10,9,24,22,0,0,11,-11,4,-4,2,2,2,6,7,18
2021-11-07,SP1,Osasuna,Sociedad,0,0,2,6,9,2,4,1041.37140253975,1226.84034022287,0,1,0,0,2,5,1,0,8,9,17,22,31,42,-2,2,-3,3,-2,2,2,0,4,2,9,6
2021-11-07,SP1,Betis,Sevilla,0,0,2,8,11,1,2,1099.42158818719,1153.48787955083,3,0,0,0,4,2,0,1,9,10,19,21,33,38,-2,2,-3,3,-1,1,2,0,2,1,11,8
2021-11-19,SP1,Levante,Athletic Club,1,0,0,15,7,2,2,780.323397868932,1019.24326865327,0,0,1,0,0,7,6,4,2,8,4,16,6,23,0,0,8,-8,0,0,0,0,2,2,7,15
2021-11-20,SP1,Celta,Villarreal,1,1,1,12,18,3,6,920.97305752212,1058.07435029223,0,0,0,2,1,0,3,7,5,4,11,13,16,32,0,0,-6,6,-3,3,1,1,6,3,18,12
2021-11-20,SP1,Sevilla,Alaves,1,2,2,16,8,6,3,1190.57514392111,965.997915722785,5,0,0,0,5,2,0,1,13,10,21,13,38,27,0,0,8,-8,3,-3,2,2,3,6,8,16
2021-11-20,SP1,Ath Madrid,Osasuna,2,1,0,15,9,2,3,1282.41120845987,1018.92935478011,1,0,0,1,17,0,0,2,9,5,17,14,40,28,1,-1,6,-6,-1,1,0,1,3,2,9,15
2021-11-20,SP1,Barcelona,Espanol,2,1,0,16,12,6,2,1114.70828288444,978.57486195689,0,0,0,1,1,0,2,7,5,8,13,15,29,26,1,-1,4,-4,4,-4,0,1,2,6,12,16
2021-11-21,SP1,Getafe,Cadiz,2,4,0,17,10,8,2,806.510526333573,902.643066159467,1,1,0,0,1,2,0,0,5,5,6,10,17,22,4,-4,7,-7,6,-6,0,4,2,8,10,17
2021-11-21,SP1,Granada,Real Madrid,0,1,4,11,21,3,10,811.943363882777,1257.41785526289,0,2,0,0,2,2,1,0,8,10,9,23,18,40,-3,3,-10,10,-7,7,4,1,10,3,21,11
2021-11-21,SP1,Elche,Betis,0,0,3,14,9,4,4,885.47322203179,1062.33432381691,0,0,1,1,0,0,2,1,2,9,9,19,23,32,-3,3,5,-5,0,0,3,0,4,4,9,14
2021-11-21,SP1,Sociedad,Valencia,1,0,0,9,8,2,3,1249.28238798251,1026.46276876592,0,0,0,2,15,0,1,4,11,5,22,10,44,26,0,0,1,-1,-1,1,0,0,3,2,8,9
2021-11-22,SP1,Vallecano,Mallorca,2,3,1,15,11,6,5,1016.52144440149,957.695233118788,0,0,0,0,7,2,1,5,7,4,17,8,26,25,2,-2,4,-4,1,-1,1,3,5,6,11,15
2021-11-26,SP1,Athletic Club,Granada,1,2,2,17,8,5,4,1009.6995737059,804.148852185829,0,0,1,1,0,0,1,1,6,5,14,9,24,15,0,0,9,-9,1,-1,2,2,4,5,8,17
2021-11-27,SP1,Alaves,Celta,0,1,2,13,8,5,5,975.105619611726,926.978289489253,2,0,0,0,2,2,0,1,11,6,14,12,28,17,-1,1,5,-5,0,0,2,1,5,5,8,13
2021-11-27,SP1,Valencia,Vallecano,1,1,1,8,12,4,6,1035.5156010573,1053.02344586575,0,0,0,3,4,0,1,3,6,7,8,19,27,29,0,0,-4,4,-2,2,1,1,6,4,12,8
2021-11-27,SP1,Mallorca,Getafe,1,0,0,12,11,2,0,921.193231654528,888.418953557051,0,0,0,1,3,0,2,8,4,7,8,9,24,20,0,0,1,-1,2,-2,0,0,0,2,11,12
2021-11-27,SP1,Villarreal,Barcelona,0,1,3,14,12,2,6,1052.0691183251,1134.77448541516,1,0,0,0,2,1,0,7,5,5,13,13,30,32,-2,2,2,-2,-4,4,3,1,6,2,12,14
2021-11-28,SP1,Betis,Levante,2,3,1,26,8,8,2,1091.27955983277,789.867092816298,0,0,1,4,0,0,1,7,9,2,19,4,35,7,2,-2,18,-18,6,-6,1,3,2,8,8,26
2021-11-28,SP1,Espanol,Sociedad,2,1,0,8,10,2,4,958.508659426176,1240.22955569113,1,2,0,0,5,6,0,0,5,9,15,20,23,42,1,-1,-2,2,-2,2,0,1,4,2,10,8
2021-11-28,SP1,Cadiz,Ath Madrid,0,1,4,8,17,0,7,820.734638935988,1293.92765721057,0,0,0,0,1,2,7,3,5,9,10,19,19,40,-3,3,-9,9,-7,7,4,1,7,0,17,8
2021-11-28,SP1,Real Madrid,Sevilla,2,2,1,14,11,4,6,1265.21236695984,1181.46744003217,1,1,0,0,10,3,0,0,13,11,23,21,43,36,1,-1,3,-3,-2,2,1,2,6,4,11,14
2021-11-29,SP1,Osasuna,Elche,1,1,1,17,10,4,4,1007.41290602941,856.527986015932,0,0,1,0,0,1,2,5,2,2,14,6,28,20,0,0,7,-7,0,0,1,1,4,4,10,17
2021-12-01,SP1,Real Madrid,Athletic Club,2,1,0,17,18,7,2,1289.64515864348,1001.20258894097,2,0,0,0,11,8,0,5,13,4,23,12,43,24,1,-1,-1,1,5,-5,0,1,2,7,18,17
2021-12-03,SP1,Granada,Alaves,2,2,1,9,14,2,2,812.645836950759,938.701064596673,0,0,1,0,0,3,2,2,5,8,10,14,15,25,1,-1,-5,5,0,0,1,2,2,2,14,9
2021-12-04,SP1,Sevilla,Villarreal,2,1,0,8,16,3,2,1157.03464834853,1018.45876670247,0,0,0,0,6,1,1,8,8,5,20,12,36,27,1,-1,-8,8,1,-1,0,1,2,3,16,8
2021-12-04,SP1,Barcelona,Betis,0,0,1,12,8,3,2,1168.38483703779,1104.4316056664,1,1,0,0,2,1,0,0,8,9,15,21,32,35,-1,1,4,-4,1,-1,1,0,2,3,8,12
2021-12-04,SP1,Ath Madrid,Mallorca,0,1,2,14,10,6,3,1300.64340601273,919.688381370831,2,0,0,1,18,0,0,6,11,4,19,8,40,25,-1,1,4,-4,3,-3,2,1,3,6,10,14
2021-12-04,SP1,Sociedad,Real Madrid,0,0,2,11,13,0,8,1186.78753141968,1299.8664139538,0,3,0,0,16,3,2,0,8,15,19,23,39,46,-2,2,-2,2,-8,8,2,0,8,0,13,11
2021-12-05,SP1,Vallecano,Espanol,2,1,0,7,10,0,3,1052.21786157876,1011.95068369763,1,0,0,2,8,0,0,8,8,7,17,17,27,26,1,-1,-3,3,-3,3,0,1,3,0,10,7
2021-12-05,SP1,Elche,Cadiz,2,3,1,8,15,3,6,863.070280014855,814.018890133826,0,0,2,1,0,0,3,1,2,5,6,7,21,19,2,-2,-7,7,-3,3,1,3,6,3,15,8
2021-12-05,SP1,Levante,Osasuna,1,0,0,11,11,3,1,776.71504698267,1000.87061203048,0,0,0,2,1,0,7,3,2,2,3,12,7,29,0,0,0,0,2,-2,0,0,1,3,11,11
2021-12-05,SP1,Celta,Valencia,0,1,2,11,8,5,5,963.382844504305,1036.3211853443,0,0,0,0,2,1,4,5,6,6,15,9,20,27,-1,1,3,-3,0,0,2,1,5,5,8,11
2021-12-06,SP1,Getafe,Athletic Club,1,0,0,17,9,5,3,889.923803840749,990.981333630653,2,0,0,1,2,0,0,6,8,3,10,11,18,24,0,0,8,-8,2,-2,0,0,3,5,9,17
2021-12-10,SP1,Mallorca,Celta,1,0,0,12,14,1,5,977.263737335361,938.003733182846,0,1,0,0,4,3,3,0,6,6,11,12,25,20,0,0,-2,2,-4,4,0,0,5,1,14,12
2021-12-11,SP1,Espanol,Levante,2,4,3,17,14,8,5,983.642910793542,785.809615504523,2,0,0,5,6,0,0,8,6,2,14,4,26,8,1,-1,3,-3,3,-3,3,4,5,8,14,17
2021-12-11,SP1,Alaves,Getafe,1,1,1,9,11,1,2,895.574916595206,894.450724799974,0,0,1,0,0,1,1,9,5,8,14,11,22,19,0,0,-2,2,-1,1,1,1,2,1,11,9
2021-12-11,SP1,Valencia,Elche,2,2,1,21,8,8,4,1061.70029666576,900.776838487365,0,0,0,0,5,2,2,6,9,5,12,9,27,21,1,-1,13,-13,4,-4,1,2,4,8,8,21
2021-12-11,SP1,Athletic Club,Sevilla,0,0,1,13,6,2,1,986.454412671428,1176.90768829219,0,0,0,1,1,0,2,1,3,10,12,20,25,36,-1,1,7,-7,1,-1,1,0,1,2,6,13
2021-12-12,SP1,Villarreal,Vallecano,2,2,0,13,19,5,7,998.585726758805,1080.52563448284,0,0,1,0,0,1,1,4,4,8,9,17,26,30,2,-2,-6,6,-2,2,0,2,7,5,19,13
2021-12-12,SP1,Osasuna,Barcelona,1,2,2,8,10,3,2,991.776043508631,1130.56016360517,0,1,0,0,1,2,3,0,2,8,13,14,27,29,0,0,-2,2,1,-1,2,2,2,3,10,8
2021-12-12,SP1,Betis,Sociedad,2,4,0,11,15,5,5,1142.25627909902,1156.72058969894,1,0,0,1,1,0,0,1,9,5,21,16,35,38,4,-4,-4,4,0,0,0,4,5,5,15,11
2021-12-12,SP1,Real Madrid,Ath Madrid,2,2,0,7,9,3,6,1329.93335567454,1243.0680500482,3,1,0,0,12,3,0,0,15,10,23,18,46,37,2,-2,-2,2,-3,3,0,2,6,3,9,7
2021-12-13,SP1,Cadiz,Granada,1,1,1,13,16,3,5,776.312331661316,855.771984952226,0,0,1,0,0,1,8,2,4,7,6,12,19,15,0,0,-3,3,-2,2,1,1,5,3,16,13
2021-12-17,SP1,Celta,Espanol,2,3,1,12,6,5,3,939.804066968143,999.165283774913,0,0,1,3,0,0,5,9,6,9,10,17,21,26,2,-2,6,-6,2,-2,1,3,3,5,6,12
2021-12-18,SP1,Vallecano,Alaves,2,2,0,20,6,5,4,1026.51214775032,895.523145830493,2,0,0,1,9,0,0,3,7,5,14,12,30,20,2,-2,14,-14,1,-1,0,2,4,5,6,20
2021-12-18,SP1,Sociedad,Villarreal,0,1,3,8,15,4,8,1089.53384763299,1052.59921349132,0,0,1,1,0,0,3,9,4,7,13,11,35,26,-2,2,-7,7,-4,4,3,1,8,4,15,8
2021-12-18,SP1,Barcelona,Elche,2,3,2,19,5,8,3,1124.4884729508,882.622225422732,0,0,1,1,0,0,1,7,8,5,12,9,27,20,1,-1,14,-14,5,-5,2,3,3,8,5,19
2021-12-18,SP1,Sevilla,Ath Madrid,2,2,1,6,15,2,3,1192.93500508088,1209.95274168534,1,0,0,1,7,0,0,1,10,7,20,15,36,37,1,-1,-9,9,-1,1,1,2,3,2,15,6
2021-12-19,SP1,Granada,Mallorca,2,4,1,15,8,6,5,852.175224836322,975.463403550063,1,1,0,0,1,1,0,0,5,6,13,12,16,26,3,-3,7,-7,1,-1,1,4,5,6,8,15
2021-12-19,SP1,Athletic Club,Betis,2,3,2,9,16,6,8,970.427095882738,1209.44302116497,0,2,1,0,0,2,3,0,3,12,11,21,22,37,1,-1,-7,7,-2,2,2,3,8,6,16,9
2021-12-19,SP1,Getafe,Osasuna,2,1,0,18,11,4,2,894.502495564687,997.847734163004,0,0,0,0,3,1,1,4,6,3,12,11,19,28,1,-1,7,-7,2,-2,0,1,2,4,11,18
2021-12-19,SP1,Real Madrid,Cadiz,1,0,0,36,4,9,0,1363.0486640374,779.90909177722,4,0,0,2,13,0,0,2,15,4,25,7,49,17,0,0,32,-32,9,-9,0,0,0,9,4,36
2021-12-20,SP1,Levante,Valencia,0,3,4,15,15,9,8,770.287242523151,1079.85490973039,0,1,0,0,2,2,8,0,2,9,4,14,8,27,-1,1,0,0,1,-1,4,3,8,9,15,15
2021-12-21,SP1,Villarreal,Alaves,2,5,2,24,4,10,2,1101.10169387387,867.459261372424,1,0,0,2,1,0,0,4,7,2,11,12,26,19,3,-3,20,-20,8,-8,2,5,2,10,4,24
2021-12-21,SP1,Sevilla,Barcelona,1,1,1,5,23,1,7,1226.50114428534,1137.22714680274,2,0,0,0,8,3,0,1,10,10,23,15,38,30,0,0,-18,18,-6,6,1,1,7,1,23,5
2021-12-22,SP1,Granada,Ath Madrid,2,2,1,6,15,4,3,925.284175527134,1176.38660248088,2,0,0,2,2,0,0,2,8,6,16,15,19,34,1,-1,-9,9,1,-1,1,2,3,4,15,6
2021-12-22,SP1,Athletic Club,Real Madrid,0,1,2,15,12,2,7,1021.52018413322,1348.12618414947,1,4,0,0,1,4,0,0,5,13,11,26,25,47,-1,1,3,-3,-5,5,2,1,7,2,12,15
2021-12-31,SP1,Valencia,Espanol,0,1,2,12,15,2,4,1089.07439983135,947.886430835765,1,0,0,4,6,0,0,10,11,6,16,14,30,25,-1,1,-3,3,-2,2,2,1,4,2,15,12
2022-01-02,SP1,Getafe,Real Madrid,2,1,0,6,14,3,4,935.749812840941,1356.5983717544,1,5,0,0,4,5,0,0,9,13,14,26,19,47,1,-1,-8,8,-1,1,0,1,4,3,14,6
2022-01-02,SP1,Ath Madrid,Vallecano,2,2,0,15,5,5,0,1124.59146570687,1054.57603220839,0,0,1,1,0,0,1,5,3,10,12,17,33,33,2,-2,10,-10,5,-5,0,2,0,5,5,15
2022-01-02,SP1,Elche,Granada,1,0,0,18,10,2,5,869.883551570792,977.079312301144,1,0,0,0,1,2,0,3,4,11,6,16,19,22,0,0,8,-8,-3,3,0,0,5,2,10,18
2022-01-02,SP1,Alaves,Sociedad,1,1,1,19,10,5,4,844.91627488529,1041.03136725044,0,0,0,2,1,0,2,2,1,1,12,12,19,32,0,0,9,-9,1,-1,1,1,4,5,10,19
2022-01-02,SP1,Betis,Celta,0,0,2,18,7,7,5,1158.34993291449,991.082919907291,2,0,0,0,2,4,0,1,12,8,21,13,37,23,-2,2,11,-11,2,-2,2,0,5,7,7,18
2022-01-02,SP1,Mallorca,Barcelona,0,0,1,13,13,3,4,902.354452859251,1141.25021403076,0,0,0,0,5,4,4,2,5,8,9,13,23,31,-1,1,0,0,-1,1,1,0,4,3,13,13
2022-01-03,SP1,Villarreal,Levante,2,5,0,17,7,7,3,1123.64468036101,761.067752422197,2,0,0,6,2,0,0,9,9,2,14,4,26,8,5,-5,10,-10,4,-4,0,5,3,7,7,17
2022-01-03,SP1,Osasuna,Athletic Club,0,1,3,15,17,4,5,956.60041688675,1013.04799652829,0,0,0,0,2,1,4,7,3,4,8,8,25,25,-2,2,-2,2,-1,1,3,1,5,4,17,15
2022-01-03,SP1,Cadiz,Sevilla,0,0,1,9,14,2,4,794.831571665155,1222.47807705732,0,1,0,0,1,1,9,0,2,10,7,21,18,38,-1,1,-5,5,-2,2,1,0,4,2,14,9
2022-01-08,SP1,Levante,Mallorca,2,2,0,16,15,8,8,744.739691304229,889.440412175504,0,0,1,1,0,0,9,1,1,5,3,9,8,23,2,-2,1,-1,0,0,0,2,8,8,15,16
2022-01-08,SP1,Sociedad,Celta,2,1,0,12,4,3,0,1032.85084768574,1054.56202610828,0,1,2,0,0,5,4,0,1,10,10,16,33,26,1,-1,8,-8,3,-3,0,1,0,3,4,12
2022-01-08,SP1,Granada,Barcelona,1,1,1,14,13,4,1,972.293664011807,1154.1642547145,3,1,0,0,3,5,0,0,11,8,16,16,23,31,0,0,1,-1,3,-3,1,1,1,4,13,14
2022-01-08,SP1,Real Madrid,Valencia,2,4,1,23,12,8,7,1297.81216759543,1044.74199837584,0,2,0,0,14,3,1,0,10,10,25,16,46,29,3,-3,11,-11,1,-1,1,4,7,8,12,23
2022-01-09,SP1,Vallecano,Betis,1,1,1,17,9,7,5,1019.43889886858,1094.87082671351,3,0,0,1,10,0,0,1,7,9,14,18,30,34,0,0,8,-8,2,-2,1,1,5,7,9,17
2022-01-09,SP1,Sevilla,Getafe,2,1,0,10,4,1,2,1227.50751019615,994.536016999911,0,0,0,0,9,2,1,10,13,9,21,16,41,19,1,-1,6,-6,-1,1,0,1,2,1,4,10
2022-01-09,SP1,Alaves,Athletic Club,1,0,0,12,10,1,2,853.096794449987,1049.84214328888,0,1,0,0,2,2,3,0,2,7,10,10,17,27,0,0,2,-2,-1,1,0,0,2,1,10,12
2022-01-09,SP1,Osasuna,Cadiz,2,2,0,15,6,5,1,919.806270126152,789.802138526326,0,0,1,0,0,1,5,3,3,2,5,7,25,15,2,-2,9,-9,4,-4,0,2,1,5,6,15
2022-01-09,SP1,Villarreal,Ath Madrid,1,2,2,13,7,3,5,1139.97274147897,1159.72859904668,3,0,0,3,3,0,0,3,12,3,17,14,29,33,0,0,6,-6,-2,2,2,2,5,3,7,13
2022-01-10,SP1,Espanol,Elche,0,1,2,8,3,3,2,992.218832291266,874.669199860128,3,0,0,2,7,0,0,8,9,5,14,7,27,17,-1,1,5,-5,1,-1,2,1,2,3,3,8
2022-01-16,SP1,Elche,Villarreal,2,1,0,5,9,2,4,917.10088553232,1140.88155307227,0,1,0,0,2,1,1,0,7,13,9,17,19,29,1,-1,-4,4,-2,2,0,1,4,2,9,5
2022-01-18,SP1,Betis,Alaves,2,4,0,18,9,5,2,1091.45062921072,861.298731253129,0,0,1,3,0,0,1,5,7,3,16,8,34,17,4,-4,9,-9,3,-3,0,4,2,5,9,18
2022-01-18,SP1,Cadiz,Espanol,1,2,2,10,14,4,7,761.629943664062,949.787146619074,0,1,1,0,0,1,10,0,2,6,7,13,14,26,0,0,-4,4,-3,3,2,2,7,4,14,10
2022-01-19,SP1,Celta,Osasuna,2,2,0,5,9,3,0,1020.56495150874,947.978464988416,1,0,0,1,1,0,0,5,7,5,13,7,23,25,2,-2,-4,4,3,-3,0,2,0,3,9,5
2022-01-19,SP1,Valencia,Sevilla,1,1,1,10,12,2,3,1024.13353459848,1240.77666752154,0,2,1,0,0,2,1,0,9,13,15,23,28,44,0,0,-2,2,-1,1,1,1,3,2,12,10
2022-01-20,SP1,Getafe,Granada,2,4,2,12,7,4,4,981.266859674514,979.979589931002,2,0,0,0,5,3,0,4,8,9,16,16,18,24,2,-2,5,-5,0,0,2,4,4,4,7,12
2022-01-21,SP1,Espanol,Betis,0,1,4,12,15,4,8,941.880460337233,1118.54324227903,0,0,1,0,0,1,1,2,7,7,13,16,26,36,-3,3,-3,3,-4,4,4,1,8,4,15,12
2022-01-22,SP1,Levante,Cadiz,0,0,2,15,8,8,2,805.875575108563,769.536629945903,1,0,0,1,1,0,0,4,4,3,6,7,11,14,-2,2,7,-7,6,-6,2,0,2,8,8,15
2022-01-22,SP1,Villarreal,Mallorca,2,3,0,12,8,6,2,1090.71580359874,828.304528371169,0,0,0,2,4,0,1,2,10,4,17,8,28,20,3,-3,4,-4,4,-4,0,3,2,6,8,12
2022-01-22,SP1,Sevilla,Celta,1,2,2,16,6,5,4,1231.91915943122,1055.39082975883,1,0,0,1,10,0,0,1,11,10,21,16,42,26,0,0,10,-10,1,-1,2,2,4,5,6,16
2022-01-22,SP1,Ath Madrid,Valencia,2,3,2,16,7,6,3,1158.81978745339,1032.99104268881,1,0,0,1,1,0,0,1,4,7,14,16,33,26,1,-1,9,-9,3,-3,2,3,3,6,7,16
2022-01-23,SP1,Granada,Osasuna,0,0,2,6,16,2,7,936.284466274915,913.152586738327,0,0,0,2,4,0,1,6,8,4,13,6,23,24,-2,2,-10,10,-5,5,2,0,7,2,16,6
2022-01-23,SP1,Real Madrid,Elche,1,2,2,23,3,8,2,1318.42063137279,967.266635005841,1,1,0,0,15,1,0,0,10,7,25,12,46,21,0,0,20,-20,6,-6,2,2,2,8,3,23
2022-01-23,SP1,Sociedad,Getafe,1,0,0,9,9,3,2,1066.84792228528,1024.9619833306,1,0,0,1,1,0,0,11,4,10,12,18,33,21,0,0,0,0,1,-1,0,0,2,3,9,9
2022-01-23,SP1,Vallecano,Athletic Club,0,0,1,29,9,3,3,1022.85909637137,1041.64020648574,0,0,0,0,11,3,1,1,7,7,15,10,31,27,-1,1,20,-20,0,0,1,0,3,3,9,29
2022-01-23,SP1,Alaves,Barcelona,0,0,1,6,10,2,4,834.206118184811,1146.47832879531,0,0,0,0,3,6,4,1,2,9,7,17,17,32,-1,1,-4,4,-2,2,1,0,4,2,10,6
2022-02-04,SP1,Getafe,Levante,2,3,0,14,11,8,2,1026.88161108649,757.447459965306,3,0,0,7,6,0,0,10,10,3,16,5,22,10,3,-3,3,-3,6,-6,0,3,2,8,11,14
2022-02-05,SP1,Elche,Alaves,2,3,1,14,6,4,2,979.52347340521,825.108806332913,1,0,0,4,3,0,0,6,8,2,13,4,22,17,2,-2,8,-8,2,-2,1,3,2,4,6,14
2022-02-05,SP1,Mallorca,Cadiz,2,2,1,17,12,5,5,808.579827897109,817.96474508916,0,1,1,0,0,1,5,0,1,5,7,9,19,16,1,-1,5,-5,0,0,1,2,5,5,12,17
2022-02-05,SP1,Celta,Vallecano,2,2,0,13,11,3,0,1062.88611290956,992.587217623123,2,0,0,2,2,0,0,6,10,4,16,12,26,31,2,-2,2,-2,3,-3,0,2,0,3,11,13
2022-02-05,SP1,Osasuna,Sevilla,1,0,0,9,9,3,4,959.925889887812,1224.42387628049,1,0,0,0,1,3,0,1,6,9,9,19,26,40,0,0,0,0,-1,1,0,0,4,3,9,9
2022-02-06,SP1,Valencia,Sociedad,1,0,0,14,8,3,2,1012.09884843403,1064.92829452939,0,0,0,0,1,1,2,3,4,5,13,10,25,34,0,0,6,-6,1,-1,0,0,2,3,8,14
2022-02-06,SP1,Barcelona,Ath Madrid,2,4,2,9,10,4,4,1155.57564064721,1179.71198170817,1,0,0,0,1,1,0,4,11,7,19,14,32,33,2,-2,-1,1,0,0,2,4,4,4,10,9
2022-02-06,SP1,Betis,Villarreal,0,0,2,9,9,3,3,1147.51275931342,1110.44050407281,1,0,0,1,1,0,0,1,7,10,19,17,38,30,-2,2,0,0,0,0,2,0,3,3,9,9
2022-02-06,SP1,Real Madrid,Granada,2,1,0,24,7,11,3,1306.16379297342,889.51116312543,0,0,0,1,16,0,1,5,8,5,23,13,46,22,1,-1,17,-17,8,-8,0,1,3,11,7,24
2022-02-07,SP1,Athletic Club,Espanol,2,2,1,7,7,4,3,1071.91208523399,912.91094330285,0,0,1,0,0,2,1,1,10,4,13,13,29,25,1,-1,0,0,1,-1,1,2,3,4,7,7
2022-02-11,SP1,Sevilla,Elche,2,2,0,14,7,6,1,1214.15453143891,1005.07847766019,0,0,0,0,11,2,1,1,9,11,19,15,40,24,2,-2,7,-7,5,-5,0,2,1,6,7,14
2022-02-12,SP1,Cadiz,Celta,1,0,0,8,6,2,1,785.100572442002,1097.98888445168,0,0,0,0,1,1,11,2,4,10,6,18,16,29,0,0,2,-2,1,-1,0,0,1,2,6,8
2022-02-12,SP1,Villarreal,Real Madrid,1,0,0,9,17,2,6,1158.9601611167,1311.49443772461,1,0,0,1,5,0,0,1,10,10,19,23,32,46,0,0,-8,8,-4,4,0,0,6,2,17,9
2022-02-12,SP1,Vallecano,Osasuna,0,0,3,10,12,3,5,957.484446081003,970.195234729385,0,1,1,0,0,1,2,0,4,7,11,10,31,24,-3,3,-2,2,-2,2,3,0,5,3,12,10
2022-02-12,SP1,Ath Madrid,Getafe,2,4,3,11,10,7,4,1132.81246800364,1045.96152542638,2,0,0,0,2,1,0,12,7,10,13,19,30,25,1,-1,1,-1,3,-3,3,4,4,7,10,11
2022-02-13,SP1,Alaves,Valencia,2,2,1,9,9,5,4,799.553802077933,1014.51315601665,0,0,1,2,0,0,5,2,2,2,3,13,17,23,1,-1,0,0,1,-1,1,2,4,5,9,9
2022-02-13,SP1,Levante,Betis,0,2,4,12,19,4,11,738.367545625414,1098.99310226952,0,1,1,0,0,2,1,0,3,7,5,19,9,38,-2,2,-7,7,-7,7,4,2,11,4,19,12
2022-02-13,SP1,Sociedad,Granada,2,2,0,18,15,8,2,1062.51398694677,884.180518374247,0,0,0,2,2,0,1,6,6,2,10,13,32,22,2,-2,3,-3,6,-6,0,2,2,8,15,18
2022-02-13,SP1,Espanol,Barcelona,1,2,2,10,12,4,4,894.612078963213,1202.47515435174,0,1,2,0,0,7,2,0,4,11,10,21,25,34,0,0,-2,2,0,0,2,2,4,4,12,10
2022-02-14,SP1,Mallorca,Athletic Club,2,3,2,16,7,5,2,841.444000544267,1090.21094957363,1,1,0,0,1,4,0,0,3,10,9,15,19,29,1,-1,9,-9,3,-3,2,3,2,5,7,16
2022-02-16,SP1,Ath Madrid,Levante,0,0,1,10,8,1,5,1156.97575943948,728.590924366558,3,0,0,8,3,0,0,11,10,3,13,5,32,9,-1,1,2,-2,-4,4,1,0,5,1,8,10
2022-02-18,SP1,Elche,Vallecano,2,2,1,9,13,5,2,984.82973705861,904.946977603452,2,0,0,3,4,0,0,7,10,1,15,11,21,28,1,-1,-4,4,3,-3,1,2,2,5,13,9
2022-02-19,SP1,Granada,Villarreal,0,1,4,20,15,5,7,861.045657494623,1165.56558845285,0,1,1,0,0,1,2,0,1,8,12,20,22,32,-3,3,5,-5,-2,2,4,1,7,5,15,20
2022-02-19,SP1,Osasuna,Ath Madrid,0,0,3,14,5,4,4,1022.73270320694,1097.9855317153,0,0,0,1,2,0,1,5,10,7,13,10,27,29,-3,3,9,-9,0,0,3,0,4,4,5,14
2022-02-19,SP1,Cadiz,Getafe,1,1,1,9,6,2,1,796.565737956992,1021.79823399054,0,0,0,1,2,0,12,13,5,7,7,16,17,25,0,0,3,-3,1,-1,1,1,1,2,6,9
2022-02-19,SP1,Real Madrid,Alaves,2,3,0,22,7,9,2,1304.88901038846,849.160975381527,1,0,0,5,17,0,0,7,8,4,21,6,44,20,3,-3,15,-15,7,-7,0,3,2,9,7,22
2022-02-20,SP1,Espanol,Sevilla,1,1,1,11,7,4,2,905.963481757727,1234.40327204049,0,0,0,0,1,4,3,2,2,9,11,22,26,42,0,0,4,-4,2,-2,1,1,2,4,7,11
2022-02-20,SP1,Valencia,Barcelona,0,1,4,11,6,5,6,964.905982713058,1191.12375155722,0,0,0,0,2,8,3,1,2,11,12,19,20,32,-3,3,5,-5,-1,1,4,1,6,5,6,11
2022-02-20,SP1,Betis,Mallorca,2,2,1,14,10,5,1,1108.76972352838,893.105792393677,0,0,1,3,0,0,1,3,10,6,19,11,38,19,1,-1,4,-4,4,-4,1,2,1,5,10,14
2022-02-20,SP1,Athletic Club,Sociedad,2,4,0,18,9,8,2,1038.54915772422,1085.64884782639,1,0,0,0,1,2,0,4,10,9,14,10,26,32,4,-4,9,-9,6,-6,0,4,2,8,9,18
2022-02-21,SP1,Celta,Levante,1,1,1,8,13,4,3,1086.52371893669,787.581152090742,3,1,0,0,3,1,0,0,8,6,18,7,30,11,0,0,-5,5,1,-1,1,1,3,4,13,8
2022-02-25,SP1,Levante,Elche,2,3,0,11,8,4,3,798.724784537935,1009.59922673602,0,0,2,1,0,0,2,2,4,10,8,17,11,23,3,-3,3,-3,1,-1,0,3,3,4,8,11
2022-02-26,SP1,Mallorca,Valencia,0,0,1,23,8,3,4,878.758162734274,941.589078246356,2,0,0,3,2,0,0,3,6,2,11,11,19,20,-1,1,15,-15,-1,1,1,0,4,3,8,23
2022-02-26,SP1,Getafe,Alaves,1,2,2,12,7,3,3,1012.67015363006,841.782991763402,4,0,0,6,7,0,0,8,8,3,16,6,26,20,0,0,5,-5,0,0,2,2,3,3,7,12
2022-02-26,SP1,Vallecano,Real Madrid,0,0,1,19,13,5,6,880.177487926039,1312.26699400659,0,0,2,0,0,1,3,2,1,11,8,21,27,44,-1,1,6,-6,-1,1,1,0,6,5,13,19
2022-02-26,SP1,Ath Madrid,Celta,2,2,0,13,16,6,2,1140.88715404277,1075.38008648949,0,0,1,0,0,2,1,3,9,9,13,16,31,31,2,-2,-3,3,4,-4,0,2,2,6,16,13
2022-02-27,SP1,Villarreal,Espanol,2,5,1,19,7,11,2,1181.67144509118,917.766034921625,0,0,0,1,6,0,1,2,10,3,23,9,32,26,4,-4,12,-12,9,-9,1,5,2,11,7,19
2022-02-27,SP1,Sevilla,Betis,2,2,1,12,10,3,2,1222.6007188766,1123.11735318778,1,2,0,0,12,3,0,0,7,12,20,19,40,40,1,-1,2,-2,1,-1,1,2,2,3,10,12
2022-02-27,SP1,Sociedad,Osasuna,2,1,0,11,11,5,1,1012.4548302013,979.831080879466,1,2,0,0,3,2,0,0,8,7,9,12,29,24,1,-1,0,0,4,-4,0,1,1,5,11,11
2022-02-27,SP1,Barcelona,Athletic Club,2,4,0,17,6,7,3,1214.44065602393,1111.74317534932,2,0,0,1,2,0,0,1,11,10,19,17,34,28,4,-4,11,-11,4,-4,0,4,3,7,6,17
2022-02-28,SP1,Granada,Cadiz,1,0,0,6,12,1,4,844.939800856288,805.693818317467,0,0,2,1,0,0,3,1,0,6,9,8,21,15,0,0,-6,6,-3,3,0,0,4,1,12,6
2022-03-02,SP1,Mallorca,Sociedad,0,0,2,13,13,1,3,852.482833394739,1041.45887176288,0,0,1,1,0,0,1,5,6,8,10,12,18,31,-2,2,0,0,-2,2,2,0,3,1,13,13
2022-03-04,SP1,Alaves,Sevilla,1,0,0,14,13,2,4,849.07396344545,1245.68042687556,1,0,0,0,1,5,0,3,4,9,6,20,18,40,0,0,1,-1,-2,2,0,0,4,2,13,14
2022-03-05,SP1,Osasuna,Villarreal,2,1,0,12,10,3,1,950.827039317883,1204.83896284377,0,2,1,0,0,2,2,0,7,13,11,23,24,34,1,-1,2,-2,2,-2,0,1,1,3,10,12
2022-03-05,SP1,Espanol,Getafe,2,2,0,4,12,1,3,894.598517169039,1005.37918194802,0,0,0,0,2,1,4,14,2,6,9,16,23,27,2,-2,-8,8,-2,2,0,2,3,1,12,4
2022-03-05,SP1,Valencia,Granada,2,3,1,12,7,4,0,967.864407585891,843.140104617644,0,0,1,3,0,0,4,7,4,1,11,9,23,22,2,-2,5,-5,4,-4,1,3,0,4,7,12
2022-03-05,SP1,Real Madrid,Sociedad,2,4,1,18,1,8,1,1317.17917327111,1063.56543217334,2,1,0,0,18,1,0,0,11,10,21,15,44,31,3,-3,17,-17,7,-7,1,4,1,8,1,18
2022-03-06,SP1,Cadiz,Vallecano,2,2,0,13,14,7,3,807.493514556111,875.26530866152,0,0,0,4,3,0,13,8,6,0,9,7,15,24,2,-2,-1,1,4,-4,0,2,3,7,14,13
2022-03-06,SP1,Elche,Barcelona,0,1,2,13,20,3,9,925.512961208712,1260.41389121321,3,1,0,0,5,9,0,0,7,13,14,22,23,36,-1,1,-7,7,-6,6,2,1,9,3,20,13
2022-03-06,SP1,Celta,Mallorca,2,4,3,16,12,8,3,1039.69496823575,830.37627298428,0,0,0,4,4,0,1,4,6,6,16,7,28,18,1,-1,4,-4,5,-5,3,4,3,8,12,16
2022-03-06,SP1,Betis,Ath Madrid,0,1,3,18,8,6,6,1100.03764518882,1176.57227229651,1,1,0,0,1,1,0,0,9,9,16,16,37,31,-2,2,10,-10,0,0,3,1,6,6,8,18
2022-03-07,SP1,Athletic Club,Levante,2,3,1,17,5,9,2,1065.76994016003,882.811050065246,2,0,0,0,2,2,0,1,9,7,16,10,28,14,2,-2,12,-12,7,-7,1,3,2,9,5,17
2022-03-11,SP1,Ath Madrid,Cadiz,2,2,1,6,14,5,3,1210.92203774154,859.799248745071,1,0,0,0,1,1,0,2,12,6,19,11,34,18,1,-1,-8,8,2,-2,1,2,3,5,14,6
2022-03-12,SP1,Levante,Espanol,1,1,1,14,6,3,1,860.126850833166,951.984845174099,1,0,0,2,1,0,0,3,7,5,10,9,14,26,0,0,8,-8,2,-2,1,1,1,3,6,14
2022-03-12,SP1,Granada,Elche,0,0,1,15,13,4,2,814.383543156559,917.385644172715,0,0,0,2,1,0,4,3,1,6,6,14,22,23,-1,1,2,-2,2,-2,1,0,2,4,13,15
2022-03-12,SP1,Villarreal,Celta,2,1,0,10,12,3,2,1152.87925199546,1054.45326733509,1,0,0,1,7,0,0,4,10,8,20,18,31,28,1,-1,-2,2,1,-1,0,1,2,3,12,10
2022-03-12,SP1,Getafe,Valencia,1,0,0,16,6,6,0,947.992853942955,996.620969046976,0,1,0,0,8,1,1,0,5,7,15,11,27,25,0,0,10,-10,6,-6,0,0,0,6,6,16
2022-03-13,SP1,Vallecano,Sevilla,1,1,1,10,3,2,2,822.959574472561,1232.64159449254,0,0,3,0,0,6,4,4,0,9,4,18,21,41,0,0,7,-7,0,0,1,1,2,2,3,10
2022-03-13,SP1,Betis,Athletic Club,2,1,0,8,11,5,2,1065.68787974378,1088.45413939211,0,0,1,2,0,0,1,2,6,9,13,19,34,30,1,-1,-3,3,3,-3,0,1,2,5,11,8
2022-03-13,SP1,Sociedad,Alaves,2,1,0,15,13,6,4,1043.00921743556,862.112795828462,2,0,0,0,4,1,0,9,9,5,15,7,28,19,1,-1,2,-2,2,-2,0,1,4,6,13,15
2022-03-13,SP1,Barcelona,Osasuna,2,4,0,24,4,9,3,1268.54120824921,1002.78675016619,3,0,0,1,3,0,0,1,13,7,24,13,36,24,4,-4,20,-20,6,-6,0,4,3,9,4,24
2022-03-14,SP1,Mallorca,Real Madrid,0,0,3,14,11,3,5,815.61797388494,1337.73538800889,0,1,2,0,0,2,2,0,3,13,6,21,18,46,-3,3,3,-3,-2,2,3,0,5,3,11,14
2022-03-18,SP1,Athletic Club,Getafe,1,1,1,22,7,11,2,1054.36028534598,950.217752028518,3,0,0,1,3,0,0,15,6,3,16,13,27,27,0,0,15,-15,9,-9,1,1,2,11,7,22
2022-03-19,SP1,Alaves,Granada,0,2,3,11,12,6,3,845.415534860775,791.601887253514,0,0,0,4,2,0,1,8,5,1,7,3,19,19,-1,1,-1,1,3,-3,3,2,3,6,12,11
2022-03-19,SP1,Elche,Valencia,0,0,1,8,8,2,3,940.167300075761,994.396070961412,0,0,1,0,0,2,1,1,6,7,17,9,23,25,-1,1,0,0,-1,1,1,0,3,2,8,8
2022-03-19,SP1,Osasuna,Levante,2,3,1,20,13,7,4,979.820852703387,864.261182025047,1,0,0,1,1,0,0,2,6,8,13,11,21,15,2,-2,7,-7,3,-3,1,3,4,7,13,20
2022-03-19,SP1,Vallecano,Ath Madrid,0,0,1,15,11,3,3,836.194557531972,1218.40954858309,0,2,0,0,1,2,5,0,1,12,5,22,19,34,-1,1,4,-4,0,0,1,0,3,3,11,15
2022-03-20,SP1,Espanol,Mallorca,2,1,0,12,9,3,3,947.850513982218,810.472830988188,1,0,0,5,3,0,0,5,6,0,10,6,24,15,1,-1,3,-3,0,0,0,1,3,3,9,12
2022-03-20,SP1,Cadiz,Villarreal,2,1,0,16,3,7,1,852.311737903526,1176.04885664877,1,0,0,1,4,0,0,1,6,10,10,20,17,34,1,-1,13,-13,6,-6,0,1,1,7,3,16
2022-03-20,SP1,Celta,Betis,1,0,0,9,7,3,1,1031.28366268178,1099.78173378992,1,0,0,1,5,0,0,1,5,9,15,16,28,37,0,0,2,-2,2,-2,0,0,1,3,7,9
2022-03-20,SP1,Sevilla,Sociedad,1,0,0,10,13,0,2,1219.40661143313,1059.70647840325,2,0,0,1,13,0,0,1,9,9,18,18,39,30,0,0,-3,3,-2,2,0,0,2,0,13,10
2022-03-20,SP1,Real Madrid,Barcelona,0,0,4,14,18,4,10,1342.88053090564,1291.50710571201,3,2,0,0,19,10,0,0,13,13,23,24,49,39,-4,4,-4,4,-6,6,4,0,10,4,18,14
2022-04-02,SP1,Getafe,Mallorca,2,1,0,16,7,3,1,954.875038916504,790.505158806701,0,0,0,6,9,0,2,6,4,0,11,6,27,15,1,-1,9,-9,2,-2,0,1,1,3,7,16
2022-04-02,SP1,Levante,Villarreal,2,2,0,13,13,4,2,834.475796251766,1120.64317617597,0,0,0,2,2,0,1,2,5,9,11,17,14,34,2,-2,0,0,2,-2,0,2,2,4,13,13
2022-04-02,SP1,Celta,Real Madrid,0,1,2,10,12,4,6,1034.39787044901,1268.90880856525,0,2,0,0,6,3,1,0,5,12,13,20,29,46,-1,1,-2,2,-2,2,2,1,6,4,12,10
2022-04-02,SP1,Ath Madrid,Alaves,2,4,1,14,7,8,1,1224.79239403538,808.498373449425,2,0,0,1,2,0,0,10,15,2,22,6,36,16,3,-3,7,-7,7,-7,1,4,1,8,7,14
2022-04-03,SP1,Athletic Club,Elche,2,2,1,16,6,6,2,1049.70299845799,913.121786103931,0,1,0,0,4,1,1,0,7,6,17,16,25,23,1,-1,10,-10,4,-4,1,2,2,6,6,16
2022-04-03,SP1,Betis,Osasuna,2,4,1,24,10,8,3,1096.66752602269,1009.60623847667,1,0,0,2,1,0,0,2,7,6,17,16,35,21,3,-3,14,-14,5,-5,1,4,3,8,10,24
2022-04-03,SP1,Granada,Vallecano,1,2,2,17,10,9,4,828.519048664863,829.811712079678,0,0,1,5,0,0,5,9,4,1,5,2,21,19,0,0,7,-7,5,-5,2,2,4,9,10,17
2022-04-03,SP1,Valencia,Cadiz,1,0,0,5,4,1,3,1021.44158493324,907.71741837632,1,0,0,1,1,0,0,3,10,8,12,13,28,20,0,0,1,-1,-2,2,0,0,3,1,4,5
2022-04-03,SP1,Barcelona,Sevilla,2,1,0,19,8,6,3,1365.47882805241,1212.52977760065,4,0,0,0,4,7,0,5,15,7,26,16,39,37,1,-1,11,-11,3,-3,0,1,3,6,8,19
2022-04-04,SP1,Sociedad,Espanol,2,1,0,17,8,6,2,1066.58331223572,967.818186163705,3,0,0,0,5,1,0,4,10,8,18,10,28,24,1,-1,9,-9,4,-4,0,1,2,6,8,17
2022-04-08,SP1,Sevilla,Granada,2,4,2,16,15,8,5,1193.77230771105,828.578577740366,0,1,0,0,14,1,1,0,6,5,13,5,36,21,2,-2,1,-1,3,-3,2,4,5,8,15,16
2022-04-09,SP1,Cadiz,Betis,0,1,2,10,10,4,3,912.775252668532,1137.81345924024,2,0,0,0,5,1,0,2,8,7,14,19,21,35,-1,1,0,0,1,-1,2,1,3,4,10,10
2022-04-09,SP1,Mallorca,Ath Madrid,2,1,0,10,9,3,1,772.607438976202,1233.89361676492,0,3,3,0,0,3,3,0,0,15,6,24,14,38,1,-1,1,-1,2,-2,0,1,1,3,9,10
2022-04-09,SP1,Villarreal,Athletic Club,1,1,1,11,12,5,6,1047.09154653644,1069.73371094795,2,0,0,3,8,0,0,3,6,7,16,17,33,27,0,0,-1,1,-1,1,1,1,6,5,12,11
2022-04-09,SP1,Real Madrid,Getafe,2,2,0,26,8,8,0,1282.08499916178,972.772758747004,0,0,1,0,0,1,1,16,12,6,23,14,48,30,2,-2,18,-18,8,-8,0,2,0,8,8,26
2022-04-10,SP1,Osasuna,Alaves,2,1,0,15,8,4,2,968.460305259123,799.397150719886,2,0,0,2,2,0,0,11,6,2,13,5,20,13,1,-1,7,-7,2,-2,0,1,2,4,8,15
2022-04-10,SP1,Espanol,Celta,2,1,0,11,10,2,5,944.677431233599,1021.22167985248,2,0,0,2,4,0,0,5,7,4,10,13,23,26,1,-1,1,-1,-3,3,0,1,5,2,10,11
2022-04-10,SP1,Elche,Sociedad,0,1,2,10,17,1,6,893.091073613978,1089.72406716583,0,0,2,0,0,1,2,2,3,10,13,18,22,30,-1,1,-7,7,-5,5,2,1,6,1,17,10
2022-04-10,SP1,Levante,Barcelona,0,2,3,11,14,6,7,908.027425891304,1384.23629794201,1,3,0,0,3,11,0,0,7,15,11,26,17,42,-1,1,-3,3,-1,1,3,2,7,6,14,11
2022-04-11,SP1,Vallecano,Valencia,1,1,1,11,6,4,2,829.752183004176,1016.38375064103,0,1,1,0,0,3,6,0,2,11,3,13,17,28,0,0,5,-5,2,-2,1,1,2,4,6,11
2022-04-15,SP1,Sociedad,Betis,1,0,0,9,9,2,2,1105.32782379759,1151.56937278907,4,1,0,0,6,2,0,0,10,10,20,19,30,35,0,0,0,0,0,0,0,0,2,2,9,9
2022-04-16,SP1,Elche,Mallorca,2,3,0,6,13,2,2,877.487316982222,832.405301867573,0,0,3,7,0,0,3,7,3,3,10,9,22,16,3,-3,-7,7,0,0,0,3,2,2,13,6
2022-04-16,SP1,Alaves,Vallecano,2,1,0,11,20,5,3,781.845663368039,837.605653211313,0,0,1,0,0,1,2,10,1,3,5,3,12,18,1,-1,-9,9,2,-2,0,1,3,5,20,11
2022-04-16,SP1,Valencia,Osasuna,0,1,2,11,9,4,3,1008.53028043389,986.01179261097,0,0,0,3,2,0,1,3,9,9,13,16,29,22,-1,1,2,-2,1,-1,2,1,3,4,9,11
2022-04-16,SP1,Getafe,Villarreal,0,1,2,12,11,5,6,960.121070395516,1048.13278309763,1,0,0,3,10,0,0,3,5,4,11,17,29,34,-1,1,1,-1,-1,1,2,1,6,5,11,12
2022-04-17,SP1,Granada,Levante,0,1,4,16,17,4,8,819.028069277829,904.150235839018,0,0,0,2,1,0,6,3,4,4,5,11,18,16,-3,3,-1,1,-4,4,4,1,8,4,17,16
2022-04-17,SP1,Ath Madrid,Espanol,2,2,1,10,11,3,5,1174.09575387355,983.615526254449,3,0,0,1,3,0,0,5,12,10,21,12,35,25,1,-1,-1,1,-2,2,1,2,5,3,11,10
2022-04-17,SP1,Athletic Club,Celta,0,0,2,10,6,2,4,1068.69247438675,982.283584831626,1,0,0,3,5,0,0,6,8,4,17,10,27,26,-2,2,4,-4,-2,2,2,0,4,2,6,10
2022-04-17,SP1,Sevilla,Real Madrid,0,2,3,7,15,2,6,1203.32281617359,1294.73668751326,1,3,0,0,15,4,0,0,6,12,15,23,36,48,-1,1,-8,8,-4,4,3,2,6,2,15,7
2022-04-18,SP1,Barcelona,Cadiz,0,0,1,18,6,6,4,1388.1134879943,899.019339119701,5,0,0,0,5,1,0,4,15,7,28,13,45,20,-1,1,12,-12,2,-2,1,0,4,6,6,18
2022-04-19,SP1,Mallorca,Alaves,2,2,1,5,12,3,4,784.910088508522,818.937704393791,1,0,0,3,1,0,0,12,3,3,6,8,15,12,1,-1,-7,7,-1,1,1,2,4,3,12,5
2022-04-19,SP1,Betis,Elche,0,0,1,18,9,3,1,1149.45235628695,924.982530341273,2,0,0,1,2,0,0,1,11,6,17,12,36,25,-1,1,9,-9,2,-2,1,0,1,3,9,18
2022-04-19,SP1,Villarreal,Valencia,2,2,0,12,5,5,1,1072.19565812599,974.459150366921,0,0,0,0,9,4,1,1,7,6,17,13,34,26,2,-2,7,-7,4,-4,0,2,1,5,5,12
2022-04-20,SP1,Ath Madrid,Granada,1,0,0,22,7,1,2,1190.12120683906,777.595731229908,4,0,0,1,4,0,0,1,12,4,24,5,37,18,0,0,15,-15,-1,1,0,0,2,1,7,22
2022-04-20,SP1,Celta,Getafe,0,0,2,9,6,2,3,1036.82933713879,936.058195367163,0,0,1,1,0,0,2,17,4,5,12,10,28,26,-2,2,3,-3,-1,1,2,0,3,2,6,9
2022-04-20,SP1,Osasuna,Real Madrid,0,1,3,12,23,3,11,1020.08292267794,1318.50621178713,3,4,0,0,3,5,0,0,9,12,16,25,25,48,-2,2,-11,11,-8,8,3,1,11,3,23,12
2022-04-21,SP1,Espanol,Vallecano,0,0,1,6,13,2,2,967.590073288942,800.513612185561,3,0,0,1,5,0,0,11,7,3,12,3,25,15,-1,1,-7,7,0,0,1,0,2,2,13,6
2022-04-21,SP1,Levante,Sevilla,0,2,3,15,13,6,6,945.582573886938,1179.55329189972,0,0,1,1,0,0,1,6,7,5,14,14,19,33,-1,1,2,-2,0,0,3,2,6,6,13,15
2022-04-21,SP1,Cadiz,Athletic Club,0,2,3,27,9,8,7,959.403668382092,1014.14672207958,0,0,1,0,0,1,1,4,7,5,13,14,22,27,-1,1,18,-18,1,-1,3,2,7,8,9,27
2022-04-21,SP1,Sociedad,Barcelona,0,0,1,8,11,5,1,1107.44484029971,1327.72915873191,0,4,0,0,7,12,1,0,11,12,20,25,30,44,-1,1,-3,3,4,-4,1,0,1,5,11,8
2022-04-24,SP1,Barcelona,Vallecano,0,0,1,18,3,5,1,1341.78290537046,846.816071894363,0,1,1,0,0,1,1,0,12,5,25,6,46,17,-1,1,15,-15,4,-4,1,0,1,5,3,18
2022-04-29,SP1,Sevilla,Cadiz,1,1,1,11,10,6,4,1192.76205120985,932.404375512876,0,1,1,0,0,2,1,0,7,7,16,13,35,19,0,0,1,-1,2,-2,1,1,4,6,10,11
2022-04-30,SP1,Alaves,Villarreal,2,2,1,11,16,5,6,783.813627604732,1104.0312235737,1,1,0,0,1,1,0,0,3,7,8,17,11,36,1,-1,-5,5,-1,1,1,2,6,5,16,11
2022-04-30,SP1,Real Madrid,Espanol,2,4,0,11,20,5,6,1331.85179431858,921.28761358014,1,0,0,2,1,0,0,6,12,6,25,12,48,22,4,-4,-9,9,-1,1,0,4,6,5,20,11
2022-04-30,SP1,Valencia,Levante,1,1,1,6,24,1,6,942.623584919211,932.373814576803,0,1,1,0,0,1,2,0,5,6,12,14,25,19,0,0,-18,18,-5,5,1,1,6,1,24,6
2022-04-30,SP1,Athletic Club,Ath Madrid,2,2,0,11,9,4,3,1041.1460149488,1176.84515488606,0,0,1,1,0,0,1,1,8,10,14,22,29,35,2,-2,2,-2,1,-1,0,2,3,4,9,11
2022-05-01,SP1,Elche,Osasuna,1,1,1,11,9,4,3,975.191250116381,1006.73734014649,1,1,0,0,1,1,0,0,6,9,12,15,27,25,0,0,2,-2,1,-1,1,1,3,4,9,11
2022-05-01,SP1,Granada,Celta,1,1,1,15,13,6,6,790.871783182906,980.59623620854,0,1,1,0,0,1,7,0,5,4,6,9,19,27,0,0,2,-2,0,0,1,1,6,6,13,15
2022-05-01,SP1,Vallecano,Sociedad,1,1,1,13,8,7,3,907.314012498962,1093.39109366115,0,1,0,0,1,2,7,0,8,8,9,17,20,27,0,0,5,-5,4,-4,1,1,3,7,8,13
2022-05-01,SP1,Barcelona,Mallorca,2,2,1,17,6,5,2,1281.28496476586,820.034165297581,0,0,2,8,0,0,2,8,9,6,24,6,43,17,1,-1,11,-11,3,-3,1,2,2,5,6,17
2022-05-02,SP1,Getafe,Betis,1,0,0,13,9,2,4,992.291296297414,1099.24363651184,0,0,1,0,0,3,1,1,7,8,10,17,29,36,0,0,4,-4,-2,2,0,0,4,2,9,13
2022-05-06,SP1,Levante,Sociedad,2,2,1,16,21,7,6,932.845697056209,1085.55702162872,0,0,2,0,0,3,2,1,7,8,12,18,19,27,1,-1,-5,5,1,-1,1,2,6,7,21,16
2022-05-07,SP1,Mallorca,Granada,0,2,6,18,14,8,7,815.831228525529,798.832897142798,2,0,0,0,2,1,0,2,6,3,6,7,17,19,-4,4,4,-4,1,-1,6,2,7,8,14,18
2022-05-07,SP1,Athletic Club,Valencia,1,0,0,10,4,5,1,1101.3122877942,942.151702439804,1,0,0,1,1,0,0,2,10,3,17,13,31,25,0,0,6,-6,4,-4,0,0,1,5,4,10
2022-05-07,SP1,Cadiz,Elche,2,3,0,17,4,7,2,942.560739211985,976.640022168876,0,1,2,0,0,1,2,0,5,7,13,13,20,28,3,-3,13,-13,5,-5,0,3,2,7,4,17
2022-05-07,SP1,Celta,Alaves,2,4,0,15,3,7,1,972.635122248648,839.067449211706,0,0,2,4,0,0,3,13,4,6,9,8,27,14,4,-4,12,-12,6,-6,0,4,1,7,3,15
2022-05-07,SP1,Betis,Barcelona,0,1,2,14,11,5,5,1094.46819741971,1285.48790153791,0,5,1,0,0,13,1,0,8,9,15,24,34,43,-1,1,3,-3,0,0,2,1,5,5,11,14
2022-05-08,SP1,Getafe,Vallecano,1,0,0,12,12,6,1,997.066735389548,915.1480845314,0,2,0,0,1,2,2,0,7,8,11,10,27,18,0,0,0,0,5,-5,0,0,1,6,12,12
2022-05-08,SP1,Villarreal,Sevilla,1,1,1,14,7,6,2,1048.77740196672,1182.60568751075,1,1,0,0,10,1,0,0,7,7,16,14,36,36,0,0,7,-7,4,-4,1,1,2,6,7,14
2022-05-08,SP1,Espanol,Osasuna,1,1,1,12,12,3,5,910.192238818175,1005.288568094,0,0,1,0,0,2,1,1,3,7,11,13,22,26,0,0,0,0,-2,2,1,1,5,3,12,12
2022-05-08,SP1,Ath Madrid,Real Madrid,2,1,0,16,15,2,6,1116.67888204066,1342.94716908054,0,5,0,0,5,6,1,0,7,15,22,27,32,48,1,-1,1,-1,-4,4,0,1,6,2,15,16
2022-05-10,SP1,Valencia,Betis,0,0,3,19,9,5,5,949.008265669264,1078.48002073683,0,0,0,0,1,4,3,2,3,5,14,12,25,31,-3,3,10,-10,0,0,3,0,5,5,9,19
2022-05-10,SP1,Granada,Athletic Club,2,1,0,12,8,2,1,866.489125966722,1094.45572456474,0,1,0,0,1,2,8,0,5,8,10,15,19,32,1,-1,4,-4,1,-1,0,1,1,2,8,12
2022-05-10,SP1,Barcelona,Celta,2,3,1,10,13,4,5,1301.47607822079,1013.49411785552,1,0,0,0,1,2,0,1,9,7,24,11,46,27,2,-2,-3,3,-1,1,1,3,5,4,13,10
2022-05-11,SP1,Alaves,Espanol,2,2,1,27,5,9,3,798.208453604836,914.465405232735,2,0,0,3,2,0,0,7,6,4,8,11,14,20,1,-1,22,-22,6,-6,1,2,3,9,5,27
2022-05-11,SP1,Osasuna,Getafe,1,1,1,12,6,1,0,1001.01540167944,993.362629345274,0,1,1,0,0,1,1,0,8,5,14,11,26,27,0,0,6,-6,1,-1,1,1,0,1,6,12
2022-05-11,SP1,Sevilla,Mallorca,1,0,0,18,10,4,2,1176.73040568066,748.174999701604,0,0,0,9,1,0,2,9,8,6,14,6,34,16,0,0,8,-8,2,-2,0,0,2,4,10,18
2022-05-11,SP1,Elche,Ath Madrid,0,0,2,9,11,0,6,916.77661741504,1166.9992828194,0,0,0,2,2,0,1,2,7,7,10,22,27,35,-2,2,-2,2,-6,6,2,0,6,0,11,9
2022-05-12,SP1,Sociedad,Cadiz,2,3,0,13,14,7,1,1040.33264233831,1002.42414396582,0,0,1,0,0,3,2,1,5,7,15,15,27,23,3,-3,-1,1,6,-6,0,3,1,7,14,13
2022-05-12,SP1,Vallecano,Villarreal,0,1,5,17,11,3,8,918.852190575675,1054.65268379681,0,0,0,1,2,0,8,1,8,8,11,14,18,37,-4,4,6,-6,-5,5,5,1,8,3,11,17
2022-05-12,SP1,Real Madrid,Levante,2,6,0,27,16,16,1,1292.6267683018,978.070076346611,2,0,0,0,2,2,0,1,12,7,24,14,45,22,6,-6,11,-11,15,-15,0,6,1,16,16,27
2022-05-14,SP1,Espanol,Valencia,1,1,1,5,18,3,5,872.140256097833,913.906669073266,0,0,0,0,1,1,2,3,1,2,11,11,20,22,0,0,-13,13,-2,2,1,1,5,3,18,5
2022-05-15,SP1,Athletic Club,Osasuna,2,2,0,14,8,8,1,1044.03046775345,1000.66303547285,0,0,0,0,2,3,1,2,7,6,15,15,31,26,2,-2,6,-6,7,-7,0,2,1,8,8,14
2022-05-15,SP1,Ath Madrid,Sevilla,1,1,1,12,8,3,4,1183.79533032338,1163.23302577158,1,0,0,0,6,2,0,1,10,6,22,12,38,32,0,0,4,-4,-1,1,1,1,4,3,8,12
2022-05-15,SP1,Betis,Granada,2,2,0,11,14,4,4,1113.58161733282,916.914382778013,0,1,2,0,0,2,2,0,5,8,15,12,31,21,2,-2,-3,3,0,0,0,2,4,4,14,11
2022-05-15,SP1,Cadiz,Real Madrid,1,1,1,21,16,7,7,953.818961120646,1315.9825466258,1,0,0,1,1,0,0,1,7,12,14,24,23,45,0,0,5,-5,0,0,1,1,7,7,16,21
2022-05-15,SP1,Celta,Elche,2,1,0,14,10,5,1,999.454130691884,899.98056991106,1,0,0,1,1,0,0,1,7,7,11,10,27,24,1,-1,4,-4,4,-4,0,1,1,5,10,14
2022-05-15,SP1,Getafe,Barcelona,1,0,0,9,5,3,1,993.714995551863,1315.51606538443,0,6,0,0,2,14,3,0,6,12,11,24,27,48,0,0,4,-4,2,-2,0,0,1,3,5,9
2022-05-15,SP1,Levante,Alaves,2,3,1,15,6,5,2,954.714298022609,840.533602739738,1,0,0,5,1,0,0,14,7,9,11,10,21,16,2,-2,9,-9,3,-3,1,3,2,5,6,15
2022-05-15,SP1,Mallorca,Vallecano,2,2,1,12,11,5,4,761.672379610681,878.351181539329,0,0,1,0,0,3,1,1,4,8,7,11,14,15,1,-1,1,-1,1,-1,1,2,4,5,11,12
2022-05-15,SP1,Villarreal,Sociedad,0,1,2,10,11,4,6,1095.15369283315,1088.93782518349,0,0,0,1,11,0,1,2,10,5,14,15,37,30,-1,1,-1,1,-2,2,2,1,6,4,11,10
2022-05-20,SP1,Real Madrid,Betis,1,0,0,17,11,3,2,1303.52126128844,1134.96416737707,3,1,0,0,3,5,0,0,10,7,22,18,43,31,0,0,6,-6,1,-1,0,0,2,3,11,17
2022-05-20,SP1,Vallecano,Levante,0,2,4,19,14,8,7,835.991237281255,984.656032382034,0,0,1,1,0,0,9,2,5,7,10,14,15,24,-2,2,5,-5,1,-1,4,2,7,8,14,19
2022-05-21,SP1,Valencia,Celta,2,2,0,10,9,3,3,911.99246668359,1022.53467158861,0,0,1,1,0,0,4,2,3,7,9,11,20,29,2,-2,1,-1,0,0,0,2,3,3,9,10
2022-05-22,SP1,Elche,Getafe,2,3,1,19,7,9,2,876.900029014335,1005.37620668602,0,0,1,0,0,2,2,1,4,7,10,12,24,27,2,-2,12,-12,7,-7,1,3,2,9,7,19
2022-05-22,SP1,Alaves,Cadiz,0,0,1,9,13,2,6,810.591868380313,966.280246458011,3,0,0,1,3,0,0,2,6,5,9,12,16,23,-1,1,-4,4,-4,4,1,0,6,2,13,9
2022-05-22,SP1,Granada,Espanol,1,0,0,15,10,5,5,895.531832733766,874.054458487509,1,0,0,4,2,0,0,8,8,2,12,9,18,18,0,0,5,-5,0,0,0,0,5,5,10,15
2022-05-22,SP1,Osasuna,Mallorca,0,0,2,11,14,1,6,962.251536369043,804.032323868755,0,0,0,0,1,1,2,10,3,7,12,10,25,16,-2,2,-3,3,-5,5,2,0,6,1,14,11
2022-05-22,SP1,Barcelona,Villarreal,0,0,2,14,4,3,3,1303.85485425027,1062.58125133943,2,1,0,0,2,1,0,0,10,7,22,14,46,34,-2,2,10,-10,0,0,2,0,3,3,4,14
2022-05-22,SP1,Sevilla,Athletic Club,2,1,0,13,9,3,1,1164.17885085454,1082.44196685726,0,0,0,1,2,0,3,1,7,10,12,15,30,34,1,-1,4,-4,2,-2,0,1,1,3,9,13
2022-05-22,SP1,Sociedad,Ath Madrid,0,1,2,12,6,3,5,1121.51026667722,1182.84950524042,1,1,0,0,1,1,0,0,7,8,18,20,33,39,-1,1,6,-6,-2,2,2,1,5,3,6,12
2020-09-12,SP1,Eibar,Celta,1,0,0,8,6,1,3,1000,965.175586466848,0,0,0,2,0,0,0,3,0,7,0,11,0,26,0,0,2,-2,-2,2,0,0,3,1,6,8
2020-09-12,SP1,Granada,Athletic Club,2,2,0,4,9,2,2,894.544021027085,1057.83433293927,0,0,0,2,3,0,1,2,8,7,13,15,16,31,2,-2,-5,5,0,0,0,2,2,2,9,4
2020-09-12,SP1,Cadiz,Osasuna,0,0,2,12,6,3,4,984.829307014932,899.69650686433,0,0,0,1,2,0,1,3,8,3,15,12,25,25,-2,2,6,-6,-1,1,2,0,4,3,6,12
2020-09-13,SP1,Alaves,Betis,0,0,1,7,11,2,4,792.042807823392,1142.16985765525,0,0,1,0,0,6,1,1,6,8,9,16,16,32,-1,1,-4,4,-2,2,1,0,4,2,11,7
2020-09-13,SP1,Valladolid,Sociedad,1,1,1,8,8,3,2,908.161685042349,1095.10184435632,0,1,0,0,2,1,1,0,5,7,11,15,23,33,0,0,0,0,1,-1,1,1,2,3,8,8
2020-09-13,SP1,Villarreal,Huesca,1,1,1,15,10,4,3,1132.78973510201,1000,0,0,1,0,0,0,2,0,7,0,14,0,34,0,0,0,5,-5,1,-1,1,1,3,4,10,15
2020-09-13,SP1,Valencia,Levante,2,4,2,14,19,8,8,969.351551805351,1010.81456448608,1,1,0,0,1,1,0,0,6,10,11,16,20,27,2,-2,-5,5,0,0,2,4,8,8,19,14
2020-09-19,SP1,Villarreal,Eibar,2,2,1,14,12,8,4,1126.95587665663,998.401625650359,0,0,0,0,1,0,3,0,8,1,15,1,32,1,1,-1,2,-2,4,-4,1,2,4,8,12,14
2020-09-19,SP1,Getafe,Osasuna,2,1,0,7,10,1,3,946.001635828636,954.090607095041,0,1,0,0,3,1,4,0,4,5,11,12,24,28,1,-1,-3,3,-2,2,0,1,3,1,10,7
2020-09-19,SP1,Celta,Valencia,2,2,1,23,9,6,3,966.773960816489,1018.41843746319,2,0,0,0,2,2,0,4,7,8,11,11,24,23,1,-1,14,-14,3,-3,1,2,3,6,9,23
2020-09-20,SP1,Huesca,Cadiz,0,0,2,4,6,0,4,1005.83385844538,930.435206784222,0,1,0,0,0,1,0,0,1,7,1,12,1,25,-2,2,-2,2,-4,4,2,0,4,0,6,4
2020-09-20,SP1,Betis,Valladolid,2,2,0,16,9,6,2,1149.69534863225,916.025937880335,1,0,0,0,1,1,0,4,10,6,18,9,35,21,2,-2,7,-7,4,-4,0,2,2,6,9,16
2020-09-20,SP1,Granada,Alaves,2,2,1,10,5,3,3,957.619567093219,784.517316846395,1,0,0,6,4,0,0,15,10,3,13,9,18,15,1,-1,5,-5,0,0,1,2,3,3,5,10
2020-09-20,SP1,Sociedad,Real Madrid,1,0,0,6,16,1,4,1087.23759151834,1296.31557101025,0,0,1,0,0,1,1,2,7,8,15,20,33,43,0,0,-10,10,-3,3,0,0,4,1,16,6
2020-09-26,SP1,Alaves,Getafe,1,0,0,9,11,0,4,767.260442869315,978.746523031446,0,0,2,1,0,0,2,2,3,6,9,13,14,24,0,0,-2,2,-4,4,0,0,4,0,11,9
2020-09-26,SP1,Valencia,Huesca,1,1,1,5,17,2,4,981.696531511217,952.605141864983,2,0,0,0,2,1,0,1,7,1,10,1,23,1,0,0,-12,12,-2,2,1,1,4,2,17,5
2020-09-26,SP1,Elche,Sociedad,0,0,3,5,27,2,7,936.274599871718,1095.8505718426,1,0,0,0,1,2,0,1,4,8,10,13,27,31,-3,3,-22,22,-5,5,3,0,7,2,27,5
2020-09-26,SP1,Betis,Real Madrid,0,2,3,15,11,5,4,1167.82355287136,1287.702590686,2,0,0,0,2,2,0,3,13,6,18,21,37,41,-1,1,4,-4,1,-1,3,2,4,5,11,15
2020-09-27,SP1,Osasuna,Levante,0,1,3,9,11,4,5,921.345719892232,961.747678828245,0,0,1,1,0,0,3,1,4,9,12,16,25,27,-2,2,-2,2,-1,1,3,1,5,4,11,9
2020-09-27,SP1,Eibar,Athletic Club,0,1,2,7,9,1,5,977.729608931023,994.758786873141,0,0,0,3,1,0,1,3,1,4,1,14,1,31,-1,1,-2,2,-4,4,2,1,5,1,9,7
2020-09-27,SP1,Ath Madrid,Granada,2,6,1,17,11,10,6,1209.25792756131,974.876441070298,0,0,0,1,7,0,1,1,10,10,20,15,42,20,5,-5,6,-6,4,-4,1,6,6,10,11,17
2020-09-27,SP1,Cadiz,Sevilla,0,1,3,12,14,5,5,983.663923364619,1188.78648477253,0,0,1,0,0,3,2,2,7,7,14,14,28,32,-2,2,-2,2,0,0,3,1,5,5,14,12
2020-09-27,SP1,Valladolid,Celta,1,1,1,10,5,4,1,897.897733641224,1003.49586676846,0,0,0,0,3,1,2,4,6,7,6,14,18,27,0,0,5,-5,3,-3,1,1,1,4,5,10
2020-09-27,SP1,Barcelona,Villarreal,2,4,0,17,5,9,1,1233.64637048769,1147.62789337597,0,2,1,0,0,2,1,0,10,10,19,18,45,34,4,-4,12,-12,8,-8,0,4,1,9,5,17
2020-09-29,SP1,Sociedad,Valencia,0,0,1,11,9,3,5,1126.96026211595,980.359945653356,0,0,0,1,1,0,2,5,8,8,13,10,33,23,-1,1,2,-2,-2,2,1,0,5,3,9,11
2020-09-29,SP1,Getafe,Betis,2,3,0,8,10,4,2,970.055075260659,1146.44656394188,1,1,0,0,4,7,0,0,6,10,11,15,25,34,3,-3,-2,2,2,-2,0,3,2,4,10,8
2020-09-30,SP1,Huesca,Ath Madrid,1,0,0,9,16,3,2,953.941727722844,1239.73864108139,0,2,1,0,0,2,1,0,2,13,2,20,2,42,0,0,-7,7,1,-1,0,0,2,3,16,9
2020-09-30,SP1,Villarreal,Alaves,2,3,1,10,8,6,3,1098.77617979311,775.951890640102,1,0,0,7,2,0,0,16,7,1,17,10,34,15,2,-2,2,-2,3,-3,1,3,3,6,8,10
2020-09-30,SP1,Eibar,Elche,0,0,1,12,5,4,2,947.296799395791,905.164909598367,0,0,1,2,0,0,2,2,1,3,1,10,1,26,-1,1,7,-7,2,-2,1,0,2,4,5,12
2020-09-30,SP1,Real Madrid,Valladolid,2,1,0,15,11,5,5,1309.07957961548,902.61629874364,0,0,0,1,4,0,1,5,9,4,21,7,44,18,1,-1,4,-4,0,0,0,1,5,5,11,15
2020-10-01,SP1,Athletic Club,Cadiz,0,0,1,13,3,4,1,1025.19159640837,963.058569658716,1,2,0,0,3,2,0,0,6,7,14,14,31,27,-1,1,10,-10,3,-3,1,0,1,4,3,13
2020-10-01,SP1,Sevilla,Levante,2,1,0,16,3,2,1,1209.39183847843,1000.52812645187,1,1,0,0,3,1,0,0,9,9,16,16,32,27,1,-1,13,-13,1,-1,0,1,1,2,3,16
2020-10-01,SP1,Celta,Barcelona,0,0,3,10,6,3,3,998.777301666044,1282.49808407054,3,0,0,0,3,15,0,1,8,10,15,19,25,45,-3,3,4,-4,0,0,3,0,3,3,6,10
2020-10-03,SP1,Valladolid,Eibar,0,1,2,9,11,3,5,896.991934705108,911.435218949505,0,0,0,1,4,0,3,1,3,1,7,1,18,1,-1,1,-2,2,-2,2,2,1,5,3,11,9
2020-10-03,SP1,Ath Madrid,Villarreal,1,0,0,14,6,1,2,1228.91501063112,1110.60881521608,1,0,0,1,8,0,0,1,11,10,18,17,42,34,0,0,8,-8,-1,1,0,0,2,1,6,14
2020-10-03,SP1,Elche,Huesca,1,0,0,2,18,0,4,941.026490044653,964.765358173112,0,0,1,0,0,2,1,2,6,3,13,3,26,3,0,0,-16,16,-4,4,0,0,4,0,18,2
2020-10-03,SP1,Sociedad,Getafe,2,3,0,11,5,6,1,1082.205970353,1050.1155116865,0,0,1,0,0,1,3,3,5,8,12,14,32,25,3,-3,6,-6,5,-5,0,3,1,6,5,11
2020-10-03,SP1,Valencia,Betis,0,0,2,5,17,2,8,1025.11423741631,1066.38612751603,0,0,0,1,3,0,1,1,10,7,13,14,26,31,-2,2,-12,12,-6,6,2,0,8,2,17,5
2020-10-04,SP1,Osasuna,Celta,2,2,0,14,9,5,3,882.56527226861,980.957617327861,0,0,2,0,0,2,4,5,3,5,9,12,25,24,2,-2,5,-5,2,-2,0,2,3,5,9,14
2020-10-04,SP1,Alaves,Athletic Club,2,1,0,8,8,3,0,764.11925521713,987.529168825708,0,1,0,0,1,1,3,0,1,6,7,13,15,30,1,-1,0,0,3,-3,0,1,0,3,8,8
2020-10-04,SP1,Levante,Real Madrid,0,0,2,11,13,4,3,985.740066404984,1314.70394365401,2,1,0,0,2,3,0,0,9,9,16,21,27,44,-2,2,-2,2,1,-1,2,0,3,4,13,11
2020-10-04,SP1,Cadiz,Granada,1,1,1,14,13,4,5,1000.72099724138,944.395727550221,0,0,2,2,0,0,3,2,9,7,14,15,27,20,0,0,1,-1,-1,1,1,1,5,4,13,14
2020-10-04,SP1,Barcelona,Sevilla,1,1,1,12,13,5,1,1300.31776840873,1224.17989852531,1,1,0,0,1,4,0,0,10,11,19,19,47,32,0,0,-1,1,4,-4,1,1,1,5,13,12
2020-10-17,SP1,Granada,Sevilla,2,1,0,13,8,3,3,946.967114409104,1227.63110683328,2,0,0,0,5,5,0,1,8,11,16,17,21,32,1,-1,5,-5,0,0,0,1,3,3,8,13
2020-10-17,SP1,Celta,Ath Madrid,0,0,2,15,9,5,4,925.001419140559,1223.66805145997,0,0,1,0,0,3,1,1,5,9,12,19,21,40,-2,2,6,-6,1,-1,2,0,4,5,9,15
2020-10-17,SP1,Real Madrid,Cadiz,0,0,1,14,14,2,5,1326.17944534523,998.149610382498,1,3,0,0,5,3,0,0,11,7,21,15,46,28,-1,1,0,0,-3,3,1,0,5,2,14,14
2020-10-17,SP1,Getafe,Barcelona,2,1,0,9,7,4,1,1000.60638590677,1296.86656010076,2,1,0,0,5,16,0,0,7,8,14,20,24,45,1,-1,2,-2,3,-3,0,1,1,4,7,9
2020-10-18,SP1,Eibar,Osasuna,1,0,0,10,8,6,2,942.10570908896,938.521470455913,0,0,2,1,0,0,3,1,4,6,4,9,4,25,0,0,2,-2,4,-4,0,0,2,6,8,10
2020-10-18,SP1,Athletic Club,Levante,2,2,0,14,6,5,1,937.386576626006,974.264564713767,0,0,1,1,0,0,1,1,3,6,13,13,27,27,2,-2,8,-8,4,-4,0,2,1,5,6,14
2020-10-18,SP1,Villarreal,Valencia,2,2,1,16,11,6,3,1115.85577438723,986.442099980537,2,1,0,0,3,1,0,0,8,7,15,13,32,25,1,-1,5,-5,3,-3,1,2,3,6,11,16
2020-10-18,SP1,Alaves,Elche,0,0,2,13,7,2,3,814.261847416832,942.118007291094,1,1,0,0,2,1,0,0,4,7,10,14,18,24,-2,2,6,-6,-1,1,2,0,3,2,7,13
2020-10-18,SP1,Huesca,Valladolid,1,2,2,12,5,7,3,963.673840926671,866.321444565652,0,0,0,2,1,0,2,6,4,2,4,7,4,18,0,0,7,-7,4,-4,2,2,3,7,5,12
2020-10-18,SP1,Betis,Sociedad,0,0,3,7,8,1,5,1105.05826495181,1131.71509613272,0,1,1,0,0,3,1,0,9,8,17,15,34,32,-3,3,-1,1,-4,4,3,0,5,1,8,7
2020-10-23,SP1,Elche,Valencia,2,2,1,3,14,2,4,970.527184882977,965.839258904673,0,0,0,1,1,0,2,1,10,4,14,12,26,25,1,-1,-11,11,-2,2,1,2,4,2,14,3
2020-10-24,SP1,Barcelona,Real Madrid,0,1,3,10,15,4,9,1242.70719518941,1270.59156643171,0,2,0,0,2,4,1,0,7,10,17,18,42,43,-2,2,-5,5,-5,5,3,1,9,4,15,10
2020-10-24,SP1,Osasuna,Athletic Club,2,1,0,7,13,2,5,938.686524889551,985.88198652479,1,0,0,1,1,0,0,1,7,6,10,13,25,27,1,-1,-6,6,-3,3,0,1,5,2,13,7
2020-10-24,SP1,Sevilla,Eibar,0,0,1,21,3,3,1,1174.24283022172,941.940654655322,2,1,0,0,4,1,0,0,10,4,17,5,31,5,-1,1,18,-18,2,-2,1,0,1,3,3,21
2020-10-24,SP1,Ath Madrid,Betis,2,2,0,13,12,6,3,1236.99779157047,1054.70239039306,0,1,0,0,9,1,1,0,11,6,19,16,43,31,2,-2,1,-1,3,-3,0,2,3,6,12,13
2020-10-25,SP1,Valladolid,Alaves,0,0,2,5,14,1,4,870.690927651945,785.852669824949,0,0,1,8,0,0,4,17,2,4,8,7,16,15,-2,2,-9,9,-3,3,2,0,4,1,14,5
2020-10-25,SP1,Cadiz,Villarreal,1,0,0,5,7,0,2,1053.73748929601,1136.45861546309,0,0,0,0,1,1,4,2,10,10,17,18,30,34,0,0,-2,2,-2,2,0,0,2,0,7,5
2020-10-25,SP1,Getafe,Granada,0,0,1,10,5,1,2,1054.76575081812,1000.35539102066,3,0,0,0,6,1,0,3,10,10,14,18,24,24,-1,1,5,-5,-1,1,1,0,2,1,5,10
2020-10-25,SP1,Sociedad,Huesca,2,4,1,13,6,6,4,1182.07097069147,959.304357840377,1,0,0,0,1,3,0,3,10,4,17,5,35,5,3,-3,7,-7,2,-2,1,4,4,6,6,13
2020-10-26,SP1,Levante,Celta,1,1,1,10,10,3,3,925.769154814984,911.671679030058,0,0,1,1,0,0,1,6,3,4,13,11,27,20,0,0,0,0,0,0,1,1,3,3,10,10
2020-10-30,SP1,Eibar,Cadiz,0,0,2,9,6,3,4,992.630926595646,1057.47655130643,0,4,0,0,1,4,4,0,7,8,8,15,8,30,-2,2,3,-3,-1,1,2,0,4,3,6,9
2020-10-31,SP1,Real Madrid,Huesca,2,4,1,13,9,6,2,1310.9368123084,935.621192651113,0,0,1,1,0,0,1,4,12,4,18,5,45,5,3,-3,4,-4,4,-4,1,4,2,6,9,13
2020-10-31,SP1,Athletic Club,Sevilla,2,2,1,16,7,5,3,949.561664612019,1123.5525582814,1,0,0,1,1,0,0,2,6,7,10,14,27,30,1,-1,9,-9,2,-2,1,2,3,5,7,16
2020-10-31,SP1,Osasuna,Ath Madrid,0,1,3,8,11,3,6,975.006846802321,1259.74628303664,2,1,0,0,2,4,0,0,7,11,12,21,25,43,-2,2,-3,3,-3,3,3,1,6,3,11,8
2020-10-31,SP1,Alaves,Barcelona,1,1,1,4,25,3,9,840.211728101222,1202.36194931272,0,0,1,1,0,0,1,1,7,7,10,17,18,41,0,0,-21,21,-6,6,1,1,9,3,25,4
2020-11-01,SP1,Betis,Elche,2,3,1,17,4,10,2,1031.95389892689,1002.0954371449,0,2,2,0,0,2,2,0,3,10,16,14,28,26,2,-2,13,-13,8,-8,1,3,2,10,4,17
2020-11-01,SP1,Celta,Sociedad,0,1,4,9,9,2,7,912.320535729421,1205.75413588074,0,2,2,0,0,4,2,0,2,12,9,20,20,35,-3,3,0,0,-5,5,4,1,7,2,9,9
2020-11-01,SP1,Granada,Levante,1,1,1,5,19,2,4,1037.32619975915,925.120298115621,3,0,0,2,6,0,0,2,10,4,20,13,27,25,0,0,-14,14,-2,2,1,1,4,2,19,5
2020-11-01,SP1,Valencia,Getafe,1,2,2,11,16,5,5,934.271006642747,1017.79494207964,0,0,1,1,0,0,2,4,4,7,11,13,25,24,0,0,-5,5,0,0,2,2,5,5,16,11
2020-11-02,SP1,Villarreal,Valladolid,2,2,0,11,11,5,1,1132.71955345267,816.331869375673,3,0,0,0,4,1,0,7,8,2,18,8,32,15,2,-2,0,0,4,-4,0,2,1,5,11,11
2020-11-06,SP1,Elche,Celta,1,1,1,8,14,1,6,961.997671857899,895.318781197211,1,0,0,0,2,1,0,7,10,1,13,9,26,20,0,0,-6,6,-5,5,1,1,6,1,14,8
2020-11-07,SP1,Huesca,Eibar,1,1,1,14,8,6,3,924.348966874933,956.865183569438,0,2,0,0,2,2,3,0,3,7,5,8,5,8,0,0,6,-6,3,-3,1,1,3,6,8,14
2020-11-07,SP1,Barcelona,Betis,2,5,2,18,12,9,6,1189.90090611439,1072.0516642139,0,0,1,1,0,0,2,1,5,6,15,16,39,31,3,-3,6,-6,3,-3,2,5,6,9,12,18
2020-11-07,SP1,Sevilla,Osasuna,2,1,0,9,10,1,2,1076.74503450496,960.745344239324,0,0,1,0,0,1,1,2,4,7,13,11,27,25,1,-1,-1,1,-1,1,0,1,2,1,10,9
2020-11-07,SP1,Ath Madrid,Cadiz,2,4,0,17,10,7,3,1274.00778559963,1093.24229433264,1,5,0,0,10,5,0,0,11,11,24,18,46,32,4,-4,7,-7,4,-4,0,4,3,7,10,17
2020-11-08,SP1,Getafe,Villarreal,0,1,3,13,9,5,5,1014.02094729445,1144.93662659376,0,0,1,0,0,2,1,3,7,11,13,18,24,32,-2,2,4,-4,0,0,3,1,5,5,9,13
2020-11-08,SP1,Sociedad,Granada,2,2,0,22,2,9,1,1222.75589041295,1032.33138393546,2,1,0,0,2,2,0,0,12,8,20,18,35,28,2,-2,20,-20,8,-8,0,2,1,9,2,22
2020-11-08,SP1,Levante,Alaves,1,1,1,18,6,5,2,930.115113939308,852.672771299559,0,1,0,0,1,1,2,0,2,7,11,8,25,18,0,0,12,-12,3,-3,1,1,2,5,6,18
2020-11-08,SP1,Valladolid,Athletic Club,2,2,1,7,17,4,2,804.114796234586,996.36918838846,0,0,2,2,0,0,5,2,1,6,5,12,15,27,1,-1,-10,10,2,-2,1,2,2,4,17,7
2020-11-08,SP1,Valencia,Real Madrid,2,4,1,7,16,4,6,938.045001427933,1322.20903808458,0,3,0,0,1,5,3,0,4,12,12,21,23,45,3,-3,-9,9,-2,2,1,4,6,4,16,7
2020-11-20,SP1,Osasuna,Huesca,1,1,1,18,6,7,5,939.049260509316,925.842037298341,0,0,1,2,0,0,1,5,7,3,10,6,25,6,0,0,12,-12,2,-2,1,1,5,7,6,18
2020-11-21,SP1,Levante,Elche,1,1,1,13,11,5,5,926.606674067722,958.964148157504,0,0,0,1,2,0,3,1,3,8,12,14,23,24,0,0,2,-2,0,0,1,1,5,5,11,13
2020-11-21,SP1,Villarreal,Real Madrid,1,1,1,13,6,1,1,1173.00856705654,1223.91356051013,4,0,0,1,5,0,0,1,11,9,21,18,35,42,0,0,7,-7,0,0,1,1,1,1,6,13
2020-11-21,SP1,Sevilla,Celta,2,4,2,15,10,10,7,1098.44111823497,898.352304897605,1,0,0,0,1,2,0,8,4,2,15,7,29,18,2,-2,5,-5,3,-3,2,4,7,10,10,15
2020-11-21,SP1,Ath Madrid,Barcelona,2,1,0,9,13,2,4,1307.68348347855,1226.61372085858,2,0,0,0,11,1,0,2,13,5,24,15,46,39,1,-1,-4,4,-2,2,0,1,4,2,13,9
2020-11-22,SP1,Eibar,Getafe,1,0,0,15,8,5,3,955.37211314603,985.949006831669,0,0,1,0,0,1,5,5,8,4,9,12,9,23,0,0,7,-7,2,-2,0,0,3,5,8,15
2020-11-22,SP1,Cadiz,Sociedad,0,0,1,2,14,0,4,1059.56659645372,1244.72486537387,0,3,0,0,2,5,5,0,8,15,17,20,29,38,-1,1,-12,12,-4,4,1,0,4,0,14,2
2020-11-22,SP1,Granada,Valladolid,0,1,3,16,9,6,3,1010.36240897454,852.21171507472,0,0,0,1,7,0,1,8,8,4,15,7,27,18,-2,2,7,-7,3,-3,3,1,3,6,9,16
2020-11-22,SP1,Alaves,Valencia,1,2,2,13,13,3,5,856.181211171144,1036.34047900239,0,0,0,2,1,0,2,2,8,4,9,14,18,23,0,0,0,0,-2,2,2,2,5,3,13,13
2020-11-23,SP1,Athletic Club,Betis,2,4,0,14,7,9,1,948.272269548326,1035.33884946971,2,0,0,2,2,0,0,2,6,6,12,13,27,31,4,-4,7,-7,8,-8,0,4,1,9,7,14
2020-11-27,SP1,Valladolid,Levante,1,1,1,10,10,4,3,914.759666717455,928.092497474542,1,0,0,0,1,1,0,3,7,4,9,10,20,24,0,0,0,0,1,-1,1,1,3,4,10,10
2020-11-28,SP1,Elche,Cadiz,1,1,1,4,7,3,2,957.478324750684,1043.17031944213,0,0,0,1,3,0,1,1,8,7,15,14,25,29,0,0,-3,3,1,-1,1,1,2,3,7,4
2020-11-28,SP1,Valencia,Ath Madrid,0,0,1,5,14,2,6,1028.71532000163,1332.34930824037,1,2,0,0,2,5,0,0,5,15,12,24,23,46,-1,1,-9,9,-4,4,1,0,6,2,14,5
2020-11-28,SP1,Huesca,Sevilla,0,0,1,5,16,1,4,926.449959611896,1119.50678883261,0,0,0,2,3,0,4,3,3,6,7,17,7,29,-1,1,-11,11,-3,3,1,0,4,1,16,5
2020-11-28,SP1,Real Madrid,Alaves,0,1,2,20,11,9,6,1221.5859309133,863.806370171903,1,0,0,0,1,2,0,1,7,6,18,10,40,19,-1,1,9,-9,3,-3,2,1,6,9,11,20
2020-11-29,SP1,Barcelona,Osasuna,2,4,0,20,10,11,5,1201.94789609676,938.441338195761,1,0,0,1,1,0,0,3,4,5,12,11,36,23,4,-4,10,-10,6,-6,0,4,5,11,10,20
2020-11-29,SP1,Getafe,Athletic Club,1,1,1,11,5,3,2,984.544513043196,1028.60941022041,0,0,2,3,0,0,2,3,5,9,12,12,24,27,0,0,6,-6,1,-1,1,1,2,3,5,11
2020-11-29,SP1,Celta,Granada,2,3,1,17,9,8,2,877.286634299962,947.814457331805,0,0,3,1,0,0,3,1,2,7,7,15,18,27,2,-2,8,-8,6,-6,1,3,2,8,9,17
2020-11-29,SP1,Sociedad,Villarreal,1,1,1,8,10,4,2,1261.12114238546,1175.33619665336,3,1,0,0,3,3,0,0,15,11,23,19,38,33,0,0,-2,2,2,-2,1,1,2,4,10,8
2020-11-30,SP1,Betis,Eibar,0,0,2,7,11,3,6,955.001708797624,956.776606934504,1,0,0,0,1,3,0,1,3,6,12,10,28,10,-2,2,-4,4,-3,3,2,0,6,3,11,7
2020-12-04,SP1,Athletic Club,Celta,0,0,2,10,6,0,4,1026.59095778929,929.926841715615,3,0,0,1,3,0,0,9,7,5,13,9,28,20,-2,2,4,-4,-4,4,2,0,4,0,6,10
2020-12-05,SP1,Levante,Getafe,2,3,0,12,9,8,0,927.478799149914,986.562965474312,0,0,0,0,3,2,4,6,5,3,8,13,24,24,3,-3,3,-3,8,-8,0,3,0,8,9,12
2020-12-05,SP1,Sevilla,Real Madrid,0,0,1,12,10,2,3,1135.3547282867,1164.82378618702,2,0,0,0,2,1,0,2,9,7,19,17,31,37,-1,1,2,-2,-1,1,1,0,3,2,10,12
2020-12-05,SP1,Ath Madrid,Valladolid,2,2,0,15,13,4,3,1341.84163487733,915.373365042083,3,1,0,0,12,1,0,0,15,7,26,9,46,18,2,-2,2,-2,1,-1,0,2,3,4,13,15
2020-12-05,SP1,Cadiz,Barcelona,2,2,1,7,21,3,8,1039.30217657818,1225.1590855678,0,0,1,1,0,0,6,3,5,7,15,14,27,36,1,-1,-14,14,-5,5,1,2,8,3,21,7
2020-12-06,SP1,Granada,Huesca,1,3,3,15,16,6,7,895.174249916152,910.60202015781,0,0,1,0,0,1,2,6,4,2,14,6,27,7,0,0,-1,1,-1,1,3,3,7,6,16,15
2020-12-06,SP1,Osasuna,Betis,0,0,2,10,12,0,5,915.230148724724,911.368138424736,0,0,0,3,1,0,2,3,4,3,11,9,23,27,-2,2,-2,2,-5,5,2,0,5,0,12,10
2020-12-06,SP1,Villarreal,Elche,1,0,0,12,3,3,0,1179.20836962302,961.346467614635,0,0,0,0,6,1,1,2,9,6,19,16,34,26,0,0,9,-9,3,-3,0,0,0,3,3,12
2020-12-06,SP1,Alaves,Sociedad,1,0,0,5,13,1,5,920.568514898183,1257.2489694158,0,4,0,0,2,6,3,0,9,13,13,23,22,38,0,0,-8,8,-4,4,0,0,5,1,13,5
2020-12-07,SP1,Eibar,Valencia,1,0,0,19,6,3,4,1000.41017730739,1019.22299336466,0,0,0,0,1,1,6,3,8,5,12,9,13,20,0,0,13,-13,-1,1,0,0,4,3,6,19
2020-12-11,SP1,Valladolid,Osasuna,2,3,2,11,13,6,6,908.437071135589,870.885040056939,0,0,0,2,2,0,1,4,7,1,9,8,15,20,1,-1,-2,2,0,0,2,3,6,6,13,11
2020-12-12,SP1,Valencia,Athletic Club,1,2,2,11,13,2,5,1018.35747689162,970.836591703557,0,0,1,0,0,1,1,4,6,7,10,13,20,27,0,0,-2,2,-3,3,2,2,5,2,13,11
2020-12-12,SP1,Getafe,Sevilla,0,0,1,8,8,2,0,922.846215645401,1106.06243864499,0,1,0,0,1,1,3,0,3,9,10,16,23,30,-1,1,0,0,2,-2,1,0,0,2,8,8
2020-12-12,SP1,Huesca,Alaves,2,1,0,11,3,3,1,909.892011680336,932.541058696217,0,1,1,0,0,3,5,0,3,7,7,14,8,23,1,-1,8,-8,2,-2,0,1,1,3,3,11
2020-12-12,SP1,Real Madrid,Ath Madrid,2,2,0,11,5,3,1,1194.11607582873,1348.77792878383,0,3,1,0,0,6,1,0,7,15,19,26,40,46,2,-2,6,-6,2,-2,0,2,1,3,5,11
2020-12-13,SP1,Sociedad,Eibar,1,1,1,8,16,2,4,1245.27642561776,1001.27569378043,0,1,0,0,4,4,1,0,11,6,23,13,36,14,0,0,-8,8,-2,2,1,1,4,2,16,8
2020-12-13,SP1,Betis,Villarreal,1,1,1,11,7,5,2,955.713247092521,1170.3120116103,0,0,1,0,0,4,1,1,6,9,9,17,27,35,0,0,4,-4,3,-3,1,1,2,5,7,11
2020-12-13,SP1,Elche,Granada,0,0,1,9,13,1,5,970.242825627362,895.884258393626,0,0,0,2,4,0,2,2,4,2,14,12,24,25,-1,1,-4,4,-4,4,1,0,5,1,13,9
2020-12-13,SP1,Barcelona,Levante,2,1,0,24,7,13,3,1177.50636335919,991.195548978825,2,0,0,0,2,2,0,4,7,7,14,11,33,27,1,-1,17,-17,10,-10,0,1,3,13,7,24
2020-12-14,SP1,Celta,Cadiz,2,4,0,8,12,5,2,985.68120780135,1086.95489878679,1,0,0,0,1,1,0,2,7,7,9,15,23,29,4,-4,-4,4,3,-3,0,4,2,5,12,8
2020-12-15,SP1,Real Madrid,Athletic Club,2,3,1,18,10,5,4,1256.3020686954,973.01146393756,1,0,0,0,1,2,0,5,7,5,19,11,40,25,2,-2,8,-8,1,-1,1,3,4,5,10,18
2020-12-16,SP1,Barcelona,Sociedad,2,2,1,14,12,4,5,1193.82185803038,1235.58331083981,3,0,0,0,3,7,0,1,9,9,14,21,33,34,1,-1,2,-2,-1,1,1,2,5,4,12,14
2020-12-18,SP1,Athletic Club,Huesca,2,2,0,10,6,3,1,958.650076662611,943.975116028557,0,0,1,0,0,2,1,7,5,6,11,9,24,11,2,-2,4,-4,2,-2,0,2,1,3,6,10
2020-12-19,SP1,Ath Madrid,Elche,2,3,1,12,8,6,3,1286.59193591717,931.49683548148,4,0,0,0,13,2,0,3,12,4,23,14,43,24,2,-2,4,-4,3,-3,1,3,3,6,8,12
2020-12-19,SP1,Barcelona,Valencia,1,2,2,25,12,9,4,1229.64981249974,1016.18260465762,4,0,0,0,4,2,0,4,9,6,14,10,33,20,0,0,13,-13,5,-5,2,2,4,9,12,25
2020-12-19,SP1,Levante,Sociedad,2,2,1,13,15,5,5,974.880054307627,1199.75535637046,1,0,0,1,4,0,0,2,6,6,8,21,24,33,1,-1,-2,2,0,0,1,2,5,5,15,13
2020-12-19,SP1,Osasuna,Villarreal,0,1,3,6,13,1,6,842.330304480026,1161.52000998968,0,0,1,0,0,5,3,2,1,7,8,18,20,35,-2,2,-7,7,-5,5,3,1,6,1,13,6
2020-12-19,SP1,Sevilla,Valladolid,1,1,1,14,12,3,5,1122.59542625423,936.991806712502,0,0,1,1,0,0,1,1,12,10,16,11,32,18,0,0,2,-2,-2,2,1,1,5,3,12,14
2020-12-20,SP1,Celta,Alaves,2,2,0,11,8,3,2,1068.47102929913,898.457954347996,2,0,0,1,2,0,0,1,10,6,11,13,26,23,2,-2,3,-3,1,-1,0,2,2,3,8,11
2020-12-20,SP1,Granada,Betis,2,2,0,8,14,3,1,934.630248539509,964.505248713139,0,1,0,0,1,1,3,0,4,4,12,10,27,25,2,-2,-6,6,2,-2,0,2,1,3,14,8
2020-12-20,SP1,Cadiz,Getafe,0,0,2,8,6,1,4,1004.16507728901,906.313228036161,1,0,0,1,1,0,0,7,4,2,15,9,29,20,-2,2,2,-2,-3,3,2,0,4,1,6,8
2020-12-20,SP1,Eibar,Real Madrid,0,1,3,10,11,3,5,1010.96880855838,1270.66345597035,0,1,0,0,2,2,7,0,7,10,14,19,15,40,-2,2,-1,1,-2,2,3,1,5,3,11,10
2020-12-22,SP1,Elche,Osasuna,1,2,2,7,15,2,6,921.440218444055,830.281858208575,0,0,1,3,0,0,3,5,3,1,11,8,24,17,0,0,-8,8,-4,4,2,2,6,2,15,7
2020-12-22,SP1,Valencia,Sevilla,0,0,1,10,19,4,3,1024.93816574711,1114.77794183481,0,2,0,0,1,2,2,0,4,10,8,14,21,33,-1,1,-9,9,1,-1,1,0,3,4,19,10
2020-12-22,SP1,Huesca,Levante,1,1,1,11,9,2,1,901.968852256503,1025.11401099545,1,0,0,1,1,0,0,5,5,8,8,11,11,27,0,0,2,-2,1,-1,1,1,1,2,9,11
2020-12-22,SP1,Sociedad,Ath Madrid,0,0,2,6,8,1,3,1149.52139968264,1296.64855295459,0,0,0,1,5,0,2,1,3,12,18,25,33,43,-2,2,-2,2,-2,2,2,0,3,1,8,6
2020-12-22,SP1,Valladolid,Barcelona,0,0,3,12,21,5,10,944.809291131914,1220.89425141025,1,0,0,2,3,0,0,4,8,10,12,14,19,34,-3,3,-9,9,-5,5,3,0,10,5,21,12
2020-12-22,SP1,Villarreal,Athletic Club,1,1,1,17,9,6,3,1173.56845626113,1000.65634043466,0,0,0,1,7,0,2,6,7,5,18,14,35,27,0,0,8,-8,3,-3,1,1,3,6,9,17
2020-12-23,SP1,Getafe,Celta,1,1,1,6,2,3,1,962.206363228446,1092.43088321332,0,1,1,0,0,1,4,0,5,12,9,14,23,26,0,0,4,-4,2,-2,1,1,1,3,2,6
2020-12-23,SP1,Real Madrid,Granada,2,2,0,23,10,6,1,1286.73148617898,982.249791632214,2,1,0,0,2,1,0,0,12,7,19,15,40,30,2,-2,13,-13,5,-5,0,2,1,6,10,23
2020-12-23,SP1,Alaves,Eibar,2,2,1,13,8,3,4,874.498100433805,994.900778349743,0,0,0,0,3,5,4,1,5,6,13,14,20,15,1,-1,5,-5,-1,1,1,2,4,3,8,13
2020-12-23,SP1,Betis,Cadiz,2,1,0,6,6,1,3,916.885705620433,948.27194209673,0,0,0,1,1,0,2,3,4,4,10,12,24,26,1,-1,0,0,-2,2,0,1,3,1,6,6
2020-12-29,SP1,Sevilla,Villarreal,2,2,0,10,6,3,2,1138.68301182177,1166.20379240341,0,1,0,0,1,6,2,0,10,7,16,18,33,33,2,-2,4,-4,1,-1,0,2,2,3,6,10
2020-12-29,SP1,Barcelona,Eibar,1,1,1,16,9,5,3,1239.37896091508,952.234874744057,0,0,0,1,5,0,1,2,10,5,17,11,34,15,0,0,7,-7,2,-2,1,1,3,5,9,16
2020-12-29,SP1,Cadiz,Valladolid,1,0,0,8,7,3,1,913.389000941347,926.324581627079,0,0,1,0,0,1,1,2,4,5,11,12,26,19,0,0,1,-1,2,-2,0,0,1,3,7,8
2020-12-29,SP1,Levante,Betis,2,4,3,10,19,5,7,1019.66909106551,951.768646775816,2,0,0,1,5,0,0,1,8,7,12,10,25,27,1,-1,-9,9,-2,2,3,4,7,5,19,10
2020-12-30,SP1,Granada,Valencia,2,2,1,24,16,5,6,969.294054049282,1001.03309576016,1,0,0,0,2,3,0,5,7,3,14,8,30,21,1,-1,8,-8,-1,1,1,2,6,5,16,24
2020-12-30,SP1,Ath Madrid,Getafe,2,1,0,10,10,3,2,1322.96986394955,967.937519658716,5,1,0,0,14,1,0,0,12,5,27,10,46,24,1,-1,0,0,1,-1,0,1,2,3,10,10
2020-12-30,SP1,Celta,Huesca,2,2,1,15,17,6,6,1086.69972678305,907.413772186447,3,0,0,1,3,0,0,8,13,5,15,8,27,12,1,-1,-2,2,0,0,1,2,6,6,17,15
2020-12-30,SP1,Elche,Real Madrid,1,1,1,6,14,3,6,917.335970974471,1299.68722376192,0,2,0,0,1,3,4,0,3,15,11,22,25,40,0,0,-8,8,-3,3,1,1,6,3,14,6
2020-12-31,SP1,Athletic Club,Sociedad,0,0,1,4,13,0,3,1008.02100429238,1123.20008868768,1,0,0,2,1,0,0,3,5,2,12,15,25,32,-1,1,-9,9,-3,3,1,0,3,0,13,4
2020-12-31,SP1,Osasuna,Alaves,1,1,1,8,15,3,1,834.386105678159,917.164004039491,0,0,2,2,0,0,4,2,1,7,6,13,15,23,0,0,-7,7,2,-2,1,1,1,3,15,8
2021-01-02,SP1,Villarreal,Levante,2,2,1,12,9,7,2,1118.87940857563,1045.49365141559,0,0,0,0,8,1,3,6,6,10,15,15,33,28,1,-1,3,-3,5,-5,1,2,2,7,9,12
2021-01-02,SP1,Betis,Sevilla,1,1,1,16,6,3,2,925.944086425731,1186.00739564955,1,3,0,0,2,3,0,0,7,10,10,19,26,36,0,0,10,-10,1,-1,1,1,2,3,6,16
2021-01-02,SP1,Getafe,Valladolid,0,0,1,11,8,4,2,960.597524902504,925.729151223407,0,0,0,0,1,2,5,3,4,5,7,12,21,20,-1,1,3,-3,2,-2,1,0,2,4,8,11
2021-01-02,SP1,Real Madrid,Celta,2,2,0,9,6,2,1,1286.87639354909,1103.5116498027,3,0,0,0,3,2,0,1,13,13,20,18,38,29,2,-2,3,-3,1,-1,0,2,1,2,6,9
2021-01-03,SP1,Athletic Club,Elche,2,1,0,13,5,2,2,986.257124905403,930.146801187298,0,0,1,1,0,0,1,4,5,3,12,9,22,23,1,-1,8,-8,0,0,0,1,2,2,5,13
2021-01-03,SP1,Alaves,Ath Madrid,0,1,2,4,8,1,4,913.422470447097,1330.30985870576,1,1,0,0,4,1,0,0,5,12,14,27,21,46,-1,1,-4,4,-3,3,2,1,4,1,8,4
2021-01-03,SP1,Eibar,Granada,2,2,0,15,6,7,3,963.092065972029,1004.20922306438,0,0,1,1,0,0,8,1,3,10,11,14,16,32,2,-2,9,-9,4,-4,0,2,3,7,6,15
2021-01-03,SP1,Sociedad,Osasuna,1,1,1,8,6,2,2,1144.96396807466,838.127639270553,0,0,1,0,0,1,3,6,4,2,15,6,35,16,0,0,2,-2,0,0,1,1,2,2,6,8
2021-01-03,SP1,Huesca,Barcelona,0,0,1,4,20,4,7,890.601849166798,1228.52176968711,0,1,0,0,2,1,1,0,5,11,7,18,12,35,-1,1,-16,16,-3,3,1,0,7,4,20,4
2021-01-04,SP1,Valencia,Cadiz,1,1,1,11,9,4,2,966.117926745065,913.984431345018,0,0,1,2,0,0,3,4,3,4,8,9,20,26,0,0,2,-2,2,-2,1,1,2,4,9,11
2021-01-06,SP1,Athletic Club,Barcelona,0,2,3,8,13,3,9,1013.13363903029,1236.52657796526,1,2,0,0,1,2,0,0,7,11,12,20,24,35,-1,1,-5,5,-6,6,3,2,9,3,13,8
2021-01-08,SP1,Celta,Villarreal,0,0,4,8,15,3,6,1080.86671951265,1144.2190859473,4,0,0,1,4,0,0,1,10,8,17,17,26,35,-4,4,-7,7,-3,3,4,0,6,3,15,8
2021-01-09,SP1,Sevilla,Sociedad,2,3,2,12,10,7,4,1175.85913014372,1133.63609846709,1,1,0,0,2,1,0,0,11,4,20,13,34,33,1,-1,2,-2,3,-3,2,3,4,7,10,12
2021-01-09,SP1,Granada,Barcelona,0,0,4,8,13,4,4,955.18538472696,1250.38504667415,2,3,0,0,3,3,0,0,9,11,11,20,31,35,-4,4,-5,5,0,0,4,0,4,4,13,8
2021-01-09,SP1,Osasuna,Real Madrid,1,0,0,8,9,2,1,849.455508878121,1309.52132383913,0,0,0,0,1,4,5,1,3,13,4,20,16,41,0,0,-1,1,1,-1,0,0,1,2,9,8
2021-01-10,SP1,Levante,Eibar,2,2,1,4,17,2,4,1020.15397404393,1012.11590430944,3,0,0,0,6,1,0,3,7,5,14,11,27,19,1,-1,-13,13,-2,2,1,2,4,2,17,4
2021-01-10,SP1,Cadiz,Alaves,2,3,1,10,5,7,2,916.367409528152,908.098425687449,0,0,0,0,1,1,2,3,2,4,9,11,24,21,2,-2,5,-5,5,-5,1,3,2,7,5,10
2021-01-10,SP1,Valladolid,Valencia,0,0,1,11,17,4,6,960.929908344514,963.734948561931,0,0,1,1,0,0,1,6,8,3,15,9,23,20,-1,1,-6,6,-2,2,1,0,6,4,17,11
2021-01-11,SP1,Elche,Getafe,0,1,3,7,14,4,7,903.270287062412,925.396767781397,0,0,0,1,2,0,5,1,2,4,6,7,20,20,-2,2,-7,7,-3,3,3,1,7,4,14,7
2021-01-11,SP1,Huesca,Betis,0,0,2,10,15,3,5,882.597040888648,936.092351931557,0,0,1,2,0,0,2,2,4,5,7,11,12,27,-2,2,-5,5,-2,2,2,0,5,3,15,10
2021-01-12,SP1,Granada,Osasuna,2,2,0,9,15,2,3,935.246761895548,863.340607337403,0,0,1,0,0,2,1,7,6,4,10,5,28,16,2,-2,-6,6,-1,1,0,2,3,2,15,9
2021-01-12,SP1,Ath Madrid,Sevilla,2,2,0,5,13,4,2,1335.63390346541,1203.98927772515,6,0,0,0,15,4,0,1,12,11,27,23,48,36,2,-2,-8,8,2,-2,0,2,2,4,13,5
2021-01-19,SP1,Cadiz,Levante,1,2,2,8,8,2,5,959.181411152687,1051.41377252109,1,0,0,1,2,0,0,7,5,10,9,16,27,27,0,0,0,0,-3,3,2,2,5,2,8,8
2021-01-19,SP1,Valladolid,Elche,1,2,2,13,9,2,3,929.188256482893,862.201977243081,0,0,2,2,0,0,2,5,5,2,15,6,20,19,0,0,4,-4,-1,1,2,2,3,2,9,13
2021-01-19,SP1,Alaves,Sevilla,0,1,2,12,7,3,3,865.284424062915,1175.99737261672,0,0,1,1,0,0,1,2,4,10,10,20,18,35,-1,1,5,-5,0,0,2,1,3,3,7,12
2021-01-20,SP1,Getafe,Huesca,2,1,0,12,15,5,3,966.465077600728,845.439400137184,0,0,1,2,0,0,6,9,7,1,9,7,22,12,1,-1,-3,3,2,-2,0,1,3,5,15,12
2021-01-20,SP1,Betis,Celta,2,2,1,12,10,4,3,973.249992683022,1027.9967890105,0,0,0,1,3,0,1,2,7,7,11,17,27,26,1,-1,2,-2,1,-1,1,2,3,4,10,12
2021-01-20,SP1,Villarreal,Granada,1,2,2,9,3,3,2,1197.08901644945,970.154911096248,1,0,0,2,9,0,0,2,10,6,17,13,35,28,0,0,6,-6,1,-1,2,2,2,3,3,9
2021-01-21,SP1,Valencia,Osasuna,1,1,1,10,14,3,5,995.476600423552,828.432458136703,0,0,0,1,1,0,4,8,5,4,11,5,23,15,0,0,-4,4,-2,2,1,1,5,3,14,10
2021-01-21,SP1,Eibar,Ath Madrid,0,1,2,12,9,2,4,980.856105832278,1363.62580857384,1,2,0,0,1,2,0,0,4,15,11,27,19,51,-1,1,3,-3,-2,2,2,1,4,2,9,12
2021-01-22,SP1,Levante,Valladolid,1,2,2,11,7,3,3,1047.26335667715,926.141088155816,4,1,0,0,7,3,0,0,8,5,16,13,28,20,0,0,4,-4,0,0,2,2,3,3,7,11
2021-01-23,SP1,Huesca,Villarreal,1,0,0,5,8,1,2,824.156278915279,1187.90822673206,0,1,2,0,0,1,3,0,1,8,6,15,12,36,0,0,-3,3,-1,1,0,0,2,1,8,5
2021-01-23,SP1,Sevilla,Cadiz,2,3,0,15,9,7,3,1185.16495865367,963.331826996627,2,0,0,0,3,1,0,5,10,6,20,10,37,27,3,-3,6,-6,4,-4,0,3,3,7,9,15
2021-01-23,SP1,Sociedad,Betis,1,2,2,12,7,6,4,1105.50595088566,1010.25103610407,0,1,0,0,1,1,4,0,4,10,10,14,30,27,0,0,5,-5,2,-2,2,2,4,6,7,12
2021-01-23,SP1,Alaves,Real Madrid,0,1,4,14,10,4,7,856.116838025967,1295.63622537985,0,0,2,0,0,5,2,2,4,11,9,21,18,39,-3,3,4,-4,-3,3,4,1,7,4,10,14
2021-01-24,SP1,Osasuna,Granada,2,3,1,7,12,4,1,835.58249692407,979.33570081364,0,0,0,0,2,1,6,3,4,7,5,14,16,29,2,-2,-5,5,3,-3,1,3,1,4,12,7
2021-01-24,SP1,Elche,Barcelona,0,0,2,4,15,2,8,865.249145570157,1270.32366950556,0,4,1,0,0,4,6,0,3,13,6,23,20,35,-2,2,-11,11,-6,6,2,0,8,2,15,4
2021-01-24,SP1,Celta,Eibar,1,1,1,7,9,4,2,990.995745589449,974.491585806023,0,0,1,1,0,0,1,4,4,4,16,10,23,19,0,0,-2,2,2,-2,1,1,2,4,9,7
2021-01-24,SP1,Ath Madrid,Valencia,2,3,1,14,8,5,4,1369.9903286001,988.326561636185,7,1,0,0,16,1,0,0,15,5,27,9,51,23,2,-2,6,-6,1,-1,1,3,4,5,8,14
2021-01-25,SP1,Athletic Club,Getafe,2,5,1,11,6,8,2,999.275170321404,987.748198822633,0,1,1,0,0,1,1,0,7,7,12,12,24,24,4,-4,5,-5,6,-6,1,5,2,8,6,11
2021-01-29,SP1,Valladolid,Huesca,0,1,3,14,11,4,5,931.503476453045,836.646239604013,0,0,0,3,1,0,3,10,6,1,11,6,20,13,-2,2,3,-3,-1,1,3,1,5,4,11,14
2021-01-30,SP1,Eibar,Sevilla,0,0,2,17,7,6,4,975.251059283281,1208.9479027256,0,1,1,0,0,1,1,0,5,10,10,20,20,39,-2,2,10,-10,2,-2,2,0,4,6,7,17
2021-01-30,SP1,Real Madrid,Levante,0,1,2,8,14,2,8,1303.68251344017,1041.90096837992,4,0,0,0,4,1,0,8,11,8,23,16,41,26,-1,1,-6,6,-6,6,2,1,8,2,14,8
2021-01-30,SP1,Valencia,Elche,2,1,0,14,10,4,1,979.553527513322,857.484276262448,0,0,0,0,2,1,5,6,5,2,8,5,20,20,1,-1,4,-4,3,-3,0,1,1,4,10,14
2021-01-30,SP1,Villarreal,Sociedad,1,1,1,4,12,2,3,1175.41826604332,1101.22600308317,0,0,0,1,10,0,1,1,8,5,15,8,34,31,0,0,-8,8,-1,1,1,1,3,2,12,4
2021-01-31,SP1,Getafe,Alaves,1,0,0,5,5,1,1,925.384516317088,848.070549965644,1,0,0,1,1,0,0,4,6,1,11,8,23,18,0,0,0,0,0,0,0,0,1,1,5,5
2021-01-31,SP1,Cadiz,Ath Madrid,0,2,4,11,9,6,4,939.548882924694,1378.76336272296,0,3,0,0,3,3,1,0,6,15,10,27,24,51,-2,2,2,-2,2,-2,4,2,4,6,9,11
2021-01-31,SP1,Granada,Celta,1,0,0,10,7,5,1,918.300968906276,990.236272112191,1,0,0,2,1,0,0,3,4,4,14,17,28,24,0,0,3,-3,4,-4,0,0,1,5,7,10
2021-01-31,SP1,Barcelona,Athletic Club,2,2,1,12,7,6,2,1278.08853881327,1061.63885282695,0,0,0,0,6,1,2,7,13,7,23,12,37,24,1,-1,5,-5,4,-4,1,2,2,6,7,12
2021-02-01,SP1,Betis,Osasuna,2,1,0,8,15,4,5,1014.53098390656,896.617228831434,1,0,0,0,4,1,0,9,8,6,15,8,27,19,1,-1,-7,7,-1,1,0,1,5,4,15,8
2021-02-05,SP1,Alaves,Valladolid,2,1,0,20,3,5,1,851.573361696796,875.960710743543,0,0,3,0,0,4,3,1,1,5,6,10,19,19,1,-1,17,-17,4,-4,0,1,1,5,3,20
2021-02-06,SP1,Levante,Granada,1,2,2,11,11,7,5,1094.2917930128,921.567172757058,0,0,0,1,8,0,1,4,8,5,18,14,26,26,0,0,0,0,2,-2,2,2,5,7,11,11
2021-02-06,SP1,Huesca,Real Madrid,0,1,2,13,18,2,7,892.189005313515,1251.2916888073,0,1,0,0,1,6,4,0,4,8,9,23,15,40,-1,1,-5,5,-5,5,2,1,7,2,18,13
2021-02-06,SP1,Elche,Villarreal,1,2,2,8,9,2,4,836.286405310274,1172.0525899416,0,0,2,0,0,2,7,1,1,9,4,15,20,34,0,0,-1,1,-2,2,2,2,4,2,9,8
2021-02-06,SP1,Sevilla,Getafe,2,3,0,17,5,5,1,1227.07383599133,921.881704585935,3,0,0,1,4,0,0,1,12,7,23,11,39,24,3,-3,12,-12,4,-4,0,3,1,5,5,17
2021-02-07,SP1,Sociedad,Cadiz,2,4,1,17,2,6,1,1104.59167918489,933.06704149104,0,0,0,1,2,0,5,6,6,5,8,9,31,24,3,-3,15,-15,5,-5,1,4,1,6,2,17
2021-02-07,SP1,Athletic Club,Valencia,1,1,1,11,15,2,2,1047.34150843022,1000.7513984655,1,0,0,1,1,0,0,1,6,8,11,11,24,20,0,0,-4,4,0,0,1,1,2,2,15,11
2021-02-07,SP1,Osasuna,Eibar,2,2,1,12,12,4,3,875.078877234345,957.12512601755,1,0,0,0,3,1,0,5,5,4,8,7,16,19,1,-1,0,0,1,-1,1,2,3,4,12,12
2021-02-07,SP1,Betis,Barcelona,0,2,3,8,12,5,4,1036.06933550365,1292.38588321,2,5,0,0,5,5,0,0,11,15,18,26,27,40,-1,1,-4,4,1,-1,3,2,4,5,12,8
2021-02-08,SP1,Ath Madrid,Celta,1,2,2,9,7,2,2,1385.24520415661,986.970068261409,8,0,0,0,17,1,0,4,15,2,27,15,53,24,0,0,2,-2,0,0,2,2,2,2,7,9
2021-02-09,SP1,Real Madrid,Getafe,2,2,0,14,1,4,0,1258.48079521445,905.828893815892,0,0,1,2,0,0,1,2,10,7,23,11,42,21,2,-2,13,-13,4,-4,0,2,0,4,1,14
2021-02-12,SP1,Celta,Elche,2,3,1,9,7,6,2,1000.0346116548,848.240383981125,0,0,0,1,1,0,2,7,3,2,13,4,22,18,2,-2,2,-2,4,-4,1,3,2,6,7,9
2021-02-13,SP1,Granada,Ath Madrid,0,1,2,6,10,1,4,928.92502980888,1372.18066076322,0,4,0,0,2,4,1,0,6,13,12,25,24,51,-1,1,-4,4,-3,3,2,1,4,1,10,6
2021-02-13,SP1,Sevilla,Huesca,2,1,0,14,9,4,5,1243.12664676138,884.999898906359,4,1,0,0,5,1,0,0,12,4,23,8,39,15,1,-1,5,-5,-1,1,0,1,5,4,9,14
2021-02-13,SP1,Eibar,Valladolid,1,1,1,14,5,2,1,917.705792534938,841.718234556189,0,0,2,1,0,0,2,2,1,2,6,10,19,19,0,0,9,-9,1,-1,1,1,1,2,5,14
2021-02-13,SP1,Barcelona,Alaves,2,5,1,17,6,9,2,1304.29702665205,885.815837884151,1,0,0,0,7,1,0,5,15,4,26,8,40,22,4,-4,11,-11,7,-7,1,5,2,9,6,17
2021-02-14,SP1,Getafe,Sociedad,0,0,1,4,3,0,2,895.646374380747,1134.19479238389,0,0,0,0,2,1,1,2,4,6,11,10,20,33,-1,1,1,-1,-2,2,1,0,2,0,3,4
2021-02-14,SP1,Real Madrid,Valencia,2,2,0,16,4,7,1,1268.6633146496,1002.88418367793,1,0,0,0,1,1,0,2,10,8,23,11,42,21,2,-2,12,-12,6,-6,0,2,1,7,4,16
2021-02-14,SP1,Levante,Osasuna,0,0,1,13,7,4,2,1086.93393596098,914.498210716957,0,0,0,1,9,0,2,10,9,7,16,11,27,19,-1,1,6,-6,2,-2,1,0,2,4,7,13
2021-02-14,SP1,Villarreal,Betis,0,1,2,9,15,5,4,1160.09861127075,1024.1581920616,0,0,0,0,11,2,2,1,7,10,15,15,32,24,-1,1,-6,6,1,-1,2,1,4,5,15,9
2021-02-15,SP1,Cadiz,Athletic Club,0,0,4,11,13,2,8,903.463928292044,1045.20872321778,0,0,1,1,0,0,2,8,4,7,6,12,21,25,-4,4,-2,2,-6,6,4,0,8,2,13,11
2021-02-17,SP1,Levante,Ath Madrid,1,1,1,7,14,4,6,1040.2392110724,1376.80914767228,0,5,1,0,0,5,3,0,6,13,16,28,24,51,0,0,-7,7,-2,2,1,1,6,4,14,7
2021-02-19,SP1,Betis,Getafe,2,1,0,12,6,5,1,1068.07668250667,882.711710448216,0,0,1,3,0,0,1,3,10,1,17,8,27,17,1,-1,6,-6,4,-4,0,1,1,5,6,12
2021-02-20,SP1,Elche,Eibar,2,1,0,6,13,2,3,822.411345878953,914.261184898093,0,0,0,1,1,0,8,6,2,2,4,6,18,20,1,-1,-7,7,-1,1,0,1,3,2,13,6
2021-02-20,SP1,Ath Madrid,Levante,0,0,2,28,6,11,1,1364.83884416596,1052.20951457872,0,1,0,0,18,2,1,0,11,6,26,14,51,25,-2,2,22,-22,10,-10,2,0,1,11,6,28
2021-02-20,SP1,Valencia,Celta,2,2,0,10,5,3,2,987.270753814165,1025.86364975697,1,0,0,0,3,2,0,5,5,6,10,13,20,24,2,-2,5,-5,1,-1,0,2,2,3,5,10
2021-02-20,SP1,Valladolid,Real Madrid,0,0,1,9,10,5,2,845.162842193033,1284.27674451337,0,2,1,0,0,7,4,0,3,12,8,23,19,42,-1,1,-1,1,3,-3,1,0,2,5,10,9
2021-02-21,SP1,Barcelona,Cadiz,1,1,1,20,3,4,1,1314.93886689243,863.907592889156,2,0,0,2,8,0,0,7,15,1,26,6,40,21,0,0,17,-17,3,-3,1,1,1,4,3,20
2021-02-21,SP1,Sociedad,Alaves,2,4,0,8,7,4,2,1147.12945631642,875.173997643771,1,0,0,1,3,0,0,6,8,4,12,8,33,21,4,-4,1,-1,2,-2,0,4,2,4,7,8
2021-02-21,SP1,Huesca,Granada,2,3,2,15,8,6,5,877.774863164715,924.29654289982,0,0,1,0,0,1,5,5,4,3,5,9,14,24,1,-1,7,-7,1,-1,2,3,5,6,8,15
2021-02-21,SP1,Athletic Club,Villarreal,1,1,1,18,3,8,2,1084.76505862067,1116.18012082568,0,0,0,0,2,3,1,2,7,4,14,14,25,32,0,0,15,-15,6,-6,1,1,2,8,3,18
2021-02-22,SP1,Osasuna,Sevilla,0,0,2,6,10,0,5,961.192935605537,1250.35168250302,2,2,0,0,4,2,0,0,10,15,14,25,22,39,-2,2,-4,4,-5,5,2,0,5,0,10,6
2021-02-24,SP1,Barcelona,Elche,2,3,0,9,6,5,1,1301.15883613294,862.679307277463,0,0,0,2,9,0,1,8,13,4,26,7,40,18,3,-3,3,-3,4,-4,0,3,1,5,6,9
2021-02-26,SP1,Levante,Athletic Club,1,1,1,10,11,4,5,1127.47839681175,1086.20784588787,0,1,0,0,1,1,4,0,8,8,16,15,28,26,0,0,-1,1,-1,1,1,1,5,4,11,10
2021-02-27,SP1,Eibar,Huesca,1,1,1,17,4,3,1,873.993223499583,914.034242759733,0,0,0,1,1,0,3,1,2,7,6,8,20,16,0,0,13,-13,2,-2,1,1,1,3,4,17
2021-02-27,SP1,Sevilla,Barcelona,0,0,2,4,9,2,5,1264.31196824225,1309.2498491073,5,6,0,0,6,6,0,0,15,13,25,26,41,43,-2,2,-5,5,-3,3,2,0,5,2,9,4
2021-02-27,SP1,Alaves,Osasuna,0,0,1,4,6,1,3,852.874220122952,947.23264986631,1,1,0,0,1,1,0,0,4,9,8,13,21,19,-1,1,-2,2,-2,2,1,0,3,1,6,4
2021-02-27,SP1,Getafe,Valencia,2,3,0,15,5,4,0,866.329940614546,1035.98010647649,0,0,1,1,0,0,2,3,1,7,7,12,17,20,3,-3,10,-10,4,-4,0,3,0,4,5,15
2021-02-28,SP1,Celta,Valladolid,1,1,1,11,7,2,3,977.154297094652,840.430935219474,1,0,0,0,2,1,0,3,6,2,10,7,24,19,0,0,4,-4,-1,1,1,1,3,2,7,11
2021-02-28,SP1,Cadiz,Betis,0,0,1,5,9,3,4,877.687623648648,1084.45845234034,0,1,2,0,0,3,3,0,1,10,7,20,19,30,-1,1,-4,4,-1,1,1,0,4,3,9,5
2021-02-28,SP1,Granada,Elche,2,2,1,13,12,4,4,888.037163304802,854.588294303096,0,0,1,3,0,0,2,9,2,4,9,6,23,17,1,-1,1,-1,0,0,1,2,4,4,12,13
2021-02-28,SP1,Villarreal,Ath Madrid,0,0,2,19,6,6,5,1114.73733355848,1289.56996193292,0,0,1,0,0,6,3,1,4,8,12,23,30,50,-2,2,13,-13,1,-1,2,0,5,6,6,19
2021-03-01,SP1,Real Madrid,Sociedad,1,1,1,21,6,2,2,1289.00865148693,1169.42923383724,2,1,0,0,2,2,0,0,12,11,23,15,42,36,0,0,15,-15,0,0,1,1,2,2,6,21
2021-03-05,SP1,Valencia,Villarreal,2,2,1,25,10,4,5,956.753327738548,1091.25758453835,2,0,0,0,4,4,0,3,7,3,12,11,20,29,1,-1,15,-15,-1,1,1,2,5,4,10,25
2021-03-06,SP1,Valladolid,Getafe,2,2,1,4,9,3,2,846.421208482918,945.556719352484,0,0,2,4,0,0,5,4,2,3,8,10,20,17,1,-1,-5,5,1,-1,1,2,2,3,9,4
2021-03-06,SP1,Elche,Sevilla,2,2,1,6,11,3,3,825.659566047291,1226.09554288393,1,3,0,0,2,3,0,0,4,12,5,22,14,41,1,-1,-5,5,0,0,1,2,3,3,11,6
2021-03-06,SP1,Cadiz,Eibar,2,1,0,6,16,2,1,862.762125679629,875.829059942777,0,0,3,2,0,0,4,7,1,2,7,7,18,18,1,-1,-10,10,1,-1,0,1,1,2,16,6
2021-03-06,SP1,Osasuna,Barcelona,0,0,2,10,13,3,6,970.749468156881,1347.46627446561,0,7,1,0,0,7,1,0,9,13,15,28,21,46,-2,2,-3,3,-3,3,2,0,6,3,13,10
2021-03-07,SP1,Huesca,Celta,0,3,4,19,10,7,7,912.198406316539,971.164023831207,1,0,0,1,1,0,0,6,7,6,8,10,16,25,-1,1,9,-9,0,0,4,3,7,7,10,19
2021-03-07,SP1,Ath Madrid,Real Madrid,1,1,1,11,18,5,8,1313.04971095306,1283.70942689328,0,3,1,0,0,8,2,0,8,13,23,21,50,43,0,0,-7,7,-3,3,1,1,8,5,18,11
2021-03-07,SP1,Sociedad,Levante,2,1,0,25,6,8,1,1174.72845843089,1125.58670669673,2,2,0,0,4,3,0,0,11,6,16,14,34,29,1,-1,19,-19,7,-7,0,1,1,8,6,25
2021-03-07,SP1,Athletic Club,Granada,2,2,1,7,13,5,3,1088.09953600289,916.965891560607,0,0,0,1,3,0,2,6,6,5,13,9,27,23,1,-1,-6,6,2,-2,1,2,3,5,13,7
2021-03-08,SP1,Betis,Alaves,2,3,2,23,4,8,3,1099.38395030936,829.357401832382,1,0,0,2,1,0,0,7,12,4,20,5,30,18,1,-1,19,-19,5,-5,2,3,3,8,4,23
2021-03-10,SP1,Ath Madrid,Athletic Club,2,2,1,11,4,5,2,1311.70174375303,1105.4996106054,0,0,0,0,1,2,3,1,8,9,21,15,48,27,1,-1,7,-7,3,-3,1,2,2,5,4,11
2021-03-12,SP1,Levante,Valencia,2,1,0,11,11,3,2,1098.08288621061,1000.55771711672,0,0,0,2,2,0,5,4,5,7,14,15,28,23,1,-1,0,0,1,-1,0,1,2,3,11,11
2021-03-13,SP1,Alaves,Cadiz,1,1,1,9,9,3,1,818.192473712668,895.965067673176,0,0,1,0,0,1,1,8,3,4,4,9,18,18,0,0,0,0,2,-2,1,1,1,3,9,9
2021-03-13,SP1,Real Madrid,Elche,2,2,1,17,3,4,2,1285.05739409331,883.854644971324,0,0,0,4,3,0,1,10,11,6,21,8,41,14,1,-1,14,-14,2,-2,1,2,2,4,3,17
2021-03-13,SP1,Osasuna,Valladolid,1,0,0,14,12,2,2,961.749016669611,887.311943244957,0,0,2,0,0,2,2,4,9,5,14,10,18,22,0,0,2,-2,0,0,0,0,2,2,12,14
2021-03-13,SP1,Getafe,Ath Madrid,1,0,0,11,15,2,7,904.665984590446,1326.66474069403,1,1,0,0,1,7,0,0,3,8,10,21,17,48,0,0,-4,4,-5,5,0,0,7,2,15,11
2021-03-14,SP1,Celta,Athletic Club,1,0,0,13,6,3,1,997.784639669115,1090.5366136644,0,0,0,1,3,0,1,2,8,8,10,15,28,27,0,0,7,-7,2,-2,0,0,1,3,6,13
2021-03-14,SP1,Granada,Sociedad,2,1,0,7,7,2,1,899.565816958099,1202.232278917,1,0,0,0,1,3,0,1,4,13,9,19,20,34,1,-1,0,0,1,-1,0,1,1,2,7,7
2021-03-14,SP1,Eibar,Villarreal,0,1,3,16,13,7,8,842.62611794923,1047.45319516018,0,0,0,1,2,0,4,4,2,2,6,11,17,26,-2,2,3,-3,-1,1,3,1,8,7,13,16
2021-03-14,SP1,Sevilla,Betis,2,1,0,9,13,3,3,1167.9004639599,1110.54887842908,0,2,1,0,0,4,1,0,9,12,21,23,41,33,1,-1,-4,4,0,0,0,1,3,3,13,9
2021-03-15,SP1,Barcelona,Huesca,2,4,1,12,8,5,4,1356.46672595288,885.577790478631,1,0,0,0,10,1,0,2,13,4,28,8,48,15,3,-3,4,-4,1,-1,1,4,4,5,8,12
2021-03-17,SP1,Sevilla,Elche,2,2,0,13,11,8,5,1194.66564849455,878.07298016849,1,0,0,5,1,0,0,11,9,6,21,8,44,14,2,-2,2,-2,3,-3,0,2,5,8,11,13
2021-03-19,SP1,Betis,Levante,2,2,0,15,7,6,1,1083.78369389442,1121.32919586432,2,0,0,1,2,0,0,1,12,8,22,14,33,30,2,-2,8,-8,5,-5,0,2,1,6,7,15
2021-03-20,SP1,Athletic Club,Eibar,1,1,1,18,4,4,2,1086.36388760514,821.993936926764,1,0,0,3,4,0,0,8,6,2,13,3,25,14,0,0,14,-14,2,-2,1,1,2,4,4,18
2021-03-20,SP1,Celta,Real Madrid,0,1,3,8,16,3,4,1001.95736572838,1290.83905889614,0,0,0,0,4,9,2,1,8,11,11,21,28,41,-2,2,-8,8,-1,1,3,1,4,3,16,8
2021-03-20,SP1,Huesca,Osasuna,1,0,0,15,7,3,2,878.777965415004,958.372567089896,0,2,1,0,0,2,1,0,4,7,8,14,15,19,0,0,8,-8,1,-1,0,0,2,3,7,15
2021-03-20,SP1,Valladolid,Sevilla,1,1,1,3,12,2,4,890.688392824672,1206.87031883266,1,0,0,1,1,0,0,1,6,9,8,24,23,44,0,0,-9,9,-2,2,1,1,4,2,12,3
2021-03-21,SP1,Getafe,Elche,1,1,1,12,6,5,2,918.074897113678,865.868309830383,0,0,0,6,2,0,1,12,4,3,8,7,17,13,0,0,6,-6,3,-3,1,1,2,5,6,12
2021-03-21,SP1,Valencia,Granada,2,2,1,18,15,9,3,977.311407463011,954.028375506568,3,0,0,2,5,0,0,7,6,6,14,12,23,22,1,-1,3,-3,6,-6,1,2,3,9,15,18
2021-03-21,SP1,Villarreal,Cadiz,2,2,1,13,9,4,3,1068.08537618265,892.442153458515,0,0,2,0,0,2,4,9,4,5,11,9,28,18,1,-1,4,-4,1,-1,1,2,3,4,9,13
2021-03-21,SP1,Ath Madrid,Alaves,2,1,0,8,9,4,3,1313.2558281708,821.715387927329,1,0,0,3,2,0,0,8,8,1,19,5,46,16,1,-1,-1,1,1,-1,0,1,3,4,9,8
2021-03-21,SP1,Sociedad,Barcelona,0,1,6,10,14,5,10,1147.76972036853,1363.26655101651,3,8,0,0,5,8,0,0,10,13,16,28,31,48,-5,5,-4,4,-5,5,6,1,10,5,14,10
2021-04-02,SP1,Levante,Huesca,0,0,2,13,6,3,2,1072.75048337595,882.380625569966,1,0,0,1,3,0,0,3,7,5,13,9,29,16,-2,2,7,-7,1,-1,2,0,2,3,6,13
2021-04-03,SP1,Granada,Villarreal,0,0,3,6,15,2,6,924.169617611357,1085.15851724978,2,1,0,0,2,1,0,0,6,7,9,11,22,28,-3,3,-9,9,-4,4,3,0,6,2,15,6
2021-04-03,SP1,Real Madrid,Eibar,2,2,0,21,10,8,4,1304.8180758611,832.259813656614,1,0,0,0,4,1,0,9,11,2,23,4,44,15,2,-2,11,-11,4,-4,0,2,4,8,10,21
2021-04-03,SP1,Osasuna,Getafe,1,0,0,4,6,1,2,954.769906934934,915.688627692744,0,0,0,5,1,0,3,5,5,5,15,6,20,18,0,0,-2,2,-1,1,0,0,2,1,6,4
2021-04-04,SP1,Alaves,Celta,0,1,3,17,8,7,6,818.147457580879,987.978348763429,0,1,0,0,1,1,2,0,1,5,5,11,15,28,-2,2,9,-9,1,-1,3,1,6,7,8,17
2021-04-04,SP1,Elche,Betis,1,1,1,7,13,3,3,868.254579251317,1132.36240638279,2,0,0,1,3,0,0,1,4,12,8,22,13,33,0,0,-6,6,0,0,1,1,3,3,13,7
2021-04-04,SP1,Cadiz,Valencia,2,2,1,6,12,2,6,875.369012391378,1007.17016535822,1,0,0,3,1,0,0,5,5,9,6,14,15,25,1,-1,-6,6,-4,4,1,2,6,2,12,6
2021-04-04,SP1,Sevilla,Ath Madrid,2,1,0,18,9,5,4,1195.33185922203,1316.82375851725,2,0,0,0,2,8,0,1,7,11,22,19,42,46,1,-1,9,-9,1,-1,0,1,4,5,9,18
2021-04-05,SP1,Barcelona,Valladolid,2,1,0,25,7,10,2,1396.46230228054,902.226852435307,2,0,0,0,11,3,0,5,15,6,28,9,51,24,1,-1,18,-18,8,-8,0,1,2,10,7,25
2021-04-07,SP1,Sociedad,Athletic Club,1,1,1,12,11,2,2,1114.5739691045,1076.09801087529,0,0,1,0,0,1,1,3,7,6,15,14,28,26,0,0,1,-1,0,0,1,1,2,2,11,12
2021-04-09,SP1,Huesca,Elche,2,3,1,8,8,5,2,948.121706117812,878.51335070637,0,0,0,0,1,1,2,13,5,5,12,9,18,13,2,-2,0,0,3,-3,1,3,2,5,8,8
2021-04-10,SP1,Getafe,Cadiz,0,0,1,19,8,4,3,917.480834629069,918.957700599509,0,0,0,1,3,0,2,10,6,7,7,8,18,18,-1,1,11,-11,1,-1,1,0,3,4,8,19
2021-04-10,SP1,Athletic Club,Alaves,1,0,0,11,9,4,0,1077.86268616181,794.169335513172,0,0,0,4,5,0,1,9,6,1,12,5,24,14,0,0,2,-2,4,-4,0,0,0,4,9,11
2021-04-10,SP1,Eibar,Levante,0,0,1,10,6,4,1,826.840050718407,1007.0094028281,0,0,1,2,0,0,5,2,2,4,4,12,14,28,-1,1,4,-4,3,-3,1,0,1,4,6,10
2021-04-10,SP1,Real Madrid,Barcelona,2,2,1,14,18,3,4,1310.2378387993,1399.97832533886,2,9,0,0,5,9,0,0,11,15,23,28,46,51,1,-1,-4,4,-1,1,1,2,4,3,18,14
2021-04-11,SP1,Villarreal,Osasuna,0,1,2,15,12,6,4,1116.08766960809,952.977699998609,1,0,0,0,1,3,0,1,9,6,13,15,28,20,-1,1,3,-3,2,-2,2,1,4,6,12,15
2021-04-11,SP1,Valencia,Sociedad,1,2,2,9,16,2,5,963.581477150091,1112.80929381798,4,0,0,1,6,0,0,2,6,5,13,16,22,26,0,0,-7,7,-3,3,2,2,5,2,16,9
2021-04-11,SP1,Valladolid,Granada,0,1,2,7,12,3,6,898.710829376986,893.240465253052,0,0,0,3,2,0,1,8,6,6,8,8,21,22,-1,1,-5,5,-3,3,2,1,6,3,12,7
2021-04-11,SP1,Betis,Ath Madrid,1,1,1,8,10,4,4,1122.10363492774,1274.06877247501,3,0,0,1,3,0,0,2,10,8,20,16,34,43,0,0,-2,2,0,0,1,1,4,4,10,8
2021-04-12,SP1,Celta,Sevilla,0,3,4,12,13,5,6,1011.95647083114,1238.08684526427,0,0,1,0,0,1,3,2,8,10,14,22,30,42,-1,1,-1,1,-1,1,4,3,6,5,13,12
2021-04-18,SP1,Osasuna,Elche,2,2,0,9,8,3,2,998.98632575954,843.32685106254,0,0,0,1,2,0,4,14,6,2,15,8,23,12,2,-2,1,-1,1,-1,0,2,2,3,8,9
2021-04-18,SP1,Sociedad,Sevilla,0,1,2,5,15,2,7,1106.33067698599,1251.77498523219,0,1,0,0,1,2,2,0,5,13,16,22,24,45,-1,1,-10,10,-5,5,2,1,7,2,15,5
2021-04-18,SP1,Alaves,Huesca,2,1,0,10,9,2,1,804.940208840692,983.308205761642,0,1,1,0,0,1,3,0,2,7,6,14,14,20,1,-1,1,-1,1,-1,0,1,1,2,9,10
2021-04-18,SP1,Ath Madrid,Eibar,2,5,0,10,0,7,0,1267.48510255295,810.091086556937,2,0,0,1,3,0,0,10,8,1,16,3,41,13,5,-5,10,-10,7,-7,0,5,0,7,0,10
2021-04-18,SP1,Betis,Valencia,1,2,2,9,9,5,3,1128.68730484979,970.060093982077,0,0,0,4,4,0,1,6,8,7,20,14,35,22,0,0,0,0,2,-2,2,2,3,5,9,9
2021-04-18,SP1,Cadiz,Celta,1,0,0,5,11,2,4,950.821677036061,998.26833086321,2,2,0,0,2,2,0,0,10,7,11,13,21,30,0,0,-6,6,-2,2,0,0,4,2,11,5
2021-04-18,SP1,Getafe,Real Madrid,1,0,0,19,10,6,2,885.616858192517,1350.32420848993,0,1,1,0,0,10,3,0,3,13,6,26,17,49,0,0,9,-9,4,-4,0,0,2,6,10,19
2021-04-18,SP1,Levante,Villarreal,0,1,5,12,14,3,7,1023.75836698957,1070.07904384716,0,2,1,0,0,2,1,0,6,9,12,12,30,27,-4,4,-2,2,-4,4,5,1,7,3,14,12
2021-04-21,SP1,Levante,Sevilla,0,0,1,6,10,1,3,967.804480145433,1271.11037023736,0,2,2,0,0,3,2,0,6,13,11,22,27,45,-1,1,-4,4,-2,2,1,0,3,1,10,6
2021-04-21,SP1,Osasuna,Valencia,2,3,1,18,10,9,5,1024.41175515078,976.89659199656,1,0,0,0,3,1,0,7,9,5,18,12,26,23,2,-2,8,-8,4,-4,1,3,5,9,10,18
2021-04-21,SP1,Betis,Athletic Club,1,0,0,6,16,2,4,1121.85080683531,1067.09181283429,0,0,0,0,5,2,2,4,6,4,18,13,36,24,0,0,-10,10,-2,2,0,0,4,2,16,6
2021-04-21,SP1,Alaves,Villarreal,2,2,1,9,10,4,5,852.062702713254,1126.0329306913,1,3,0,0,1,3,0,0,5,12,8,14,14,29,1,-1,-1,1,-1,1,1,2,5,4,10,9
2021-04-21,SP1,Elche,Valladolid,1,1,1,9,12,3,4,817.901421671305,866.207031852071,0,0,0,1,4,0,1,6,2,5,8,7,12,18,0,0,-3,3,-1,1,1,1,4,3,12,9
2021-04-21,SP1,Cadiz,Real Madrid,0,0,3,14,14,3,4,952.993193854859,1336.38694485973,0,0,0,0,3,11,1,1,8,13,12,24,21,47,-3,3,0,0,-1,1,3,0,4,3,14,14
2021-04-22,SP1,Ath Madrid,Huesca,2,2,0,18,5,12,2,1277.40559633267,936.18571188908,3,0,0,1,4,0,0,1,8,7,16,11,44,20,2,-2,13,-13,10,-10,0,2,2,12,5,18
2021-04-22,SP1,Granada,Eibar,2,4,1,8,16,4,3,925.744262777968,800.170592777219,0,0,1,2,0,0,1,11,6,1,11,3,25,10,3,-3,-8,8,1,-1,1,4,3,4,16,8
2021-04-22,SP1,Sociedad,Celta,2,2,1,7,10,3,3,1086.99529198082,996.096814044412,0,0,1,0,0,3,3,1,2,5,15,13,23,28,1,-1,-3,3,0,0,1,2,3,3,10,7
2021-04-22,SP1,Barcelona,Getafe,2,5,2,9,5,6,1,1359.89195564823,899.554121822719,3,0,0,0,12,1,0,6,12,4,25,7,51,18,3,-3,4,-4,5,-5,2,5,1,6,5,9
2021-04-24,SP1,Elche,Levante,2,1,0,8,6,3,1,820.111753165622,958.29687439162,0,1,0,0,5,1,2,0,3,3,6,11,13,27,1,-1,2,-2,2,-2,0,1,1,3,6,8
2021-04-24,SP1,Valladolid,Cadiz,1,1,1,13,6,6,2,863.996700357754,942.182373388523,0,1,1,0,0,1,2,0,3,7,8,12,18,18,0,0,7,-7,4,-4,1,1,2,6,6,13
2021-04-24,SP1,Valencia,Alaves,1,1,1,9,6,2,2,938.999809740339,905.105475894118,0,0,0,0,7,1,1,10,5,7,11,8,22,16,0,0,3,-3,0,0,1,1,2,2,6,9
2021-04-24,SP1,Real Madrid,Betis,1,0,0,17,6,5,2,1347.19776532607,1119.34973712385,3,0,0,0,6,1,0,2,13,7,24,19,47,34,0,0,11,-11,3,-3,0,0,2,5,6,17
2021-04-25,SP1,Huesca,Getafe,0,0,2,8,6,1,4,925.395762399599,892.356595928167,1,0,0,1,2,0,0,7,7,3,11,7,19,18,-2,2,2,-2,-3,3,2,0,4,1,6,8
2021-04-25,SP1,Villarreal,Barcelona,0,1,2,10,15,4,5,1072.99015751043,1367.08948154278,0,0,1,1,0,0,1,1,9,12,13,25,28,51,-1,1,-5,5,-1,1,2,1,5,4,15,10
2021-04-25,SP1,Celta,Osasuna,2,2,1,7,12,2,3,972.282943648255,1062.308537407,0,1,2,0,0,4,4,0,4,11,12,18,25,29,1,-1,-5,5,-1,1,1,2,3,2,12,7
2021-04-25,SP1,Sevilla,Granada,2,2,1,10,4,4,2,1280.61797599117,961.382129089064,3,1,0,0,3,1,0,0,13,9,22,13,47,27,1,-1,6,-6,2,-2,1,2,2,4,4,10
2021-04-25,SP1,Athletic Club,Ath Madrid,2,2,1,11,14,3,3,1069.59288254575,1288.19554582215,0,0,0,0,6,1,2,3,5,10,13,18,25,44,1,-1,-3,3,0,0,1,2,3,3,14,11
2021-04-26,SP1,Eibar,Sociedad,0,0,1,14,5,5,2,764.532726466122,1110.80916237698,0,0,2,0,0,1,6,3,1,5,3,15,9,25,-1,1,9,-9,3,-3,1,0,2,5,5,14
2021-04-28,SP1,Athletic Club,Valladolid,1,2,2,13,14,7,4,1119.4326763176,867.537710582784,1,0,0,0,7,1,0,7,7,3,13,9,27,19,0,0,-1,1,3,-3,2,2,4,7,14,13
2021-04-29,SP1,Barcelona,Granada,0,1,2,16,6,4,2,1377.03414838399,952.593189641618,4,0,0,1,13,0,0,1,12,6,25,12,51,24,-1,1,10,-10,2,-2,2,1,2,4,6,16
2021-04-30,SP1,Celta,Levante,2,2,0,8,10,5,2,1012.3938907441,914.200749024058,1,0,0,1,1,0,0,1,7,3,12,10,25,24,2,-2,-2,2,3,-3,0,2,2,5,10,8
2021-05-01,SP1,Eibar,Alaves,2,3,0,15,6,4,2,756.858788263653,906.66143469719,0,0,3,0,0,2,7,11,0,8,2,9,8,17,3,-3,9,-9,2,-2,0,3,2,4,6,15
2021-05-01,SP1,Elche,Ath Madrid,0,0,1,6,11,1,4,864.207878533184,1238.3557520503,1,0,0,1,6,0,0,4,5,7,9,18,15,41,-1,1,-5,5,-3,3,1,0,4,1,11,6
2021-05-01,SP1,Huesca,Sociedad,2,1,0,10,7,3,3,877.380058248955,1118.48310057945,0,1,1,0,0,2,1,0,6,8,11,15,16,27,1,-1,3,-3,0,0,0,1,3,3,7,10
2021-05-01,SP1,Real Madrid,Osasuna,2,2,0,22,3,6,2,1337.98878771225,1022.19759031115,0,0,0,1,7,0,1,1,11,10,22,15,45,29,2,-2,19,-19,4,-4,0,2,2,6,3,22
2021-05-02,SP1,Valladolid,Betis,1,1,1,10,11,2,4,877.457778580423,1128.55871473767,0,0,0,0,1,2,3,3,3,5,9,17,17,34,0,0,-1,1,-2,2,1,1,4,2,11,10
2021-05-02,SP1,Villarreal,Getafe,2,1,0,4,15,3,3,1063.04549066923,940.37230007881,0,1,2,0,0,1,2,0,6,5,13,10,27,18,1,-1,-11,11,0,0,0,1,3,3,15,4
2021-05-02,SP1,Granada,Cadiz,0,0,1,9,8,2,4,1011.47757578426,938.641363163493,1,0,0,0,1,2,0,1,9,8,15,13,24,19,-1,1,1,-1,-2,2,1,0,4,2,8,9
2021-05-02,SP1,Valencia,Barcelona,0,2,3,9,14,4,7,937.443850937268,1318.14976224135,0,1,0,0,8,1,2,0,3,9,12,24,22,50,-1,1,-5,5,-3,3,3,2,7,4,14,9
2021-05-03,SP1,Sevilla,Athletic Club,0,0,1,18,8,3,2,1289.40691543862,1109.51260831996,4,0,0,0,4,3,0,5,15,7,22,13,47,28,-1,1,10,-10,1,-1,1,0,2,3,8,18
2021-05-07,SP1,Sociedad,Elche,2,2,0,16,1,3,0,1067.26665982224,857.553183154229,1,0,0,2,1,0,0,15,7,4,12,9,27,14,2,-2,15,-15,3,-3,0,2,0,3,1,16
2021-05-08,SP1,Alaves,Levante,1,2,2,15,6,5,3,829.973878711735,882.418475155473,2,0,0,2,2,0,0,2,8,3,9,7,17,23,0,0,9,-9,2,-2,2,2,3,5,6,15
2021-05-08,SP1,Barcelona,Ath Madrid,1,0,0,12,11,7,6,1324.58269919301,1245.01044742925,0,1,1,0,0,1,1,0,9,10,24,18,50,41,0,0,1,-1,1,-1,0,0,6,7,11,12
2021-05-08,SP1,Cadiz,Huesca,2,2,1,11,13,1,5,977.253247612491,928.596499006164,0,0,1,2,0,0,2,2,8,6,15,11,22,19,1,-1,-2,2,-4,4,1,2,5,1,13,11
2021-05-08,SP1,Athletic Club,Osasuna,1,2,2,13,13,3,4,1156.74405830295,1009.9443659647,0,0,0,2,8,0,1,2,9,9,15,15,28,28,0,0,0,0,-1,1,2,2,4,3,13,13
2021-05-09,SP1,Getafe,Eibar,0,0,1,10,7,2,3,919.223686523825,833.546344249108,0,0,0,3,1,0,4,12,4,3,10,5,17,11,-1,1,3,-3,-1,1,1,0,3,2,7,10
2021-05-09,SP1,Valencia,Valladolid,2,3,0,6,19,3,2,931.010913985607,887.355304584872,0,0,1,0,0,2,3,8,3,4,9,10,21,17,3,-3,-13,13,1,-1,0,3,2,3,19,6
2021-05-09,SP1,Villarreal,Celta,0,2,4,16,11,7,6,1084.19410422422,1044.17616461269,1,0,0,1,1,0,0,2,6,7,15,15,27,25,-2,2,5,-5,1,-1,4,2,6,7,11,16
2021-05-09,SP1,Real Madrid,Sevilla,1,2,2,16,7,6,3,1350.24201205869,1242.17546545563,1,3,0,0,8,4,0,0,11,12,22,22,45,44,0,0,9,-9,3,-3,2,2,3,6,7,16
2021-05-10,SP1,Betis,Granada,2,2,1,14,11,6,5,1118.66118873322,972.865691335259,0,1,0,0,6,1,3,0,5,9,15,15,35,24,1,-1,3,-3,1,-1,1,2,5,6,11,14
2021-05-11,SP1,Osasuna,Cadiz,2,3,2,14,10,4,4,1016.3292330951,1004.80086522332,2,1,0,0,4,3,0,0,7,8,13,18,28,25,1,-1,4,-4,0,0,2,3,4,4,10,14
2021-05-11,SP1,Elche,Alaves,0,0,2,11,9,4,2,837.361533243277,832.370863960458,0,0,1,1,0,0,1,12,4,8,6,10,14,15,-2,2,2,-2,2,-2,2,0,2,4,9,11
2021-05-11,SP1,Levante,Barcelona,1,3,3,16,17,6,5,880.021489906749,1320.98101612075,0,2,3,0,0,2,3,0,1,10,7,22,21,50,0,0,-1,1,1,-1,3,3,5,6,17,16
2021-05-12,SP1,Sevilla,Valencia,2,1,0,10,6,4,2,1246.99759993246,978.726396142501,0,0,1,1,0,0,1,8,10,5,23,12,44,24,1,-1,4,-4,2,-2,0,1,2,4,6,10
2021-05-12,SP1,Celta,Getafe,2,1,0,4,13,1,4,1093.06312091567,879.488671469403,2,0,0,1,2,0,0,1,10,4,17,7,27,17,1,-1,-9,9,-3,3,0,1,4,1,13,4
2021-05-12,SP1,Huesca,Athletic Club,2,1,0,18,4,6,3,901.048881395336,1150.35919117256,1,1,0,0,1,4,0,0,3,9,10,13,18,28,1,-1,14,-14,3,-3,0,1,3,6,4,18
2021-05-12,SP1,Ath Madrid,Sociedad,2,2,1,12,14,4,7,1248.61213050151,1087.4583097332,4,0,0,1,5,0,0,1,10,9,18,14,39,30,1,-1,-2,2,-3,3,1,2,7,4,14,12
2021-05-13,SP1,Valladolid,Villarreal,0,0,2,11,9,2,3,839.639822427978,1035.30714792123,0,0,0,1,2,0,4,1,4,6,9,15,17,26,-2,2,2,-2,-1,1,2,0,3,2,9,11
2021-05-13,SP1,Eibar,Betis,1,1,1,14,9,4,4,873.28135930353,1137.96930535547,1,0,0,0,1,3,0,4,6,7,7,15,14,35,0,0,5,-5,0,0,1,1,4,4,9,14
2021-05-13,SP1,Granada,Real Madrid,0,1,4,10,16,5,7,953.557574713004,1345.41987758186,0,1,1,0,0,12,1,0,6,9,12,22,21,43,-3,3,-6,6,-2,2,4,1,7,5,16,10
2021-05-16,SP1,Alaves,Granada,2,4,2,14,5,9,2,876.858422681337,943.212339019032,0,0,0,1,3,0,1,1,8,3,13,12,17,21,2,-2,9,-9,7,-7,2,4,2,9,5,14
2021-05-16,SP1,Athletic Club,Real Madrid,0,0,1,8,11,1,2,1098.66627728234,1355.76511327584,0,2,0,0,9,13,2,0,8,11,13,24,28,45,-1,1,-3,3,-1,1,1,0,2,1,11,8
2021-05-16,SP1,Ath Madrid,Osasuna,2,2,1,26,5,9,2,1266.74950323189,1047.26782068431,5,0,0,0,6,1,0,3,10,7,18,16,39,30,1,-1,21,-21,7,-7,1,2,2,9,5,26
2021-05-16,SP1,Barcelona,Celta,0,1,2,20,4,4,4,1307.32379669788,1107.5450803763,0,1,0,0,1,1,2,0,8,12,20,17,48,27,-1,1,16,-16,0,0,2,1,4,4,4,20
2021-05-16,SP1,Betis,Huesca,2,1,0,10,7,2,0,1127.69481808615,952.741795285556,1,0,0,3,7,0,0,3,7,6,13,13,36,21,1,-1,3,-3,2,-2,0,1,0,2,7,10
2021-05-16,SP1,Cadiz,Elche,0,1,3,7,20,3,5,973.862277634113,792.873974522398,1,0,0,3,1,0,0,16,7,4,15,6,24,14,-2,2,-13,13,-2,2,3,1,5,3,20,7
2021-05-16,SP1,Getafe,Levante,2,2,1,9,5,3,1,865.006712008771,893.678709329627,0,0,1,0,0,1,5,3,3,2,7,8,17,22,1,-1,4,-4,2,-2,1,2,1,3,5,9
2021-05-16,SP1,Sociedad,Valladolid,2,4,1,13,19,8,5,1069.32093700281,818.164061198876,2,0,0,1,2,0,0,9,9,3,11,6,30,16,3,-3,-6,6,3,-3,1,4,5,8,19,13
2021-05-16,SP1,Valencia,Eibar,2,4,1,9,20,5,8,967.468025697672,883.55584657285,1,1,0,0,1,1,0,0,4,7,9,8,24,14,3,-3,-11,11,-3,3,1,4,8,5,20,9
2021-05-16,SP1,Villarreal,Sevilla,2,4,0,12,17,5,5,1056.78290915033,1258.25597037729,0,0,1,0,0,5,1,1,6,10,18,23,29,44,4,-4,-5,5,0,0,0,4,5,5,17,12
2021-05-21,SP1,Levante,Cadiz,1,2,2,17,6,4,2,859.04389936768,909.022537108165,0,0,0,1,1,0,4,1,2,7,5,14,19,23,0,0,11,-11,2,-2,2,2,2,4,6,17
2021-05-22,SP1,Celta,Betis,0,2,3,11,11,4,5,1156.15399807244,1144.81774290263,3,0,0,0,3,4,0,5,15,9,19,16,30,38,-1,1,0,0,-1,1,3,2,5,4,11,11
2021-05-22,SP1,Eibar,Barcelona,0,0,1,17,7,3,3,841.944404899712,1258.71487900174,0,0,0,0,2,3,1,1,7,5,8,17,11,45,-1,1,10,-10,0,0,1,0,3,3,7,17
2021-05-22,SP1,Elche,Athletic Club,2,2,0,8,8,3,2,857.713715048346,1086.79872783353,0,0,2,1,0,0,2,1,6,5,9,12,16,25,2,-2,0,0,1,-1,0,2,2,3,8,8
2021-05-22,SP1,Huesca,Valencia,1,0,0,23,11,8,4,935.618870469085,1009.07946737081,2,0,0,2,2,0,0,9,6,7,13,12,21,26,0,0,12,-12,4,-4,0,0,4,8,11,23
2021-05-22,SP1,Osasuna,Sociedad,0,0,1,7,11,1,1,1033.16333391395,1090.11411982363,3,0,0,2,5,0,0,2,4,9,15,14,29,30,-1,1,-4,4,0,0,1,0,1,1,11,7
2021-05-22,SP1,Real Madrid,Villarreal,2,2,1,14,6,4,2,1367.63266272465,1154.99395004678,0,1,0,0,9,1,1,0,11,9,24,18,45,29,1,-1,8,-8,2,-2,1,2,2,4,6,14
2021-05-22,SP1,Valladolid,Ath Madrid,0,1,2,10,14,4,3,797.370878378054,1280.85399000224,0,0,1,0,0,2,5,1,2,10,5,20,13,39,-1,1,-4,4,1,-1,2,1,3,4,14,10
2021-05-23,SP1,Granada,Getafe,1,0,0,9,11,3,2,891.079080442171,899.641521970718,0,0,2,2,0,0,2,2,3,6,9,9,21,17,0,0,-2,2,1,-1,0,0,2,3,11,9
2021-05-23,SP1,Sevilla,Alaves,2,1,0,11,11,2,2,1160.04492948084,928.991681258198,1,1,0,0,1,1,0,0,7,8,20,15,44,20,1,-1,0,0,0,0,0,1,2,2,11,11
2019-08-16,SP1,Athletic Club,Barcelona,2,1,0,11,11,5,2,1017.59416444922,1264.04220975352,0,1,1,0,0,4,3,0,4,8,11,17,25,45,1,-1,0,0,3,-3,0,1,2,5,11,11
2019-08-17,SP1,Celta,Real Madrid,0,1,3,7,17,4,11,1123.11026075072,1382.17506712387,0,3,1,0,0,14,1,0,12,13,19,24,30,47,-2,2,-10,10,-7,7,3,1,11,4,17,7
2019-08-17,SP1,Valencia,Sociedad,1,1,1,14,12,6,3,1005.74600901004,1116.91523824929,2,1,0,0,2,1,0,0,7,9,10,17,24,32,0,0,2,-2,3,-3,1,1,3,6,12,14
2019-08-17,SP1,Mallorca,Eibar,2,2,1,16,11,4,5,866.587353373468,836.617074147927,1,0,0,1,1,0,0,1,7,7,13,7,19,11,1,-1,5,-5,-1,1,1,2,5,4,11,16
2019-08-17,SP1,Leganes,Osasuna,0,0,1,13,4,2,2,1000,1006.3622154883,0,0,0,1,0,0,0,4,0,4,0,14,0,29,-1,1,9,-9,0,0,1,0,2,2,4,13
2019-08-17,SP1,Villarreal,Granada,1,4,4,12,14,7,7,1140.45154564755,891.473315635555,1,0,0,2,1,0,0,2,9,1,15,10,26,19,0,0,-2,2,0,0,4,4,7,7,14,12
2019-08-18,SP1,Alaves,Levante,2,1,0,9,16,2,4,915.606004976284,861.329755444205,1,0,0,1,4,0,0,4,7,3,15,6,20,19,1,-1,-7,7,-2,2,0,1,4,2,16,9
2019-08-18,SP1,Espanol,Sevilla,0,0,2,7,12,2,4,875.042270194189,1173.43060576276,0,0,0,1,2,0,3,2,3,7,9,22,19,44,-2,2,-5,5,-2,2,2,0,4,2,12,7
2019-08-18,SP1,Betis,Valladolid,0,1,2,13,14,4,3,1177.86148022435,793.643428698881,2,0,0,2,8,0,0,10,11,1,16,4,38,13,-1,1,-1,1,1,-1,2,1,3,4,14,13
2019-08-18,SP1,Ath Madrid,Getafe,2,1,0,5,6,5,0,1284.58143968141,899.247286777334,6,0,0,0,7,1,0,3,13,4,20,9,39,15,1,-1,-1,1,5,-5,0,1,0,5,6,5
2019-08-23,SP1,Granada,Sevilla,0,0,1,12,11,0,6,901.310265880633,1186.77846515,0,1,0,0,1,1,3,0,2,10,11,22,19,44,-1,1,1,-1,-6,6,1,0,6,0,11,12
2019-08-23,SP1,Levante,Villarreal,2,2,1,16,23,4,6,834.288509500441,1130.61459540247,0,0,0,1,2,0,5,1,3,7,6,13,18,26,1,-1,-7,7,-2,2,1,2,6,4,23,16
2019-08-24,SP1,Osasuna,Eibar,1,0,0,6,12,2,0,1037.77629927629,807.370612541204,0,0,1,2,0,0,1,2,7,4,16,7,31,11,0,0,-6,6,2,-2,0,0,0,2,12,6
2019-08-24,SP1,Real Madrid,Valladolid,1,1,1,22,9,4,2,1398.2907373797,851.326535758225,1,1,0,0,10,1,0,0,13,3,24,7,47,15,0,0,13,-13,2,-2,1,1,2,4,9,22
2019-08-24,SP1,Celta,Valencia,2,1,0,11,9,6,1,1106.99459049489,1010.69769675913,0,0,2,0,0,1,2,10,9,8,16,11,30,24,1,-1,2,-2,5,-5,0,1,1,6,9,11
2019-08-24,SP1,Getafe,Athletic Club,1,1,1,6,4,2,2,892.966878618711,1069.12246339054,1,0,0,2,1,0,0,2,4,4,8,13,15,25,0,0,2,-2,0,0,1,1,2,2,4,6
2019-08-25,SP1,Alaves,Espanol,1,0,0,10,5,2,1,942.647250920048,861.694410806948,2,0,0,0,5,1,0,9,10,3,18,6,23,16,0,0,5,-5,1,-1,0,0,1,2,5,10
2019-08-25,SP1,Mallorca,Sociedad,0,0,1,12,12,4,4,895.833814980191,1111.9635505002,2,0,0,0,2,2,0,1,10,10,16,17,22,33,-1,1,0,0,0,0,1,0,4,4,12,12
2019-08-25,SP1,Leganes,Ath Madrid,0,0,1,10,6,4,4,968.585916212016,1290.86184784004,0,1,1,0,0,3,1,0,0,13,0,23,0,39,-1,1,4,-4,0,0,1,0,4,4,6,10
2019-08-25,SP1,Barcelona,Betis,2,5,2,20,4,7,3,1212.51391081219,1120.178373165,0,1,1,0,0,5,3,0,5,10,14,15,42,35,3,-3,16,-16,4,-4,2,5,3,7,4,20
2019-08-30,SP1,Sevilla,Celta,1,1,1,19,2,5,1,1197.14763565761,1130.34566384473,2,2,0,0,2,2,0,0,12,9,22,19,44,32,0,0,17,-17,4,-4,1,1,1,5,2,19
2019-08-30,SP1,Athletic Club,Sociedad,2,2,0,15,2,5,2,1061.64058552717,1126.28135532076,1,1,0,0,1,3,0,0,4,10,13,19,26,35,2,-2,13,-13,3,-3,0,2,2,5,2,15
2019-08-31,SP1,Osasuna,Barcelona,1,2,2,15,8,5,4,1028.48888941848,1252.88485289605,0,0,0,1,1,0,2,1,7,7,14,17,29,42,0,0,7,-7,1,-1,2,2,4,5,8,15
2019-08-31,SP1,Getafe,Alaves,1,1,1,15,5,1,1,900.448756482084,938.985265331075,0,0,0,1,2,0,1,1,5,10,9,18,15,24,0,0,10,-10,0,0,1,1,1,1,5,15
2019-08-31,SP1,Levante,Valladolid,2,2,0,16,15,3,4,888.451033617642,866.00982201734,1,0,0,0,3,2,0,1,5,4,6,8,18,15,2,-2,1,-1,-1,1,0,2,4,3,15,16
2019-08-31,SP1,Betis,Leganes,2,2,1,17,19,5,7,1079.80743108114,959.928822254744,0,0,1,0,0,0,1,0,7,0,14,0,34,0,1,-1,-2,2,-2,2,1,2,7,5,19,17
2019-09-01,SP1,Valencia,Mallorca,2,2,0,9,12,4,1,987.3466234093,881.516010159633,0,1,0,0,3,2,1,0,5,10,10,16,24,22,2,-2,-3,3,3,-3,0,2,1,4,12,9
2019-09-01,SP1,Ath Madrid,Eibar,2,3,2,7,6,3,2,1299.51894179731,816.658022399004,7,0,0,0,8,1,0,3,15,2,25,8,41,11,1,-1,1,-1,1,-1,2,3,2,3,6,7
2019-09-01,SP1,Espanol,Granada,0,0,3,15,14,3,6,865.35639639592,890.941095373025,0,0,1,0,0,1,4,3,3,2,7,8,17,19,-3,3,1,-1,-3,3,3,0,6,3,14,15
2019-09-01,SP1,Villarreal,Real Madrid,1,2,2,10,17,5,5,1076.45207128527,1383.60745112059,0,4,0,0,2,15,1,0,7,13,13,22,25,48,0,0,-7,7,0,0,2,2,5,5,17,10
2019-09-13,SP1,Mallorca,Athletic Club,1,0,0,10,11,1,5,850.619245151074,1113.56509680427,0,0,1,0,0,1,1,3,9,7,13,15,22,28,0,0,-1,1,-4,4,0,0,5,1,11,10
2019-09-14,SP1,Real Madrid,Levante,2,3,2,25,8,11,3,1372.27225825702,929.479777200608,0,0,0,2,11,0,1,5,11,7,22,9,46,20,1,-1,17,-17,8,-8,2,3,3,11,8,25
2019-09-14,SP1,Leganes,Villarreal,0,0,3,10,8,4,4,938.551798168248,1087.78726414884,0,0,2,2,0,0,2,2,0,5,0,11,0,25,-3,3,2,-2,0,0,3,0,4,4,8,10
2019-09-14,SP1,Sociedad,Ath Madrid,2,2,0,14,12,5,2,1074.35684404367,1303.25898417735,3,2,0,0,3,4,0,0,10,15,19,25,34,41,2,-2,2,-2,3,-3,0,2,2,5,12,14
2019-09-14,SP1,Barcelona,Valencia,2,5,2,17,9,10,3,1243.78279342147,1018.24338841786,1,0,0,1,1,0,0,11,7,8,15,12,40,24,3,-3,8,-8,7,-7,2,5,3,10,9,17
2019-09-15,SP1,Eibar,Espanol,0,1,2,11,7,1,2,812.917980018957,814.833193512783,0,0,1,0,0,2,2,10,1,3,8,4,11,16,-1,1,4,-4,-1,1,2,1,2,1,7,11
2019-09-15,SP1,Alaves,Sevilla,0,0,1,7,19,0,7,937.217835558288,1194.1086479753,0,2,0,0,6,2,1,0,8,10,16,20,24,42,-1,1,-12,12,-7,7,1,0,7,0,19,7
2019-09-15,SP1,Celta,Granada,0,0,2,4,13,0,3,1133.38465152704,941.464298256162,1,1,0,0,1,2,0,0,7,5,19,8,32,21,-2,2,-9,9,-3,3,2,0,3,0,13,4
2019-09-15,SP1,Valladolid,Osasuna,1,1,1,11,17,1,5,824.981078434375,1037.59094889307,0,1,2,0,0,1,6,0,4,5,7,12,15,30,0,0,-6,6,-4,4,1,1,5,1,17,11
2019-09-15,SP1,Betis,Getafe,1,1,1,7,12,2,4,1101.18445516764,902.216186254871,1,0,0,1,1,0,0,4,9,6,16,9,34,16,0,0,-5,5,-2,2,1,1,4,2,12,7
2019-09-20,SP1,Osasuna,Betis,1,0,0,12,7,6,2,1028.86308405324,1092.90729747418,0,0,0,1,2,0,3,1,6,7,10,16,28,35,0,0,5,-5,4,-4,0,0,2,6,7,12
2019-09-21,SP1,Villarreal,Valladolid,2,2,0,18,7,6,3,1120.23727355806,833.708943274199,0,0,0,1,3,0,2,2,5,5,14,7,27,16,2,-2,11,-11,3,-3,0,2,3,6,7,18
2019-09-21,SP1,Levante,Eibar,1,0,0,13,18,4,4,924.839829630254,781.094375913886,2,0,0,1,4,0,0,4,7,1,9,8,20,11,0,0,-5,5,0,0,0,0,4,4,18,13
2019-09-21,SP1,Ath Madrid,Celta,1,0,0,20,6,5,3,1234.06979945136,1067.49690434166,8,0,0,0,9,3,0,1,12,4,22,19,40,31,0,0,14,-14,2,-2,0,0,3,5,6,20
2019-09-21,SP1,Granada,Barcelona,2,2,0,9,8,4,1,1007.35204544154,1267.17136361359,0,0,1,0,0,1,4,2,8,10,11,15,23,40,2,-2,1,-1,3,-3,0,2,1,4,8,9
2019-09-22,SP1,Getafe,Mallorca,2,4,2,14,7,5,3,910.493343948331,860.846436572908,0,0,0,1,3,0,2,1,4,7,10,14,17,20,2,-2,7,-7,2,-2,2,4,3,5,7,14
2019-09-22,SP1,Espanol,Sociedad,0,1,3,17,10,3,5,846.656797617854,1143.54602876966,0,0,2,1,0,0,5,1,5,10,7,19,19,34,-2,2,7,-7,-2,2,3,1,5,3,10,17
2019-09-22,SP1,Valencia,Leganes,1,1,1,13,13,4,4,994.854818225742,906.101788759029,1,0,0,1,4,0,0,1,5,0,12,0,23,0,0,0,0,0,0,0,1,1,4,4,13,13
2019-09-22,SP1,Athletic Club,Alaves,2,2,0,13,5,4,1,1103.33790538243,925.338705776539,2,0,0,0,2,1,0,2,8,5,13,13,26,21,2,-2,8,-8,3,-3,0,2,1,4,5,13
2019-09-22,SP1,Sevilla,Real Madrid,0,0,1,9,7,0,4,1205.98777775705,1376.91220582737,0,0,0,0,3,16,1,1,13,11,20,22,42,46,-1,1,2,-2,-4,4,1,0,4,0,7,9
2019-09-24,SP1,Valladolid,Granada,1,1,1,9,6,5,4,819.56999661801,1079.00866819373,0,2,0,0,1,3,7,0,5,10,6,11,15,26,0,0,3,-3,1,-1,1,1,4,5,6,9
2019-09-24,SP1,Betis,Levante,2,3,1,17,17,5,3,1089.99090989045,918.573630454024,0,0,0,3,2,0,1,6,5,7,16,10,33,20,2,-2,0,0,2,-2,1,3,3,5,17,17
2019-09-24,SP1,Barcelona,Villarreal,2,2,1,8,11,4,3,1195.51474086139,1134.37622021425,2,1,0,0,2,1,0,0,7,8,15,17,39,30,1,-1,-3,3,1,-1,1,2,3,4,11,8
2019-09-25,SP1,Leganes,Athletic Club,1,1,1,7,9,3,2,910.102372874,1126.50555626943,0,0,3,0,0,2,3,4,1,11,1,15,1,28,0,0,-2,2,1,-1,1,1,2,3,9,7
2019-09-25,SP1,Mallorca,Ath Madrid,0,0,2,9,13,3,3,823.213555219549,1226.9371390973,0,0,0,1,1,0,2,1,4,10,11,23,17,41,-2,2,-4,4,0,0,2,0,3,3,13,9
2019-09-25,SP1,Valencia,Getafe,1,3,3,8,18,4,5,990.854234110771,948.12622530169,0,0,0,0,5,1,1,5,5,6,12,10,24,20,0,0,-10,10,-1,1,3,3,5,4,18,8
2019-09-25,SP1,Real Madrid,Osasuna,2,2,0,15,4,4,0,1394.32754297651,1031.77947163697,1,0,0,0,12,2,0,1,11,7,24,11,46,26,2,-2,11,-11,4,-4,0,2,0,4,4,15
2019-09-26,SP1,Eibar,Sevilla,2,3,2,11,7,4,4,787.360575090116,1188.57244060791,0,3,2,0,0,3,3,0,2,10,9,17,11,39,1,-1,4,-4,0,0,2,3,4,4,7,11
2019-09-26,SP1,Celta,Espanol,1,1,1,14,10,3,4,1074.62956469572,833.210987098399,0,1,1,0,0,3,1,0,5,4,17,7,29,19,0,0,4,-4,-1,1,1,1,4,3,10,14
2019-09-26,SP1,Sociedad,Alaves,2,3,0,21,5,7,0,1156.99183928911,902.17105488954,4,0,0,1,4,0,0,3,10,5,19,12,34,21,3,-3,16,-16,7,-7,0,3,0,7,5,21
2019-09-27,SP1,Villarreal,Betis,2,5,1,17,11,10,6,1107.94987373933,1113.81025159523,1,0,0,0,4,1,0,2,7,8,14,18,29,33,4,-4,6,-6,4,-4,1,5,6,10,11,17
2019-09-28,SP1,Athletic Club,Valencia,0,0,1,14,10,3,6,1117.65571471142,988.896396987992,3,0,0,2,3,0,0,12,9,5,13,13,28,22,-1,1,4,-4,-3,3,1,0,6,3,10,14
2019-09-28,SP1,Getafe,Barcelona,0,0,2,8,10,1,6,950.08406242447,1221.94108733631,1,0,0,1,4,0,0,3,7,10,11,15,21,39,-2,2,-2,2,-5,5,2,0,6,1,10,8
2019-09-28,SP1,Granada,Leganes,2,1,0,11,15,4,6,1068.87761568209,918.952214432005,1,0,0,0,1,1,0,2,10,2,12,2,27,2,1,-1,-4,4,-2,2,0,1,6,4,15,11
2019-09-28,SP1,Ath Madrid,Real Madrid,1,0,0,7,14,1,3,1234.75722391444,1404.00843954906,0,1,0,0,10,17,1,0,10,11,23,24,41,46,0,0,-7,7,-2,2,0,0,3,1,14,7
2019-09-29,SP1,Espanol,Valladolid,0,0,2,16,9,2,6,842.8284932467,829.701049129645,0,0,3,2,0,0,6,3,5,3,8,6,19,16,-2,2,7,-7,-4,4,2,0,6,2,9,16
2019-09-29,SP1,Eibar,Celta,2,2,0,7,3,3,2,845.579186282941,1065.01205854742,1,0,0,0,1,4,0,2,5,6,9,15,14,30,2,-2,4,-4,1,-1,0,2,2,3,3,7
2019-09-29,SP1,Alaves,Mallorca,2,2,0,11,5,6,1,881.730499362105,815.393470402416,0,0,1,2,0,0,2,2,2,1,12,11,21,17,2,-2,6,-6,5,-5,0,2,1,6,5,11
2019-09-29,SP1,Levante,Osasuna,1,1,1,10,18,5,3,894.754288749245,1022.09857506442,0,0,0,1,5,0,1,2,7,4,10,11,17,26,0,0,-8,8,2,-2,1,1,3,5,18,10
2019-09-29,SP1,Sevilla,Sociedad,2,3,2,21,5,8,2,1130.35382941508,1177.43239481655,0,1,1,0,0,1,2,0,7,12,17,22,39,34,1,-1,16,-16,6,-6,2,3,2,8,5,21
2019-10-04,SP1,Betis,Eibar,1,1,1,12,8,3,2,1048.21941995819,913.95927522522,1,0,0,0,3,1,0,5,8,7,15,9,30,16,0,0,4,-4,1,-1,1,1,2,3,8,12
2019-10-05,SP1,Leganes,Levante,0,1,2,25,9,10,2,899.96312020967,900.369482197921,0,0,0,4,1,0,4,7,2,5,2,10,2,17,-1,1,16,-16,8,-8,2,1,2,10,9,25
2019-10-05,SP1,Real Madrid,Granada,2,4,2,17,8,10,5,1396.77728997139,1087.86670990443,2,0,0,0,13,4,0,1,11,13,24,15,46,27,2,-2,9,-9,5,-5,2,4,5,10,8,17
2019-10-05,SP1,Valencia,Alaves,2,2,1,11,10,3,4,1032.24089727906,917.314532688069,0,0,0,2,6,0,2,4,8,4,13,14,25,24,1,-1,1,-1,-1,1,1,2,4,3,10,11
2019-10-05,SP1,Osasuna,Villarreal,2,2,1,16,16,4,5,1016.48338161575,1173.54070537637,0,0,0,1,3,0,4,1,4,10,11,17,24,32,1,-1,0,0,-1,1,1,2,5,4,16,16
2019-10-06,SP1,Mallorca,Espanol,2,2,0,9,11,3,3,779.809437076451,797.314554936086,0,0,1,0,0,4,3,1,1,4,11,7,17,18,2,-2,-2,2,0,0,0,2,3,3,11,9
2019-10-06,SP1,Celta,Athletic Club,2,1,0,13,6,2,2,996.631969605142,1074.31121442036,0,0,0,0,1,3,2,5,3,8,12,12,29,25,1,-1,7,-7,0,0,0,1,2,2,6,13
2019-10-06,SP1,Valladolid,Ath Madrid,1,0,0,5,9,1,1,875.214987440258,1241.98837349211,0,1,0,0,2,1,8,0,5,8,9,23,18,41,0,0,-4,4,0,0,0,0,1,1,9,5
2019-10-06,SP1,Sociedad,Getafe,0,1,2,6,13,3,4,1141.12264367511,934.914618385584,5,0,0,0,5,2,0,6,9,6,19,11,33,18,-1,1,-7,7,-1,1,2,1,4,3,13,6
2019-10-06,SP1,Barcelona,Sevilla,2,4,0,15,16,8,4,1237.11053137519,1166.66358055652,3,0,0,1,3,0,0,1,10,7,17,19,39,42,4,-4,-1,1,4,-4,0,4,4,8,16,15
2019-10-18,SP1,Granada,Osasuna,2,1,0,6,9,2,4,1075.1899677079,1062.03795590164,2,0,0,0,2,1,0,3,10,6,15,11,27,27,1,-1,-3,3,-2,2,0,1,4,2,9,6
2019-10-19,SP1,Eibar,Barcelona,0,0,3,5,9,0,4,919.851755377446,1288.71101350423,2,1,0,0,2,1,0,0,8,12,9,19,17,39,-3,3,-4,4,-4,4,3,0,4,0,9,5
2019-10-19,SP1,Ath Madrid,Valencia,1,1,1,15,11,4,3,1229.44442767919,1054.02567618627,0,1,0,0,11,1,2,0,6,8,21,16,39,25,0,0,4,-4,1,-1,1,1,3,4,11,15
2019-10-19,SP1,Getafe,Leganes,2,2,0,5,7,2,3,983.952010299423,868.000547514864,0,0,1,1,0,0,1,3,8,2,14,2,21,2,2,-2,-2,2,-1,1,0,2,3,2,7,5
2019-10-19,SP1,Mallorca,Real Madrid,2,1,0,5,13,1,4,825.874899741851,1409.45403216792,1,0,0,0,1,18,0,1,4,13,13,24,20,48,1,-1,-8,8,-3,3,0,1,4,1,13,5
2019-10-20,SP1,Alaves,Celta,2,2,0,12,14,5,2,895.529753780857,1035.66961659822,1,0,0,1,1,0,0,3,3,5,11,12,24,29,2,-2,-2,2,3,-3,0,2,2,5,14,12
2019-10-20,SP1,Sociedad,Betis,2,3,1,18,12,6,5,1092.08525176127,1042.32693980596,0,0,1,1,0,0,1,3,9,6,19,15,30,28,2,-2,6,-6,1,-1,1,3,5,6,12,18
2019-10-20,SP1,Espanol,Villarreal,0,0,1,18,11,3,5,751.249092270686,1127.98613109048,0,0,4,2,0,0,7,2,4,9,7,14,18,32,-1,1,7,-7,-2,2,1,0,5,3,11,18
2019-10-20,SP1,Athletic Club,Valladolid,1,1,1,19,9,7,3,1035.27356742728,887.758933253179,0,1,1,0,0,1,1,0,5,6,12,10,25,16,0,0,10,-10,4,-4,1,1,3,7,9,19
2019-10-20,SP1,Sevilla,Levante,2,1,0,19,12,5,5,1115.06309842748,932.332054892727,1,1,0,0,1,1,0,0,6,5,16,12,39,20,1,-1,7,-7,0,0,0,1,5,5,12,19
2019-10-25,SP1,Villarreal,Alaves,2,4,1,19,12,8,3,1134.55247827388,956.17676625663,2,0,0,3,5,0,0,5,9,6,14,11,32,26,3,-3,7,-7,5,-5,1,4,3,8,12,19
2019-10-26,SP1,Leganes,Mallorca,2,1,0,9,9,3,1,838.259510828572,887.725122614637,0,0,1,3,0,0,5,3,2,6,2,13,2,23,1,-1,0,0,2,-2,0,1,1,3,9,9
2019-10-26,SP1,Valladolid,Eibar,2,2,0,8,13,4,3,894.171458917075,908.198312054663,0,0,0,0,3,2,9,6,6,8,11,9,16,17,2,-2,-5,5,1,-1,0,2,3,4,13,8
2019-10-26,SP1,Ath Madrid,Athletic Club,2,2,0,9,9,2,2,1221.98908865338,1028.86104176338,0,0,0,1,12,0,3,6,7,5,19,13,39,25,2,-2,0,0,0,0,0,2,2,2,9,9
2019-10-27,SP1,Celta,Sociedad,0,0,1,9,9,1,4,975.022604122451,1129.70435416419,1,0,0,1,2,0,0,1,5,9,9,19,28,33,-1,1,0,0,-3,3,1,0,4,1,9,9
2019-10-27,SP1,Granada,Betis,2,1,0,13,12,3,0,1105.97920092861,1004.70783740304,3,0,0,2,3,0,0,4,10,5,18,12,27,28,1,-1,1,-1,3,-3,0,1,0,3,12,13
2019-10-27,SP1,Levante,Espanol,0,0,1,7,14,3,3,915.764797266098,744.68274508729,0,0,0,1,6,0,2,2,5,1,12,6,17,15,-1,1,-7,7,0,0,1,0,3,3,14,7
2019-10-27,SP1,Sevilla,Getafe,2,2,0,15,9,8,4,1131.63035605411,1013.69304698572,2,1,0,0,2,3,0,0,6,10,19,14,39,23,2,-2,6,-6,4,-4,0,2,4,8,9,15
2019-10-27,SP1,Osasuna,Valencia,2,3,1,21,2,13,1,1031.24872268093,1061.48101521208,1,0,0,0,4,2,0,1,5,9,11,14,26,26,2,-2,19,-19,12,-12,1,3,1,13,2,21
2019-10-29,SP1,Alaves,Ath Madrid,1,1,1,11,9,3,3,927.416540226927,1243.70279213335,2,0,0,0,2,2,0,1,6,9,11,19,26,39,0,0,2,-2,0,0,1,1,3,3,9,11
2019-10-29,SP1,Barcelona,Valladolid,2,5,1,18,9,9,1,1300.36445682701,939.798758495941,4,0,0,0,4,2,0,1,12,9,22,14,39,18,4,-4,9,-9,8,-8,1,5,1,9,9,18
2019-10-30,SP1,Sociedad,Levante,0,1,2,17,13,5,4,1148.32984009009,869.168634797903,1,0,0,1,1,0,0,1,9,4,19,11,36,17,-1,1,4,-4,1,-1,2,1,4,5,13,17
2019-10-30,SP1,Valencia,Sevilla,1,1,1,10,10,3,1,1013.8167060591,1161.14710053699,1,0,0,2,7,0,0,2,8,9,13,19,23,41,0,0,0,0,2,-2,1,1,1,3,10,10
2019-10-30,SP1,Athletic Club,Espanol,2,3,0,7,12,5,5,1007.14733828341,791.278907555484,0,1,0,0,1,1,2,0,2,4,13,8,24,17,3,-3,-5,5,0,0,0,3,5,5,12,7
2019-10-30,SP1,Betis,Celta,2,2,1,11,18,7,5,981.779794393285,956.397118196557,0,0,0,2,4,0,1,4,4,4,9,9,25,28,1,-1,-7,7,2,-2,1,2,5,7,18,11
2019-10-30,SP1,Real Madrid,Leganes,2,5,0,22,5,11,3,1347.60380929513,874.784926246728,3,0,0,2,14,0,0,4,10,4,21,5,45,5,5,-5,17,-17,8,-8,0,5,3,11,5,22
2019-10-31,SP1,Eibar,Villarreal,2,2,1,25,9,8,2,862.571012475797,1163.31270430358,0,1,1,0,0,1,1,0,7,9,9,17,16,32,1,-1,16,-16,6,-6,1,2,2,8,9,25
2019-10-31,SP1,Mallorca,Osasuna,1,2,2,11,12,3,4,851.19970719648,1078.91303183391,2,0,0,1,2,0,0,4,6,7,10,14,23,28,0,0,-1,1,-1,1,2,2,4,3,12,11
2019-10-31,SP1,Getafe,Granada,2,3,1,8,10,3,2,984.176302502839,1128.90724393837,1,0,0,1,1,0,0,2,7,10,13,20,22,30,2,-2,-2,2,1,-1,1,3,2,3,10,8
2019-11-02,SP1,Espanol,Valencia,0,1,2,13,11,4,4,766.851257402361,1020.22210850539,0,0,5,1,0,0,8,2,3,8,8,13,14,24,-1,1,2,-2,0,0,2,1,4,4,11,13
2019-11-02,SP1,Levante,Barcelona,2,3,1,9,9,3,6,922.480111684635,1314.74767796864,0,2,1,0,0,2,3,0,7,15,14,22,20,39,2,-2,0,0,-3,3,1,3,6,3,9,9
2019-11-02,SP1,Sevilla,Ath Madrid,1,1,1,11,14,4,5,1154.74169809069,1232.16202721832,3,0,0,0,3,3,0,2,10,7,17,17,39,40,0,0,-3,3,-1,1,1,1,5,4,14,11
2019-11-02,SP1,Real Madrid,Betis,1,0,0,22,13,7,3,1356.73341845347,1011.44611393841,4,0,0,3,15,0,0,5,10,4,21,12,45,27,0,0,9,-9,4,-4,0,0,3,7,13,22
2019-11-03,SP1,Valladolid,Mallorca,2,3,0,12,14,6,1,925.415537354318,860.404535536399,1,0,0,4,4,0,0,4,8,7,11,8,18,24,3,-3,-2,2,5,-5,0,3,1,6,14,12
2019-11-03,SP1,Villarreal,Athletic Club,1,0,0,11,12,7,2,1108.94042173856,1031.57498843653,3,0,0,2,6,0,0,7,9,4,16,13,29,26,0,0,-1,1,5,-5,0,0,2,7,12,11
2019-11-03,SP1,Osasuna,Alaves,2,4,2,19,11,6,3,1069.70820349399,938.95730514196,2,0,0,4,5,0,0,6,8,7,12,9,28,27,2,-2,8,-8,3,-3,2,4,3,6,11,19
2019-11-03,SP1,Celta,Getafe,0,0,1,6,9,2,5,926.730798651433,1045.31540892596,0,0,1,1,0,0,1,1,3,9,9,16,25,24,-1,1,-3,3,-3,3,1,0,5,2,9,6
2019-11-03,SP1,Leganes,Eibar,0,1,2,12,7,5,4,865.655317088389,916.943295040816,1,0,0,1,1,0,0,7,3,7,5,12,5,19,-1,1,5,-5,1,-1,2,1,4,5,7,12
2019-11-03,SP1,Granada,Sociedad,0,1,2,5,9,3,5,1067.76813751525,1095.01836320335,4,1,0,0,4,1,0,0,9,6,19,18,30,35,-1,1,-4,4,-2,2,2,1,5,3,9,5
2019-11-08,SP1,Sociedad,Leganes,1,1,1,11,6,5,2,1124.51365858222,838.345098382435,0,0,1,3,0,0,1,5,9,3,18,5,37,5,0,0,5,-5,3,-3,1,1,2,5,6,11
2019-11-09,SP1,Alaves,Valladolid,2,3,0,14,7,5,1,910.867255622277,969.860802531077,0,0,0,1,3,0,1,2,4,8,8,13,26,21,3,-3,7,-7,4,-4,0,3,1,5,7,14
2019-11-09,SP1,Valencia,Granada,2,2,0,12,13,4,1,1032.29851252944,1038.27284213639,0,0,0,2,8,0,1,3,8,6,16,19,26,27,2,-2,-1,1,3,-3,0,2,1,4,13,12
2019-11-09,SP1,Eibar,Real Madrid,0,0,4,14,10,1,5,944.25351374677,1344.58965690852,1,0,0,1,1,0,0,2,7,8,14,19,22,43,-4,4,4,-4,-4,4,4,0,5,1,10,14
2019-11-09,SP1,Barcelona,Celta,2,4,1,10,6,7,5,1235.33515583114,905.247596255022,5,0,0,3,5,0,0,5,12,3,22,6,36,25,3,-3,4,-4,2,-2,1,4,5,7,6,10
2019-11-10,SP1,Mallorca,Villarreal,2,3,1,5,22,3,6,815.959270359641,1105.43535353717,0,0,0,1,3,0,1,1,7,7,8,17,24,30,2,-2,-17,17,-3,3,1,3,6,3,22,5
2019-11-10,SP1,Athletic Club,Levante,2,2,1,23,8,10,2,1035.08005663792,1001.89263382213,1,1,0,0,2,1,0,0,5,9,13,14,26,20,1,-1,15,-15,8,-8,1,2,2,10,8,23
2019-11-10,SP1,Ath Madrid,Espanol,2,3,1,18,10,5,1,1228.65455237562,754.774853378317,1,0,0,1,13,0,0,1,7,3,15,7,40,14,2,-2,8,-8,4,-4,1,3,1,5,10,18
2019-11-10,SP1,Getafe,Osasuna,1,0,0,14,4,5,1,1066.79861132237,1097.79825301367,2,0,0,0,2,1,0,5,12,10,18,14,27,28,0,0,10,-10,4,-4,0,0,1,5,4,14
2019-11-10,SP1,Betis,Sevilla,0,1,2,18,10,5,6,1023.58987548335,1158.2491729334,1,0,0,0,5,1,0,3,5,8,13,15,27,37,-1,1,8,-8,-1,1,2,1,6,5,10,18
2019-11-22,SP1,Levante,Mallorca,2,2,1,13,14,6,7,972.940045580818,889.735650338569,1,0,0,5,1,0,0,5,6,7,11,11,20,24,1,-1,-1,1,-1,1,1,2,7,6,14,13
2019-11-23,SP1,Leganes,Barcelona,0,1,2,9,11,4,6,849.178004916878,1249.52351333588,0,0,1,1,0,0,1,1,4,12,6,22,6,39,-1,1,-2,2,-2,2,2,1,6,4,11,9
2019-11-23,SP1,Betis,Valencia,2,2,1,25,9,8,3,1003.40659944278,1076.91021002947,0,1,1,0,0,1,1,0,4,8,10,16,26,28,1,-1,16,-16,5,-5,1,2,3,8,9,25
2019-11-23,SP1,Granada,Ath Madrid,1,1,1,9,17,3,6,993.661144636361,1234.03576428791,0,0,1,0,0,4,1,3,6,9,16,15,24,40,0,0,-8,8,-3,3,1,1,6,3,17,9
2019-11-23,SP1,Real Madrid,Sociedad,2,3,1,18,11,10,6,1356.29684848166,1113.68075204777,0,2,0,0,16,2,1,0,10,10,21,19,43,38,2,-2,7,-7,4,-4,1,3,6,10,11,18
2019-11-24,SP1,Espanol,Getafe,1,1,1,6,11,2,2,749.393641466025,1068.22242129097,0,1,6,0,0,1,9,0,3,10,7,18,11,27,0,0,-5,5,0,0,1,1,2,2,11,6
2019-11-24,SP1,Osasuna,Athletic Club,0,1,2,12,6,7,4,1096.37444304507,1064.03264487923,3,0,0,0,6,1,0,8,8,8,14,13,26,28,-1,1,6,-6,3,-3,2,1,4,7,6,12
2019-11-24,SP1,Eibar,Alaves,0,0,2,18,7,7,5,932.546322173629,974.570185241202,0,0,1,5,0,0,1,7,6,7,14,10,22,26,-2,2,11,-11,2,-2,2,0,5,7,7,18
2019-11-24,SP1,Villarreal,Celta,0,1,3,15,11,1,7,1031.65897355824,891.059238750281,0,0,0,4,7,0,1,6,7,0,16,5,27,24,-2,2,4,-4,-6,6,3,1,7,1,11,15
2019-11-24,SP1,Valladolid,Sevilla,0,0,1,7,4,1,2,906.157872912151,1178.43244897397,2,1,0,0,5,2,0,0,7,11,13,17,20,37,-1,1,3,-3,-1,1,1,0,2,1,4,7
2019-11-29,SP1,Celta,Valladolid,1,0,0,13,9,5,2,951.755769617777,895.111719453333,0,0,2,2,0,0,2,3,3,6,8,12,27,19,0,0,4,-4,3,-3,0,0,2,5,9,13
2019-11-30,SP1,Alaves,Real Madrid,0,1,2,8,12,2,6,1013.14875040644,1373.69556220828,1,1,0,0,4,1,0,0,7,10,13,23,26,45,-1,1,-4,4,-4,4,2,1,6,2,12,8
2019-11-30,SP1,Sociedad,Eibar,2,4,1,15,10,4,4,1096.28203832116,893.967757008388,0,1,0,0,1,1,2,0,7,6,16,14,35,22,3,-3,5,-5,0,0,1,4,4,4,10,15
2019-11-30,SP1,Mallorca,Betis,0,1,2,16,15,7,3,865.255840580531,1042.07730581136,1,0,0,0,4,1,0,6,4,7,10,12,24,28,-1,1,1,-1,4,-4,2,1,3,7,15,16
2019-11-30,SP1,Valencia,Villarreal,2,2,1,13,24,7,7,1038.23950366089,970.962442690746,1,0,0,2,9,0,0,2,7,4,16,13,28,27,1,-1,-11,11,0,0,1,2,7,7,24,13
2019-12-01,SP1,Sevilla,Leganes,2,1,0,16,8,8,4,1189.47860243279,843.370334377972,0,0,0,0,4,1,1,6,11,4,17,6,37,6,1,-1,8,-8,4,-4,0,1,4,8,8,16
2019-12-01,SP1,Athletic Club,Granada,2,2,0,14,8,6,1,1099.0028603319,1003.24788983256,2,0,0,3,3,0,0,4,10,4,15,14,28,25,2,-2,6,-6,5,-5,0,2,1,6,8,14
2019-12-01,SP1,Espanol,Osasuna,0,2,4,12,14,5,8,760.990280891815,1061.40422759241,0,0,0,0,1,2,10,6,4,8,5,13,12,23,-2,2,-2,2,-3,3,4,2,8,5,14,12
2019-12-01,SP1,Getafe,Levante,2,4,0,13,7,9,2,1056.62578186518,997.419855338856,0,0,0,1,3,0,1,1,8,9,18,14,28,23,4,-4,6,-6,7,-7,0,4,2,9,7,13
2019-12-01,SP1,Ath Madrid,Barcelona,0,0,1,17,13,2,5,1224.44901909171,1255.33118387479,2,1,0,0,14,1,0,0,9,12,16,24,38,39,-1,1,4,-4,-3,3,1,0,5,2,13,17
2019-12-06,SP1,Villarreal,Ath Madrid,1,0,0,23,18,3,3,945.082585817921,1195.28590436575,0,0,1,0,0,5,2,4,1,6,10,15,27,38,0,0,5,-5,0,0,0,0,3,3,18,23
2019-12-07,SP1,Real Madrid,Espanol,2,2,0,18,6,8,2,1380.83178901312,747.77384350544,1,0,0,2,17,0,0,2,13,1,23,5,45,12,2,-2,12,-12,6,-6,0,2,2,8,6,18
2019-12-07,SP1,Granada,Alaves,2,3,0,13,5,3,1,971.180625423514,1006.0125236016,0,1,0,0,1,1,2,0,1,7,11,13,22,25,3,-3,8,-8,2,-2,0,3,1,3,5,13
2019-12-07,SP1,Levante,Valencia,0,2,4,17,10,6,6,943.803587568408,1064.11936053371,2,0,0,1,2,0,0,1,9,10,13,18,23,30,-2,2,7,-7,0,0,4,2,6,6,10,17
2019-12-07,SP1,Barcelona,Mallorca,2,5,2,25,9,17,3,1284.49429860075,848.267472443508,6,0,0,6,6,0,0,6,12,4,24,10,39,21,3,-3,16,-16,14,-14,2,5,3,17,9,25
2019-12-08,SP1,Eibar,Getafe,0,0,1,6,6,3,3,868.029280797068,1110.24204963563,0,0,2,0,0,2,2,1,6,11,13,18,22,28,-1,1,0,0,0,0,1,0,3,3,6,6
2019-12-08,SP1,Betis,Athletic Club,2,3,2,10,8,6,2,1059.06567394839,1131.07012474094,1,1,0,0,1,2,0,0,10,13,14,15,30,30,1,-1,2,-2,4,-4,2,3,2,6,8,10
2019-12-08,SP1,Valladolid,Sociedad,1,0,0,4,16,2,2,897.6974054145,1122.22051453248,0,0,1,1,0,0,1,1,4,7,13,16,19,35,0,0,-12,12,0,0,0,0,2,2,16,4
2019-12-08,SP1,Leganes,Celta,2,3,2,15,9,8,4,835.689855747181,949.170083656609,0,1,2,0,0,1,2,0,1,4,5,8,6,25,1,-1,6,-6,4,-4,2,3,4,8,9,15
2019-12-08,SP1,Osasuna,Sevilla,1,1,1,10,13,1,4,1074.62066497878,1197.15908106358,0,2,1,0,0,3,1,0,8,11,15,20,26,37,0,0,-3,3,-3,3,1,1,4,1,13,10
2019-12-13,SP1,Alaves,Leganes,1,1,1,10,3,3,1,946.032146699426,877.785297416693,0,0,1,1,0,0,1,7,6,4,13,7,25,9,0,0,7,-7,2,-2,1,1,1,3,3,10
2019-12-14,SP1,Granada,Levante,0,1,2,18,13,4,6,1031.16100232569,914.55437744559,1,0,0,2,2,0,0,2,4,6,13,13,25,23,-1,1,5,-5,-2,2,2,1,6,4,13,18
2019-12-14,SP1,Sociedad,Barcelona,1,2,2,19,9,5,5,1113.11449551028,1292.68298684095,1,2,0,0,2,2,0,0,8,12,14,27,36,42,0,0,10,-10,0,0,2,2,5,5,9,19
2019-12-14,SP1,Athletic Club,Eibar,1,0,0,8,8,3,2,1092.53161395834,855.310947319436,3,0,0,1,4,0,0,1,10,3,14,10,27,19,0,0,0,0,1,-1,0,0,2,3,8,8
2019-12-14,SP1,Ath Madrid,Osasuna,2,2,0,19,15,9,3,1185.41393801488,1080.04086459711,0,1,1,0,0,3,1,0,6,8,13,16,36,27,2,-2,4,-4,6,-6,0,2,3,9,15,19
2019-12-15,SP1,Getafe,Valladolid,2,2,0,7,10,3,3,1122.96038311326,906.803424436695,1,0,0,0,4,1,0,4,11,5,20,13,31,19,2,-2,-3,3,0,0,0,2,3,3,10,7
2019-12-15,SP1,Celta,Mallorca,1,2,2,18,8,7,2,907.074641987098,840.078784203308,0,0,0,7,1,0,3,7,4,3,7,10,22,21,0,0,10,-10,5,-5,2,2,2,7,8,18
2019-12-15,SP1,Espanol,Betis,1,2,2,16,10,4,5,745.539127738758,1097.60418473098,0,1,1,0,0,2,11,0,1,10,4,14,12,32,0,0,6,-6,-1,1,2,2,5,4,10,16
2019-12-15,SP1,Sevilla,Villarreal,0,1,2,24,9,5,3,1191.73888144525,954.954552168792,1,0,0,3,5,0,0,3,11,2,21,11,38,25,-1,1,15,-15,2,-2,2,1,3,5,9,24
2019-12-15,SP1,Valencia,Real Madrid,1,1,1,9,19,6,6,1093.36857065653,1383.0665047798,2,2,0,0,10,2,0,0,12,13,20,23,33,47,0,0,-10,10,0,0,1,1,6,6,19,9
2019-12-18,SP1,Barcelona,Real Madrid,1,0,0,9,17,2,4,1285.07887201497,1372.14617521968,7,0,0,0,7,3,0,1,13,13,25,21,40,45,0,0,-8,8,-2,2,0,0,4,2,17,9
2019-12-20,SP1,Eibar,Granada,2,3,0,21,12,7,1,864.804084911621,988.807009449263,0,0,3,4,0,0,3,5,1,4,8,10,17,25,3,-3,9,-9,6,-6,0,3,1,7,12,21
2019-12-21,SP1,Mallorca,Sevilla,0,0,2,8,13,1,6,843.12637763721,1140.77866638816,0,0,1,0,0,4,1,1,4,10,11,18,22,37,-2,2,-5,5,-5,5,2,0,6,1,13,8
2019-12-21,SP1,Barcelona,Alaves,2,4,1,8,5,4,3,1289.00659106923,942.929071402962,0,0,0,1,8,0,1,1,11,7,23,11,40,25,3,-3,3,-3,1,-1,1,4,3,4,5,8
2019-12-21,SP1,Villarreal,Getafe,2,1,0,11,7,4,0,1005.91476722588,1142.58127149138,0,1,0,0,1,3,3,0,4,11,11,23,28,34,1,-1,4,-4,4,-4,0,1,0,4,7,11
2019-12-21,SP1,Valladolid,Valencia,1,1,1,14,5,6,2,887.18253605858,1104.28890021665,0,1,0,0,1,1,2,0,2,10,10,18,19,31,0,0,9,-9,4,-4,1,1,2,6,5,14
2019-12-22,SP1,Leganes,Espanol,2,2,0,11,9,5,3,880.888372713156,757.81326599949,1,0,0,3,1,0,0,3,5,2,8,5,10,12,2,-2,2,-2,2,-2,0,2,3,5,9,11
2019-12-22,SP1,Osasuna,Sociedad,0,3,4,19,13,7,7,1049.09136677793,1120.71861033626,0,0,0,0,1,1,2,2,5,6,15,15,26,34,-1,1,6,-6,0,0,4,3,7,7,13,19
2019-12-22,SP1,Betis,Ath Madrid,0,1,2,15,8,2,5,1085.33004647025,1216.36343583405,2,0,0,0,2,6,0,5,10,8,15,15,30,38,-1,1,7,-7,-3,3,2,1,5,2,8,15
2019-12-22,SP1,Levante,Celta,2,3,1,13,12,7,5,956.90837032202,904.027048553196,0,0,1,1,0,0,1,1,6,5,15,8,25,20,2,-2,1,-1,2,-2,1,3,5,7,12,13
2019-12-22,SP1,Real Madrid,Athletic Club,1,0,0,20,8,8,2,1368.21845616542,1083.03847636616,2,0,0,1,18,0,0,1,11,10,21,15,45,27,0,0,12,-12,6,-6,0,0,2,8,8,20
2020-01-03,SP1,Valladolid,Leganes,1,2,2,14,12,5,5,896.054828089528,909.8287338728,0,0,0,0,2,1,3,8,3,7,10,11,20,13,0,0,2,-2,0,0,2,2,5,5,12,14
2020-01-03,SP1,Sevilla,Athletic Club,1,1,1,9,6,2,1,1154.17454554252,1093.84667885734,0,0,1,0,0,1,1,2,10,8,21,16,37,28,0,0,3,-3,1,-1,1,1,1,2,6,9
2020-01-04,SP1,Valencia,Eibar,2,1,0,9,10,1,3,1095.4166081857,938.01212904356,0,0,0,0,11,1,1,2,8,4,16,10,32,19,1,-1,-1,1,-2,2,0,1,3,1,10,9
2020-01-04,SP1,Getafe,Real Madrid,0,0,3,15,10,4,8,1098.60522798335,1357.41025367424,2,0,0,0,5,4,0,2,10,9,20,19,34,43,-3,3,5,-5,-4,4,3,0,8,4,10,15
2020-01-04,SP1,Ath Madrid,Levante,2,2,1,17,6,8,3,1236.83623627401,994.141727968459,1,1,0,0,1,1,0,0,8,9,17,15,38,27,1,-1,11,-11,5,-5,1,2,3,8,6,17
2020-01-04,SP1,Espanol,Barcelona,1,2,2,8,14,3,7,728.872904839846,1302.09702829258,0,0,0,0,1,3,12,1,2,11,5,23,12,42,0,0,-6,6,-4,4,2,2,7,3,14,8
2020-01-05,SP1,Granada,Mallorca,2,1,0,7,17,4,5,915.598965317324,829.730498482852,0,0,1,0,0,1,1,8,4,1,10,8,25,21,1,-1,-10,10,-1,1,0,1,5,4,17,7
2020-01-05,SP1,Sociedad,Villarreal,0,1,2,10,14,2,2,1146.2133985121,1049.89081073391,0,1,0,0,3,1,1,0,8,7,18,14,37,28,-1,1,-4,4,0,0,2,1,2,2,14,10
2020-01-05,SP1,Alaves,Betis,1,1,1,6,10,1,3,929.838634179619,1064.85724603029,0,0,0,0,1,3,2,1,4,10,11,14,22,29,0,0,-4,4,-2,2,1,1,3,1,10,6
2020-01-05,SP1,Celta,Osasuna,1,1,1,20,8,7,1,866.793690906757,1023.59657860209,0,0,0,1,2,0,4,1,5,4,5,12,17,23,0,0,12,-12,6,-6,1,1,1,7,8,20
2020-01-17,SP1,Leganes,Getafe,0,0,3,8,8,2,4,909.194754174306,1078.54288784745,2,0,0,1,2,0,0,1,8,9,12,17,14,31,-3,3,0,0,-2,2,3,0,4,2,8,8
2020-01-18,SP1,Levante,Alaves,0,0,1,20,14,3,6,981.4516314107,935.761281346508,1,0,0,2,1,0,0,2,6,2,15,9,27,20,-1,1,6,-6,-3,3,1,0,6,3,14,20
2020-01-18,SP1,Real Madrid,Sevilla,2,2,1,13,8,4,3,1377.47259381013,1151.42393286627,0,1,0,0,19,5,1,0,9,8,22,19,43,38,1,-1,5,-5,1,-1,1,2,3,4,8,13
2020-01-18,SP1,Osasuna,Valladolid,1,0,0,21,5,5,3,1016.82890934758,896.688807788022,0,0,1,1,0,0,3,5,5,4,13,10,24,21,0,0,16,-16,2,-2,0,0,3,5,5,21
2020-01-18,SP1,Eibar,Ath Madrid,2,2,0,9,12,4,4,919.592929590818,1249.52633283177,1,1,0,0,1,7,0,0,4,10,10,19,19,38,2,-2,-3,3,0,0,0,2,4,4,12,9
2020-01-19,SP1,Mallorca,Valencia,2,4,1,13,8,6,1,805.482086030168,1113.83580763844,0,0,2,0,0,2,2,1,1,11,5,18,18,32,3,-3,5,-5,5,-5,1,4,1,6,8,13
2020-01-19,SP1,Betis,Sociedad,2,3,0,14,7,6,0,1058.9345988634,1105.56227827218,0,1,1,0,0,2,1,0,8,8,15,15,27,34,3,-3,7,-7,6,-6,0,3,0,6,7,14
2020-01-19,SP1,Villarreal,Espanol,0,1,2,21,16,5,5,1090.54193097384,743.734344951715,1,0,0,4,2,0,0,4,10,2,14,6,28,12,-1,1,5,-5,0,0,2,1,5,5,16,21
2020-01-19,SP1,Athletic Club,Celta,1,1,1,22,7,6,3,1096.5972915336,873.561360161271,0,0,0,2,5,0,1,2,6,3,16,6,29,15,0,0,15,-15,3,-3,1,1,3,6,7,22
2020-01-19,SP1,Barcelona,Granada,2,1,0,18,5,6,1,1287.23558818071,939.847377770008,1,0,0,5,9,0,0,6,9,6,21,10,43,28,1,-1,13,-13,5,-5,0,1,1,6,5,18
2020-01-24,SP1,Osasuna,Levante,2,2,0,15,6,3,2,1011.50670896594,945.267487357748,0,0,0,1,1,0,4,1,3,6,11,15,25,26,2,-2,9,-9,1,-1,0,2,2,3,6,15
2020-01-25,SP1,Espanol,Athletic Club,1,1,1,9,11,3,3,800.081032792387,1087.53768909298,0,0,0,0,2,2,13,3,5,4,6,17,14,30,0,0,-2,2,0,0,1,1,3,3,11,9
2020-01-25,SP1,Valencia,Barcelona,2,2,0,8,14,6,5,1020.57787218837,1294.86640790028,1,0,0,0,12,4,0,2,8,9,18,21,31,43,2,-2,-6,6,1,-1,0,2,5,6,14,8
2020-01-25,SP1,Alaves,Villarreal,0,1,2,12,11,6,6,971.945425399461,1034.19524313317,0,2,0,0,2,2,3,0,5,10,12,11,23,28,-1,1,1,-1,0,0,2,1,6,6,11,12
2020-01-25,SP1,Sevilla,Granada,2,2,0,12,8,4,1,1137.73073065828,932.216558050433,0,0,0,6,1,0,2,7,5,6,16,7,35,27,2,-2,4,-4,3,-3,0,2,1,4,8,12
2020-01-26,SP1,Ath Madrid,Leganes,1,0,0,14,10,3,4,1173.23104666876,879.320644818289,2,0,0,0,2,2,0,9,10,8,16,9,35,14,0,0,4,-4,-1,1,0,0,4,3,10,14
2020-01-26,SP1,Celta,Eibar,1,0,0,18,5,5,3,882.62096260189,995.888215753827,0,0,0,1,3,0,5,3,3,7,7,13,16,22,0,0,13,-13,2,-2,0,0,3,5,5,18
2020-01-26,SP1,Getafe,Betis,2,1,0,7,8,3,1,1108.41699720347,1120.74099687261,0,0,1,0,0,4,1,2,9,8,20,18,33,27,1,-1,-1,1,2,-2,0,1,1,3,8,7
2020-01-26,SP1,Sociedad,Mallorca,2,3,0,14,8,5,4,1043.75588026297,898.740021480245,0,0,1,1,0,0,2,9,5,4,12,8,31,18,3,-3,6,-6,1,-1,0,3,4,5,8,14
2020-01-26,SP1,Valladolid,Real Madrid,0,0,1,4,12,0,3,902.011008169664,1391.16579601811,0,1,0,0,3,5,4,0,4,9,8,22,22,43,-1,1,-8,8,-3,3,1,0,3,0,12,4
2020-02-01,SP1,Granada,Espanol,2,2,1,8,22,2,4,911.646721868423,810.945985579936,1,1,0,0,1,1,0,0,3,6,7,7,26,15,1,-1,-14,14,-2,2,1,2,4,2,22,8
2020-02-01,SP1,Real Madrid,Ath Madrid,2,1,0,16,4,5,1,1394.78027613495,1162.20794907947,1,0,0,1,20,0,0,1,11,10,24,16,43,33,1,-1,12,-12,4,-4,0,1,1,5,4,16
2020-02-01,SP1,Mallorca,Valladolid,0,0,1,16,15,4,7,865.7336116197,898.396528052826,1,0,0,0,1,1,0,6,4,3,7,8,15,19,-1,1,1,-1,-3,3,1,0,7,4,15,16
2020-02-01,SP1,Valencia,Celta,2,1,0,9,11,5,4,1093.29846688838,887.659850047314,2,0,0,0,13,1,0,3,8,4,20,8,33,17,1,-1,-2,2,1,-1,0,1,4,5,11,9
2020-02-02,SP1,Leganes,Sociedad,2,2,1,12,2,5,1,890.343742407577,1076.76229012351,0,0,1,1,0,0,1,1,6,7,10,15,15,33,1,-1,10,-10,4,-4,1,2,1,5,2,12
2020-02-02,SP1,Eibar,Betis,1,1,1,8,14,3,6,990.849328308404,1087.60639037526,2,0,0,1,2,0,0,3,8,5,11,15,23,27,0,0,-6,6,-3,3,1,1,6,3,14,8
2020-02-02,SP1,Athletic Club,Getafe,0,0,2,8,9,2,3,1076.67273630543,1141.55160370082,0,1,0,0,6,1,2,0,5,9,15,20,28,36,-2,2,-1,1,-1,1,2,0,3,2,9,8
2020-02-02,SP1,Sevilla,Alaves,1,1,1,14,4,3,3,1158.30056684029,945.618272394941,1,1,0,0,2,1,0,0,7,5,18,11,35,20,0,0,10,-10,0,0,1,1,3,3,4,14
2020-02-02,SP1,Villarreal,Osasuna,2,3,1,9,17,4,5,1060.52239613769,1047.10264999862,0,0,1,0,0,1,1,2,12,5,14,13,30,25,2,-2,-8,8,-1,1,1,3,5,4,17,9
2020-02-02,SP1,Barcelona,Levante,2,2,1,23,10,9,5,1222.14581320027,909.671546325061,2,0,0,2,10,0,0,2,8,6,21,12,43,26,1,-1,13,-13,4,-4,1,2,5,9,10,23
2020-02-07,SP1,Alaves,Eibar,2,2,1,9,5,5,1,954.348479776408,995.19342807064,0,0,1,0,0,1,4,4,5,8,12,9,20,23,1,-1,4,-4,4,-4,1,2,1,5,5,9
2020-02-08,SP1,Levante,Leganes,2,2,0,9,12,5,4,900.583307954635,938.035785410243,0,0,1,0,0,3,1,10,3,8,9,13,23,18,2,-2,-3,3,1,-1,0,2,4,5,12,9
2020-02-08,SP1,Getafe,Valencia,2,3,0,22,5,10,0,1177.31329334397,1108.29868581386,1,0,0,1,1,0,0,2,9,10,20,20,38,36,3,-3,17,-17,10,-10,0,3,0,10,5,22
2020-02-08,SP1,Valladolid,Villarreal,1,1,1,8,8,1,3,927.396993848408,1102.68684970592,0,3,1,0,0,3,5,0,6,12,8,16,21,33,0,0,0,0,-2,2,1,1,3,1,8,8
2020-02-08,SP1,Ath Madrid,Granada,2,1,0,6,10,3,2,1148.91460727125,934.623119999432,0,0,0,7,3,0,1,8,7,6,15,10,30,29,1,-1,-4,4,1,-1,0,1,2,3,10,6
2020-02-09,SP1,Espanol,Mallorca,2,1,0,12,7,7,3,787.969587448927,836.733145824118,0,0,0,2,3,0,14,10,5,3,7,7,14,15,1,-1,5,-5,4,-4,0,1,3,7,7,12
2020-02-09,SP1,Sociedad,Athletic Club,2,2,1,14,6,4,3,1029.07024712085,1040.91104666228,1,0,0,0,1,3,0,4,6,4,12,14,30,27,1,-1,8,-8,1,-1,1,2,3,4,6,14
2020-02-09,SP1,Osasuna,Real Madrid,0,1,4,14,17,4,7,1004.93819643039,1408.07361794317,1,2,0,0,2,6,0,0,5,13,10,24,24,45,-3,3,-3,3,-3,3,4,1,7,4,17,14
2020-02-09,SP1,Celta,Sevilla,2,2,1,13,12,7,4,872.659631121826,1149.57035945882,0,0,0,1,4,0,6,1,3,8,8,18,14,33,1,-1,1,-1,3,-3,1,2,4,7,12,13
2020-02-09,SP1,Betis,Barcelona,0,2,3,7,10,3,6,1083.26229061303,1231.2340515707,1,0,0,1,1,0,0,3,5,10,15,21,28,43,-1,1,-3,3,-3,3,3,2,6,3,10,7
2020-02-14,SP1,Valencia,Ath Madrid,1,2,2,9,8,3,3,1064.45898939942,1163.35036932897,3,0,0,2,14,0,0,2,9,7,17,15,33,30,0,0,1,-1,0,0,2,2,3,3,8,9
2020-02-15,SP1,Mallorca,Alaves,2,1,0,14,10,6,0,800.271116750506,990.093202925082,0,0,1,0,0,2,1,1,3,8,4,12,15,22,1,-1,4,-4,6,-6,0,1,0,6,10,14
2020-02-15,SP1,Barcelona,Getafe,2,2,1,12,7,5,2,1250.37367881956,1221.15298975842,3,2,0,0,11,2,0,0,10,12,21,22,45,40,1,-1,5,-5,3,-3,1,2,2,5,7,12
2020-02-15,SP1,Villarreal,Levante,2,2,1,14,11,6,2,1095.23615856692,949.150413474005,1,0,0,3,1,0,0,3,10,3,17,12,33,23,1,-1,3,-3,4,-4,1,2,2,6,11,14
2020-02-15,SP1,Granada,Valladolid,2,2,1,11,6,5,4,920.187357941714,934.847684987412,2,1,0,0,2,2,0,0,6,6,10,9,26,22,1,-1,5,-5,1,-1,1,2,4,5,6,11
2020-02-16,SP1,Sevilla,Espanol,1,2,2,18,5,6,3,1096.37472299563,824.431616522539,0,0,0,1,3,0,1,1,5,8,15,10,32,17,0,0,13,-13,3,-3,2,2,3,6,5,18
2020-02-16,SP1,Leganes,Betis,1,0,0,11,3,1,2,889.468679890874,1064.12266336417,1,0,0,0,1,1,0,4,5,5,12,15,18,25,0,0,8,-8,-1,1,0,0,2,1,3,11
2020-02-16,SP1,Athletic Club,Osasuna,0,0,1,12,6,2,2,1007.82089075551,995.184848088856,0,0,1,1,0,0,3,3,3,5,11,9,24,23,-1,1,6,-6,0,0,1,0,2,2,6,12
2020-02-16,SP1,Real Madrid,Celta,1,2,2,15,5,4,3,1417.8269662847,925.855267585015,2,0,0,1,21,0,0,4,15,6,24,11,47,16,0,0,10,-10,1,-1,2,2,3,4,5,15
2020-02-21,SP1,Betis,Mallorca,1,3,3,19,11,6,4,1056.69492483855,848.200109784875,0,0,1,3,0,0,1,11,5,6,13,7,25,17,0,0,8,-8,2,-2,3,3,4,6,11,19
2020-02-22,SP1,Celta,Leganes,2,1,0,3,11,1,2,940.075479640561,896.896418416492,1,0,0,1,5,0,0,11,6,5,9,13,17,19,1,-1,-8,8,-1,1,0,1,2,1,11,3
2020-02-22,SP1,Barcelona,Eibar,2,5,0,13,12,11,5,1279.68868166059,959.448704921966,4,0,0,1,12,0,0,5,12,5,21,9,45,23,5,-5,1,-1,6,-6,0,5,5,11,12,13
2020-02-22,SP1,Sociedad,Valencia,2,3,0,19,6,7,1,1062.16040302762,1068.89397995945,2,0,0,2,2,0,0,3,6,7,14,18,33,34,3,-3,13,-13,6,-6,0,3,1,7,6,19
2020-02-22,SP1,Levante,Real Madrid,2,1,0,8,19,2,7,929.864816888647,1403.60675422916,1,3,0,0,1,7,0,0,3,13,9,22,23,45,1,-1,-11,11,-5,5,0,1,7,2,19,8
2020-02-23,SP1,Osasuna,Granada,0,0,3,14,10,1,4,1028.34815775557,953.53682315572,0,0,1,8,0,0,1,9,7,6,12,12,25,26,-3,3,4,-4,-3,3,3,0,4,1,10,14
2020-02-23,SP1,Alaves,Athletic Club,2,2,1,4,13,4,5,942.164209890713,974.657581088796,1,0,0,1,1,0,0,5,7,2,9,8,22,23,1,-1,-9,9,-1,1,1,2,5,4,13,4
2020-02-23,SP1,Valladolid,Espanol,2,2,1,21,6,6,2,901.498219773406,834.899814716176,0,0,0,0,1,1,6,2,5,8,9,10,21,15,1,-1,15,-15,4,-4,1,2,2,6,6,21
2020-02-23,SP1,Getafe,Sevilla,0,0,3,10,8,2,5,1191.83798691739,1085.906524802,2,0,0,2,2,0,0,2,12,5,21,13,39,30,-3,3,2,-2,-3,3,3,0,5,2,8,10
2020-02-23,SP1,Ath Madrid,Villarreal,2,3,1,16,10,9,4,1158.91537876894,1114.52175515227,1,0,0,0,4,4,0,1,5,10,15,20,31,33,2,-2,6,-6,5,-5,1,3,4,9,10,16
2020-02-28,SP1,Sociedad,Valladolid,2,1,0,13,6,4,1,1117.74873120465,927.438319214179,3,0,0,1,3,0,0,1,9,7,17,11,33,24,1,-1,7,-7,3,-3,0,1,1,4,6,13
2020-02-29,SP1,Eibar,Levante,2,3,0,13,11,9,4,939.230234139466,989.935579209818,0,0,0,4,3,0,1,4,5,6,9,12,23,25,3,-3,2,-2,5,-5,0,3,4,9,11,13
2020-02-29,SP1,Valencia,Betis,2,2,1,10,14,5,5,1013.30565178241,1048.10103523772,0,0,0,0,15,2,1,5,7,3,15,11,33,25,1,-1,-4,4,0,0,1,2,5,5,14,10
2020-02-29,SP1,Leganes,Alaves,1,1,1,19,8,6,4,868.853007565612,977.148264899766,0,0,0,1,2,0,1,2,5,7,13,12,18,25,0,0,11,-11,2,-2,1,1,4,6,8,19
2020-02-29,SP1,Granada,Celta,1,0,0,14,6,0,2,1019.63223019331,968.118890491441,3,0,0,0,3,1,0,5,9,8,15,11,26,19,0,0,8,-8,-2,2,0,0,2,0,6,14
2020-03-01,SP1,Sevilla,Osasuna,2,3,2,12,14,5,4,1156.56780363939,962.252750717977,0,1,0,0,4,1,2,0,8,6,13,9,33,24,1,-1,-2,2,1,-1,2,3,4,5,14,12
2020-03-01,SP1,Athletic Club,Villarreal,2,1,0,18,10,6,3,939.673526079743,1076.23774999913,0,0,2,1,0,0,4,2,1,10,5,20,20,30,1,-1,8,-8,3,-3,0,1,3,6,10,18
2020-03-01,SP1,Espanol,Ath Madrid,1,1,1,9,5,3,2,808.959715275402,1197.19938392208,1,0,0,0,4,1,0,3,5,8,10,18,15,33,0,0,4,-4,1,-1,1,1,2,3,5,9
2020-03-01,SP1,Mallorca,Getafe,0,0,1,4,9,1,5,856.793999385701,1121.17670807999,1,0,0,1,1,0,0,1,4,9,8,18,18,36,-1,1,-5,5,-4,4,1,0,5,1,9,4
2020-03-01,SP1,Real Madrid,Barcelona,2,2,0,13,9,5,4,1343.53599190798,1299.90715244309,0,1,0,0,22,1,1,0,10,12,19,21,42,48,2,-2,4,-4,1,-1,0,2,4,5,9,13
2020-03-06,SP1,Alaves,Valencia,1,1,1,13,6,2,2,972.316556494597,1048.49975337401,2,0,0,3,2,0,0,4,8,7,13,15,26,35,0,0,7,-7,0,0,1,1,2,2,6,13
2020-03-07,SP1,Eibar,Mallorca,0,1,2,13,10,2,4,1001.66423864551,845.32644414698,1,0,0,0,4,1,0,12,5,4,12,8,25,18,-1,1,3,-3,-2,2,2,1,4,2,10,13
2020-03-07,SP1,Ath Madrid,Sevilla,1,2,2,21,12,3,4,1184.292537885,1172.32953932918,2,1,0,0,5,1,0,0,8,8,18,15,31,36,0,0,9,-9,-1,1,2,2,4,3,12,21
2020-03-07,SP1,Barcelona,Sociedad,2,1,0,13,9,6,1,1261.5281395172,1133.7859299139,5,0,0,2,13,0,0,2,12,12,20,17,45,33,1,-1,4,-4,5,-5,0,1,1,6,9,13
2020-03-07,SP1,Getafe,Celta,1,0,0,19,3,6,2,1132.64426331872,970.473935553032,0,0,1,0,0,2,1,6,9,8,18,12,38,19,0,0,16,-16,4,-4,0,0,2,6,3,19
2020-03-08,SP1,Osasuna,Espanol,2,1,0,17,8,6,2,946.491015028191,821.866561312481,0,0,2,1,0,0,2,3,3,5,8,11,24,15,1,-1,9,-9,4,-4,0,1,2,6,8,17
2020-03-08,SP1,Valladolid,Athletic Club,0,1,4,19,10,2,5,911.401120504929,983.641467782563,1,0,0,2,2,0,0,6,7,3,10,8,23,22,-3,3,9,-9,-3,3,4,1,5,2,10,19
2020-03-08,SP1,Levante,Granada,1,1,1,11,10,3,7,927.501574703771,1017.27718513172,2,1,0,0,2,1,0,0,6,10,12,13,25,26,0,0,1,-1,-4,4,1,1,7,3,10,11
2020-03-08,SP1,Villarreal,Leganes,0,1,2,15,12,5,7,1032.26980829631,873.684715970781,2,0,0,2,2,0,0,12,7,5,19,11,30,18,-1,1,3,-3,-2,2,2,1,7,5,12,15
2020-03-08,SP1,Betis,Real Madrid,2,2,1,14,13,3,4,1012.90693364612,1381.91500483387,0,0,0,1,1,0,2,1,3,10,8,21,22,42,1,-1,1,-1,-1,1,1,2,4,3,13,14
2020-03-10,SP1,Eibar,Sociedad,0,1,2,13,6,4,2,956.164092735896,1113.04843994385,0,0,1,3,0,0,1,3,4,9,12,16,22,30,-1,1,7,-7,2,-2,2,1,2,4,6,13
2020-06-11,SP1,Sevilla,Betis,2,2,0,13,12,5,1,1172.8802381564,1070.07373965559,1,0,0,1,5,0,0,6,8,5,16,10,34,25,2,-2,1,-1,4,-4,0,2,1,5,12,13
2020-06-12,SP1,Granada,Getafe,2,2,1,10,6,4,2,1013.2324860996,1125.67497116084,0,1,0,0,4,1,1,0,8,7,14,16,24,39,1,-1,4,-4,2,-2,1,2,2,4,6,10
2020-06-12,SP1,Valencia,Levante,1,1,1,12,14,3,4,1045.04655485593,931.546273735895,1,0,0,5,16,0,0,5,5,7,15,10,33,25,0,0,-2,2,-1,1,1,1,4,3,14,12
2020-06-13,SP1,Espanol,Alaves,2,2,0,19,1,9,0,800.876695465463,975.769755012676,0,0,0,0,5,1,1,3,5,8,10,13,15,24,2,-2,18,-18,9,-9,0,2,0,9,1,19
2020-06-13,SP1,Celta,Villarreal,0,0,1,4,15,0,4,977.443227710908,986.599983459245,2,0,0,2,6,0,0,3,9,4,12,16,20,27,-1,1,-11,11,-4,4,1,0,4,0,15,4
2020-06-13,SP1,Leganes,Valladolid,0,1,2,11,6,2,2,919.354540807848,868.047356767364,0,0,0,2,3,0,2,2,5,4,13,10,21,20,-1,1,5,-5,0,0,2,1,2,2,6,11
2020-06-13,SP1,Mallorca,Barcelona,0,0,4,13,12,3,7,890.826590056598,1282.26562948725,0,0,1,1,0,0,1,1,7,12,10,22,21,45,-4,4,1,-1,-4,4,4,0,7,3,12,13
2020-06-14,SP1,Athletic Club,Ath Madrid,1,1,1,10,9,3,2,1026.99523152013,1183.74183905779,1,0,0,0,1,2,0,4,6,9,10,16,25,31,0,0,1,-1,1,-1,1,1,2,3,9,10
2020-06-14,SP1,Real Madrid,Eibar,2,3,1,6,9,5,5,1324.74819882441,937.705591013201,1,0,0,2,23,0,0,6,7,3,20,11,41,19,2,-2,-3,3,0,0,1,3,5,5,9,6
2020-06-14,SP1,Sociedad,Osasuna,1,1,1,9,8,4,1,1131.50694166654,967.480880875208,4,0,0,1,4,0,0,1,12,6,18,11,33,26,0,0,1,-1,3,-3,1,1,1,4,8,9
2020-06-15,SP1,Levante,Sevilla,1,1,1,11,10,5,4,936.594826126275,1204.12629548407,0,0,0,0,3,2,1,1,5,11,8,16,23,37,0,0,1,-1,1,-1,1,1,4,5,10,11
2020-06-15,SP1,Betis,Granada,1,2,2,18,8,6,5,1038.82768232791,1055.24178016945,1,0,0,0,2,2,0,1,5,11,10,17,24,27,0,0,10,-10,1,-1,2,2,5,6,8,18
2020-06-16,SP1,Getafe,Espanol,1,0,0,21,5,4,3,1083.66567709099,865.118163513519,0,0,0,2,1,0,2,4,4,5,16,13,36,18,0,0,16,-16,1,-1,0,0,3,4,5,21
2020-06-16,SP1,Villarreal,Mallorca,2,1,0,10,15,4,5,1017.75681030139,878.562670067157,0,1,1,0,0,2,1,0,6,7,16,10,30,18,1,-1,-5,5,-1,1,0,1,5,4,15,10
2020-06-16,SP1,Barcelona,Leganes,2,2,0,10,6,5,2,1294.52954947669,882.663028576165,6,1,0,0,14,1,0,0,12,5,22,10,45,21,2,-2,4,-4,3,-3,0,2,2,5,6,10
2020-06-17,SP1,Eibar,Athletic Club,1,2,2,12,6,6,3,929.174018762503,1033.76077253413,0,1,2,0,0,1,2,0,3,7,8,10,18,26,0,0,6,-6,3,-3,2,2,3,6,6,12
2020-06-17,SP1,Valladolid,Celta,1,0,0,6,11,1,4,904.738868999047,946.28640086876,0,0,1,0,0,3,1,7,6,6,12,12,22,17,0,0,-5,5,-3,3,0,0,4,1,11,6
2020-06-17,SP1,Osasuna,Ath Madrid,0,0,5,13,10,3,6,974.519257000585,1176.97629804379,1,0,0,0,1,3,0,5,7,7,12,14,24,31,-5,5,3,-3,-3,3,5,0,6,3,10,13
2020-06-18,SP1,Alaves,Sociedad,2,2,0,15,9,7,1,911.52828696462,1124.46856554117,0,1,0,0,3,1,1,0,5,10,13,16,24,34,2,-2,6,-6,6,-6,0,2,1,7,9,15
2020-06-18,SP1,Real Madrid,Valencia,2,3,0,19,4,14,2,1333.2797710751,1039.99800246555,2,0,0,0,24,1,0,5,7,6,22,15,41,31,3,-3,15,-15,12,-12,0,3,2,14,4,19
2020-06-19,SP1,Granada,Villarreal,0,0,1,14,5,4,1,1054.48644490387,1037.58111749028,1,1,0,0,5,1,0,0,9,6,15,16,25,30,-1,1,9,-9,3,-3,1,0,1,4,5,14
2020-06-19,SP1,Mallorca,Leganes,1,1,1,7,16,3,4,858.738362878268,875.170458899132,0,0,2,1,0,0,2,1,4,4,10,9,15,21,0,0,-9,9,-1,1,1,1,4,3,16,7
2020-06-19,SP1,Sevilla,Barcelona,1,0,0,8,10,4,4,1193.77526177489,1302.02211915373,2,1,0,0,6,1,0,0,11,12,16,24,35,45,0,0,-2,2,0,0,0,0,4,4,10,8
2020-06-20,SP1,Espanol,Levante,0,1,3,10,14,3,8,874.036309855093,946.945859835455,1,0,0,0,6,1,0,6,5,6,13,9,19,24,-2,2,-4,4,-5,5,3,1,8,3,14,10
2020-06-20,SP1,Athletic Club,Betis,2,1,0,12,9,3,5,1029.0847688003,1039.5830175935,0,0,0,2,2,0,1,7,8,5,10,10,26,25,1,-1,3,-3,-2,2,0,1,5,3,9,12
2020-06-20,SP1,Getafe,Eibar,1,1,1,9,8,2,2,1074.74753074941,933.850022496326,0,0,0,3,2,0,3,7,5,4,17,9,34,19,0,0,1,-1,0,0,1,1,2,2,8,9
2020-06-20,SP1,Ath Madrid,Valladolid,2,1,0,15,6,4,2,1212.14468685793,906.643135068249,0,1,0,0,6,1,1,0,9,7,14,12,33,22,1,-1,9,-9,2,-2,0,1,2,4,6,15
2020-06-21,SP1,Celta,Alaves,2,6,0,15,4,10,2,944.382134799558,979.339147401226,0,0,1,1,0,0,1,4,6,8,12,15,18,24,6,-6,11,-11,8,-8,0,6,2,10,4,15
2020-06-21,SP1,Valencia,Osasuna,2,2,0,7,13,3,3,1022.98370088428,939.350868186449,0,0,0,0,17,1,1,2,5,4,12,11,30,24,2,-2,-6,6,0,0,0,2,3,3,13,7
2020-06-21,SP1,Sociedad,Real Madrid,0,1,2,10,10,2,6,1056.65770510456,1350.29407265638,0,0,0,2,5,0,1,2,7,9,16,22,31,44,-1,1,0,0,-4,4,2,1,6,2,10,10
2020-06-22,SP1,Villarreal,Sevilla,1,2,2,7,14,5,6,1071.1369280617,1198.60494445463,1,0,0,0,1,3,0,2,9,9,19,17,30,33,0,0,-7,7,-1,1,2,2,6,5,14,7
2020-06-22,SP1,Leganes,Granada,1,0,0,9,4,3,1,874.414296635983,1020.93063433245,0,0,1,0,0,3,3,2,5,6,10,15,19,22,0,0,5,-5,2,-2,0,0,1,3,4,9
2020-06-23,SP1,Levante,Ath Madrid,0,0,1,12,12,0,7,981.73269396966,1221.55042934692,0,1,0,0,4,4,2,0,6,9,12,17,27,33,-1,1,0,0,-7,7,1,0,7,0,12,12
2020-06-23,SP1,Valladolid,Getafe,1,1,1,6,15,2,1,897.237392579256,1068.59272321873,0,0,0,1,1,0,2,1,4,6,11,15,19,35,0,0,-9,9,1,-1,1,1,1,2,15,6
2020-06-23,SP1,Barcelona,Athletic Club,2,1,0,18,6,4,0,1297.19243647399,1062.05139907763,7,0,0,0,15,2,0,1,10,11,22,12,43,29,1,-1,12,-12,4,-4,0,1,0,4,6,18
2020-06-24,SP1,Alaves,Osasuna,0,0,1,5,7,0,1,887.920052884926,905.851132113541,1,0,0,1,4,0,0,3,5,4,12,10,24,21,-1,1,-2,2,-1,1,1,0,1,0,7,5
2020-06-24,SP1,Sociedad,Celta,0,0,1,13,4,6,1,1046.69063334025,1035.80122931586,0,0,1,0,0,4,2,8,4,6,16,14,28,21,-1,1,9,-9,5,-5,1,0,1,6,4,13
2020-06-24,SP1,Real Madrid,Mallorca,2,2,0,14,11,6,4,1360.26114442069,859.494525141417,3,0,0,1,25,0,0,1,12,4,22,8,44,16,2,-2,3,-3,2,-2,0,2,4,6,11,14
2020-06-25,SP1,Eibar,Valencia,2,1,0,14,7,5,0,940.004830027007,1056.48343695718,0,0,0,1,1,0,3,6,2,8,7,15,20,33,1,-1,7,-7,5,-5,0,1,0,5,7,14
2020-06-25,SP1,Betis,Espanol,2,1,0,13,9,6,2,1006.61638731618,839.249475720887,0,0,0,0,3,1,1,5,4,5,7,10,25,16,1,-1,4,-4,4,-4,0,1,2,6,9,13
2020-06-26,SP1,Sevilla,Valladolid,1,1,1,15,11,3,5,1192.98475544516,904.545436820158,0,0,0,1,7,0,1,1,7,5,15,12,33,20,0,0,4,-4,-2,2,1,1,5,3,11,15
2020-06-27,SP1,Athletic Club,Mallorca,2,3,1,12,14,6,2,1048.91312061635,854.844020147529,1,0,0,2,3,0,0,2,8,4,11,8,26,15,2,-2,-2,2,4,-4,1,3,2,6,14,12
2020-06-27,SP1,Celta,Barcelona,1,2,2,10,18,6,2,1068.80385220862,1310.33071493527,1,0,0,0,1,2,0,1,8,13,16,25,24,46,0,0,-8,8,4,-4,2,2,2,6,18,10
2020-06-27,SP1,Osasuna,Leganes,2,2,1,6,21,5,7,936.20108343136,880.788189206048,0,0,1,0,0,1,1,2,7,5,10,10,23,20,1,-1,-15,15,-2,2,1,2,7,5,21,6
2020-06-27,SP1,Ath Madrid,Alaves,2,2,1,14,6,4,2,1234.40984768456,857.570101567107,1,0,0,2,7,0,0,5,11,4,19,12,35,23,1,-1,8,-8,2,-2,1,2,2,4,6,14
2020-06-28,SP1,Levante,Betis,2,4,2,9,17,4,8,968.87327563202,1024.29252816437,0,0,1,3,0,0,3,8,6,7,12,10,24,25,2,-2,-8,8,-4,4,2,4,8,4,17,9
2020-06-28,SP1,Villarreal,Valencia,2,2,0,17,4,4,0,1076.75711707117,1014.14000180971,0,0,0,2,2,0,1,7,10,5,17,12,31,32,2,-2,13,-13,4,-4,0,2,0,4,4,17
2020-06-28,SP1,Granada,Eibar,0,1,2,14,13,5,6,1014.55674176238,982.348265174478,0,0,1,0,0,1,1,8,6,5,16,9,23,20,-1,1,1,-1,-1,1,2,1,6,5,13,14
2020-06-28,SP1,Espanol,Real Madrid,0,0,1,8,14,5,6,821.573334872691,1364.91164941458,0,1,1,0,0,1,1,0,4,12,9,22,16,46,-1,1,-6,6,-1,1,1,0,6,5,14,8
2020-06-29,SP1,Getafe,Sociedad,2,2,1,11,5,4,1,1061.28467897783,1013.68801044749,0,0,0,1,3,0,4,1,4,4,13,13,33,28,1,-1,6,-6,3,-3,1,2,1,4,5,11
2020-06-30,SP1,Mallorca,Celta,2,5,1,9,12,7,8,833.218703659067,1078.4245427042,0,1,0,0,1,5,3,0,1,8,8,17,15,25,4,-4,-3,3,-1,1,1,5,8,7,12,9
2020-06-30,SP1,Leganes,Sevilla,0,0,3,9,11,3,6,853.84906608485,1182.09546346971,0,0,0,0,1,4,4,3,2,7,7,15,20,33,-3,3,-2,2,-3,3,3,0,6,3,11,9
2020-06-30,SP1,Barcelona,Ath Madrid,1,2,2,12,10,5,3,1300.71002443969,1240.97271177339,8,2,0,0,16,5,0,0,11,13,23,22,44,37,0,0,2,-2,2,-2,2,2,3,5,10,12
2020-07-01,SP1,Alaves,Granada,0,0,2,11,7,4,4,851.007237478274,979.598700322032,0,0,1,0,0,4,1,3,3,5,11,13,23,23,-2,2,4,-4,0,0,2,0,4,4,7,11
2020-07-01,SP1,Valencia,Athletic Club,0,0,2,10,12,1,4,978.102206730865,1070.53843710481,1,0,0,1,18,0,0,2,4,8,9,14,29,28,-2,2,-2,2,-3,3,2,0,4,1,12,10
2020-07-01,SP1,Betis,Villarreal,0,0,2,9,15,1,6,973.49793993535,1112.79491215002,1,2,0,0,4,2,0,0,4,13,9,17,24,33,-2,2,-6,6,-5,5,2,0,6,1,15,9
2020-07-01,SP1,Valladolid,Levante,1,0,0,15,8,4,3,915.434728795602,1019.66786386104,0,1,0,0,2,2,3,0,6,8,10,15,18,24,0,0,7,-7,1,-1,0,0,3,4,8,15
2020-07-02,SP1,Eibar,Osasuna,0,0,2,11,9,4,6,1017.30630661483,963.140206552558,1,1,0,0,2,1,0,0,8,7,11,13,20,23,-2,2,2,-2,-2,2,2,0,6,4,9,11
2020-07-02,SP1,Sociedad,Espanol,2,2,1,12,4,4,3,986.04460564952,818.886695740863,0,0,2,1,0,0,3,6,1,4,13,9,25,16,1,-1,8,-8,1,-1,1,2,3,4,4,12
2020-07-02,SP1,Real Madrid,Getafe,2,1,0,8,10,4,3,1367.5982885464,1088.9280837758,4,0,0,0,26,1,0,2,15,6,22,13,46,33,1,-1,-2,2,1,-1,0,1,3,4,10,8
2020-07-03,SP1,Ath Madrid,Mallorca,2,3,0,15,13,3,1,1243.69692449914,936.940099668765,2,0,0,3,8,0,0,3,13,4,20,11,35,15,3,-3,2,-2,2,-2,0,3,1,3,13,15
2020-07-04,SP1,Celta,Betis,1,1,1,5,10,1,3,974.703146694501,946.338824767322,0,0,0,4,2,0,1,9,8,4,14,9,25,24,0,0,-5,5,-2,2,1,1,3,1,10,5
2020-07-04,SP1,Valladolid,Alaves,2,1,0,5,7,3,0,920.095834242984,822.679301851903,0,0,0,3,3,0,4,6,4,3,10,8,19,20,1,-1,-2,2,3,-3,0,1,0,3,7,5
2020-07-04,SP1,Granada,Valencia,1,2,2,17,4,4,3,1007.9266359484,945.645297793093,0,0,2,3,0,0,2,8,5,3,16,9,26,26,0,0,13,-13,1,-1,2,2,3,4,4,17
2020-07-05,SP1,Athletic Club,Real Madrid,0,0,1,7,10,1,4,1102.99534604258,1378.31200030101,2,2,0,0,4,2,0,0,10,15,17,22,28,46,-1,1,-3,3,-3,3,1,0,4,1,10,7
2020-07-05,SP1,Espanol,Leganes,0,0,1,7,4,2,2,801.195157946002,839.529381403945,0,0,2,1,0,0,2,3,1,2,6,7,16,19,-1,1,3,-3,0,0,1,0,2,2,4,7
2020-07-05,SP1,Osasuna,Getafe,1,0,0,6,6,2,1,1013.78047653405,1078.21437202119,1,0,0,1,1,0,0,3,9,6,16,10,25,32,0,0,0,0,1,-1,0,0,1,2,6,6
2020-07-05,SP1,Villarreal,Barcelona,0,1,4,11,18,4,12,1139.95402731805,1297.98581171394,1,0,0,0,3,3,0,2,13,9,19,21,36,42,-3,3,-7,7,-8,8,4,1,12,4,18,11
2020-07-06,SP1,Levante,Sociedad,1,1,1,9,8,4,3,1015.00675841366,1003.73614344438,1,0,0,2,1,0,0,2,8,3,13,13,25,27,0,0,1,-1,1,-1,1,1,3,4,8,9
2020-07-06,SP1,Sevilla,Eibar,2,1,0,8,19,3,3,1196.41514815062,966.666036633344,0,1,0,0,8,2,2,0,7,8,18,11,33,20,1,-1,-11,11,0,0,0,1,3,3,19,8
2020-07-07,SP1,Valencia,Valladolid,2,2,1,10,11,4,5,948.483127218893,943.351401752108,0,0,1,0,0,1,1,2,4,6,9,13,27,22,1,-1,-1,1,-1,1,1,2,5,4,11,10
2020-07-07,SP1,Celta,Ath Madrid,1,1,1,9,10,4,2,973.399815652766,1259.62681927008,0,0,0,0,3,6,2,1,8,13,14,22,23,37,0,0,-1,1,2,-2,1,1,2,4,10,9
2020-07-08,SP1,Betis,Osasuna,2,3,0,14,8,8,2,947.642155809057,1016.7142098666,0,2,1,0,0,2,1,0,4,10,9,14,22,26,3,-3,6,-6,6,-6,0,3,2,8,8,14
2020-07-08,SP1,Getafe,Villarreal,0,1,3,5,6,2,3,1075.28063868864,1108.64630483055,1,3,0,0,4,3,0,0,6,10,11,16,32,36,-2,2,-1,1,-1,1,3,1,3,2,6,5
2020-07-08,SP1,Barcelona,Espanol,2,1,0,9,11,2,2,1329.29353420144,772.71161248146,0,0,0,2,17,0,1,7,9,0,21,5,42,15,1,-1,-2,2,0,0,0,1,2,2,11,9
2020-07-09,SP1,Eibar,Leganes,1,0,0,4,10,1,1,953.200715105569,868.012926868487,0,1,1,0,0,1,1,0,7,5,11,9,20,22,0,0,-6,6,0,0,0,0,1,1,10,4
2020-07-09,SP1,Mallorca,Levante,2,2,0,15,14,5,2,921.010204897825,1014.48790939845,1,0,0,0,2,3,0,1,4,8,8,14,15,23,2,-2,1,-1,3,-3,0,2,2,5,14,15
2020-07-09,SP1,Athletic Club,Sevilla,0,1,2,13,20,4,7,1092.10832578057,1209.88046967839,0,1,1,0,0,5,1,0,9,9,17,20,25,33,-1,1,-7,7,-3,3,2,1,7,4,20,13
2020-07-10,SP1,Sociedad,Granada,0,2,3,19,4,5,3,1004.25499245959,1005.0888065226,1,1,0,0,1,5,0,0,4,5,11,14,28,26,-1,1,15,-15,2,-2,3,2,3,5,4,19
2020-07-10,SP1,Real Madrid,Alaves,2,2,0,18,10,8,4,1389.19902056301,799.42373434278,5,0,0,4,27,0,0,7,15,0,24,8,46,17,2,-2,8,-8,4,-4,0,2,4,8,10,18
2020-07-11,SP1,Osasuna,Celta,2,2,1,15,12,5,3,951.482046757366,984.234179678253,0,0,0,1,2,0,1,1,10,6,14,12,23,23,1,-1,3,-3,2,-2,1,2,3,5,12,15
2020-07-11,SP1,Valladolid,Barcelona,0,0,1,13,9,4,6,911.824016766244,1331.79066102908,1,1,0,0,4,4,0,0,6,11,10,21,21,42,-1,1,4,-4,-2,2,1,0,6,4,9,13
2020-07-11,SP1,Ath Madrid,Betis,2,1,0,9,21,4,3,1248.79245524459,1012.87431891829,3,0,0,0,9,1,0,10,11,7,20,11,38,22,1,-1,-12,12,1,-1,0,1,3,4,21,9
2020-07-12,SP1,Espanol,Eibar,0,0,2,14,11,3,6,770.214485653818,949.354442341864,0,0,3,1,0,0,3,1,0,7,5,9,15,21,-2,2,3,-3,-3,3,2,0,6,3,11,14
2020-07-12,SP1,Levante,Athletic Club,0,1,2,5,12,1,5,959.107094027755,1070.55832379468,0,1,0,0,2,1,1,0,5,6,11,17,23,22,-1,1,-7,7,-4,4,2,1,5,1,12,5
2020-07-12,SP1,Leganes,Valencia,2,1,0,10,16,1,5,871.859199632191,980.010512204757,0,0,1,0,0,1,5,9,5,4,10,12,23,27,1,-1,-6,6,-4,4,0,1,5,1,16,10
2020-07-12,SP1,Sevilla,Mallorca,2,2,0,14,14,5,5,1231.43047166429,976.39102026852,1,0,0,4,9,0,0,4,11,6,20,10,33,18,2,-2,0,0,0,0,0,2,5,5,14,14
2020-07-13,SP1,Alaves,Getafe,1,0,0,3,14,1,4,796.577244929545,1035.62194749767,0,0,2,0,0,1,2,4,0,5,5,11,17,29,0,0,-11,11,-3,3,0,0,4,1,14,3
2020-07-13,SP1,Villarreal,Sociedad,0,1,2,9,11,3,6,1148.30499602152,972.331789425426,0,0,1,0,0,1,1,3,10,4,19,8,39,25,-1,1,-2,2,-3,3,2,1,6,3,11,9
2020-07-13,SP1,Granada,Real Madrid,0,1,2,13,11,4,5,1037.01200955677,1392.04550997625,0,3,0,0,1,3,3,0,8,15,14,27,29,46,-1,1,2,-2,-1,1,2,1,5,4,11,13
2020-07-16,SP1,Eibar,Valladolid,2,3,1,13,17,7,8,972.41031374457,906.585856591087,0,0,0,1,1,0,2,3,7,5,12,10,24,20,2,-2,-4,4,-1,1,1,3,8,7,17,13
2020-07-16,SP1,Athletic Club,Leganes,0,0,2,10,16,3,4,1092.63146865753,913.510566151766,0,0,2,0,0,2,2,1,9,7,17,12,25,23,-2,2,-6,6,-1,1,2,0,4,3,16,10
2020-07-16,SP1,Barcelona,Osasuna,0,1,2,19,9,3,5,1337.02882120424,986.489725709201,1,0,0,1,18,0,0,1,11,10,24,17,44,25,-1,1,10,-10,-2,2,2,1,5,3,9,19
2020-07-16,SP1,Betis,Alaves,0,1,2,14,9,7,5,999.782685838652,806.12464246648,1,0,0,5,1,0,0,8,4,1,11,5,19,18,-1,1,5,-5,2,-2,2,1,5,7,9,14
2020-07-16,SP1,Celta,Levante,0,2,3,16,8,6,4,949.226500726418,937.033949164907,0,0,0,1,4,0,3,2,3,5,11,11,23,23,-1,1,8,-8,2,-2,3,2,4,6,8,16
2020-07-16,SP1,Getafe,Ath Madrid,0,0,2,15,11,6,3,1026.07454996074,1261.88408832423,0,0,1,0,0,7,1,2,5,11,9,22,27,40,-2,2,4,-4,3,-3,2,0,3,6,11,15
2020-07-16,SP1,Mallorca,Granada,0,1,2,18,14,5,6,959.968293348073,1029.67205804727,2,2,0,0,3,6,0,0,6,7,10,13,18,26,-1,1,4,-4,-1,1,2,1,6,5,14,18
2020-07-16,SP1,Real Madrid,Villarreal,2,2,1,12,8,7,4,1399.38546148574,1101.35436809161,6,4,0,0,28,4,0,0,15,9,27,19,48,38,1,-1,4,-4,3,-3,1,2,4,7,8,12
2020-07-16,SP1,Sociedad,Sevilla,1,0,0,11,8,4,3,1019.28241735534,1247.85319858474,0,2,1,0,0,6,1,0,7,13,11,20,27,35,0,0,3,-3,1,-1,0,0,3,4,8,11
2020-07-16,SP1,Valencia,Espanol,2,1,0,9,18,3,6,938.359145685182,747.158614251112,1,0,0,3,1,0,0,8,4,0,9,4,24,15,1,-1,-9,9,-3,3,0,1,6,3,18,9
2020-07-19,SP1,Alaves,Barcelona,0,0,5,8,16,0,8,854.317932980621,1280.53857545394,0,2,0,0,1,5,3,0,4,10,7,21,20,43,-5,5,-8,8,-8,8,5,0,8,0,16,8
2020-07-19,SP1,Valladolid,Betis,2,2,0,13,10,4,3,870.939405406889,951.589395324511,0,0,1,1,0,0,1,11,4,4,10,8,20,18,2,-2,3,-3,1,-1,0,2,3,4,10,13
2020-07-19,SP1,Villarreal,Eibar,2,4,0,12,11,5,3,1091.5983265438,1008.05676492877,0,1,2,0,0,1,2,0,6,7,19,15,35,26,4,-4,1,-1,2,-2,0,4,3,5,11,12
2020-07-19,SP1,Ath Madrid,Sociedad,1,1,1,6,10,3,4,1279.8357573358,1028.51362631387,4,1,0,0,10,2,0,0,11,8,24,9,40,27,0,0,-4,4,-1,1,1,1,4,3,10,6
2020-07-19,SP1,Espanol,Celta,1,0,0,8,9,1,3,731.182919269161,916.103985988613,0,0,4,2,0,0,4,2,0,2,4,10,14,22,0,0,-1,1,-2,2,0,0,3,1,9,8
2020-07-19,SP1,Granada,Athletic Club,2,4,0,11,11,6,3,1055.33687352914,1027.97396822106,0,2,1,0,0,2,4,0,10,6,15,14,29,24,4,-4,0,0,3,-3,0,4,3,6,11,11
2020-07-19,SP1,Leganes,Real Madrid,1,2,2,15,7,7,4,978.168066588236,1409.14150303355,1,4,0,0,1,4,0,0,10,15,12,30,25,50,0,0,8,-8,3,-3,2,2,4,7,7,15
2020-07-19,SP1,Levante,Getafe,2,1,0,13,13,4,4,970.156463902712,1008.12288094916,0,0,1,0,0,2,2,5,5,2,13,8,23,24,1,-1,0,0,0,0,0,1,4,4,13,13
2020-07-19,SP1,Osasuna,Mallorca,1,2,2,12,12,5,4,1042.9799714595,934.303477866202,1,0,0,5,3,0,0,5,10,6,17,7,28,17,0,0,0,0,1,-1,2,2,4,5,12,12
2020-07-19,SP1,Sevilla,Valencia,2,1,0,16,8,4,2,1238.6219896262,954.334840667133,2,0,0,1,10,0,0,10,13,7,20,11,36,26,1,-1,8,-8,2,-2,0,1,2,4,8,16
2018-08-17,SP1,Betis,Levante,0,0,3,22,6,8,4,897.730138604355,1005.63944741148,0,1,1,0,0,1,1,0,4,7,8,15,18,23,-3,3,16,-16,4,-4,3,0,4,8,6,22
2018-08-17,SP1,Girona,Valladolid,1,0,0,13,2,1,1,1028.6428205163,924.798662127045,0,0,2,2,0,0,2,4,2,6,14,10,28,22,0,0,11,-11,0,0,0,0,1,1,2,13
2018-08-18,SP1,Barcelona,Alaves,2,3,0,25,3,9,0,1292.2546138392,842.601894595358,0,1,1,0,0,1,1,0,12,4,21,7,43,20,3,-3,22,-22,9,-9,0,3,0,9,3,25
2018-08-18,SP1,Celta,Espanol,1,1,1,12,14,2,5,908.310453538175,738.976451719599,0,0,1,4,0,0,4,9,3,1,11,2,23,15,0,0,-2,2,-3,3,1,1,5,2,14,12
2018-08-18,SP1,Villarreal,Sociedad,0,1,2,16,8,7,4,1140.88355877628,1038.41743831159,1,0,0,0,1,3,0,1,6,6,19,9,35,25,-1,1,8,-8,3,-3,2,1,4,7,8,16
2018-08-19,SP1,Eibar,Huesca,0,1,2,18,8,6,6,958.771532696289,938.952328829851,1,0,0,4,2,0,0,4,7,7,15,13,23,22,-1,1,10,-10,0,0,2,1,6,6,8,18
2018-08-19,SP1,Real Madrid,Getafe,2,2,0,10,4,3,1,1395.61220064846,972.639897440394,7,0,0,1,29,0,0,6,13,2,28,8,50,24,2,-2,6,-6,2,-2,0,2,1,3,4,10
2018-08-19,SP1,Vallecano,Sevilla,0,1,4,13,17,2,8,809.832705177208,1249.05037081489,0,0,2,0,0,7,10,1,2,13,10,20,12,36,-3,3,-4,4,-6,6,4,1,8,2,17,13
2018-08-20,SP1,Athletic Club,Leganes,2,2,1,17,12,5,2,968.540603462351,991.697368973324,0,1,3,0,0,3,3,0,3,11,13,13,23,23,1,-1,5,-5,3,-3,1,2,2,5,12,17
2018-08-20,SP1,Valencia,Ath Madrid,1,1,1,13,9,4,3,943.906459478447,1269.93194533808,2,1,0,0,2,8,0,0,7,11,10,24,25,38,0,0,4,-4,1,-1,1,1,3,4,9,13
2018-08-24,SP1,Getafe,Eibar,2,2,0,7,9,4,0,965.573959270758,924.94809398396,0,0,2,1,0,0,2,1,1,7,7,14,24,23,2,-2,-2,2,4,-4,0,2,0,4,9,7
2018-08-24,SP1,Leganes,Sociedad,1,2,2,18,7,5,6,957.567704648061,1079.59049335099,0,1,0,0,2,4,1,0,8,8,13,12,22,28,0,0,11,-11,-1,1,2,2,6,5,7,18
2018-08-25,SP1,Alaves,Betis,1,0,0,16,13,4,5,834.979672713036,859.611020812065,0,0,1,2,0,0,4,12,4,3,4,7,19,17,0,0,3,-3,-1,1,0,0,5,4,13,16
2018-08-25,SP1,Ath Madrid,Vallecano,2,1,0,9,13,2,3,1258.1803361107,801.773463376044,0,0,0,1,11,0,1,2,9,1,22,9,36,12,1,-1,-4,4,-1,1,0,1,3,2,13,9
2018-08-25,SP1,Valladolid,Barcelona,0,0,1,7,10,4,5,929.443369417517,1299.87683572152,1,3,0,0,1,6,0,0,4,12,10,21,22,45,-1,1,-3,3,-1,1,1,0,5,4,10,7
2018-08-26,SP1,Espanol,Valencia,2,2,0,19,16,9,4,746.210634700692,955.658068705832,0,0,0,2,1,0,5,11,2,7,2,11,15,23,2,-2,3,-3,5,-5,0,2,4,9,16,19
2018-08-26,SP1,Girona,Real Madrid,0,1,4,10,20,5,8,1023.99811322582,1402.6781388181,0,0,0,0,1,5,3,1,2,13,12,28,29,50,-3,3,-10,10,-3,3,4,1,8,5,20,10
2018-08-26,SP1,Sevilla,Villarreal,1,0,0,19,14,2,6,1257.10961261605,1099.71050373688,3,0,0,1,11,0,0,1,13,6,22,16,38,32,0,0,5,-5,-4,4,0,0,6,2,14,19
2018-08-27,SP1,Athletic Club,Huesca,1,2,2,14,9,4,4,1002.67026778761,972.775767542181,1,1,0,0,1,1,0,0,6,7,15,13,25,25,0,0,5,-5,0,0,2,2,4,4,9,14
2018-08-27,SP1,Levante,Celta,0,1,2,15,21,6,9,1043.75856520377,901.076270557082,1,0,0,0,1,1,0,3,9,3,17,11,26,23,-1,1,-6,6,-3,3,2,1,9,6,21,15
2018-08-31,SP1,Eibar,Sociedad,2,2,1,8,7,2,2,886.195529722904,1074.1913247731,0,0,1,0,0,5,1,1,6,9,13,13,20,29,1,-1,1,-1,0,0,1,2,2,2,7,8
2018-08-31,SP1,Getafe,Valladolid,1,0,0,12,7,3,4,1004.32652353181,922.660095730854,1,0,0,0,1,1,0,5,4,4,9,10,24,21,0,0,5,-5,-1,1,0,0,4,3,7,12
2018-08-31,SP1,Villarreal,Girona,0,0,1,13,14,3,6,1106.50070124372,1012.92013582248,0,0,1,1,0,0,1,3,4,2,14,12,33,26,-1,1,-1,1,-3,3,1,0,6,3,14,13
2018-09-01,SP1,Celta,Ath Madrid,2,2,0,10,9,4,0,945.525668176267,1262.49410592976,0,0,0,0,1,9,5,1,5,11,11,22,25,39,2,-2,1,-1,4,-4,0,2,0,4,9,10
2018-09-01,SP1,Real Madrid,Leganes,2,4,1,17,8,8,3,1413.75611622144,962.966873225951,8,0,0,1,30,0,0,1,13,8,28,13,50,23,3,-3,9,-9,5,-5,1,4,3,8,8,17
2018-09-02,SP1,Alaves,Espanol,2,2,1,8,11,5,7,836.11209164523,813.710406494919,0,0,0,0,1,1,5,10,5,5,5,5,17,15,1,-1,-3,3,-2,2,1,2,7,5,11,8
2018-09-02,SP1,Barcelona,Huesca,2,8,2,31,7,15,3,1306.66010940819,974.149072761926,1,0,0,0,1,2,0,1,12,8,23,11,45,25,6,-6,24,-24,12,-12,2,8,3,15,7,31
2018-09-02,SP1,Betis,Sevilla,2,1,0,11,8,3,2,858.478601879872,1250.31941510922,0,1,2,0,0,8,2,0,1,11,8,22,15,39,1,-1,3,-3,1,-1,0,1,2,3,8,11
2018-09-02,SP1,Levante,Valencia,1,2,2,13,18,4,5,999.309167584583,888.158296911605,0,0,1,3,0,0,1,12,9,4,14,8,26,23,0,0,-5,5,-1,1,2,2,5,4,18,13
2018-09-14,SP1,Huesca,Vallecano,0,0,1,14,14,4,2,952.791895905225,797.459693556983,0,0,0,2,3,0,1,3,5,0,11,8,22,11,-1,1,0,0,2,-2,1,0,2,4,14,14
2018-09-15,SP1,Athletic Club,Real Madrid,1,1,1,11,16,3,6,1001.29696256787,1421.33208625678,0,1,0,0,2,6,1,0,7,13,13,28,25,50,0,0,-5,5,-3,3,1,1,6,3,16,11
2018-09-15,SP1,Ath Madrid,Eibar,1,1,1,18,12,9,3,1186.96083127793,933.997663848537,1,0,0,2,12,0,0,2,8,6,19,13,38,22,0,0,6,-6,6,-6,1,1,3,9,12,18
2018-09-15,SP1,Sociedad,Barcelona,0,1,2,8,12,5,6,1026.38919064747,1328.01728626489,0,4,0,0,1,7,2,0,6,12,13,23,26,48,-1,1,-4,4,-1,1,2,1,6,5,12,8
2018-09-15,SP1,Valencia,Betis,1,0,0,12,11,2,6,893.109220179976,916.407174631728,0,0,0,0,3,1,1,13,5,4,9,8,21,18,0,0,1,-1,-4,4,0,0,6,2,11,12
2018-09-16,SP1,Espanol,Levante,2,1,0,22,16,9,4,783.770823470881,994.358244316211,1,2,0,0,2,2,0,0,5,10,5,15,14,27,1,-1,6,-6,5,-5,0,1,4,9,16,22
2018-09-16,SP1,Leganes,Villarreal,0,0,1,16,9,3,3,955.390903190609,1066.08416795943,0,0,0,0,3,1,2,2,5,4,12,13,22,30,-1,1,7,-7,0,0,1,0,3,3,9,16
2018-09-16,SP1,Sevilla,Getafe,0,0,2,15,10,1,5,1192.39084235736,1000.63341210868,0,0,0,2,12,0,1,7,8,4,21,9,36,22,-2,2,5,-5,-4,4,2,0,5,1,10,15
2018-09-16,SP1,Valladolid,Alaves,0,0,1,15,10,5,4,926.353207153992,866.051674669267,0,0,1,1,0,0,1,1,5,7,10,8,22,20,-1,1,5,-5,1,-1,1,0,4,5,10,15
2018-09-17,SP1,Girona,Celta,2,3,2,11,20,6,7,1053.33666910677,1021.05894282809,0,1,1,0,0,2,4,0,4,8,12,11,29,27,1,-1,-9,9,-1,1,2,3,7,6,20,11
2018-09-21,SP1,Huesca,Sociedad,0,0,1,13,7,3,1,907.367976867611,1016.80313456204,0,0,1,1,0,0,2,2,5,5,11,13,22,26,-1,1,6,-6,2,-2,1,0,1,3,7,13
2018-09-22,SP1,Celta,Valladolid,1,3,3,12,14,5,4,992.023307783383,888.854335618885,1,0,0,0,2,2,0,6,8,5,10,9,27,19,0,0,-2,2,1,-1,3,3,4,5,14,12
2018-09-22,SP1,Eibar,Leganes,2,1,0,14,4,3,2,943.947956782916,933.254622671341,1,0,0,2,1,0,0,2,4,2,11,12,22,19,1,-1,10,-10,1,-1,0,1,2,3,4,14
2018-09-22,SP1,Getafe,Ath Madrid,0,0,2,11,7,2,4,1066.50577867449,1177.01053834355,0,0,0,1,2,0,1,2,7,6,9,17,22,39,-2,2,4,-4,-2,2,2,0,4,2,7,11
2018-09-22,SP1,Real Madrid,Espanol,2,1,0,19,10,5,3,1407.95021856246,833.095291368726,9,0,0,1,31,0,0,11,11,8,26,8,48,17,1,-1,9,-9,2,-2,0,1,3,5,10,19
2018-09-22,SP1,Vallecano,Alaves,0,1,5,13,11,4,7,842.883612594597,903.550546204374,0,1,3,0,0,1,11,0,3,7,11,11,14,22,-4,4,2,-2,-3,3,5,1,7,4,11,13
2018-09-23,SP1,Barcelona,Girona,1,2,2,22,7,11,6,1337.60334235031,1082.37230415148,2,1,0,0,2,1,0,0,15,7,25,12,48,29,0,0,15,-15,5,-5,2,2,6,11,7,22
2018-09-23,SP1,Betis,Athletic Club,1,2,2,15,7,3,4,915.335869451933,1014.67883026219,1,0,0,1,1,0,0,1,5,5,9,14,18,25,0,0,8,-8,-1,1,2,2,4,3,7,15
2018-09-23,SP1,Levante,Sevilla,0,2,6,19,20,10,9,945.033776418366,1126.51847579154,0,0,0,1,1,0,2,1,7,7,12,20,27,35,-4,4,-1,1,1,-1,6,2,9,10,20,19
2018-09-23,SP1,Villarreal,Valencia,1,0,0,11,12,1,2,1088.2204484787,894.180525359771,0,0,2,0,0,1,2,13,7,3,13,10,30,19,0,0,-1,1,-1,1,0,0,2,1,12,11
2018-09-25,SP1,Ath Madrid,Huesca,2,3,0,17,8,5,1,1207.37096825573,885.126713364999,0,0,0,1,13,0,1,2,8,4,19,11,39,22,3,-3,9,-9,4,-4,0,3,1,5,8,17
2018-09-25,SP1,Espanol,Eibar,2,1,0,9,8,5,1,830.838698190438,974.963375185486,2,0,0,0,3,1,0,3,7,7,8,14,14,25,1,-1,1,-1,4,-4,0,1,1,5,8,9
2018-09-25,SP1,Sociedad,Vallecano,1,2,2,16,11,6,6,1039.04439806466,789.530672116977,0,1,1,0,0,1,3,0,7,3,13,8,26,14,0,0,5,-5,0,0,2,2,6,6,11,16
2018-09-26,SP1,Athletic Club,Villarreal,0,0,3,12,19,2,6,1010.22464837467,1080.11072770856,0,1,0,0,3,2,2,0,6,5,12,11,26,30,-3,3,-7,7,-4,4,3,0,6,2,19,12
2018-09-26,SP1,Leganes,Barcelona,2,2,1,10,9,6,5,902.239204268771,1327.58926198785,0,5,1,0,0,8,3,0,1,13,12,25,19,46,1,-1,1,-1,1,-1,1,2,5,6,9,10
2018-09-26,SP1,Sevilla,Real Madrid,2,3,0,16,21,7,3,1160.09124942138,1410.20681174075,0,0,1,0,0,7,2,1,7,13,20,26,38,48,3,-3,-5,5,4,-4,0,3,3,7,21,16
2018-09-26,SP1,Valencia,Celta,1,1,1,14,9,5,3,902.290246129908,987.407089734033,0,0,0,1,4,0,2,1,4,8,11,11,20,25,0,0,5,-5,2,-2,1,1,3,5,9,14
2018-09-27,SP1,Alaves,Getafe,1,1,1,15,13,2,5,956.903486681995,1036.14534876232,1,1,0,0,2,1,0,0,10,7,14,9,22,19,0,0,2,-2,-3,3,1,1,5,2,13,15
2018-09-27,SP1,Girona,Betis,0,0,1,8,14,2,6,1092.38638451394,919.790051339458,1,0,0,0,1,2,0,14,8,6,10,10,27,19,-1,1,-6,6,-4,4,1,0,6,2,14,8
2018-09-27,SP1,Valladolid,Levante,2,2,1,20,9,6,4,893.470553668234,911.46100278853,0,0,2,1,0,0,2,1,3,4,9,11,19,24,1,-1,11,-11,2,-2,1,2,4,6,9,20
2018-09-28,SP1,Vallecano,Espanol,1,2,2,11,12,5,5,799.382946891118,875.400654435587,0,0,4,2,0,0,12,12,4,9,6,11,15,16,0,0,-1,1,0,0,2,2,5,5,12,11
2018-09-29,SP1,Barcelona,Athletic Club,1,1,1,20,8,8,2,1268.68029877282,966.516410254865,0,0,0,0,3,1,1,2,10,6,22,9,43,26,0,0,12,-12,6,-6,1,1,2,8,8,20
2018-09-29,SP1,Eibar,Sevilla,0,1,3,15,7,2,5,930.401418940336,1248.26019220189,2,1,0,0,2,1,0,0,7,7,14,20,25,40,-2,2,8,-8,-3,3,3,1,5,2,7,15
2018-09-29,SP1,Real Madrid,Ath Madrid,1,0,0,15,8,6,3,1322.03786896024,1222.12595528208,10,1,0,0,32,1,0,0,10,10,23,19,47,41,0,0,7,-7,3,-3,0,0,3,6,8,15
2018-09-29,SP1,Sociedad,Valencia,0,0,1,10,9,5,2,1029.19212329052,906.13344042295,0,0,0,0,1,2,4,14,5,4,13,11,24,20,-1,1,1,-1,3,-3,1,0,2,5,9,10
2018-09-30,SP1,Betis,Leganes,2,1,0,17,11,4,5,966.496446925904,961.148167483797,0,0,0,3,2,0,1,3,9,4,12,12,21,21,1,-1,6,-6,-1,1,0,1,5,4,11,17
2018-09-30,SP1,Huesca,Girona,1,1,1,13,14,6,4,870.371726338652,1045.67998892749,0,0,2,0,0,2,3,1,1,7,8,9,19,27,0,0,-1,1,2,-2,1,1,4,6,14,13
2018-09-30,SP1,Levante,Alaves,2,2,1,14,14,4,2,877.805500524385,960.490722638972,0,2,1,0,0,2,3,0,1,11,10,15,24,23,1,-1,0,0,2,-2,1,2,2,4,14,14
2018-09-30,SP1,Villarreal,Valladolid,0,0,1,27,9,7,3,1123.81896582837,927.126055932379,0,0,0,0,1,3,3,7,8,5,14,9,30,22,-1,1,18,-18,4,-4,1,0,3,7,9,27
2018-10-01,SP1,Celta,Getafe,1,1,1,8,12,2,4,983.563895440991,1032.55811280534,0,0,0,0,3,2,1,1,8,8,11,9,25,20,0,0,-4,4,-2,2,1,1,4,2,12,8
2018-10-05,SP1,Athletic Club,Sociedad,0,1,3,13,6,5,3,977.735937412619,986.309326361098,0,1,1,0,0,1,3,0,4,4,10,13,27,21,-2,2,7,-7,2,-2,3,1,3,5,6,13
2018-10-06,SP1,Alaves,Real Madrid,2,1,0,8,13,4,6,921.015724984562,1317.55952743007,0,0,0,1,3,0,1,2,10,8,15,21,20,48,1,-1,-5,5,-2,2,0,1,6,4,13,8
2018-10-06,SP1,Getafe,Levante,0,0,1,15,12,4,3,1030.31668352411,917.280498178795,0,0,1,2,0,0,2,2,6,4,10,13,21,24,-1,1,3,-3,1,-1,1,0,3,4,12,15
2018-10-06,SP1,Girona,Eibar,0,2,3,10,12,3,4,1038.22863395626,918.273121893057,0,0,1,1,0,0,1,4,8,7,10,13,28,22,-1,1,-2,2,-1,1,3,2,4,3,12,10
2018-10-06,SP1,Leganes,Vallecano,2,1,0,13,6,4,2,929.640723319323,802.828878589405,1,0,0,0,1,2,0,1,3,5,11,6,21,16,1,-1,7,-7,2,-2,0,1,2,4,6,13
2018-10-07,SP1,Ath Madrid,Betis,2,1,0,13,5,5,0,1226.60429681225,998.003891090378,1,1,0,0,14,3,0,0,8,11,19,12,39,23,1,-1,8,-8,5,-5,0,1,0,5,5,13
2018-10-07,SP1,Espanol,Villarreal,2,3,1,28,13,12,6,871.9547227373,1075.41865312486,3,2,0,0,4,3,0,0,7,7,12,11,17,30,2,-2,15,-15,6,-6,1,3,6,12,13,28
2018-10-07,SP1,Sevilla,Celta,2,2,1,12,13,3,5,1260.38848924917,985.805324722221,1,0,0,0,1,1,0,2,9,6,20,11,40,23,1,-1,-1,1,-2,2,1,2,5,3,13,12
2018-10-07,SP1,Valencia,Barcelona,1,1,1,10,10,3,5,949.016237352367,1257.46077161507,0,0,0,1,5,0,3,1,7,8,11,20,23,41,0,0,0,0,-2,2,1,1,5,3,10,10
2018-10-07,SP1,Valladolid,Huesca,2,1,0,9,11,3,1,975.52636863589,877.823081309882,1,0,0,2,1,0,0,3,8,1,12,9,22,19,1,-1,-2,2,2,-2,0,1,1,3,11,9
2018-10-19,SP1,Celta,Alaves,0,0,1,19,9,9,2,974.880102630606,979.091450924292,0,0,0,1,4,0,2,1,3,10,11,17,22,22,-1,1,10,-10,7,-7,1,0,2,9,9,19
2018-10-20,SP1,Barcelona,Sevilla,2,4,2,23,19,9,7,1246.09608538262,1271.31371134078,0,2,0,0,4,2,2,0,6,12,18,20,42,40,2,-2,4,-4,2,-2,2,4,7,9,19,23
2018-10-20,SP1,Real Madrid,Levante,0,1,2,34,6,12,2,1259.48380149034,959.339097712011,0,1,0,0,33,1,1,0,5,6,18,16,45,27,-1,1,28,-28,10,-10,2,1,2,12,6,34
2018-10-20,SP1,Valencia,Leganes,1,1,1,18,7,4,5,960.380923584815,950.453359206747,0,0,0,4,6,0,4,4,7,6,12,11,21,23,0,0,11,-11,-1,1,1,1,5,4,7,18
2018-10-20,SP1,Villarreal,Ath Madrid,1,1,1,18,15,6,4,1008.45967253452,1240.14005871477,0,0,1,0,0,2,4,1,7,11,11,19,30,41,0,0,3,-3,2,-2,1,1,4,6,15,18
2018-10-21,SP1,Betis,Valladolid,0,0,1,20,6,4,2,984.468129187855,998.757502750793,1,1,0,0,3,4,0,0,8,10,12,15,23,25,-1,1,14,-14,2,-2,1,0,2,4,6,20
2018-10-21,SP1,Eibar,Athletic Club,1,1,1,18,6,6,3,960.902399821674,934.960338998599,0,0,1,0,0,2,1,3,7,3,13,10,25,27,0,0,12,-12,3,-3,1,1,3,6,6,18
2018-10-21,SP1,Huesca,Espanol,0,0,2,10,6,2,2,854.591947194978,938.913703327638,0,0,0,0,1,1,4,13,1,10,6,15,19,19,-2,2,4,-4,0,0,2,0,2,2,6,10
2018-10-21,SP1,Vallecano,Getafe,0,1,2,10,5,3,2,782.016242701981,988.258083990892,0,0,0,0,1,3,13,2,5,5,5,9,16,18,-1,1,5,-5,1,-1,2,1,2,3,5,10
2018-10-22,SP1,Sociedad,Girona,1,0,0,14,12,8,2,1029.08492477512,995.599356027644,0,0,1,0,0,3,5,2,7,5,13,9,24,27,0,0,2,-2,6,-6,0,0,2,8,12,14
2018-10-24,SP1,Vallecano,Athletic Club,1,1,1,11,12,3,4,767.055866183736,936.152799803843,0,0,1,0,0,3,14,4,2,3,5,8,16,25,0,0,-1,1,-1,1,1,1,4,3,12,11
2018-10-26,SP1,Valladolid,Espanol,1,1,1,15,11,2,4,1029.44214437777,972.331364083098,2,1,0,0,2,2,0,0,13,10,18,18,28,22,0,0,4,-4,-2,2,1,1,4,2,11,15
2018-10-27,SP1,Athletic Club,Valencia,1,0,0,13,11,2,3,928.927305081808,959.923866733206,0,1,2,0,0,3,4,0,3,7,9,10,23,21,0,0,2,-2,-1,1,0,0,3,2,11,13
2018-10-27,SP1,Ath Madrid,Sociedad,2,2,0,14,7,4,0,1230.81380859609,1027.5476144027,2,2,0,0,15,2,0,0,11,8,17,13,41,22,2,-2,7,-7,4,-4,0,2,0,4,7,14
2018-10-27,SP1,Celta,Eibar,2,4,0,10,17,6,5,943.267963147508,959.709939016429,0,1,1,0,0,1,3,0,3,7,11,11,21,26,4,-4,-7,7,1,-1,0,4,5,6,17,10
2018-10-27,SP1,Girona,Vallecano,2,2,1,14,14,6,5,997.136666400064,774.281360905771,0,0,2,1,0,0,2,2,3,3,10,6,25,16,1,-1,0,0,1,-1,1,2,5,6,14,14
2018-10-27,SP1,Levante,Leganes,2,2,0,9,21,4,6,1013.68323769986,950.910416058357,1,0,0,0,1,1,0,5,9,7,16,9,29,21,2,-2,-12,12,-2,2,0,2,6,4,21,9
2018-10-28,SP1,Alaves,Villarreal,2,2,1,19,9,6,2,1010.70359040739,1017.7859226532,1,0,0,1,4,0,0,1,10,5,17,12,24,31,1,-1,10,-10,4,-4,1,2,2,6,9,19
2018-10-28,SP1,Barcelona,Real Madrid,2,5,1,13,15,8,4,1293.1314058782,1205.13966150248,1,0,0,2,5,0,0,3,6,4,21,15,42,45,4,-4,-2,2,4,-4,1,5,4,8,15,13
2018-10-28,SP1,Getafe,Betis,2,2,0,16,7,7,3,1003.21846050914,953.783487560877,0,0,2,1,0,0,3,1,5,7,12,12,20,20,2,-2,9,-9,4,-4,0,2,3,7,7,16
2018-10-28,SP1,Sevilla,Huesca,2,2,1,15,11,4,2,1224.2783908452,821.174286439518,2,0,0,3,2,0,0,4,12,1,19,6,39,19,1,-1,4,-4,2,-2,1,2,2,4,11,15
2018-11-03,SP1,Leganes,Ath Madrid,1,1,1,8,9,3,4,914.891649785981,1251.58810481709,2,0,0,0,2,3,0,2,7,11,8,19,21,43,0,0,-1,1,-1,1,1,1,4,3,9,8
2018-11-03,SP1,Real Madrid,Valladolid,2,2,0,16,12,7,2,1156.63224648627,1026.83553059197,0,2,1,0,0,5,2,0,1,13,14,16,42,26,2,-2,4,-4,5,-5,0,2,2,7,12,16
2018-11-03,SP1,Valencia,Girona,0,0,1,27,5,9,3,958.500197482573,1011.02876733798,0,0,0,0,7,4,5,3,7,5,11,13,21,27,-1,1,22,-22,6,-6,1,0,3,9,5,27
2018-11-03,SP1,Vallecano,Barcelona,0,2,3,11,9,5,5,760.38925996785,1341.63882089442,0,0,0,0,1,1,15,2,2,8,6,21,16,42,-1,1,2,-2,0,0,3,2,5,5,9,11
2018-11-04,SP1,Betis,Celta,1,3,3,14,14,6,7,916.124389875417,1010.82114101501,0,0,1,1,0,0,1,3,6,5,12,13,20,24,0,0,0,0,-1,1,3,3,7,6,14,14
2018-11-04,SP1,Eibar,Alaves,2,2,1,23,9,8,3,892.156761148928,1043.35580697715,0,1,0,0,1,1,2,0,4,10,11,20,26,27,1,-1,14,-14,5,-5,1,2,3,8,9,23
2018-11-04,SP1,Huesca,Getafe,1,1,1,18,8,7,2,815.44992821093,1040.8775581946,0,1,1,0,0,4,5,0,1,8,5,15,18,23,0,0,10,-10,5,-5,1,1,2,7,8,18
2018-11-04,SP1,Sociedad,Sevilla,1,0,0,10,8,1,1,1006.7733181817,1230.00274907379,0,0,0,1,1,0,6,1,5,12,12,19,21,39,0,0,2,-2,0,0,0,0,1,1,8,10
2018-11-04,SP1,Villarreal,Levante,1,1,1,23,13,4,2,985.133706083432,1049.70200397224,0,2,0,0,1,2,5,0,4,12,9,16,28,31,0,0,10,-10,2,-2,1,1,2,4,13,23
2018-11-05,SP1,Espanol,Athletic Club,2,1,0,8,10,3,2,974.937977868903,930.350974332441,4,0,0,0,5,4,0,5,11,4,18,10,20,23,1,-1,-2,2,1,-1,0,1,2,3,10,8
2018-11-09,SP1,Levante,Sociedad,0,1,3,17,15,2,4,1046.76228969623,1015.83897273712,2,0,0,1,2,0,0,1,13,5,14,10,31,22,-2,2,2,-2,-2,2,3,1,4,2,15,17
2018-11-10,SP1,Ath Madrid,Athletic Club,2,3,2,9,6,3,5,1239.61523676347,902.435192662315,3,0,0,1,16,0,0,6,9,3,19,7,41,22,1,-1,3,-3,-2,2,2,3,5,3,6,9
2018-11-10,SP1,Getafe,Valencia,0,0,1,17,7,3,3,1031.74341833454,931.30172835974,1,0,0,0,1,4,0,1,8,6,16,10,23,21,-1,1,10,-10,0,0,1,0,3,3,7,17
2018-11-10,SP1,Girona,Leganes,1,0,0,5,10,0,1,1038.22723646082,926.864517839598,1,0,0,1,1,0,0,6,8,5,15,9,27,22,0,0,-5,5,-1,1,0,0,1,0,10,5
2018-11-10,SP1,Valladolid,Eibar,1,0,0,9,16,1,6,998.64049727686,937.265435032322,0,0,0,1,3,0,1,1,10,7,15,14,25,28,0,0,-7,7,-5,5,0,0,6,1,16,9
2018-11-11,SP1,Alaves,Huesca,2,2,1,13,9,5,2,998.24713309376,824.584068070991,2,0,0,4,5,0,0,5,9,2,20,3,24,16,1,-1,4,-4,3,-3,1,2,2,5,9,13
2018-11-11,SP1,Barcelona,Betis,0,3,4,20,15,5,8,1343.81663329484,920.380462317199,2,0,0,2,6,0,0,2,11,4,21,13,42,20,-1,1,5,-5,-3,3,4,3,8,5,15,20
2018-11-11,SP1,Celta,Real Madrid,0,2,4,15,14,4,5,1006.56506857323,1184.82727980138,1,0,0,3,1,0,0,4,5,4,13,14,24,42,-2,2,1,-1,-1,1,4,2,5,4,14,15
2018-11-11,SP1,Sevilla,Espanol,2,2,1,23,15,10,7,1220.93709451837,1002.85375953903,3,0,0,0,3,3,0,1,10,11,17,20,39,22,1,-1,8,-8,3,-3,1,2,7,10,15,23
2018-11-11,SP1,Vallecano,Villarreal,1,2,2,15,11,7,5,758.211447567421,988.07342035944,0,0,1,2,0,0,16,2,1,2,6,10,15,26,0,0,4,-4,2,-2,2,2,5,7,11,15
2018-11-23,SP1,Leganes,Alaves,2,1,0,13,7,6,2,931.824261281917,1015.46334852708,0,0,0,1,3,0,1,1,6,12,9,22,22,27,1,-1,6,-6,4,-4,0,1,2,6,7,13
2018-11-24,SP1,Ath Madrid,Barcelona,1,1,1,3,8,1,2,1247.64992155902,1284.95953713351,4,1,0,0,17,2,0,0,11,10,19,18,41,41,0,0,-5,5,-1,1,1,1,2,1,8,3
2018-11-24,SP1,Eibar,Real Madrid,2,3,0,14,9,8,3,940.062823213073,1207.969128149,1,1,0,0,2,1,0,0,8,6,15,14,28,42,3,-3,5,-5,5,-5,0,3,3,8,9,14
2018-11-24,SP1,Huesca,Levante,1,2,2,32,5,12,3,807.367852637671,999.011423104744,0,0,0,0,1,3,6,1,1,10,2,14,13,28,0,0,27,-27,9,-9,2,2,3,12,5,32
2018-11-24,SP1,Valencia,Vallecano,2,3,0,13,13,10,3,972.303363766626,767.482239951542,0,0,1,2,0,0,6,3,6,2,13,7,21,15,3,-3,0,0,7,-7,0,3,3,10,13,13
2018-11-25,SP1,Athletic Club,Getafe,1,1,1,8,15,4,2,894.400507866765,990.741782927651,0,0,0,0,1,5,5,1,3,7,6,13,19,22,0,0,-7,7,2,-2,1,1,2,4,15,8
2018-11-25,SP1,Espanol,Girona,0,1,3,18,16,10,11,988.660560048918,1033.2674930185,5,1,0,0,6,5,0,0,10,8,17,16,22,28,-2,2,2,-2,-1,1,3,1,11,10,16,18
2018-11-25,SP1,Sevilla,Valladolid,2,1,0,17,13,9,5,1235.13029400848,995.843109096109,4,0,0,1,4,0,0,1,10,8,19,16,41,26,1,-1,4,-4,4,-4,0,1,5,9,13,17
2018-11-25,SP1,Villarreal,Betis,2,2,1,13,13,8,6,978.802627975319,979.237558478537,0,1,0,0,2,1,6,0,3,4,10,15,24,23,1,-1,0,0,2,-2,1,2,6,8,13,13
2018-11-26,SP1,Sociedad,Celta,2,2,1,15,6,8,2,1063.58983932861,983.4232202256,0,0,0,0,2,1,7,4,8,4,12,10,25,21,1,-1,9,-9,6,-6,1,2,2,8,6,15
2018-11-30,SP1,Vallecano,Eibar,2,1,0,5,13,2,5,741.827968741661,1029.90725198924,0,0,0,0,1,1,17,2,2,8,4,15,15,28,1,-1,-8,8,-3,3,0,1,5,2,13,5
2018-12-01,SP1,Celta,Huesca,2,2,0,12,8,5,3,958.678535599887,815.395281901222,0,0,1,5,0,0,1,6,4,2,7,3,18,14,2,-2,4,-4,2,-2,0,2,3,5,8,12
2018-12-01,SP1,Getafe,Espanol,2,3,0,14,8,5,2,986.41542513608,950.403044496466,0,0,1,1,0,0,1,2,8,7,13,17,22,22,3,-3,6,-6,3,-3,0,3,2,5,8,14
2018-12-01,SP1,Real Madrid,Valencia,2,2,0,13,7,3,2,1118.12469937284,997.957634976508,1,1,0,0,1,5,0,0,6,8,11,15,39,24,2,-2,6,-6,1,-1,0,2,2,3,7,13
2018-12-01,SP1,Valladolid,Leganes,0,2,4,20,14,6,5,982.952279456652,971.382265864949,0,0,0,0,4,1,2,7,5,6,15,12,25,24,-2,2,6,-6,1,-1,4,2,5,6,14,20
2018-12-02,SP1,Alaves,Sevilla,1,1,1,11,14,3,3,975.905343944048,1248.02112364794,3,0,0,0,6,1,0,2,9,10,19,22,27,43,0,0,-3,3,0,0,1,1,3,3,14,11
2018-12-02,SP1,Barcelona,Villarreal,2,2,0,16,12,7,2,1283.2479399906,1010.84268653412,0,0,1,0,0,1,1,3,10,6,16,13,39,26,2,-2,4,-4,5,-5,0,2,2,7,12,16
2018-12-02,SP1,Betis,Sociedad,2,1,0,6,6,4,4,947.197499919734,1088.33452395432,0,1,0,0,1,1,2,0,4,8,12,15,20,28,1,-1,0,0,0,0,0,1,4,4,6,6
2018-12-02,SP1,Girona,Ath Madrid,1,1,1,13,17,3,3,1071.52500857095,1249.36151870193,0,0,0,0,2,4,1,3,11,9,16,20,28,39,0,0,-4,4,0,0,1,1,3,3,17,13
2018-12-03,SP1,Levante,Athletic Club,2,3,0,17,12,7,3,990.983993841193,898.726865658336,0,0,1,2,0,0,1,7,8,3,14,6,29,20,3,-3,5,-5,4,-4,0,3,3,7,12,17
2018-12-07,SP1,Leganes,Getafe,1,1,1,17,6,5,2,1016.69985450128,1035.31486887919,1,0,0,0,4,6,0,2,8,8,15,13,27,22,0,0,11,-11,3,-3,1,1,2,5,6,17
2018-12-08,SP1,Ath Madrid,Alaves,2,3,0,12,13,5,3,1241.81929518051,986.378088672217,0,0,0,2,18,0,1,2,9,7,20,17,37,28,3,-3,-1,1,2,-2,0,3,3,5,13,12
2018-12-08,SP1,Espanol,Barcelona,0,0,4,15,17,3,9,901.503600753352,1298.37783135935,0,0,1,0,0,3,1,1,4,10,14,16,22,41,-4,4,-2,2,-6,6,4,0,9,3,17,15
2018-12-08,SP1,Valencia,Sevilla,1,1,1,16,11,6,3,968.691733319106,1237.54837891977,1,0,0,0,1,2,0,3,7,11,14,23,24,43,0,0,5,-5,3,-3,1,1,3,6,11,16
2018-12-08,SP1,Villarreal,Celta,0,2,3,13,14,3,7,995.712795165372,985.409289438909,1,0,0,1,3,0,0,5,5,7,10,10,23,20,-1,1,-1,1,-4,4,3,2,7,3,14,13
2018-12-09,SP1,Betis,Vallecano,2,2,0,8,12,3,3,991.525905848055,795.588739261667,1,0,0,3,2,0,0,4,7,4,14,7,23,15,2,-2,-4,4,0,0,0,2,3,3,12,8
2018-12-09,SP1,Eibar,Levante,1,4,4,32,14,7,5,976.146481469236,1031.36641344472,2,0,0,0,3,4,0,2,7,8,14,17,25,29,0,0,18,-18,2,-2,4,4,5,7,14,32
2018-12-09,SP1,Huesca,Real Madrid,0,0,1,11,5,4,4,788.664528062201,1147.39060103024,0,0,0,1,2,0,7,1,2,9,3,13,14,39,-1,1,6,-6,0,0,1,0,4,4,5,11
2018-12-09,SP1,Sociedad,Valladolid,0,1,2,23,10,5,6,1044.006118026,937.634690820322,1,0,0,2,3,0,0,2,7,2,15,15,28,24,-1,1,13,-13,-1,1,2,1,6,5,10,23
2018-12-10,SP1,Athletic Club,Girona,2,1,0,25,3,10,1,858.34444605481,1079.06723209237,0,2,0,0,2,6,6,0,2,11,5,14,17,26,1,-1,22,-22,9,-9,0,1,1,10,3,25
2018-12-14,SP1,Celta,Leganes,1,0,0,15,5,2,2,1018.35799928199,1017.55628824708,1,1,0,0,1,2,0,0,7,9,12,16,23,28,0,0,10,-10,0,0,0,0,2,2,5,15
2018-12-15,SP1,Eibar,Valencia,1,1,1,18,11,6,4,978.668255172706,979.078164609198,0,0,0,1,4,0,1,1,8,7,12,14,26,25,0,0,7,-7,2,-2,1,1,4,6,11,18
2018-12-15,SP1,Getafe,Sociedad,2,1,0,9,9,2,4,1034.45843513339,1002.50400198273,1,0,0,1,1,0,0,1,6,7,14,12,23,25,1,-1,0,0,-2,2,0,1,4,2,9,9
2018-12-15,SP1,Real Madrid,Vallecano,2,1,0,9,11,4,3,1154.59355392733,774.138159556404,2,0,0,4,2,0,0,5,12,4,13,6,39,12,1,-1,-2,2,1,-1,0,1,3,4,11,9
2018-12-15,SP1,Valladolid,Ath Madrid,0,2,3,8,14,2,5,979.136806863587,1262.20059678657,0,0,1,0,0,5,3,4,4,9,17,20,26,39,-1,1,-6,6,-3,3,3,2,5,2,14,8
2018-12-16,SP1,Espanol,Betis,0,1,3,10,12,3,5,889.582539033503,1012.97648555332,0,0,2,1,0,0,2,1,3,10,14,16,22,26,-2,2,-2,2,-2,2,3,1,5,3,12,10
2018-12-16,SP1,Huesca,Villarreal,1,2,2,30,10,13,5,781.461575165111,962.764085322289,0,0,1,1,0,0,8,4,2,5,3,9,14,20,0,0,20,-20,8,-8,2,2,5,13,10,30
2018-12-16,SP1,Levante,Barcelona,0,0,5,20,16,6,9,1028.84463974125,1310.2988930792,1,1,0,0,1,4,0,0,6,10,18,18,29,43,-5,5,4,-4,-3,3,5,0,9,6,16,20
2018-12-16,SP1,Sevilla,Girona,2,2,0,17,8,5,2,1227.16194762968,1029.09331563562,5,0,0,1,5,0,0,1,9,8,21,13,41,23,2,-2,9,-9,3,-3,0,2,2,5,8,17
2018-12-17,SP1,Alaves,Athletic Club,1,0,0,11,6,2,3,965.996787066156,908.318362511563,0,0,0,3,7,0,1,8,4,4,14,8,28,17,0,0,5,-5,-1,1,0,0,3,2,6,11
2018-12-21,SP1,Girona,Getafe,1,1,1,12,5,4,2,1007.84094129847,1063.52359358571,0,0,0,0,3,7,2,3,5,8,13,16,22,25,0,0,7,-7,2,-2,1,1,2,4,5,12
2018-12-21,SP1,Sociedad,Alaves,0,0,1,18,9,4,3,973.438843530414,963.364732891905,0,0,1,3,0,0,1,3,6,5,11,14,24,29,-1,1,9,-9,1,-1,1,0,3,4,9,18
2018-12-22,SP1,Athletic Club,Valladolid,1,1,1,8,5,3,2,910.950416685813,968.646807106469,1,1,0,0,3,1,0,0,5,4,8,14,18,23,0,0,3,-3,1,-1,1,1,2,3,5,8
2018-12-22,SP1,Ath Madrid,Espanol,2,1,0,8,18,5,4,1272.69059654369,860.677758468186,1,0,0,2,19,0,0,3,11,0,20,11,39,22,1,-1,-10,10,1,-1,0,1,4,5,18,8
2018-12-22,SP1,Barcelona,Celta,2,2,0,9,11,5,1,1334.73969810471,1018.32107918996,1,1,0,0,1,1,0,0,10,7,21,12,43,23,2,-2,-2,2,4,-4,0,2,1,5,11,9
2018-12-22,SP1,Betis,Eibar,1,1,1,4,15,2,4,1041.88126611864,978.687132191106,2,0,0,1,3,0,0,3,12,6,16,13,28,27,0,0,-11,11,-2,2,1,1,4,2,15,4
2018-12-23,SP1,Leganes,Sevilla,1,1,1,13,8,4,2,1017.59320833911,1248.41432196683,0,0,0,0,5,3,1,4,9,11,14,21,26,41,0,0,5,-5,2,-2,1,1,2,4,8,13
2018-12-23,SP1,Valencia,Huesca,2,2,1,19,11,8,4,979.059287590798,789.127361024759,0,0,0,6,2,0,1,7,8,2,14,4,25,12,1,-1,8,-8,4,-4,1,2,4,8,11,19
2018-12-23,SP1,Vallecano,Levante,2,2,1,18,12,8,7,767.69687337581,1004.40383471574,1,0,0,0,2,5,0,3,4,5,5,18,11,28,1,-1,6,-6,1,-1,1,2,7,8,12,18
2019-01-03,SP1,Villarreal,Real Madrid,1,2,2,12,14,4,7,955.098299462642,1161.03484010792,0,1,1,0,0,1,1,0,5,12,7,16,21,39,0,0,-2,2,-3,3,2,2,7,4,14,12
2019-01-04,SP1,Espanol,Leganes,2,1,0,12,10,1,2,855.215136226272,1026.89329451935,0,0,3,0,0,3,3,1,0,9,10,15,22,26,1,-1,2,-2,-1,1,0,1,2,1,10,12
2019-01-04,SP1,Levante,Girona,1,2,2,19,9,8,2,953.448244488041,1010.38349034438,0,0,1,2,0,0,1,2,5,5,15,13,28,23,0,0,10,-10,6,-6,2,2,2,8,9,19
2019-01-05,SP1,Alaves,Valencia,2,2,1,14,14,5,2,996.29233282707,995.122685849876,0,0,0,0,8,1,2,2,5,8,17,14,32,25,1,-1,0,0,3,-3,1,2,2,5,14,14
2019-01-05,SP1,Huesca,Betis,2,2,1,11,7,6,1,773.063962765681,1039.00274231713,0,1,0,0,1,1,9,0,2,10,3,14,12,26,1,-1,4,-4,5,-5,1,2,1,6,7,11
2019-01-05,SP1,Valladolid,Vallecano,0,0,1,12,9,5,5,966.013947969814,818.652463603513,0,0,2,5,0,0,4,6,4,6,12,8,24,13,-1,1,3,-3,0,0,1,0,5,5,9,12
2019-01-06,SP1,Eibar,Villarreal,1,0,0,24,7,6,4,981.565655992615,963.608033391679,0,0,0,0,5,1,2,5,6,5,14,8,27,19,0,0,17,-17,2,-2,0,0,4,6,7,24
2019-01-06,SP1,Getafe,Barcelona,0,1,2,10,12,2,8,1060.98104453979,1346.95489882194,2,2,0,0,2,5,0,0,9,13,16,23,26,43,-1,1,-2,2,-6,6,2,1,8,2,12,10
2019-01-06,SP1,Real Madrid,Sociedad,0,0,2,28,12,8,4,1152.52510617888,940.511243595249,3,0,0,2,3,0,0,2,10,3,16,11,37,24,-2,2,16,-16,4,-4,2,0,4,8,12,28
2019-01-06,SP1,Sevilla,Ath Madrid,1,1,1,15,12,5,7,1239.1142357866,1278.1532187856,6,1,0,0,6,6,0,0,9,11,19,22,39,41,0,0,3,-3,-2,2,1,1,7,5,12,15
2019-01-07,SP1,Celta,Athletic Club,0,1,2,17,8,3,4,1006.10587847273,913.583275822468,0,0,0,0,2,1,1,9,7,6,11,9,22,19,-1,1,9,-9,-1,1,2,1,4,3,8,17
2019-01-11,SP1,Vallecano,Celta,2,4,2,11,13,8,4,863.465672963158,965.780118762859,2,0,0,1,3,0,0,1,9,7,11,11,16,22,2,-2,-2,2,4,-4,2,4,4,8,13,11
2019-01-12,SP1,Girona,Alaves,1,1,1,9,15,4,4,1007.78474631878,1028.1846047663,0,1,0,0,4,1,3,0,3,8,14,17,23,34,0,0,-6,6,0,0,1,1,4,4,15,9
2019-01-12,SP1,Leganes,Huesca,2,1,0,14,9,7,3,980.253685600689,825.680480110929,0,0,0,7,6,0,2,8,6,4,12,6,23,12,1,-1,5,-5,4,-4,0,1,3,7,9,14
2019-01-12,SP1,Valencia,Valladolid,1,1,1,17,6,5,1,963.230413910651,921.200738610168,1,0,0,0,3,2,0,1,5,4,13,9,25,24,0,0,11,-11,4,-4,1,1,1,5,6,17
2019-01-12,SP1,Villarreal,Getafe,0,1,2,17,9,6,4,964.434276845343,1050.63714147076,0,0,0,0,1,8,2,4,3,8,9,16,20,25,-1,1,8,-8,2,-2,2,1,4,6,9,17
2019-01-13,SP1,Athletic Club,Sevilla,2,2,0,10,10,3,4,953.909035532335,1240.90451932174,0,0,0,0,4,4,1,5,8,7,11,17,19,37,2,-2,0,0,-1,1,0,2,4,3,10,10
2019-01-13,SP1,Ath Madrid,Levante,2,1,0,19,7,5,2,1276.36293525045,956.046988513644,2,0,0,1,20,0,0,4,11,5,20,13,39,29,1,-1,12,-12,3,-3,0,1,2,5,7,19
2019-01-13,SP1,Barcelona,Eibar,2,3,0,7,15,6,2,1357.29880189097,980.73941253895,2,0,0,0,2,1,0,4,15,4,25,12,43,25,3,-3,-8,8,4,-4,0,3,2,6,15,7
2019-01-13,SP1,Betis,Real Madrid,0,1,2,9,14,2,5,986.386224971879,1084.79642579431,0,0,0,0,4,2,1,1,10,10,14,16,26,34,-1,1,-5,5,-3,3,2,1,5,2,14,9
2019-01-14,SP1,Sociedad,Espanol,2,3,2,9,21,4,2,1008.23992397982,901.854745144932,0,0,2,3,0,0,2,4,3,3,11,10,24,25,1,-1,-12,12,2,-2,2,3,2,4,21,9
2019-01-18,SP1,Getafe,Alaves,2,4,0,12,6,5,0,1074.85656877462,1027.24623466653,0,0,1,0,0,2,1,1,8,8,16,15,28,32,4,-4,6,-6,5,-5,0,4,0,5,6,12
2019-01-19,SP1,Celta,Valencia,0,1,2,12,13,4,8,909.367940135935,961.304262456608,0,0,1,1,0,0,2,3,4,6,11,13,22,23,-1,1,-1,1,-4,4,2,1,8,4,13,12
2019-01-19,SP1,Huesca,Ath Madrid,0,0,3,14,15,3,8,807.046742169237,1285.10483954237,1,0,0,0,2,7,0,1,4,13,6,22,12,39,-3,3,-1,1,-5,5,3,0,8,3,15,14
2019-01-19,SP1,Real Madrid,Sevilla,2,2,0,23,4,6,1,1107.9673735094,1167.29636598956,0,0,1,1,0,0,1,6,10,6,19,17,34,36,2,-2,19,-19,5,-5,0,2,1,6,4,23
2019-01-20,SP1,Barcelona,Leganes,2,3,1,15,5,7,2,1368.49886834591,998.887423542381,3,0,0,1,3,0,0,2,15,6,25,14,46,23,2,-2,10,-10,5,-5,1,3,2,7,5,15
2019-01-20,SP1,Betis,Girona,2,3,2,12,8,5,5,963.21527725679,1008.72311641854,0,0,1,0,0,1,2,3,7,3,14,14,26,24,1,-1,4,-4,0,0,2,3,5,5,8,12
2019-01-20,SP1,Levante,Valladolid,2,2,0,13,13,4,3,947.305084221722,923.126890064212,0,0,0,0,1,3,2,2,2,5,10,7,26,25,2,-2,0,0,1,-1,0,2,3,4,13,13
2019-01-20,SP1,Vallecano,Sociedad,1,2,2,11,10,4,4,919.877851590082,1030.73665305702,3,1,0,0,4,1,0,0,9,6,13,13,19,26,0,0,1,-1,0,0,2,2,4,4,10,11
2019-01-20,SP1,Villarreal,Athletic Club,1,1,1,3,9,1,2,940.214849541486,1027.51718886451,0,1,1,0,0,2,3,0,3,11,8,13,20,22,0,0,-6,6,-1,1,1,1,2,1,9,3
2019-01-21,SP1,Eibar,Espanol,2,3,0,16,6,9,0,969.53934608401,879.358016067733,0,0,0,4,6,0,3,5,4,3,11,7,22,25,3,-3,10,-10,9,-9,0,3,0,9,6,16
2019-01-26,SP1,Ath Madrid,Getafe,2,2,0,10,6,6,2,1291.64624279725,1130.5753477448,3,1,0,0,21,9,0,0,13,10,22,16,41,31,2,-2,4,-4,4,-4,0,2,2,6,6,10
2019-01-26,SP1,Leganes,Eibar,1,2,2,9,5,3,2,989.551201271506,1010.22610546563,1,0,0,1,7,0,0,5,5,6,14,14,22,25,0,0,4,-4,1,-1,2,2,2,3,5,9
2019-01-26,SP1,Sevilla,Levante,2,5,0,23,7,9,0,1116.02146439485,988.115548811847,0,0,0,2,7,0,1,5,5,4,14,10,33,26,5,-5,16,-16,9,-9,0,5,0,9,7,23
2019-01-26,SP1,Valencia,Villarreal,2,3,0,18,14,9,5,988.556065069662,944.152738457958,0,0,0,0,4,2,1,6,8,4,15,9,26,18,3,-3,4,-4,4,-4,0,3,5,9,14,18
2019-01-27,SP1,Athletic Club,Betis,2,1,0,11,8,2,2,1023.57929994804,999.382897695046,1,0,0,1,5,0,0,1,9,7,13,17,23,29,1,-1,3,-3,0,0,0,1,2,2,8,11
2019-01-27,SP1,Espanol,Real Madrid,0,2,4,13,16,6,9,838.671256686116,1159.24227510412,1,1,0,0,1,3,0,0,3,10,6,22,24,36,-2,2,-3,3,-3,3,4,2,9,6,16,13
2019-01-27,SP1,Girona,Barcelona,0,0,2,13,15,5,7,972.555495980286,1377.83509061679,0,3,0,0,5,6,4,0,3,15,11,25,24,46,-2,2,-2,2,-2,2,2,0,7,5,15,13
2019-01-27,SP1,Sociedad,Huesca,1,0,0,8,8,1,1,1025.79789538848,800.50533891436,1,0,0,8,1,0,0,9,7,4,14,6,26,11,0,0,0,0,0,0,0,0,1,1,8,8
2019-01-27,SP1,Valladolid,Celta,2,2,1,19,8,7,3,882.316425474087,882.11613752288,0,0,3,2,0,0,5,2,2,1,6,8,22,21,1,-1,11,-11,4,-4,1,2,3,7,8,19
2019-01-28,SP1,Alaves,Vallecano,0,0,1,16,14,1,3,971.527455696357,924.816609258618,1,1,0,0,9,1,0,0,8,10,12,14,32,20,-1,1,2,-2,-2,2,1,0,3,1,14,16
2019-02-01,SP1,Huesca,Valladolid,2,4,0,11,9,7,4,809.635284747046,914.2979782741,0,0,1,1,0,0,1,3,4,5,6,9,9,24,4,-4,2,-2,3,-3,0,4,4,7,9,11
2019-02-02,SP1,Barcelona,Valencia,1,2,2,20,14,8,7,1385.59160912735,1036.15605438788,4,1,0,0,4,1,0,0,15,10,25,18,46,28,0,0,6,-6,1,-1,2,2,7,8,14,20
2019-02-02,SP1,Celta,Sevilla,2,1,0,10,13,4,2,850.134584722867,1163.93495073643,0,0,2,2,0,0,3,7,0,5,7,16,20,33,1,-1,-3,3,2,-2,0,1,2,4,13,10
2019-02-02,SP1,Levante,Getafe,1,0,0,8,9,4,2,940.202062470263,1105.70865703931,1,0,0,1,2,0,0,1,4,7,9,15,23,31,0,0,-1,1,2,-2,0,0,2,4,9,8
2019-02-02,SP1,Sociedad,Athletic Club,2,2,1,6,8,2,5,1016.6679495558,1053.3543249164,0,0,0,0,2,3,1,1,8,11,14,16,24,23,1,-1,-2,2,-3,3,1,2,5,2,8,6
2019-02-03,SP1,Betis,Ath Madrid,2,1,0,7,13,3,1,969.607872726686,1316.51293350274,1,1,0,0,1,8,0,0,4,13,16,24,29,43,1,-1,-6,6,2,-2,0,1,1,3,13,7
2019-02-03,SP1,Eibar,Girona,2,3,0,17,6,5,2,1009.27511319694,964.798977469725,1,0,0,1,7,0,0,4,6,3,12,8,26,23,3,-3,11,-11,3,-3,0,3,2,5,6,17
2019-02-03,SP1,Real Madrid,Alaves,2,3,0,22,8,8,1,1171.20831585578,935.250963129331,1,0,0,1,1,0,0,2,10,7,22,12,36,32,3,-3,14,-14,7,-7,0,3,1,8,8,22
2019-02-03,SP1,Villarreal,Espanol,1,2,2,14,17,5,2,896.552749139744,826.705215934452,0,0,0,5,1,0,4,6,3,3,8,3,18,23,0,0,-3,3,3,-3,2,2,2,5,17,14
2019-02-04,SP1,Vallecano,Leganes,0,1,2,15,13,6,4,961.093101825644,990.502193540191,0,0,0,2,5,0,1,3,13,5,17,14,23,23,-1,1,2,-2,2,-2,2,1,4,6,13,15
2019-02-08,SP1,Valladolid,Villarreal,1,0,0,9,7,3,3,830.931158200136,893.378796112169,1,0,0,1,1,0,0,7,4,3,8,8,24,18,0,0,2,-2,0,0,0,0,3,3,7,9
2019-02-09,SP1,Ath Madrid,Real Madrid,0,1,3,11,11,2,4,1260.16246565173,1193.51392351278,4,2,0,0,22,4,0,0,10,12,21,22,40,36,-2,2,0,0,-2,2,3,1,4,2,11,11
2019-02-09,SP1,Espanol,Vallecano,2,2,1,15,9,5,3,829.879168962027,931.795328558628,0,2,1,0,0,2,1,0,4,10,4,16,21,23,1,-1,6,-6,2,-2,1,2,3,5,9,15
2019-02-09,SP1,Getafe,Celta,2,3,1,12,13,6,3,1098.61539680113,905.105708481859,1,0,0,3,1,0,0,3,7,3,16,10,29,20,2,-2,-1,1,3,-3,1,3,3,6,13,12
2019-02-09,SP1,Girona,Huesca,0,0,2,13,6,7,6,917.21023093142,893.00210482101,0,0,1,0,0,1,5,10,2,7,7,9,23,11,-2,2,7,-7,1,-1,2,0,6,7,6,13
2019-02-10,SP1,Athletic Club,Barcelona,1,0,0,13,10,5,2,1017.98788711353,1373.3675914204,2,4,0,0,6,7,0,0,10,13,16,26,22,44,0,0,3,-3,3,-3,0,0,2,5,10,13
2019-02-10,SP1,Leganes,Betis,2,3,0,16,3,4,1,1019.79996680721,1025.95834057769,0,0,0,2,8,0,1,2,7,6,16,16,25,31,3,-3,13,-13,3,-3,0,3,1,4,3,16
2019-02-10,SP1,Sevilla,Eibar,1,2,2,13,8,4,4,1108.96382697744,1056.86385973525,1,0,0,0,8,1,0,6,4,8,13,14,32,29,0,0,5,-5,0,0,2,2,4,4,8,13
2019-02-10,SP1,Valencia,Sociedad,1,0,0,10,8,4,1,1048.38007209482,1052.03438735867,1,0,0,0,5,2,0,1,8,11,16,14,29,26,0,0,2,-2,3,-3,0,0,1,4,8,10
2019-02-11,SP1,Alaves,Levante,2,2,0,16,8,4,0,912.945355472335,947.295322708442,0,0,1,3,0,0,1,6,4,5,9,10,31,24,2,-2,8,-8,4,-4,0,2,0,4,8,16
2019-02-15,SP1,Eibar,Getafe,1,2,2,11,7,6,4,1059.24532811756,1120.29322600685,2,0,0,0,8,1,0,2,8,10,12,18,27,31,0,0,4,-4,2,-2,2,2,4,6,7,11
2019-02-16,SP1,Barcelona,Valladolid,2,1,0,20,10,8,0,1361.031097026,833.776404464165,0,0,0,2,5,0,1,4,11,5,26,9,42,24,1,-1,10,-10,8,-8,0,1,0,8,10,20
2019-02-16,SP1,Celta,Levante,0,1,4,14,14,7,8,883.427879276145,899.115699798255,1,0,0,4,1,0,0,7,3,4,10,9,17,23,-3,3,0,0,-1,1,4,1,8,7,14,14
2019-02-16,SP1,Sociedad,Leganes,2,3,0,15,8,6,3,1051.8661061271,1075.29804532195,1,1,0,0,3,1,0,0,9,10,12,16,27,28,3,-3,7,-7,3,-3,0,3,3,6,8,15
2019-02-16,SP1,Vallecano,Ath Madrid,0,0,1,12,4,6,3,890.668785532878,1207.99334571135,0,0,1,1,0,0,2,1,7,9,16,20,20,40,-1,1,8,-8,3,-3,1,0,3,6,4,12
2019-02-17,SP1,Betis,Alaves,1,1,1,19,6,10,3,970.46026206295,961.124978382521,2,0,0,2,2,0,0,3,6,4,16,12,28,31,0,0,13,-13,7,-7,1,1,3,10,6,19
2019-02-17,SP1,Real Madrid,Girona,0,1,2,19,14,7,6,1245.68304345316,870.30169935084,2,0,0,2,2,0,0,5,15,1,25,4,36,20,-1,1,5,-5,1,-1,2,1,6,7,14,19
2019-02-17,SP1,Valencia,Espanol,1,0,0,21,6,1,1,1048.54835332638,871.005711987777,0,0,0,0,6,1,1,7,9,4,14,7,29,24,0,0,15,-15,0,0,0,0,1,1,6,21
2019-02-17,SP1,Villarreal,Sevilla,2,3,0,12,21,6,5,890.53354984814,1106.58235859513,0,0,0,3,2,0,5,8,3,4,6,11,19,33,3,-3,-9,9,1,-1,0,3,5,6,21,12
2019-02-18,SP1,Huesca,Athletic Club,0,0,1,12,9,2,4,939.91063640159,1030.32438150794,1,0,0,1,1,0,0,2,7,8,11,16,14,22,-1,1,3,-3,-2,2,1,0,4,2,9,12
2019-02-22,SP1,Espanol,Huesca,1,1,1,13,13,2,4,878.537405325229,916.055027290524,1,1,0,0,1,2,0,0,5,7,8,11,22,14,0,0,0,0,-2,2,1,1,4,2,13,13
2019-02-23,SP1,Alaves,Celta,1,0,0,17,8,4,2,961.554780656572,831.356887070244,1,0,0,4,1,0,0,4,4,3,12,7,29,17,0,0,9,-9,2,-2,0,0,2,4,8,17
2019-02-23,SP1,Athletic Club,Eibar,2,1,0,9,7,4,2,1054.17999061901,1062.02810797263,0,0,0,0,7,2,1,7,8,9,19,13,24,27,1,-1,2,-2,2,-2,0,1,2,4,7,9
2019-02-23,SP1,Getafe,Vallecano,2,2,1,11,7,2,2,1117.51044615177,881.796093904319,2,0,0,1,2,0,0,1,8,4,16,13,29,20,1,-1,4,-4,0,0,1,2,2,2,7,11
2019-02-23,SP1,Sevilla,Barcelona,0,2,4,13,17,4,8,1021.92714126667,1363.96640348673,0,0,0,0,9,8,1,1,4,11,10,26,33,42,-2,2,-4,4,-4,4,4,2,8,4,17,13
2019-02-24,SP1,Ath Madrid,Villarreal,2,2,0,15,14,7,3,1216.86603733991,975.1887671766,0,0,1,0,0,1,1,8,9,6,22,9,42,19,2,-2,1,-1,4,-4,0,2,3,7,14,15
2019-02-24,SP1,Leganes,Valencia,1,1,1,17,6,6,1,1017.09426690429,1041.01665998893,1,0,0,0,9,2,0,1,7,9,13,15,28,29,0,0,11,-11,5,-5,1,1,1,6,6,17
2019-02-24,SP1,Levante,Real Madrid,0,1,2,11,19,2,5,951.186692004156,1188.29551970397,0,3,0,0,3,5,1,0,7,12,9,22,26,35,-1,1,-8,8,-3,3,2,1,5,2,19,11
2019-02-24,SP1,Valladolid,Betis,0,0,2,10,6,2,3,830.841098003432,970.0304597889,0,0,0,3,2,0,1,3,4,7,9,14,24,28,-2,2,4,-4,-1,1,2,0,3,2,6,10
2019-02-25,SP1,Girona,Sociedad,1,0,0,10,7,3,1,927.689223100023,1110.06988454476,0,0,2,0,0,3,6,2,3,9,6,15,20,30,0,0,3,-3,2,-2,0,0,1,3,7,10
2019-03-01,SP1,Vallecano,Girona,0,0,2,9,12,3,4,868.692240592507,935.393205533095,0,1,2,0,0,1,3,0,3,4,13,7,19,20,-2,2,-3,3,-1,1,2,0,4,3,12,9
2019-03-02,SP1,Espanol,Valladolid,2,3,1,15,14,6,3,880.258471289952,803.670366747429,0,0,0,3,2,0,1,5,6,4,9,6,23,23,2,-2,1,-1,3,-3,1,3,3,6,14,15
2019-03-02,SP1,Huesca,Sevilla,2,2,1,7,12,3,5,914.333961325802,1011.18174519415,0,0,1,4,0,0,1,9,8,4,12,9,15,30,1,-1,-5,5,-2,2,1,2,5,3,12,7
2019-03-02,SP1,Real Madrid,Barcelona,0,0,1,17,10,3,4,1201.31592037015,1374.71179955925,0,1,1,0,0,9,1,0,12,11,22,26,35,44,-1,1,7,-7,-1,1,1,0,4,3,10,17
2019-03-02,SP1,Villarreal,Alaves,0,1,2,9,10,2,2,957.714553281423,955.824693119823,1,0,0,0,3,1,0,4,5,5,9,13,18,27,-1,1,-1,1,0,0,2,1,2,2,10,9
2019-03-03,SP1,Betis,Getafe,0,1,2,6,11,2,5,997.201191044903,1130.61429946358,0,0,0,0,3,2,1,3,7,8,14,18,30,32,-1,1,-5,5,-3,3,2,1,5,2,11,6
2019-03-03,SP1,Eibar,Celta,2,1,0,15,3,4,1,1029.30539256906,837.086974606993,0,0,0,0,9,1,1,5,6,4,12,5,24,17,1,-1,12,-12,3,-3,0,1,1,4,3,15
2019-03-03,SP1,Sociedad,Ath Madrid,0,0,2,19,8,3,3,1102.36590211168,1234.34025123509,2,1,0,0,4,1,0,0,9,9,16,22,28,42,-2,2,11,-11,0,0,2,0,3,3,8,19
2019-03-03,SP1,Valencia,Athletic Club,2,2,0,11,4,3,1,1039.91673074329,1086.90270602258,0,1,0,0,7,1,2,0,7,10,15,19,29,27,2,-2,7,-7,2,-2,0,2,1,3,4,11
2019-03-04,SP1,Leganes,Levante,2,1,0,14,15,3,4,1018.19419614994,938.166291337985,0,1,0,0,10,1,1,0,8,4,13,8,29,26,1,-1,-1,1,-1,1,0,1,4,3,15,14
2019-03-08,SP1,Athletic Club,Espanol,1,1,1,15,5,6,2,1037.14983242297,914.601803626837,1,0,0,0,8,2,0,8,7,9,18,12,26,23,0,0,10,-10,4,-4,1,1,2,6,5,15
2019-03-09,SP1,Alaves,Eibar,1,1,1,16,20,3,3,987.998753956579,1045.21094880139,0,0,0,1,2,0,1,8,8,8,15,14,29,27,0,0,-4,4,0,0,1,1,3,3,20,16
2019-03-09,SP1,Ath Madrid,Leganes,2,1,0,13,3,4,2,1262.29599390707,1042.95100116624,1,0,0,1,1,0,0,1,9,10,22,15,42,29,1,-1,10,-10,2,-2,0,1,2,4,3,13
2019-03-09,SP1,Barcelona,Vallecano,2,3,1,12,8,6,1,1391.94737816132,833.152504091969,1,0,0,2,6,0,0,2,11,0,26,13,47,18,2,-2,4,-4,5,-5,1,3,1,6,8,12
2019-03-09,SP1,Getafe,Huesca,2,2,1,14,8,6,1,1150.89683337547,955.029900135999,3,0,0,0,3,3,0,1,11,10,18,14,34,18,1,-1,6,-6,5,-5,1,2,1,6,8,14
2019-03-10,SP1,Celta,Betis,0,0,1,7,14,1,4,821.181418374658,976.918657133019,0,1,1,0,0,1,1,0,4,7,4,11,16,27,-1,1,-7,7,-3,3,1,0,4,1,14,7
2019-03-10,SP1,Girona,Valencia,0,2,3,18,11,8,6,970.932942033633,1089.6696043429,0,0,0,0,1,3,7,2,7,7,10,17,23,31,-1,1,7,-7,2,-2,3,2,6,8,11,18
2019-03-10,SP1,Levante,Villarreal,0,0,2,11,13,3,5,913.40948632168,925.540492444667,0,0,1,1,0,0,2,9,4,5,8,8,26,15,-2,2,-2,2,-2,2,2,0,5,3,13,11
2019-03-10,SP1,Sevilla,Sociedad,2,5,2,22,9,11,2,970.485806383949,1074.4101594397,0,0,1,0,0,4,2,3,1,8,6,16,27,27,3,-3,13,-13,9,-9,2,5,2,11,9,22
2019-03-10,SP1,Valladolid,Real Madrid,0,1,4,10,15,2,6,769.327034410544,1184.08034176808,0,4,1,0,0,6,2,0,1,9,6,19,20,35,-3,3,-5,5,-4,4,4,1,6,2,15,10
2019-03-15,SP1,Sociedad,Levante,1,1,1,22,8,7,3,1004.03683299551,871.082571987437,0,0,1,1,0,0,1,1,5,3,16,8,27,23,0,0,14,-14,4,-4,1,1,3,7,8,22
2019-03-16,SP1,Athletic Club,Ath Madrid,2,2,0,9,9,5,2,1031.72924092876,1276.40913486243,0,2,0,0,9,2,1,0,8,12,18,22,27,44,2,-2,0,0,3,-3,0,2,2,5,9,9
2019-03-16,SP1,Huesca,Alaves,0,1,3,7,12,2,5,939.374051661063,990.609913885035,1,1,0,0,1,2,0,0,7,9,14,13,17,30,-2,2,-5,5,-3,3,3,1,5,2,12,7
2019-03-16,SP1,Leganes,Girona,0,0,2,12,8,3,4,1028.83786021088,949.462229711963,1,2,0,0,11,2,0,0,7,7,14,9,29,22,-2,2,4,-4,-1,1,2,0,4,3,8,12
2019-03-16,SP1,Real Madrid,Celta,2,2,0,22,6,7,1,1193.25582167334,802.636062699431,0,0,2,1,0,0,2,6,9,1,21,4,37,15,2,-2,16,-16,6,-6,0,2,1,7,6,22
2019-03-17,SP1,Betis,Barcelona,0,1,4,13,16,3,9,995.464012808245,1395.32816528975,0,2,1,0,0,10,2,0,7,13,13,26,27,49,-3,3,-3,3,-6,6,4,1,9,3,16,13
2019-03-17,SP1,Eibar,Valladolid,0,1,2,15,8,3,3,1042.59978887294,760.15155450529,1,0,0,4,10,0,0,6,6,1,14,5,28,17,-1,1,7,-7,0,0,2,1,3,3,8,15
2019-03-17,SP1,Espanol,Sevilla,0,0,1,13,12,3,3,920.022395121043,1040.85913282814,1,0,0,5,3,0,0,10,9,4,13,8,23,27,-1,1,1,-1,0,0,1,0,3,3,12,13
2019-03-17,SP1,Valencia,Getafe,1,0,0,8,9,2,1,1111.14031666457,1166.5526818504,1,1,0,0,8,3,0,0,9,13,17,20,31,36,0,0,-1,1,1,-1,0,0,1,2,9,8
2019-03-17,SP1,Villarreal,Vallecano,2,3,1,12,7,4,3,967.86740677891,829.771716963534,0,0,1,3,0,0,1,3,7,0,10,10,18,18,2,-2,5,-5,1,-1,1,3,3,4,7,12
2019-03-29,SP1,Girona,Athletic Club,0,1,2,6,8,2,5,1003.16885998237,1102.21086954478,0,0,1,1,0,0,8,1,10,10,11,18,25,29,-1,1,-2,2,-3,3,2,1,5,2,8,6
2019-03-30,SP1,Alaves,Ath Madrid,0,0,4,14,11,4,7,1028.04638704885,1205.92750624641,0,0,0,1,3,0,2,1,9,12,13,21,30,41,-4,4,3,-3,-3,3,4,0,7,4,11,14
2019-03-30,SP1,Barcelona,Espanol,2,2,0,13,4,3,2,1405.25005155037,898.723820893416,2,0,0,0,7,3,0,9,15,6,26,10,51,20,2,-2,9,-9,1,-1,0,2,2,3,4,13
2019-03-30,SP1,Celta,Villarreal,2,3,2,15,14,6,5,794.261773033317,995.156350377826,0,1,2,0,0,1,2,0,1,9,4,12,15,21,1,-1,1,-1,1,-1,2,3,5,6,14,15
2019-03-30,SP1,Getafe,Leganes,0,0,2,9,7,2,3,1164.0222671648,975.131229940474,4,0,0,2,4,0,0,2,11,4,21,14,37,26,-2,2,2,-2,-1,1,2,0,3,2,7,9
2019-03-31,SP1,Levante,Eibar,1,2,2,7,17,2,3,876.922998712561,989.12090367795,0,0,2,0,0,1,3,9,4,5,8,13,21,25,0,0,-10,10,-1,1,2,2,3,2,17,7
2019-03-31,SP1,Real Madrid,Huesca,2,3,2,16,16,8,3,1201.63011133945,901.937578497244,1,0,0,1,1,0,0,2,9,4,24,11,40,17,1,-1,0,0,5,-5,2,3,3,8,16,16
2019-03-31,SP1,Sevilla,Valencia,0,0,1,17,4,5,2,1062.15770705577,1113.67073135018,1,1,0,0,1,4,0,0,6,9,10,18,27,31,-1,1,13,-13,3,-3,1,0,2,5,4,17
2019-03-31,SP1,Valladolid,Sociedad,1,1,1,10,10,4,1,813.630439700277,998.196406270386,0,0,2,1,0,0,3,4,3,5,8,14,17,25,0,0,0,0,3,-3,1,1,1,4,10,10
2019-03-31,SP1,Vallecano,Betis,1,1,1,20,7,5,2,802.482773364617,985.542126547624,0,2,3,0,0,2,4,0,0,7,7,13,18,27,0,0,13,-13,3,-3,1,1,2,5,7,20
2019-04-02,SP1,Ath Madrid,Girona,2,2,0,17,12,7,4,1240.01802538975,980.051647127583,2,3,0,0,2,3,0,0,12,7,21,10,43,24,2,-2,5,-5,3,-3,0,2,4,7,12,17
2019-04-02,SP1,Espanol,Getafe,1,1,1,9,13,3,3,894.217183348014,1098.4216832391,0,0,1,0,0,4,1,1,5,10,10,18,17,34,0,0,-4,4,0,0,1,1,3,3,13,9
2019-04-02,SP1,Villarreal,Barcelona,1,4,4,16,15,9,9,946.472469829816,1409.75668909577,1,3,0,0,1,11,0,0,6,15,12,26,20,51,0,0,1,-1,0,0,4,4,9,9,15,16
2019-04-03,SP1,Athletic Club,Levante,2,3,2,14,11,7,6,1125.32808239957,881.917482161638,1,0,0,0,10,1,0,2,10,2,18,9,31,19,1,-1,3,-3,1,-1,2,3,6,7,11,14
2019-04-03,SP1,Eibar,Vallecano,2,2,1,12,13,6,2,984.126420228873,810.210741940476,0,0,1,4,0,0,1,4,5,1,14,5,25,18,1,-1,-1,1,4,-4,1,2,2,6,13,12
2019-04-03,SP1,Huesca,Celta,1,3,3,23,11,7,5,892.260357727801,842.945653581327,0,0,1,2,0,0,1,7,4,4,11,7,17,18,0,0,12,-12,2,-2,3,3,5,7,11,23
2019-04-03,SP1,Valencia,Real Madrid,2,2,1,11,15,4,5,1140.96066964773,1211.30733210889,0,5,0,0,9,7,1,0,11,12,20,24,33,43,1,-1,-4,4,-1,1,1,2,5,4,15,11
2019-04-04,SP1,Leganes,Valladolid,2,1,0,18,8,2,1,1040.73181386617,821.411492918502,0,1,1,0,0,1,1,0,7,4,14,8,28,15,1,-1,10,-10,1,-1,0,1,1,2,8,18
2019-04-04,SP1,Sevilla,Alaves,2,2,0,18,5,5,2,1034.86776875821,993.955867905511,0,2,1,0,0,3,1,0,6,8,10,12,27,27,2,-2,13,-13,3,-3,0,2,2,5,5,18
2019-04-04,SP1,Sociedad,Betis,2,2,1,15,11,7,6,990.415353052161,977.814157971765,0,0,0,0,1,3,2,1,3,7,12,14,25,28,1,-1,4,-4,1,-1,1,2,6,7,11,15
2019-04-06,SP1,Barcelona,Ath Madrid,2,2,0,21,9,10,2,1395.83529105982,1256.06553612319,3,1,0,0,8,1,0,0,13,12,24,21,49,43,2,-2,12,-12,8,-8,0,2,2,10,9,21
2019-04-06,SP1,Girona,Espanol,0,1,2,14,9,5,2,964.00413639415,902.669565208057,0,0,2,1,0,0,9,10,6,5,10,11,21,17,-1,1,5,-5,3,-3,2,1,2,5,9,14
2019-04-06,SP1,Real Madrid,Eibar,2,2,1,13,3,7,1,1172.91527620922,1001.32434122801,2,0,0,0,2,2,0,10,9,8,21,14,43,28,1,-1,10,-10,6,-6,1,2,1,7,3,13
2019-04-06,SP1,Vallecano,Valencia,2,2,0,15,12,5,3,793.012820941343,1179.3527255474,0,2,0,0,1,5,5,0,1,13,4,20,18,35,2,-2,3,-3,2,-2,0,2,3,5,12,15
2019-04-07,SP1,Alaves,Leganes,1,1,1,6,9,1,5,955.238917954638,1054.84651726213,0,1,1,0,0,1,3,0,7,9,12,17,24,31,0,0,-3,3,-4,4,1,1,5,1,9,6
2019-04-07,SP1,Betis,Villarreal,2,2,1,17,10,7,4,946.974262287185,960.393867865767,0,0,2,1,0,0,3,1,4,7,11,12,28,21,1,-1,7,-7,3,-3,1,2,4,7,10,17
2019-04-07,SP1,Celta,Sociedad,2,3,1,11,14,4,7,845.201550305739,1021.25524873674,1,0,0,0,1,1,0,5,4,5,8,14,16,28,2,-2,-3,3,-3,3,1,3,7,4,14,11
2019-04-07,SP1,Getafe,Athletic Club,2,1,0,6,9,2,1,1089.96930137906,1137.9762928302,0,1,1,0,0,1,1,0,8,10,16,20,32,33,1,-1,-3,3,1,-1,0,1,1,2,9,6
2019-04-07,SP1,Levante,Huesca,1,2,2,14,17,8,4,869.269271731007,890.004461003389,0,0,0,2,1,0,4,3,2,4,6,12,16,18,0,0,-3,3,4,-4,2,2,4,8,17,14
2019-04-07,SP1,Valladolid,Sevilla,0,0,2,10,16,5,4,807.296789522542,1073.58471870909,0,1,0,0,1,1,4,0,4,9,8,13,14,27,-2,2,-6,6,1,-1,2,0,4,5,16,10
2019-04-13,SP1,Ath Madrid,Celta,2,2,0,11,10,5,3,1228.95742336546,909.557701780099,3,0,0,0,3,1,0,8,9,7,18,11,42,18,2,-2,1,-1,2,-2,0,2,3,5,10,11
2019-04-13,SP1,Espanol,Alaves,2,2,1,6,14,2,3,940.260726130413,959.704340025679,0,0,0,1,1,0,2,1,5,5,14,13,17,25,1,-1,-8,8,-1,1,1,2,3,2,14,6
2019-04-13,SP1,Huesca,Barcelona,1,0,0,6,10,1,2,889.050702340565,1422.94340381754,0,0,0,0,1,12,2,1,2,13,12,24,18,49,0,0,-4,4,-1,1,0,0,2,1,10,6
2019-04-13,SP1,Sevilla,Betis,2,3,2,11,12,5,7,1089.16059415772,980.209639358083,1,0,0,1,1,0,0,2,12,7,13,14,29,30,1,-1,-1,1,-2,2,2,3,7,5,12,11
2019-04-14,SP1,Athletic Club,Vallecano,2,3,2,15,8,9,4,1101.58261195093,872.165279700878,2,0,0,5,11,0,0,5,10,4,17,4,33,21,1,-1,7,-7,5,-5,2,3,4,9,8,15
2019-04-14,SP1,Girona,Villarreal,0,0,1,14,17,5,6,926.412975471794,927.158490794869,0,0,3,2,0,0,10,2,3,7,10,12,18,20,-1,1,-3,3,-1,1,1,0,6,5,17,14
2019-04-14,SP1,Sociedad,Eibar,1,1,1,3,17,2,2,956.89909726238,983.957597238552,1,0,0,1,2,0,0,11,5,5,13,13,27,25,0,0,-14,14,0,0,1,1,2,2,17,3
2019-04-14,SP1,Valencia,Levante,2,3,1,23,6,6,3,1100.20026678787,870.223030393831,1,0,0,1,10,0,0,3,10,3,17,7,35,16,2,-2,17,-17,3,-3,1,3,3,6,6,23
2019-04-14,SP1,Valladolid,Getafe,1,2,2,8,8,4,3,791.720914073907,1126.36298225833,0,0,1,0,0,5,5,2,4,8,5,19,14,34,0,0,0,0,1,-1,2,2,3,4,8,8
2019-04-15,SP1,Leganes,Real Madrid,1,1,1,5,13,2,6,1050.38109519109,1190.28202019868,1,0,0,1,1,0,0,1,7,12,17,21,31,43,0,0,-8,8,-4,4,1,1,6,2,13,5
2019-04-19,SP1,Alaves,Valladolid,1,2,2,10,12,4,7,925.915384214944,803.651966211602,0,0,0,1,1,0,4,1,4,5,13,6,22,14,0,0,-2,2,-3,3,2,2,7,4,12,10
2019-04-20,SP1,Barcelona,Sociedad,2,2,1,11,9,4,2,1408.35846700769,958.14267399223,4,0,0,1,9,0,0,6,11,6,24,11,50,25,1,-1,2,-2,2,-2,1,2,2,4,9,11
2019-04-20,SP1,Celta,Girona,2,2,1,13,9,8,1,897.521815205063,894.48163986519,2,0,0,1,2,0,0,1,7,3,8,10,18,17,1,-1,4,-4,7,-7,1,2,1,8,9,13
2019-04-20,SP1,Eibar,Ath Madrid,0,0,1,10,8,2,4,982.714020508703,1240.9933099405,1,0,0,1,1,0,0,1,5,9,11,21,25,42,-1,1,2,-2,-2,2,1,0,4,2,8,10
2019-04-20,SP1,Vallecano,Huesca,1,0,0,16,10,3,3,858.679640622595,903.63563915042,1,0,0,0,2,1,0,4,4,3,4,10,20,19,0,0,6,-6,0,0,0,0,3,3,10,16
2019-04-21,SP1,Betis,Valencia,0,1,2,23,4,7,3,957.927909485634,1118.63604213606,1,0,0,1,1,0,0,1,4,10,11,19,27,35,-1,1,19,-19,4,-4,2,1,3,7,4,23
2019-04-21,SP1,Getafe,Sevilla,2,3,0,10,12,3,2,1114.43193012063,1111.44232403017,1,2,0,0,1,2,0,0,6,12,19,16,35,29,3,-3,-2,2,1,-1,0,3,2,3,12,10
2019-04-21,SP1,Levante,Espanol,1,2,2,19,14,5,7,851.787255045634,974.049681941148,0,1,0,0,2,1,5,0,3,7,6,16,16,20,0,0,5,-5,-2,2,2,2,7,5,14,19
2019-04-21,SP1,Real Madrid,Athletic Club,2,3,0,11,5,4,3,1184.16635888204,1115.06825102922,3,0,0,1,3,0,0,1,10,12,19,20,41,36,3,-3,6,-6,1,-1,0,3,3,4,5,11
2019-04-21,SP1,Villarreal,Leganes,2,2,1,11,6,5,2,959.089826401472,1056.49675650772,0,0,0,0,2,2,1,1,7,8,14,15,22,31,1,-1,5,-5,3,-3,1,2,2,5,6,11
2019-04-23,SP1,Alaves,Barcelona,0,0,2,6,17,1,6,920.506398395017,1412.8178411652,0,0,0,0,2,13,5,2,2,11,11,26,23,52,-2,2,-11,11,-5,5,2,0,6,1,17,6
2019-04-23,SP1,Huesca,Eibar,2,2,0,12,7,3,4,901.576816221498,970.912019862279,0,0,0,0,2,1,3,12,4,5,8,10,19,22,2,-2,5,-5,-1,1,0,2,4,3,7,12
2019-04-23,SP1,Valladolid,Girona,2,1,0,13,6,4,0,809.060952031529,862.761643215479,0,0,0,2,1,0,6,2,3,0,6,10,15,14,1,-1,7,-7,4,-4,0,1,0,4,6,13
2019-04-24,SP1,Ath Madrid,Valencia,2,3,2,14,12,6,4,1252.79531058692,1136.80677910825,4,1,0,0,4,1,0,0,12,12,24,21,44,35,1,-1,2,-2,2,-2,2,3,4,6,12,14
2019-04-24,SP1,Espanol,Celta,1,1,1,9,18,2,6,968.640736547213,929.241811854774,1,0,0,1,2,0,0,9,8,10,14,11,21,21,0,0,-9,9,-4,4,1,1,6,2,18,9
2019-04-24,SP1,Leganes,Athletic Club,0,0,1,14,3,1,2,1015.75314238515,1071.24115595617,0,0,0,2,2,0,1,2,8,9,12,19,28,35,-1,1,11,-11,-1,1,1,0,2,1,3,14
2019-04-24,SP1,Levante,Betis,2,4,0,6,7,4,2,857.196200439569,939.757172513448,0,0,0,2,3,0,6,3,3,4,7,11,16,27,4,-4,-1,1,2,-2,0,4,2,4,7,6
2019-04-25,SP1,Getafe,Real Madrid,1,0,0,9,12,5,4,1168.49430439591,1227.99345395509,2,0,0,0,2,1,0,2,8,10,19,19,37,44,0,0,-3,3,1,-1,0,0,4,5,12,9
2019-04-25,SP1,Sevilla,Vallecano,2,5,0,20,12,11,3,1057.3799497549,860.738463551517,2,0,0,6,2,0,0,6,9,5,15,5,26,21,5,-5,8,-8,8,-8,0,5,3,11,12,20
2019-04-25,SP1,Sociedad,Villarreal,0,0,1,13,8,2,3,953.68329983472,999.83344052404,0,1,0,0,3,1,1,0,5,7,10,16,22,22,-1,1,5,-5,-1,1,1,0,3,2,8,13
2019-04-27,SP1,Athletic Club,Alaves,1,1,1,14,14,1,3,1098.17353361368,915.636822318865,3,0,0,2,12,0,0,2,9,2,19,10,38,22,0,0,0,0,-2,2,1,1,3,1,14,14
2019-04-27,SP1,Ath Madrid,Valladolid,2,1,0,13,13,1,4,1274.49231552795,845.967954914013,5,0,0,0,5,1,0,2,12,5,24,9,46,18,1,-1,0,0,-3,3,0,1,4,1,13,13
2019-04-27,SP1,Barcelona,Levante,2,1,0,23,7,12,2,1417.68741724135,936.744796496743,5,0,0,2,10,0,0,4,11,5,26,7,52,16,1,-1,16,-16,10,-10,0,1,2,12,7,23
2019-04-27,SP1,Leganes,Celta,1,0,0,10,8,1,2,988.820764727647,931.048461884112,0,0,1,0,0,1,2,10,5,8,12,12,25,19,0,0,2,-2,-1,1,0,0,2,1,8,10
2019-04-28,SP1,Girona,Sevilla,2,1,0,15,7,4,3,825.854640332995,1093.45370815815,0,0,4,1,0,0,11,1,0,12,7,18,13,28,1,-1,8,-8,1,-1,0,1,3,4,7,15
2019-04-28,SP1,Sociedad,Getafe,2,2,1,11,12,7,3,925.909060926058,1171.20786601629,0,0,1,0,0,6,2,3,4,9,7,19,22,35,1,-1,-1,1,4,-4,1,2,3,7,12,11
2019-04-28,SP1,Valencia,Eibar,0,0,1,7,13,2,3,1115.10977416722,918.416421365778,2,0,0,1,11,0,0,13,9,4,20,9,35,22,-1,1,-6,6,-1,1,1,0,3,2,13,7
2019-04-28,SP1,Vallecano,Real Madrid,2,1,0,11,9,5,3,824.664705148262,1225.27989233471,0,0,0,0,3,2,1,3,4,8,5,20,18,42,1,-1,2,-2,2,-2,0,1,3,5,9,11
2019-04-28,SP1,Villarreal,Huesca,1,1,1,18,13,5,3,1027.6076794327,954.072414717999,1,0,0,0,3,2,0,5,10,7,16,11,25,22,0,0,5,-5,2,-2,1,1,3,5,13,18
2019-04-29,SP1,Betis,Espanol,1,1,1,18,10,5,4,860.208576456273,966.834086517876,0,0,1,0,0,2,1,1,3,9,10,14,24,22,0,0,8,-8,1,-1,1,1,4,5,10,18
2019-05-03,SP1,Sevilla,Leganes,0,0,3,7,9,3,5,1040.74802094012,986.184504478659,3,0,0,1,3,0,0,2,9,3,18,12,27,25,-3,3,-2,2,-2,2,3,0,5,3,9,7
2019-05-04,SP1,Alaves,Sociedad,0,0,1,17,9,6,2,923.346323824615,977.370796696399,0,0,1,2,0,0,6,7,3,4,10,9,23,25,-1,1,8,-8,4,-4,1,0,2,6,9,17
2019-05-04,SP1,Celta,Barcelona,2,2,0,14,8,6,1,933.6847221331,1421.46653612107,3,1,0,0,3,14,0,0,8,13,12,26,17,52,2,-2,6,-6,5,-5,0,2,1,6,8,14
2019-05-04,SP1,Espanol,Ath Madrid,2,3,0,11,11,5,3,962.07236158636,1279.49838031029,0,1,0,0,3,1,1,0,9,12,14,24,23,46,3,-3,0,0,2,-2,0,3,3,5,11,11
2019-05-04,SP1,Levante,Vallecano,2,4,1,12,20,7,3,932.965677617028,882.865227068305,1,0,0,7,4,0,0,7,5,7,7,8,15,21,3,-3,-8,8,4,-4,1,4,3,7,20,12
2019-05-05,SP1,Eibar,Betis,2,1,0,14,12,6,6,966.816764147398,864.970301387789,0,0,1,3,0,0,1,4,4,4,12,8,24,22,1,-1,2,-2,0,0,0,1,6,6,12,14
2019-05-05,SP1,Getafe,Girona,2,2,0,13,4,8,2,1119.74613024595,878.560327551029,0,0,0,3,3,0,1,3,8,3,16,9,34,16,2,-2,9,-9,6,-6,0,2,2,8,4,13
2019-05-05,SP1,Huesca,Valencia,0,2,6,24,10,4,7,957.409162256191,1066.7094313856,1,0,0,1,3,0,0,1,7,6,11,19,23,34,-4,4,14,-14,-3,3,6,2,7,4,10,24
2019-05-05,SP1,Real Madrid,Villarreal,2,3,2,24,15,11,7,1167.07937041467,1024.27093189451,4,2,0,0,4,2,0,0,8,10,17,17,39,26,1,-1,9,-9,4,-4,2,3,7,11,15,24
2019-05-05,SP1,Valladolid,Athletic Club,2,1,0,10,9,3,1,840.961890131672,1090.46403210793,1,1,0,0,2,1,0,0,5,7,9,17,15,36,1,-1,1,-1,2,-2,0,1,1,3,9,10
2019-05-12,SP1,Athletic Club,Celta,2,3,1,8,3,4,2,1038.76014495201,1016.40905940894,0,0,0,0,13,2,1,11,7,8,17,15,35,19,2,-2,5,-5,2,-2,1,3,2,4,3,8
2019-05-12,SP1,Ath Madrid,Sevilla,1,1,1,11,11,4,5,1185.54764880526,977.722152472419,6,0,0,2,6,0,0,2,12,6,21,18,43,24,0,0,0,0,-1,1,1,1,5,4,11,11
2019-05-12,SP1,Barcelona,Getafe,2,2,0,13,11,8,0,1338.74219884523,1137.25996586248,6,0,0,1,11,0,0,4,10,8,23,16,49,34,2,-2,2,-2,8,-8,0,2,0,8,11,13
2019-05-12,SP1,Betis,Huesca,2,2,1,17,9,8,2,842.090946917649,912.554362605026,0,0,0,0,1,3,2,6,1,6,8,8,19,22,1,-1,8,-8,6,-6,1,2,2,8,9,17
2019-05-12,SP1,Girona,Levante,0,1,2,14,6,6,2,861.046491934503,979.687833572798,1,0,0,3,1,0,0,5,3,7,6,10,16,18,-1,1,8,-8,4,-4,2,1,2,6,6,14
2019-05-12,SP1,Leganes,Espanol,0,0,2,11,19,4,7,1049.21037294636,1056.02309309139,0,0,0,0,1,3,3,2,5,9,12,14,27,26,-2,2,-8,8,-3,3,2,0,7,4,19,11
2019-05-12,SP1,Sociedad,Real Madrid,2,3,1,19,6,7,2,1004.43467781786,1186.62011439289,1,0,0,1,1,0,0,4,7,8,12,20,28,39,2,-2,13,-13,5,-5,1,3,2,7,6,19
2019-05-12,SP1,Valencia,Alaves,2,3,1,10,10,4,3,1111.56423103677,896.282442703157,0,0,1,0,0,1,1,3,9,2,19,7,36,22,2,-2,0,0,1,-1,1,3,3,4,10,10
2019-05-12,SP1,Vallecano,Valladolid,0,1,2,16,9,5,6,836.143071112534,892.665777287585,1,0,0,1,4,0,0,3,4,8,8,12,21,18,-1,1,7,-7,-1,1,2,1,6,5,9,16
2019-05-12,SP1,Villarreal,Eibar,2,1,0,11,4,3,0,1004.73018791629,989.696118617538,0,1,0,0,4,1,1,0,10,7,17,12,25,26,1,-1,7,-7,3,-3,0,1,0,3,4,11
2019-05-18,SP1,Alaves,Girona,2,2,1,14,13,7,4,876.584710843265,839.567950066973,0,0,2,4,0,0,7,4,2,3,6,6,19,15,1,-1,1,-1,3,-3,1,2,4,7,13,14
2019-05-18,SP1,Celta,Vallecano,1,2,2,14,11,5,4,975.368986143072,809.303558107312,4,0,0,8,4,0,0,8,8,4,15,8,19,18,0,0,3,-3,1,-1,2,2,4,5,11,14
2019-05-18,SP1,Espanol,Sociedad,2,2,0,9,11,4,2,1099.02083549781,1069.39075537486,1,1,0,0,4,1,0,0,9,9,16,15,29,31,2,-2,-2,2,2,-2,0,2,2,4,11,9
2019-05-18,SP1,Getafe,Villarreal,1,2,2,17,8,5,4,1116.32241872335,1035.34636255752,1,0,0,1,4,0,0,1,7,10,13,17,33,27,0,0,9,-9,1,-1,2,2,4,5,8,17
2019-05-18,SP1,Huesca,Leganes,2,2,1,15,9,6,1,874.151983096808,1006.21263053994,0,1,1,0,0,1,1,0,5,4,8,12,22,26,1,-1,6,-6,5,-5,1,2,1,6,9,15
2019-05-18,SP1,Levante,Ath Madrid,1,2,2,17,17,7,8,1001.16637544033,1176.97571277507,2,0,0,1,5,0,0,1,10,10,13,19,21,41,0,0,0,0,-1,1,2,2,8,7,17,17
2019-05-18,SP1,Sevilla,Athletic Club,2,2,0,9,9,3,1,986.294088502611,1079.80021821788,0,0,1,1,0,0,1,1,4,7,16,19,24,37,2,-2,0,0,2,-2,0,2,1,3,9,9
2019-05-18,SP1,Valladolid,Valencia,0,0,2,19,9,4,6,919.505290292808,1131.26196289666,2,1,0,0,3,1,0,0,10,9,15,19,20,36,-2,2,10,-10,-2,2,2,0,6,4,9,19
2019-05-19,SP1,Eibar,Barcelona,1,2,2,15,6,8,3,959.079943976306,1359.67974598436,1,0,0,1,1,0,0,1,6,12,11,23,25,49,0,0,9,-9,5,-5,2,2,3,8,6,15
2019-05-19,SP1,Real Madrid,Betis,0,0,2,9,9,2,7,1121.66403683588,880.493326425866,5,0,0,4,5,0,0,5,7,4,17,8,38,21,-2,2,0,0,-5,5,2,0,7,2,9,9
2023-08-11,P1,Sp Braga,Famalicao,0,1,2,13,12,2,4,1000,1000,0,0,0,0,0,0,0,0,0,0,0,0,0,0,-1,1,1,-1,-2,2,2,1,4,2,12,13
2023-08-12,P1,Gil Vicente,Portimonense,2,5,0,8,9,5,3,1000,1000,0,0,0,0,0,0,0,0,0,0,0,0,0,0,5,-5,-1,1,2,-2,0,5,3,5,9,8
2023-08-12,P1,Farense,Casa Pia,0,0,3,12,14,5,5,1000,1000,0,0,0,0,0,0,0,0,0,0,0,0,0,0,-3,3,-2,2,0,0,3,0,5,5,14,12
2023-08-12,P1,Sporting CP,Vizela,2,3,2,19,10,6,4,1000,1000,0,0,0,0,0,0,0,0,0,0,0,0,0,0,1,-1,9,-9,2,-2,2,3,4,6,10,19
2023-08-13,P1,Rio Ave,Chaves,2,2,0,21,6,8,1,1000,1000,0,0,0,0,0,0,0,0,0,0,0,0,0,0,2,-2,15,-15,7,-7,0,2,1,8,6,21
2023-08-13,P1,Estrela,Vitoria Guimaraes,0,0,1,5,11,0,3,1000,1000,0,0,0,0,0,0,0,0,0,0,0,0,0,0,-1,1,-6,6,-3,3,1,0,3,0,11,5
2023-08-13,P1,Arouca,Estoril,2,4,3,11,12,5,8,1000,1000,0,0,0,0,0,0,0,0,0,0,0,0,0,0,1,-1,-1,1,-3,3,3,4,8,5,12,11
2023-08-14,P1,Moreirense,Porto,0,1,2,8,18,1,7,1000,1000,0,0,0,0,0,0,0,0,0,0,0,0,0,0,-1,1,-10,10,-6,6,2,1,7,1,18,8
2023-08-14,P1,Boavista,Benfica,2,3,2,11,15,3,5,1000,1000,0,0,0,0,0,0,0,0,0,0,0,0,0,0,1,-1,-4,4,-2,2,2,3,5,3,15,11
2023-08-18,P1,Casa Pia,Sporting CP,0,1,2,13,17,3,5,1054.53159496449,1032,0,0,0,0,0,0,0,0,3,3,3,3,3,3,-1,1,-4,4,-2,2,2,1,5,3,17,13
2023-08-19,P1,Vitoria Guimaraes,Gil Vicente,2,2,1,15,11,3,3,1032,1073.98237309422,0,0,0,0,0,0,0,0,3,3,3,3,3,3,1,-1,4,-4,0,0,1,2,3,3,11,15
2023-08-19,P1,Chaves,Sp Braga,0,2,4,15,13,4,6,956.142381974524,968,0,0,0,0,0,0,0,0,0,0,0,0,0,0,-2,2,2,-2,-2,2,4,2,6,4,13,15
2023-08-19,P1,Benfica,Estrela,2,2,0,27,6,10,1,968,968,0,0,0,0,0,0,0,0,0,0,0,0,0,0,2,-2,21,-21,9,-9,0,2,1,10,6,27
2023-08-19,P1,Portimonense,Boavista,0,1,4,10,9,5,6,926.017626905784,1032,0,0,0,0,0,0,0,0,0,3,0,3,0,3,-3,3,1,-1,-1,1,4,1,6,5,9,10
2023-08-20,P1,Estoril,Rio Ave,2,2,0,5,9,4,3,968,1043.85761802548,0,0,0,0,0,0,0,0,0,3,0,3,0,3,2,-2,-4,4,1,-1,0,2,3,4,9,5
2023-08-20,P1,Porto,Farense,2,2,1,26,7,8,1,1032,945.468405035509,0,0,0,0,0,0,0,0,3,0,3,0,3,0,1,-1,19,-19,7,-7,1,2,1,8,7,26
2023-08-20,P1,Vizela,Arouca,1,2,2,13,9,7,2,968,1032,0,0,0,0,0,0,0,0,0,3,0,3,0,3,0,0,4,-4,5,-5,2,2,2,7,9,13
2023-08-21,P1,Famalicao,Moreirense,1,0,0,4,12,2,3,1032,968,0,0,0,0,0,0,0,0,3,0,3,0,3,0,0,0,-8,8,-1,1,0,0,3,2,12,4
2023-08-25,P1,Estrela,Estoril,2,2,1,15,11,3,4,924.142381974524,1021.28399225615,0,0,1,1,0,0,1,1,0,3,0,3,0,3,1,-1,4,-4,-1,1,1,2,4,3,11,15
2023-08-26,P1,Arouca,Portimonense,1,1,1,21,5,4,2,1029.08558091792,887.623007105561,1,0,0,1,1,0,0,1,4,0,4,0,4,0,0,0,16,-16,2,-2,1,1,2,4,5,21
2023-08-26,P1,Farense,Chaves,2,5,0,18,19,10,7,921.277458413544,913.780998310818,0,0,1,1,0,0,1,1,0,0,0,0,0,0,5,-5,-1,1,3,-3,0,5,7,10,19,18
2023-08-26,P1,Gil Vicente,Benfica,0,2,3,11,14,7,7,1038.13436381163,1011.85761802548,1,0,0,1,1,0,0,1,3,3,3,3,3,3,-1,1,-3,3,0,0,3,2,7,7,14,11
2023-08-27,P1,Boavista,Casa Pia,1,1,1,10,10,5,7,1070.39461980022,1020.45926274517,1,1,0,0,1,1,0,0,6,3,6,3,6,3,0,0,0,0,-2,2,1,1,7,5,10,10
2023-08-27,P1,Vitoria Guimaraes,Vizela,2,2,0,6,9,3,4,1067.84800928258,970.914419082078,1,0,0,1,1,0,0,1,6,1,6,1,6,1,2,-2,-3,3,-1,1,0,2,4,3,9,6
2023-08-27,P1,Sporting CP,Famalicao,2,1,0,10,7,6,1,1066.07233221932,1029.08558091792,1,1,0,0,1,1,0,0,6,4,6,4,6,4,1,-1,3,-3,5,-5,0,1,1,6,7,10
2023-08-28,P1,Rio Ave,Porto,0,1,2,4,9,1,5,990.573625769324,1056.19094662196,1,1,0,0,1,1,0,0,3,6,3,6,3,6,-1,1,-5,5,-4,4,2,1,5,1,9,4
2023-09-01,P1,Vizela,Gil Vicente,2,1,0,13,5,5,1,938.985055877962,1003.71879000921,0,0,0,1,1,0,1,1,1,3,1,3,1,3,1,-1,8,-8,4,-4,0,1,1,5,5,13
2023-09-02,P1,Casa Pia,Rio Ave,1,1,1,10,11,5,5,1022.74316631929,964.546359260705,0,0,1,1,0,0,1,1,4,3,4,3,4,3,0,0,-1,1,0,0,1,1,5,5,11,10
2023-09-02,P1,Famalicao,Farense,2,1,0,21,6,4,1,1000.47937568866,993.663795056026,0,0,0,1,1,0,1,1,4,3,4,3,4,3,1,-1,15,-15,3,-3,0,1,1,4,6,21
2023-09-02,P1,Portimonense,Estrela,1,1,1,15,10,4,1,893.799972339553,964.863378954084,0,0,1,1,0,0,1,1,1,3,1,3,1,3,0,0,5,-5,3,-3,1,1,1,4,10,15
2023-09-02,P1,Benfica,Vitoria Guimaraes,2,4,0,20,7,9,1,1046.2731918279,1099.7773724867,1,1,0,0,1,1,0,0,6,9,6,9,6,9,4,-4,13,-13,8,-8,0,4,1,9,7,20
2023-09-03,P1,Chaves,Moreirense,0,1,2,13,9,3,2,841.394661668337,970.914419082078,0,0,1,0,0,1,1,1,0,1,0,1,0,1,-1,1,4,-4,1,-1,2,1,2,3,9,13
2023-09-03,P1,Estoril,Boavista,0,1,2,13,14,4,8,980.562995276591,1068.1107162261,1,1,0,0,1,1,0,0,3,7,3,7,3,7,-1,1,-1,1,-4,4,2,1,8,4,14,13
2023-09-03,P1,Porto,Arouca,1,1,1,12,10,3,2,1082.21821313058,1022.90861568393,1,0,0,0,1,1,0,1,9,5,9,5,9,5,0,0,2,-2,1,-1,1,1,2,3,10,12
2023-09-03,P1,Sp Braga,Sporting CP,1,1,1,6,4,2,2,1010.36138366371,1094.67853744859,0,1,1,0,0,1,1,0,3,9,3,9,3,9,0,0,2,-2,0,0,1,1,2,2,4,6
2023-09-09,P1,Moreirense,Sp Braga,0,2,3,11,12,3,5,991.508729889132,1014.16985651484,0,1,1,0,0,1,1,0,4,4,4,4,4,4,-1,1,-1,1,-2,2,3,2,5,3,12,11
2023-09-15,P1,Estrela,Porto,0,0,1,9,10,1,4,961.635673830514,1079.51313041035,1,2,0,0,1,2,0,0,4,10,4,10,4,10,-1,1,-1,1,-3,3,1,0,4,1,10,9
2023-09-16,P1,Rio Ave,Famalicao,1,1,1,5,12,0,4,967.201634095285,1031.85171802365,0,0,1,1,0,0,1,1,4,7,4,7,4,7,0,0,-7,7,-4,4,1,1,4,0,12,5
2023-09-16,P1,Farense,Sp Braga,2,3,1,16,17,4,7,962.291452721037,1044.08564431061,1,2,0,0,1,2,0,0,3,7,3,7,3,7,2,-2,-1,1,-3,3,1,3,7,4,17,16
2023-09-16,P1,Vizela,Benfica,0,1,2,12,17,2,7,976.879206010786,1120.63162071118,1,1,0,0,2,1,0,0,4,9,4,9,4,9,-1,1,-5,5,-5,5,2,1,7,2,17,12
2023-09-17,P1,Arouca,Casa Pia,0,0,1,11,12,5,2,1025.61369840417,1020.08789148471,0,0,0,0,2,2,1,1,6,5,6,5,6,5,-1,1,-1,1,3,-3,1,0,2,5,12,11
2023-09-17,P1,Gil Vicente,Estoril,2,5,3,12,14,7,6,965.824639876389,956.460000895227,0,0,1,2,0,0,1,2,3,3,3,3,3,3,2,-2,-2,2,1,-1,3,5,6,7,14,12
2023-09-17,P1,Vitoria Guimaraes,Portimonense,0,1,2,11,9,3,2,1025.41894360341,897.027677463124,2,0,0,0,2,1,0,2,9,2,9,2,9,2,-1,1,2,-2,1,-1,2,1,2,3,9,11
2023-09-17,P1,Sporting CP,Moreirense,2,3,0,20,7,9,1,1090.87006459746,961.592942093363,2,1,0,0,2,2,0,0,10,4,10,4,10,4,3,-3,13,-13,8,-8,0,3,1,9,7,20
2023-09-18,P1,Boavista,Chaves,2,4,1,7,21,4,10,1092.21371060746,820.800350861283,0,0,0,2,2,0,1,2,10,0,10,0,10,0,3,-3,-14,14,-6,6,1,4,10,4,21,7
2023-09-22,P1,Famalicao,Arouca,2,1,0,7,13,4,6,1028.90836466257,993.104795687649,1,0,0,0,2,2,0,2,8,6,8,6,8,6,1,-1,-6,6,-2,2,0,1,6,4,13,7
2023-09-23,P1,Estoril,Vizela,1,2,2,16,11,6,7,913.784217274229,957.41214715281,0,0,1,2,0,0,1,2,3,4,3,4,3,4,0,0,5,-5,-1,1,2,2,7,6,11,16
2023-09-23,P1,Moreirense,Farense,2,1,0,15,10,3,2,926.464669984203,1016.287530001,0,0,2,2,0,0,2,2,4,6,4,6,4,6,1,-1,5,-5,1,-1,0,1,2,3,10,15
2023-09-23,P1,Casa Pia,Vitoria Guimaraes,1,0,0,10,14,2,3,1052.59679420123,982.104092792845,0,0,0,1,1,0,2,1,8,9,8,9,8,9,0,0,-4,4,-1,1,0,0,3,2,14,10
2023-09-23,P1,Porto,Gil Vicente,2,2,1,20,12,7,4,1101.05446799841,1008.50042349739,0,0,0,2,2,0,1,2,13,6,13,6,13,6,1,-1,8,-8,3,-3,1,2,4,7,12,20
2023-09-24,P1,Chaves,Estrela,1,2,2,17,10,8,3,801.899125266945,940.094336242453,0,0,2,0,0,1,2,2,0,4,0,4,0,4,0,0,7,-7,5,-5,2,2,3,8,10,17
2023-09-24,P1,Portimonense,Benfica,0,1,3,9,13,2,7,940.342528273691,1140.09867956916,0,2,0,0,1,2,2,0,5,12,5,12,5,12,-2,2,-4,4,-5,5,3,1,7,2,13,9
2023-09-24,P1,Sp Braga,Boavista,2,4,1,24,6,9,2,990.089567030645,1111.1149362018,0,2,0,0,1,2,2,0,7,13,7,13,7,13,3,-3,18,-18,7,-7,1,4,2,9,6,24
2023-09-25,P1,Sporting CP,Rio Ave,2,2,0,10,7,6,2,1125.99833670662,970.144987456358,3,0,0,0,3,1,0,2,13,5,13,5,13,5,2,-2,3,-3,4,-4,0,2,2,6,7,10
2023-09-28,P1,Estrela,Sp Braga,0,2,4,17,17,9,9,934.045875305354,1062.88388443473,0,0,1,1,0,0,1,1,5,10,5,10,5,10,-2,2,0,0,0,0,4,2,9,9,17,17
2023-09-29,P1,Benfica,Porto,2,1,0,12,6,2,3,1161.1950172548,1124.72600848472,2,3,0,0,2,3,0,0,15,13,15,16,15,16,1,-1,6,-6,-1,1,0,1,3,2,6,12
2023-09-30,P1,Vizela,Portimonense,0,2,3,14,9,4,7,955.413500689581,919.24619058805,0,1,1,0,0,2,1,0,5,5,5,5,5,5,-1,1,5,-5,-3,3,3,2,7,4,9,14
2023-09-30,P1,Boavista,Famalicao,1,2,2,10,7,6,3,1038.32061879771,1057.62235778398,1,0,0,0,3,1,0,2,10,8,13,11,13,11,0,0,3,-3,3,-3,2,2,3,6,7,10
2023-09-30,P1,Farense,Sporting CP,0,2,3,9,23,4,10,976.194058332184,1151.40362028169,2,0,0,0,2,2,0,1,6,13,6,16,6,16,-1,1,-14,14,-6,6,3,2,10,4,23,9
2023-10-01,P1,Arouca,Chaves,0,0,2,11,5,2,3,964.390802566243,807.947586204044,0,0,1,3,0,0,2,3,3,1,6,1,6,1,-2,2,6,-6,-1,1,2,0,3,2,5,11
2023-10-01,P1,Vitoria Guimaraes,Estoril,2,3,2,25,10,8,5,985.306577195996,915.782863737457,0,0,1,3,0,0,1,3,7,4,10,4,10,4,1,-1,15,-15,3,-3,2,3,5,8,10,25
2023-10-01,P1,Rio Ave,Moreirense,0,0,4,10,11,4,6,944.739703881283,966.558141653019,0,0,0,1,1,0,2,1,2,7,5,7,5,7,-4,4,-1,1,-2,2,4,0,6,4,11,10
2023-10-02,P1,Gil Vicente,Casa Pia,2,2,0,16,8,9,1,984.828883011077,1049.39430979808,1,1,0,0,1,3,0,0,3,6,6,9,6,9,2,-2,8,-8,8,-8,0,2,1,9,8,16
2023-10-06,P1,Moreirense,Boavista,1,1,1,11,8,6,1,1027.01570020223,1039.2085833935,1,0,0,1,1,0,0,1,9,8,10,14,10,14,0,0,3,-3,5,-5,1,1,1,6,8,11
2023-10-07,P1,Chaves,Gil Vicente,2,4,2,15,9,9,5,870.318774534616,1036.74420495845,0,0,0,3,1,0,3,3,4,6,4,9,4,9,2,-2,6,-6,4,-4,2,4,5,9,9,15
2023-10-07,P1,Farense,Vizela,1,0,0,20,17,6,6,959.089648301519,920.094348859202,0,0,1,0,0,1,1,3,6,4,6,5,6,5,0,0,3,-3,0,0,0,0,6,6,17,20
2023-10-07,P1,Sp Braga,Rio Ave,2,2,1,33,9,11,3,1091.18460693394,884.282145332074,1,0,0,1,2,0,0,3,10,2,13,5,13,5,1,-1,24,-24,8,-8,1,2,3,11,9,33
2023-10-07,P1,Estoril,Benfica,0,0,1,16,21,4,5,890.102113255645,1189.84837938601,0,3,0,0,1,3,2,0,1,15,4,18,4,18,-1,1,-5,5,-1,1,1,0,5,4,21,16
2023-10-08,P1,Casa Pia,Estrela,0,0,1,7,11,2,6,997.478987850708,905.745152806148,0,0,0,0,2,2,3,3,6,5,9,5,9,5,-1,1,-4,4,-4,4,1,0,6,2,11,7
2023-10-08,P1,Famalicao,Vitoria Guimaraes,0,1,3,13,12,6,4,1056.73439318819,1010.98732767781,2,0,0,0,3,1,0,2,8,7,12,13,12,13,-2,2,1,-1,2,-2,3,1,4,6,12,13
2023-10-08,P1,Porto,Portimonense,2,1,0,18,4,7,2,1096.07264635351,954.56534241843,1,2,0,0,3,3,0,0,10,8,16,8,16,8,1,-1,14,-14,5,-5,0,1,2,7,4,18
2023-10-08,P1,Sporting CP,Arouca,2,2,1,10,11,5,5,1168.50803031236,902.019614235671,4,0,0,1,4,0,0,3,13,2,19,6,19,6,1,-1,-1,1,0,0,1,2,5,5,11,10
2023-10-27,P1,Arouca,Moreirense,0,0,1,13,12,3,5,890.665712099345,1027.57697282445,0,1,2,0,0,1,3,0,1,7,6,11,6,11,-1,1,1,-1,-2,2,1,0,5,3,12,13
2023-10-28,P1,Portimonense,Estoril,2,1,0,14,14,8,4,934.922778483618,880.427432902646,0,0,1,4,0,0,3,4,7,1,8,4,8,4,1,-1,0,0,4,-4,0,1,4,8,14,14
2023-10-28,P1,Benfica,Casa Pia,1,1,1,13,6,7,3,1199.523059739,957.220998416922,3,0,0,1,3,0,0,1,15,5,21,9,21,9,0,0,7,-7,4,-4,1,1,3,7,6,13
2023-10-28,P1,Vitoria Guimaraes,Chaves,2,5,0,13,7,6,3,1060.58656346589,933.712817573295,1,1,0,0,1,1,0,0,7,7,16,7,16,7,5,-5,6,-6,3,-3,0,5,3,6,7,13
2023-10-28,P1,Gil Vicente,Sp Braga,1,3,3,13,18,6,7,973.350161919771,1106.10143454296,2,1,0,0,2,1,0,0,6,12,9,16,9,16,0,0,-5,5,-1,1,3,3,7,6,18,13
2023-10-29,P1,Rio Ave,Farense,0,3,4,11,13,4,7,869.365317723051,957.301351309965,0,0,1,3,0,0,3,3,2,4,5,7,5,7,-1,1,-2,2,-3,3,4,3,7,4,13,11
2023-10-29,P1,Estrela,Famalicao,2,1,0,12,9,4,1,946.003142239934,1007.13515740012,0,0,2,0,0,2,2,3,5,8,8,12,8,12,1,-1,3,-3,3,-3,0,1,1,4,9,12
2023-10-29,P1,Vizela,Porto,0,0,2,8,13,1,3,921.882645850756,1115.71521028832,0,0,2,1,0,0,2,1,5,10,6,19,6,19,-2,2,-5,5,-2,2,2,0,3,1,13,8
2023-10-30,P1,Boavista,Sporting CP,0,0,2,7,14,2,6,1038.64731077127,1179.86193244868,0,1,0,0,4,3,1,0,8,13,15,22,15,22,-2,2,-7,7,-4,4,2,0,6,2,14,7
2023-11-03,P1,Porto,Estoril,0,0,1,16,7,4,3,1137.36272026167,853.405879954966,2,0,0,5,4,0,0,5,12,1,22,4,22,4,-1,1,9,-9,1,-1,1,0,3,4,7,16
2023-11-04,P1,Chaves,Benfica,0,0,2,8,14,0,5,885.60663089818,1189.87960777805,1,4,0,0,2,4,0,0,7,13,7,22,7,22,-2,2,-6,6,-5,5,2,0,5,0,14,8
2023-11-04,P1,Famalicao,Gil Vicente,2,3,1,12,9,5,4,969.562084876863,979.182484520956,0,0,1,4,0,0,1,4,5,7,12,10,12,10,2,-2,3,-3,1,-1,1,3,4,5,9,12
2023-11-04,P1,Sp Braga,Portimonense,2,6,1,19,8,10,3,1100.26911194178,961.944331431298,2,0,0,1,3,0,0,1,10,9,17,11,17,11,5,-5,11,-11,7,-7,1,6,3,10,8,19
2023-11-05,P1,Casa Pia,Vizela,0,0,1,11,14,2,4,966.864450377874,900.235135877406,0,0,1,0,0,2,4,4,5,2,10,6,10,6,-1,1,-3,3,-2,2,1,0,4,2,14,11
2023-11-05,P1,Moreirense,Vitoria Guimaraes,2,1,0,12,10,3,2,1047.58154897717,1108.692750141,0,1,0,0,2,2,1,0,10,10,14,19,14,19,1,-1,2,-2,1,-1,0,1,2,3,10,12
2023-11-05,P1,Rio Ave,Boavista,2,2,0,9,10,3,2,845.295900860395,1011.69473715667,0,0,2,0,0,1,4,2,1,5,5,15,5,15,2,-2,-1,1,1,-1,0,2,2,3,10,9
2023-11-05,P1,Sporting CP,Estrela,2,3,2,23,6,8,4,1206.81450606329,983.576214763188,5,1,0,0,5,3,0,0,15,7,25,11,25,11,1,-1,17,-17,4,-4,2,3,4,8,6,23
2023-11-06,P1,Farense,Arouca,2,2,0,7,15,2,5,981.370768172621,870.661135946633,0,0,0,2,1,0,2,4,7,0,10,6,10,6,2,-2,-8,8,-3,3,0,2,5,2,15,7
2023-11-10,P1,Estoril,Casa Pia,2,4,0,18,12,6,3,906.96089044907,928.801805093422,0,0,1,0,0,1,3,2,4,2,7,10,7,10,4,-4,6,-6,3,-3,0,4,3,6,12,18
2023-11-11,P1,Portimonense,Chaves,2,2,1,12,19,7,8,915.953070868995,872.637620831324,1,0,0,1,1,0,0,1,6,7,11,7,11,7,1,-1,-7,7,-1,1,1,2,8,7,19,12
2023-11-11,P1,Estrela,Moreirense,0,0,1,8,12,3,2,969.708077947908,1085.15276258722,1,2,0,0,1,2,0,0,7,13,11,17,11,17,-1,1,-4,4,1,-1,1,0,2,3,12,8
2023-11-11,P1,Vizela,Famalicao,1,0,0,9,13,4,2,938.297781161858,1014.63379849236,0,0,3,1,0,0,3,4,5,7,9,15,9,15,0,0,-4,4,2,-2,0,0,2,4,13,9
2023-11-11,P1,Vitoria Guimaraes,Porto,0,1,2,14,7,8,4,1071.12153653095,1083.80770976757,2,1,0,0,2,1,0,0,10,9,19,22,19,22,-1,1,7,-7,4,-4,2,1,4,8,7,14
2023-11-12,P1,Boavista,Farense,0,1,3,15,13,2,7,948.30338512321,1011.70779013773,0,1,1,0,0,1,2,0,2,7,15,13,15,13,-2,2,2,-2,-5,5,3,1,7,2,13,15
2023-11-12,P1,Gil Vicente,Rio Ave,1,1,1,8,16,2,5,934.110770905462,908.687252893852,0,0,0,2,3,0,1,4,4,3,10,8,10,8,0,0,-8,8,-3,3,1,1,5,2,16,8
2023-11-12,P1,Arouca,Sp Braga,0,0,1,12,17,7,5,840.324113981523,1146.26037250408,0,0,3,0,0,2,4,1,0,13,6,20,6,20,-1,1,-5,5,2,-2,1,0,5,7,17,12
2023-11-12,P1,Benfica,Sporting CP,2,2,1,11,8,4,3,1202.84861784491,1220.68264287857,0,2,0,0,4,4,1,0,13,15,25,28,25,28,1,-1,3,-3,1,-1,1,2,3,4,8,11
2023-12-01,P1,Chaves,Vizela,2,2,1,15,8,5,2,844.606579211328,941.757688868338,0,1,1,0,0,3,1,0,6,5,7,10,7,10,1,-1,7,-7,3,-3,1,2,2,5,8,15
2023-12-02,P1,Farense,Vitoria Guimaraes,0,1,2,5,16,2,5,1047.64940222166,1040.28945726761,1,0,0,1,2,0,0,1,10,9,16,16,16,19,-1,1,-11,11,-3,3,2,1,5,2,16,5
2023-12-02,P1,Rio Ave,Estrela,1,1,1,13,8,3,0,909.855963937251,947.966152793141,1,0,0,1,1,0,0,1,4,6,6,11,9,11,0,0,5,-5,3,-3,1,1,0,3,8,13
2023-12-02,P1,Famalicao,Porto,0,0,3,12,9,0,5,1011.17389078588,1114.63978903091,1,2,0,0,1,2,0,0,5,9,13,22,16,25,-3,3,3,-3,-5,5,3,0,5,0,9,12
2023-12-02,P1,Casa Pia,Portimonense,2,1,0,11,10,3,2,860.249346886926,943.98411248899,0,0,2,2,0,0,5,2,1,9,7,14,10,14,1,-1,1,-1,1,-1,0,1,2,3,10,11
2023-12-03,P1,Sp Braga,Estoril,2,3,1,18,4,6,1,1155.64605510921,975.513348655566,3,1,0,0,4,1,0,0,13,6,23,10,23,10,2,-2,14,-14,5,-5,1,3,1,6,4,18
2023-12-03,P1,Moreirense,Benfica,1,0,0,11,12,4,3,1106.89468774198,1236.4897511447,1,5,0,0,3,5,0,0,13,13,20,28,20,28,0,0,-1,1,1,-1,0,0,3,4,12,11
2023-12-03,P1,Boavista,Arouca,0,0,4,8,12,2,7,912.361773039275,830.938431376395,0,0,2,3,0,0,3,5,2,0,12,3,15,6,-4,4,-4,4,-5,5,4,0,7,2,12,8
2023-12-04,P1,Sporting CP,Gil Vicente,2,3,1,12,5,4,1,1187.04150957877,932.942059862063,6,0,0,5,6,0,0,5,12,5,25,8,28,11,2,-2,7,-7,3,-3,1,3,1,4,5,12
2023-12-08,P1,Vizela,Sp Braga,0,1,3,11,13,5,4,901.035881953499,1178.6049326911,0,1,0,0,1,3,4,0,5,13,9,23,10,26,-2,2,-2,2,1,-1,3,1,4,5,13,11
2023-12-08,P1,Benfica,Farense,1,1,1,37,8,13,5,1230.78387938663,1014.97162762004,1,2,0,0,5,2,0,0,11,10,26,16,29,16,0,0,29,-29,8,-8,1,1,5,13,8,37
2023-12-09,P1,Portimonense,Famalicao,1,1,1,8,16,4,8,904.417787735785,972.418118172095,2,0,0,0,2,1,0,5,6,4,14,12,14,16,0,0,-8,8,-4,4,1,1,8,4,16,8
2023-12-09,P1,Vitoria Guimaraes,Sporting CP,2,3,2,7,11,5,4,1072.96723186923,1203.53658558355,0,0,1,1,0,0,1,1,9,12,16,25,22,31,1,-1,-4,4,1,-1,2,3,4,5,11,7
2023-12-09,P1,Porto,Casa Pia,2,3,1,16,7,6,3,1153.39556164469,899.815671640131,0,0,1,1,0,0,1,3,12,4,22,10,28,13,2,-2,9,-9,3,-3,1,3,3,6,7,16
2023-12-10,P1,Estrela,Boavista,2,3,1,4,9,2,6,946.21811883453,833.013043631207,0,0,1,1,0,0,1,3,7,1,12,9,12,15,2,-2,-5,5,-4,4,1,3,6,2,9,4
2023-12-10,P1,Arouca,Rio Ave,1,2,2,16,12,5,9,910.287160784463,911.603997895862,0,0,4,0,0,1,5,5,3,5,5,7,9,10,0,0,4,-4,-4,4,2,2,9,5,12,16
2023-12-10,P1,Estoril,Chaves,2,4,0,14,7,10,2,952.554471073669,885.328386126167,1,0,0,2,1,0,0,2,6,6,7,10,10,10,4,-4,7,-7,8,-8,0,4,2,10,7,14
2023-12-11,P1,Gil Vicente,Moreirense,1,1,1,11,11,4,4,916.446983857288,1112.60055950006,0,3,0,0,4,3,2,0,2,11,8,20,11,21,0,0,0,0,0,0,1,1,4,4,11,11
2023-12-15,P1,Farense,Estrela,1,0,0,12,9,1,2,1023.80256357287,976.270707614633,0,0,1,0,0,1,1,2,10,7,14,12,17,15,0,0,3,-3,-1,1,0,0,2,1,9,12
2023-12-16,P1,Rio Ave,Vizela,1,1,1,13,6,4,4,911.543355596192,886.274539701097,0,0,0,1,2,0,1,1,6,4,8,9,11,10,0,0,7,-7,0,0,1,1,4,4,6,13
2023-12-16,P1,Arouca,Gil Vicente,2,3,0,10,9,7,5,910.347803084134,924.628812292555,0,0,0,6,1,0,6,6,4,3,5,9,10,12,3,-3,1,-1,2,-2,0,3,5,7,9,10
2023-12-16,P1,Boavista,Vitoria Guimaraes,1,1,1,10,14,4,3,802.960454851105,1116.45722021964,0,1,3,0,0,1,4,0,0,9,8,16,15,25,0,0,-4,4,1,-1,1,1,3,4,14,10
2023-12-17,P1,Chaves,Casa Pia,0,1,3,15,9,5,6,833.152811886089,883.280501721945,1,0,0,2,1,0,0,4,3,4,10,9,10,13,-2,2,6,-6,-1,1,3,1,6,5,9,15
2023-12-17,P1,Moreirense,Portimonense,2,5,2,16,9,5,3,1104.41873106479,907.509935930379,0,0,0,3,4,0,1,3,11,7,18,14,22,15,3,-3,7,-7,2,-2,2,5,3,5,9,16
2023-12-17,P1,Famalicao,Estoril,1,1,1,10,12,3,5,969.325969977501,1004.73004531375,0,0,1,1,0,0,1,1,5,9,13,10,17,13,0,0,-2,2,-2,2,1,1,5,3,12,10
2023-12-17,P1,Sp Braga,Benfica,0,0,1,16,11,6,6,1193.36627494351,1221.9529434338,4,0,0,0,5,6,0,1,13,9,25,24,29,30,-1,1,5,-5,0,0,1,0,6,6,11,16
2023-12-18,P1,Sporting CP,Porto,2,2,0,11,5,6,3,1160.04659723314,1169.93073156288,7,3,0,0,7,3,0,0,9,12,22,22,31,31,2,-2,6,-6,3,-3,0,2,3,6,5,11
2023-12-23,P1,Vitoria Guimaraes,Rio Ave,2,1,0,5,9,3,4,1104.97843926812,910.381731066946,1,0,0,0,1,2,0,6,7,7,17,8,26,12,1,-1,-4,4,-1,1,0,1,4,3,9,5
2023-12-23,P1,Vizela,Moreirense,1,0,0,9,10,3,5,887.436164230343,1130.97737474362,0,0,1,0,0,4,5,1,5,11,7,21,11,25,0,0,-1,1,-2,2,0,0,5,3,10,9
2023-12-28,P1,Estrela,Arouca,0,1,4,6,18,2,5,978.44607573423,967.119605880485,1,1,0,0,1,1,0,0,5,7,12,7,16,13,-3,3,-12,12,-3,3,4,1,5,2,18,6
2023-12-29,P1,Benfica,Famalicao,2,3,0,17,12,10,3,1251.32593942455,970.950767909173,0,0,0,0,6,2,1,6,11,6,24,11,33,18,3,-3,5,-5,7,-7,0,3,3,10,12,17
2023-12-29,P1,Porto,Chaves,2,1,0,17,5,10,2,1124.82575231043,795.579386564712,1,0,0,3,1,0,0,3,9,3,21,10,31,10,1,-1,12,-12,8,-8,0,1,2,10,5,17
2023-12-30,P1,Estoril,Farense,2,4,0,12,14,7,4,1003.10524738208,1021.62719545327,2,0,0,0,2,3,0,1,10,8,11,15,14,18,4,-4,-2,2,3,-3,0,4,4,7,14,12
2023-12-30,P1,Gil Vicente,Boavista,2,1,0,11,8,3,1,867.857009496204,814.439235802622,0,0,0,2,5,0,3,4,2,1,9,6,12,16,1,-1,3,-3,2,-2,0,1,1,3,8,11
2023-12-30,P1,Casa Pia,Sp Braga,0,1,3,7,11,3,6,920.853927043322,1163.99327895275,1,2,0,0,1,4,0,0,6,12,11,22,16,29,-2,2,-4,4,-3,3,3,1,6,3,11,7
2023-12-30,P1,Portimonense,Sporting CP,0,1,2,7,14,3,6,880.951292251553,1205.15157648558,0,0,0,2,3,0,1,2,4,9,13,24,15,34,-1,1,-7,7,-3,3,2,1,6,3,14,7
2024-01-05,P1,Sporting CP,Estoril,2,5,1,21,11,8,3,1213.72607826993,1071.04360398212,8,0,0,0,8,1,0,2,9,10,24,14,37,17,4,-4,10,-10,5,-5,1,5,3,8,11,21
2024-01-05,P1,Boavista,Porto,1,1,1,7,24,2,7,787.320790577829,1133.1868389744,0,0,0,1,1,0,5,1,1,12,3,21,16,34,0,0,-17,17,-5,5,1,1,7,2,24,7
2024-01-06,P1,Estrela,Vizela,1,1,1,12,16,4,7,922.137369334656,897.115873263639,0,0,1,0,0,1,1,2,5,3,12,8,16,12,0,0,-4,4,-3,3,1,1,7,4,16,12
2024-01-06,P1,Farense,Gil Vicente,2,1,0,11,14,5,6,953.688838853227,894.975454720997,0,0,0,7,1,0,2,7,5,5,12,9,18,15,1,-1,-3,3,-1,1,0,1,6,5,14,11
2024-01-06,P1,Arouca,Benfica,0,0,3,11,11,1,5,1023.42831228006,1269.43460256121,1,1,0,0,2,7,0,0,10,11,10,24,16,36,-3,3,0,0,-4,4,3,0,5,1,11,11
2024-01-06,P1,Sp Braga,Vitoria Guimaraes,1,1,1,11,13,4,4,1181.35001927208,1120.72092141669,0,0,1,0,0,2,1,1,12,10,25,20,32,29,0,0,-2,2,0,0,1,1,4,4,13,11
2024-01-07,P1,Rio Ave,Portimonense,2,2,0,9,7,3,3,894.639248918378,872.376790467204,0,0,0,4,3,0,2,4,4,4,7,10,12,15,2,-2,2,-2,0,0,0,2,3,3,7,9
2024-01-07,P1,Famalicao,Chaves,1,2,2,17,10,7,5,952.84210477252,787.218299900744,0,0,0,4,1,0,2,4,3,3,10,10,18,10,0,0,7,-7,2,-2,2,2,5,7,10,17
2024-01-08,P1,Moreirense,Casa Pia,0,1,4,13,10,4,7,1121.29766571032,903.497186723991,1,1,0,0,5,1,0,0,9,6,22,8,26,16,-3,3,3,-3,-3,3,4,1,7,4,10,13
2024-01-12,P1,Portimonense,Farense,2,1,0,12,8,4,3,831.325575584052,980.332032482555,0,0,1,1,0,0,2,2,1,5,10,15,15,21,1,-1,4,-4,1,-1,0,1,3,4,8,12
2024-01-13,P1,Casa Pia,Famalicao,0,0,2,8,13,1,4,988.34290790266,945.744508321865,0,0,1,1,0,0,1,7,9,3,10,8,19,19,-2,2,-5,5,-3,3,2,0,4,1,13,8
2024-01-13,P1,Chaves,Sporting CP,0,0,3,5,17,0,10,794.315896351399,1253.13452307091,0,1,1,0,0,1,1,0,4,12,10,24,11,40,-3,3,-12,12,-10,10,3,0,10,0,17,5
2024-01-13,P1,Estoril,Moreirense,0,1,3,9,12,5,7,1031.63515918114,1036.45194453166,3,0,0,0,3,5,0,2,7,6,13,19,17,26,-2,2,-3,3,-2,2,3,1,7,5,12,9
2024-01-14,P1,Gil Vicente,Estrela,1,1,1,9,15,2,6,868.332261091669,920.987074853997,1,0,0,0,6,2,0,3,4,6,9,12,15,17,0,0,-6,6,-4,4,1,1,6,2,15,9
2024-01-14,P1,Benfica,Rio Ave,2,4,1,15,9,12,5,1290.7313298282,935.69046380153,1,0,0,1,7,0,0,7,11,6,24,10,39,15,3,-3,6,-6,7,-7,1,4,5,12,9,15
2024-01-14,P1,Vizela,Boavista,0,1,4,27,10,7,7,898.266167744299,799.475836797064,0,0,0,3,1,0,6,5,3,2,8,4,13,17,-3,3,17,-17,0,0,4,1,7,7,10,27
2024-01-14,P1,Porto,Sp Braga,2,2,0,8,10,4,5,1121.03179275517,1178.58594637916,2,3,0,0,2,5,0,0,10,10,19,23,35,33,2,-2,-2,2,-1,1,0,2,5,4,10,8
2024-01-15,P1,Vitoria Guimaraes,Arouca,2,2,1,15,9,6,2,1123.48499430962,1002.13158501307,2,2,0,0,2,2,0,0,11,10,20,10,30,16,1,-1,6,-6,4,-4,1,2,2,6,9,15
2024-01-18,P1,Famalicao,Sp Braga,0,1,2,11,12,3,7,994.952639248938,1127.52886509115,0,0,0,1,2,0,3,1,6,7,10,20,22,33,-1,1,-1,1,-4,4,2,1,7,3,12,11
2024-01-18,P1,Vizela,Sporting CP,0,2,5,4,18,3,9,828.633771179191,1260.39106285793,0,2,1,0,0,2,7,0,3,12,8,24,13,43,-3,3,-14,14,-6,6,5,2,9,3,18,4
2024-01-19,P1,Benfica,Boavista,2,2,0,20,5,7,1,1303.23896227917,869.108233362172,2,1,0,0,8,1,0,0,13,5,24,6,42,20,2,-2,15,-15,6,-6,0,2,1,7,5,20
2024-01-20,P1,Estoril,Arouca,0,1,2,13,15,4,7,988.385536442287,980.875254973276,0,0,1,1,0,0,1,1,7,7,13,10,17,16,-1,1,-2,2,-3,3,2,1,7,4,15,13
2024-01-20,P1,Casa Pia,Farense,0,1,3,21,7,6,4,939.134776975588,935.391848490673,0,0,2,2,0,0,2,3,6,5,10,15,19,21,-2,2,14,-14,2,-2,3,1,4,6,7,21
2024-01-20,P1,Porto,Moreirense,2,5,0,16,5,8,1,1172.08887404317,1079.70156727051,3,1,0,0,3,6,0,0,10,8,22,19,38,29,5,-5,11,-11,7,-7,0,5,1,8,5,16
2024-01-21,P1,Portimonense,Gil Vicente,0,0,2,8,15,0,8,876.265759575934,870.738709074192,1,0,0,8,1,0,0,8,4,5,10,7,18,16,-2,2,-7,7,-8,8,2,0,8,0,15,8
2024-01-21,P1,Chaves,Rio Ave,1,0,0,19,6,6,1,787.059356564384,923.182831350562,0,0,2,2,0,0,2,8,1,5,7,10,11,15,0,0,13,-13,5,-5,0,0,1,6,6,19
2024-01-21,P1,Vitoria Guimaraes,Estrela,2,3,0,12,5,4,1,1144.74132434941,918.580626871474,3,0,0,0,3,3,0,4,11,6,20,13,33,18,3,-3,7,-7,3,-3,0,3,1,4,5,12
2024-01-28,P1,Boavista,Portimonense,0,1,4,20,12,5,5,862.448516441762,831.710507705039,0,0,0,5,2,0,6,5,5,3,5,10,20,18,-3,3,8,-8,0,0,4,1,5,5,12,20
2024-01-28,P1,Moreirense,Famalicao,2,1,0,7,8,2,1,1024.94106516316,974.60330174382,0,1,1,0,0,1,1,0,7,5,18,10,29,22,1,-1,-1,1,1,-1,0,1,1,2,8,7
2024-01-28,P1,Farense,Porto,0,1,3,9,18,4,4,979.721926979025,1226.84937615052,1,0,0,0,2,1,0,2,7,10,17,22,24,41,-2,2,-9,9,0,0,3,1,4,4,18,9
2024-01-28,P1,Arouca,Vizela,2,5,0,13,9,7,3,1013.56686974022,820.248074232595,0,0,1,0,0,2,1,3,9,3,13,7,19,13,5,-5,4,-4,4,-4,0,5,3,7,9,13
2024-01-28,P1,Gil Vicente,Vitoria Guimaraes,2,1,0,7,8,4,2,915.293960945087,1168.0642519541,0,0,0,0,7,3,1,2,7,11,10,20,19,36,1,-1,-1,1,2,-2,0,1,2,4,8,7
2024-01-29,P1,Estrela,Benfica,0,1,4,9,16,5,7,895.25769926678,1309.89867919957,0,2,0,0,1,8,2,0,3,15,10,24,18,45,-3,3,-7,7,-2,2,4,1,7,5,16,9
2024-01-29,P1,Sporting CP,Casa Pia,2,8,0,21,2,11,2,1268.77675980452,894.804698487235,9,2,0,0,9,2,0,0,15,6,24,10,46,19,8,-8,19,-19,9,-9,0,8,2,11,2,21
2024-01-31,P1,Rio Ave,Estoril,1,1,1,8,12,4,5,917.216326954189,955.693921675344,1,0,0,1,4,0,0,3,5,4,11,13,16,17,0,0,-4,4,-1,1,1,1,5,4,12,8
2024-01-31,P1,Sp Braga,Chaves,1,1,1,27,7,10,2,1147.87820259627,793.025860960757,0,0,0,0,1,1,2,5,7,2,20,5,36,12,0,0,20,-20,8,-8,1,1,2,10,7,27
2024-02-03,P1,Portimonense,Arouca,0,1,2,11,8,4,3,891.054024932238,1050.16494518296,0,1,1,0,0,1,1,0,6,9,10,16,21,22,-1,1,3,-3,1,-1,2,1,3,4,8,11
2024-02-03,P1,Porto,Rio Ave,1,0,0,17,3,5,0,1243.88871398656,918.981076687165,4,0,0,0,4,1,0,9,13,5,22,12,44,17,0,0,14,-14,5,-5,0,0,0,5,3,17
2024-02-04,P1,Chaves,Farense,1,1,1,2,15,2,7,805.352495595791,962.682589142986,0,1,0,0,1,1,3,0,3,6,6,14,13,24,0,0,-13,13,-5,5,1,1,7,2,15,2
2024-02-04,P1,Vizela,Vitoria Guimaraes,0,0,1,10,19,2,3,783.649998789856,1116.17456394924,0,0,2,1,0,0,8,3,2,10,7,17,13,36,-1,1,-9,9,-1,1,1,0,3,2,19,10
2024-02-04,P1,Benfica,Gil Vicente,2,3,0,10,5,5,3,1319.07959437246,967.183648949948,3,1,0,0,9,1,0,0,15,10,26,12,48,22,3,-3,5,-5,2,-2,0,3,3,5,5,10
2024-02-04,P1,Estoril,Estrela,2,1,0,10,11,5,6,953.929171942369,886.076784093896,0,0,2,1,0,0,2,5,4,2,14,7,18,18,1,-1,-1,1,-1,1,0,1,6,5,11,10
2024-02-04,P1,Sp Braga,Moreirense,2,1,0,13,8,5,1,1135.55156796123,1052.33695622678,0,0,0,1,2,0,3,1,8,7,20,18,37,32,1,-1,5,-5,4,-4,0,1,1,5,8,13
2024-02-05,P1,Casa Pia,Boavista,1,0,0,5,4,0,0,873.89655400688,803.104999214563,0,0,3,1,0,0,3,1,3,4,9,5,19,20,0,0,1,-1,0,0,0,0,0,0,4,5
2024-02-09,P1,Estrela,Portimonense,2,3,0,10,11,3,1,860.247962308466,872.763416877445,0,1,1,0,0,1,3,0,2,6,7,10,18,21,3,-3,-1,1,2,-2,0,3,1,3,11,10
2024-02-10,P1,Farense,Famalicao,1,1,1,17,18,7,4,955.894997707568,947.207410680196,0,0,1,1,0,0,1,1,7,4,12,10,25,22,0,0,-1,1,3,-3,1,1,4,7,18,17
2024-02-10,P1,Moreirense,Chaves,2,1,0,15,10,5,4,1027.85803546841,812.140087031209,1,0,0,0,1,2,0,6,6,4,15,7,32,14,1,-1,5,-5,1,-1,0,1,4,5,10,15
2024-02-10,P1,Boavista,Estoril,2,2,1,7,14,3,4,806.32069268381,979.757993727799,0,0,1,0,0,1,7,4,5,4,6,14,21,21,1,-1,-7,7,-1,1,1,2,4,3,14,7
2024-02-11,P1,Rio Ave,Casa Pia,2,1,0,8,6,3,1,930.708921488913,870.680860537632,0,0,0,1,5,0,1,1,6,4,10,10,18,20,1,-1,2,-2,2,-2,0,1,1,3,6,8
2024-02-11,P1,Sporting CP,Sp Braga,2,5,0,12,7,5,1,1289.68490428488,1160.03048871961,10,1,0,0,10,1,0,0,15,8,24,20,49,40,5,-5,5,-5,4,-4,0,5,1,5,7,12
2024-02-11,P1,Vitoria Guimaraes,Benfica,1,2,2,8,6,6,3,1124.39943619334,1331.78909493838,4,3,0,0,4,9,0,0,10,15,20,26,39,51,0,0,2,-2,3,-3,2,2,3,6,6,8
2024-02-12,P1,Arouca,Porto,2,3,2,10,14,6,6,1068.45555323775,1232.16086918481,1,1,0,0,1,2,0,0,9,11,19,23,25,45,1,-1,-4,4,0,0,2,3,6,6,14,10
2024-02-13,P1,Gil Vicente,Vizela,0,0,1,16,8,4,2,954.47414838403,775.425126545755,1,0,0,1,8,0,0,4,7,1,12,4,22,13,-1,1,8,-8,2,-2,1,0,2,4,8,16
2024-02-16,P1,Famalicao,Rio Ave,2,2,1,15,9,6,4,947.607405486513,957.234497150744,0,0,1,0,0,2,4,10,5,6,8,12,23,18,1,-1,6,-6,2,-2,1,2,4,6,9,15
2024-02-17,P1,Chaves,Boavista,2,2,1,7,14,3,3,797.79591829141,853.088116856861,0,0,0,0,2,1,4,2,3,7,7,9,14,21,1,-1,-7,7,0,0,1,2,3,3,14,7
2024-02-17,P1,Portimonense,Vitoria Guimaraes,1,1,1,10,10,6,2,816.268313626403,1132.95705241684,0,1,2,0,0,1,2,0,6,10,7,21,21,37,0,0,0,0,4,-4,1,1,2,6,10,10
2024-02-17,P1,Porto,Estrela,2,2,0,16,8,6,2,1186.10795166517,916.743065559508,0,0,0,2,5,0,1,6,10,4,20,10,42,21,2,-2,8,-8,4,-4,0,2,2,6,8,16
2024-02-18,P1,Casa Pia,Arouca,2,1,0,10,14,2,4,844.155284875802,1114.50847075739,0,2,0,0,1,2,4,0,1,12,10,22,17,25,1,-1,-4,4,-2,2,0,1,4,2,14,10
2024-02-18,P1,Benfica,Vizela,2,6,1,14,8,8,4,1323.23147871488,822.596291679545,4,1,0,0,10,1,0,0,13,3,24,6,52,16,5,-5,6,-6,4,-4,1,6,4,8,8,14
2024-02-18,P1,Estoril,Gil Vicente,0,1,3,8,11,4,7,932.990569554748,907.302983250241,1,0,0,1,1,0,0,1,4,7,11,11,21,19,-2,2,-3,3,-3,3,3,1,7,4,11,8
2024-02-18,P1,Sp Braga,Farense,2,2,1,17,5,8,2,1112.44251684301,955.495002901251,1,0,0,0,3,2,0,1,7,5,17,10,40,26,1,-1,12,-12,6,-6,1,2,2,8,5,17
2024-02-19,P1,Moreirense,Sporting CP,0,0,2,4,16,0,7,1042.2022042082,1337.27287616148,2,3,0,0,2,3,0,0,9,15,15,24,35,52,-2,2,-12,12,-7,7,2,0,7,0,16,4
2024-02-23,P1,Arouca,Famalicao,2,3,2,14,11,4,8,1061.65607863387,980.493866536782,2,0,0,0,2,1,0,2,12,7,19,10,24,23,1,-1,3,-3,-4,4,2,3,8,4,11,14
2024-02-24,P1,Farense,Moreirense,0,0,1,6,11,1,2,937.041276850532,1028.63678015334,0,0,0,2,1,0,2,2,5,6,10,14,26,34,-1,1,-5,5,-1,1,1,0,2,1,11,6
2024-02-24,P1,Estrela,Chaves,1,1,1,10,9,4,2,901.392791808561,834.845956141512,1,0,0,1,1,0,0,7,3,6,9,7,21,17,0,0,1,-1,2,-2,1,1,2,4,9,10
2024-02-24,P1,Vitoria Guimaraes,Casa Pia,0,0,2,25,9,5,5,1121.40740304492,897.007676999318,0,0,0,2,5,0,1,2,8,4,19,10,35,20,-2,2,16,-16,0,0,2,0,5,5,9,25
2024-02-25,P1,Vizela,Estoril,1,3,3,12,18,7,4,814.745842875299,885.896242104688,0,0,3,1,0,0,9,5,3,4,6,11,15,18,0,0,-6,6,3,-3,3,3,4,7,18,12
2024-02-25,P1,Benfica,Portimonense,2,4,0,19,10,13,2,1331.08192751913,827.817962998324,5,0,0,1,11,0,0,1,13,4,26,8,52,22,4,-4,9,-9,11,-11,0,4,2,13,10,19
2024-02-25,P1,Gil Vicente,Porto,1,1,1,7,14,1,5,954.397310700301,1201.45822541612,0,0,1,1,0,0,1,1,9,10,14,20,22,42,0,0,-7,7,-4,4,1,1,5,1,14,7
2024-02-25,P1,Rio Ave,Sporting CP,1,3,3,8,13,3,6,924.348036100475,1350.83830021634,1,4,0,0,6,4,0,0,6,15,11,27,18,52,0,0,-5,5,-3,3,3,3,6,3,13,8
2024-02-26,P1,Boavista,Sp Braga,0,0,4,8,11,3,5,816.03807900676,1130.89624289373,1,0,0,1,1,0,0,1,4,10,9,17,18,40,-4,4,-3,3,-2,2,4,0,5,3,11,8
2024-03-01,P1,Chaves,Arouca,0,1,5,11,7,5,5,837.873616665083,1086.31383625971,1,0,0,1,3,0,0,1,6,12,8,21,18,26,-4,4,4,-4,0,0,5,1,5,5,7,11
2024-03-02,P1,Moreirense,Rio Ave,1,0,0,14,4,5,1,1052.39068427622,937.817853930616,0,0,1,1,0,0,1,11,9,6,16,11,34,19,0,0,10,-10,4,-4,0,0,1,5,4,14
2024-03-02,P1,Estoril,Vitoria Guimaraes,0,1,3,14,9,4,4,882.66469405045,1052.59979829073,0,0,1,0,0,2,1,1,5,5,9,16,19,32,-2,2,5,-5,0,0,3,1,4,4,9,14
2024-03-02,P1,Sp Braga,Estrela,2,3,0,15,7,8,1,1149.00091950097,898.36513128499,2,0,0,3,4,0,0,7,10,4,17,7,42,19,3,-3,8,-8,7,-7,0,3,1,8,7,15
2024-03-03,P1,Casa Pia,Gil Vicente,1,0,0,11,9,3,2,965.815281753502,964.179153822175,1,1,0,0,2,1,0,0,7,7,13,14,22,23,0,0,2,-2,1,-1,0,0,2,3,9,11
2024-03-03,P1,Portimonense,Vizela,1,0,0,11,13,4,3,821.07081986901,817.977390929537,0,0,0,1,1,0,3,1,4,4,7,7,21,16,0,0,-2,2,1,-1,0,0,3,4,13,11
2024-03-03,P1,Sporting CP,Farense,2,3,2,17,8,5,5,1337.3684823862,913.287372727649,11,0,0,1,11,0,0,2,13,2,25,9,50,23,1,-1,9,-9,0,0,2,3,5,5,8,17
2024-03-03,P1,Porto,Benfica,2,5,0,16,3,8,1,1191.67638229424,1337.82907064844,1,0,0,0,6,10,0,1,8,13,18,28,40,52,5,-5,13,-13,7,-7,0,5,1,8,3,16
2024-03-04,P1,Famalicao,Boavista,1,1,1,7,5,1,3,955.836108910941,797.933402399519,1,0,0,1,1,0,0,3,4,4,10,9,22,17,0,0,2,-2,-2,2,1,1,3,1,5,7
2024-03-08,P1,Portimonense,Porto,0,0,3,7,16,2,6,820.92836596605,1295.0658131792,0,0,0,0,2,1,4,2,2,8,8,21,21,42,-3,3,-9,9,-4,4,3,0,6,2,16,7
2024-03-08,P1,Estrela,Casa Pia,2,3,1,14,6,6,3,877.521421265879,965.739935834764,0,1,0,0,2,1,1,0,4,8,6,11,18,22,2,-2,8,-8,3,-3,1,3,3,6,6,14
2024-03-09,P1,Vizela,Farense,2,2,1,15,8,6,4,818.119844832497,908.162000620202,0,0,0,2,1,0,10,3,5,2,7,8,14,23,1,-1,7,-7,2,-2,1,2,4,6,8,15
2024-03-09,P1,Boavista,Moreirense,2,1,0,9,8,3,3,804.742602830373,1047.29770022881,0,1,1,0,0,1,1,0,5,7,9,14,15,35,1,-1,1,-1,0,0,0,1,3,3,8,9
2024-03-09,P1,Rio Ave,Sp Braga,1,0,0,8,10,5,4,942.910837978022,1169.84462952008,0,1,0,0,7,1,1,0,6,12,11,20,19,42,0,0,-2,2,1,-1,0,0,4,5,10,8
2024-03-09,P1,Vitoria Guimaraes,Famalicao,2,1,0,12,13,6,0,1076.56746951586,949.026908480086,0,0,1,1,0,0,2,3,8,5,18,10,35,23,1,-1,-1,1,6,-6,0,1,0,6,13,12
2024-03-10,P1,Arouca,Sporting CP,0,0,3,10,10,2,6,1111.22194717263,1342.49385449365,3,0,0,0,3,5,0,1,12,13,21,28,28,50,-3,3,0,0,-4,4,3,0,6,2,10,10
2024-03-10,P1,Benfica,Estoril,2,3,1,13,10,6,5,1234.43963976348,858.69702282532,6,0,0,0,12,1,0,6,10,4,25,8,49,19,2,-2,3,-3,1,-1,1,3,5,6,10,13
2024-03-11,P1,Gil Vicente,Chaves,1,0,0,20,5,6,0,964.254499740914,812.965505752171,0,0,0,0,1,1,2,8,5,5,15,8,24,18,0,0,15,-15,6,-6,0,0,0,6,5,20
2024-03-15,P1,Estoril,Portimonense,2,1,0,9,15,3,2,849.651175877503,814.246798043527,0,0,2,2,0,0,2,2,1,2,5,8,19,18,1,-1,-6,6,1,-1,0,1,2,3,15,9
2024-03-16,P1,Famalicao,Estrela,1,0,0,12,9,3,2,928.273143268576,932.281765840338,0,0,0,4,2,0,1,8,5,7,9,9,20,21,0,0,3,-3,1,-1,0,0,2,3,9,12
2024-03-16,P1,Farense,Rio Ave,1,1,1,14,13,7,3,868.049626123789,952.091618001978,0,0,1,0,0,1,3,12,1,6,8,12,20,19,0,0,1,-1,4,-4,1,1,3,7,13,14
2024-03-16,P1,Sp Braga,Gil Vicente,2,2,1,19,10,5,4,1160.66384949613,957.696716012163,3,0,0,0,5,2,0,1,10,6,18,13,43,22,1,-1,9,-9,1,-1,1,2,4,5,10,19
2024-03-16,P1,Porto,Vizela,2,4,1,36,3,9,0,1301.74738110173,858.23221932891,2,0,0,0,7,1,0,2,10,8,21,9,42,17,3,-3,33,-33,9,-9,1,4,0,9,3,36
2024-03-17,P1,Chaves,Vitoria Guimaraes,0,1,2,6,16,2,5,819.523289480922,1097.32123472737,0,1,1,0,0,3,1,0,5,8,9,18,19,38,-1,1,-10,10,-3,3,2,1,5,2,16,6
2024-03-17,P1,Moreirense,Arouca,2,1,0,12,9,3,1,995.995963432871,1088.43394945774,0,1,0,0,1,1,2,0,7,9,13,18,35,28,1,-1,3,-3,2,-2,0,1,1,3,9,12
2024-03-17,P1,Casa Pia,Benfica,0,0,1,6,19,3,6,910.979591260305,1243.4854867113,0,0,0,1,3,0,1,2,7,10,11,25,19,49,-1,1,-13,13,-3,3,1,0,6,3,19,6
2024-03-17,P1,Sporting CP,Boavista,2,6,1,22,3,12,2,1365.28185220853,856.044339626316,12,0,0,0,12,1,0,4,13,7,28,12,52,15,5,-5,19,-19,10,-10,1,6,2,12,3,22
2024-03-29,P1,Gil Vicente,Famalicao,0,1,2,10,12,3,3,942.519164323258,928.457738969095,0,0,0,2,2,0,3,4,6,5,13,10,22,20,-1,1,-2,2,0,0,2,1,3,3,12,10
2024-03-29,P1,Benfica,Chaves,2,1,0,19,7,7,0,1251.71112932712,808.764713328451,7,0,0,0,13,2,0,9,12,5,25,8,49,18,1,-1,12,-12,7,-7,0,1,0,7,7,19
2024-03-29,P1,Estrela,Sporting CP,0,1,2,6,21,3,6,932.097170139818,1372.77222318694,1,1,0,0,3,6,0,0,5,13,9,28,21,52,-1,1,-15,15,-3,3,2,1,6,3,21,6
2024-03-30,P1,Arouca,Farense,2,2,1,28,10,17,4,1048.1154561185,871.846143002032,0,0,1,3,0,0,1,4,6,1,18,6,28,21,1,-1,18,-18,13,-13,1,2,4,17,10,28
2024-03-30,P1,Vitoria Guimaraes,Moreirense,2,1,0,12,9,4,2,1108.07981087984,1036.31445677211,1,0,0,1,1,0,0,1,10,7,20,16,40,35,1,-1,3,-3,2,-2,0,1,2,4,9,12
2024-03-30,P1,Boavista,Rio Ave,1,0,0,9,8,2,1,848.553968647907,948.295101123735,1,0,0,0,1,2,0,13,4,4,11,10,15,20,0,0,1,-1,1,-1,0,0,1,2,8,9
2024-03-30,P1,Estoril,Porto,2,1,0,5,13,2,2,878.401552440404,1309.62391824637,1,1,0,0,1,2,0,0,4,13,8,23,21,42,1,-1,-8,8,0,0,0,1,2,2,13,5
2024-03-31,P1,Vizela,Casa Pia,0,0,4,13,11,3,9,850.355682184264,902.753948644485,1,0,0,1,2,0,0,1,5,7,8,8,16,18,-4,4,2,-2,-6,6,4,0,9,3,11,13
2024-04-01,P1,Portimonense,Sp Braga,0,3,5,13,15,5,9,785.496421480626,1175.84140118503,0,0,1,0,0,2,5,1,2,13,8,20,18,43,-2,2,-2,2,-4,4,5,3,9,5,15,13
2024-04-05,P1,Farense,Boavista,2,2,0,15,17,8,7,854.818081768006,853.025060557369,0,0,0,1,1,0,4,5,1,5,6,9,21,15,2,-2,-2,2,1,-1,0,2,7,8,17,15
2024-04-06,P1,Famalicao,Vizela,2,3,2,17,8,9,4,961.752137447147,795.507629320557,0,0,0,1,3,0,2,3,5,5,12,8,20,16,1,-1,9,-9,5,-5,2,3,4,9,8,17
2024-04-06,P1,Rio Ave,Gil Vicente,2,3,0,13,5,7,3,943.824009214272,909.224765845206,0,0,0,1,8,0,2,2,5,3,11,12,21,19,3,-3,8,-8,4,-4,0,3,3,7,5,13
2024-04-06,P1,Sp Braga,Arouca,0,0,3,17,11,10,6,1184.22767998668,1065.14351735253,4,0,0,1,6,0,0,1,13,9,23,21,43,31,-3,3,6,-6,4,-4,3,0,6,10,11,17
2024-04-06,P1,Sporting CP,Benfica,2,2,1,13,15,4,3,1377.46490045034,1256.34726487221,13,1,0,0,13,1,0,0,13,12,28,25,52,49,1,-1,-2,2,1,-1,1,2,3,4,15,13
2024-04-07,P1,Chaves,Portimonense,0,2,3,9,11,3,4,804.12857778336,777.110142678983,0,0,2,3,0,0,2,3,2,1,8,5,15,15,-1,1,-2,2,-1,1,3,2,4,3,11,9
2024-04-07,P1,Moreirense,Estrela,1,2,2,7,10,3,4,1010.83186237709,927.404492876424,1,0,0,0,2,1,0,9,7,5,13,8,32,21,0,0,-3,3,-1,1,2,2,4,3,10,7
2024-04-07,P1,Porto,Vitoria Guimaraes,0,1,2,12,4,6,2,1250.5587833509,1133.56240527487,3,2,0,0,8,4,0,0,10,12,20,20,42,40,-1,1,8,-8,4,-4,2,1,2,6,4,12
2024-04-08,P1,Casa Pia,Estoril,1,0,0,12,11,4,2,957.602001508192,937.466687335877,0,0,1,1,0,0,2,7,7,7,11,11,21,24,0,0,1,-1,2,-2,0,0,2,4,11,12
2024-04-12,P1,Gil Vicente,Sporting CP,0,0,4,5,13,1,6,860.105798750838,1398.74050263721,0,2,1,0,0,7,4,0,2,15,9,28,19,52,-4,4,-8,8,-5,5,4,0,6,1,13,5
2024-04-13,P1,Vitoria Guimaraes,Farense,1,1,1,24,10,6,6,1175.94852586155,898.449364482622,2,0,0,4,2,0,0,5,15,4,20,6,40,23,0,0,14,-14,0,0,1,1,6,6,10,24
2024-04-13,P1,Porto,Famalicao,1,2,2,20,8,8,3,1208.17266276422,979.511061810723,0,1,1,0,0,1,1,0,9,8,17,12,39,22,0,0,12,-12,5,-5,2,2,3,8,8,20
2024-04-13,P1,Estoril,Sp Braga,0,0,1,4,12,0,5,938.392916085416,1111.70437529003,2,1,0,0,2,3,0,0,7,10,12,20,25,40,-1,1,-8,8,-5,5,1,0,5,0,12,4
2024-04-14,P1,Estrela,Rio Ave,1,2,2,15,6,5,4,931.174287779229,992.942976308641,0,0,1,0,0,3,1,14,5,7,9,13,19,24,0,0,9,-9,1,-1,2,2,4,5,6,15
2024-04-14,P1,Arouca,Boavista,2,2,1,14,8,5,5,1137.66682204917,809.393777842753,1,0,0,2,1,0,0,6,9,5,21,9,34,14,1,-1,6,-6,0,0,1,2,5,5,8,14
2024-04-14,P1,Portimonense,Casa Pia,1,2,2,11,11,3,4,811.593628286537,956.675772758653,0,1,2,0,0,1,6,0,4,5,8,12,18,22,0,0,0,0,-1,1,2,2,4,3,11,11
2024-04-14,P1,Benfica,Moreirense,2,3,0,19,8,6,0,1235.07166268533,1007.06206747429,8,0,0,2,14,0,0,2,9,5,22,14,46,32,3,-3,11,-11,6,-6,0,3,0,6,8,19
2024-04-15,P1,Vizela,Chaves,0,0,1,12,7,4,2,777.748704956981,769.645092175806,0,0,1,1,0,0,1,10,4,1,8,7,15,12,-1,1,5,-5,2,-2,1,0,2,4,7,12
2024-04-16,P1,Famalicao,Sporting CP,0,0,1,5,10,0,1,988.745060546721,1404.2982364614,1,3,0,0,4,8,0,0,8,15,13,28,23,52,-1,1,-5,5,-1,1,1,0,1,0,10,5
2024-04-19,P1,Rio Ave,Arouca,1,1,1,6,17,3,5,990.128018564385,1146.06871921872,1,1,0,0,9,1,0,0,7,9,13,21,25,37,0,0,-11,11,-2,2,1,1,5,3,17,6
2024-04-20,P1,Moreirense,Gil Vicente,0,0,1,15,5,4,3,983.933690893687,854.54806492665,0,0,0,2,3,0,1,3,4,1,11,6,29,18,-1,1,10,-10,1,-1,1,0,3,4,5,15
2024-04-20,P1,Boavista,Estrela,1,1,1,15,11,5,3,800.991880673202,933.989245523484,0,0,0,0,2,2,1,10,4,6,9,10,14,17,0,0,4,-4,2,-2,1,1,3,5,11,15
2024-04-20,P1,Sp Braga,Vizela,2,2,1,15,5,5,2,1128.94607473321,745.002469952855,0,0,1,2,0,0,1,4,10,3,22,8,42,15,1,-1,10,-10,3,-3,1,2,2,5,5,15
2024-04-21,P1,Chaves,Estoril,1,2,2,14,10,7,6,802.391327179932,921.151216642237,0,0,3,0,0,1,3,8,4,7,9,11,15,25,0,0,4,-4,1,-1,2,2,6,7,10,14
2024-04-21,P1,Famalicao,Portimonense,1,2,2,13,14,3,7,983.383406688748,817.911864095861,0,1,1,0,0,1,1,0,8,4,13,6,23,16,0,0,-1,1,-4,4,2,2,7,3,14,13
2024-04-21,P1,Casa Pia,Porto,0,1,2,11,16,4,5,950.357536949328,1198.93866402822,0,0,0,1,1,0,3,1,5,7,13,15,22,37,-1,1,-5,5,-1,1,2,1,5,4,16,11
2024-04-21,P1,Sporting CP,Vitoria Guimaraes,2,3,0,10,6,4,1,1409.65989031938,1165.33551508117,14,3,0,0,14,5,0,0,15,13,28,21,52,38,3,-3,4,-4,3,-3,0,3,1,4,6,10
2024-04-22,P1,Farense,Benfica,0,1,3,12,20,3,9,909.062375263001,1258.20003926593,1,0,0,1,2,0,0,1,5,12,7,22,21,48,-2,2,-8,8,-6,6,3,1,9,3,20,12
2024-04-26,P1,Gil Vicente,Arouca,1,2,2,9,15,3,7,897.942968130074,1139.33368562004,0,0,2,0,0,2,5,1,3,10,9,19,21,38,0,0,-6,6,-4,4,2,2,7,3,15,9
2024-04-27,P1,Casa Pia,Chaves,2,3,1,11,11,6,7,938.008671748916,807.656924839739,0,1,1,0,0,1,4,0,5,4,12,9,22,16,2,-2,0,0,-1,1,1,3,7,6,11,11
2024-04-27,P1,Vizela,Rio Ave,1,1,1,16,11,4,2,738.676576622699,996.86305216307,0,0,2,0,0,4,2,15,0,7,8,13,12,23,0,0,5,-5,2,-2,1,1,2,4,11,16
2024-04-27,P1,Benfica,Sp Braga,2,3,1,21,11,6,7,1268.56605324559,1135.27196806337,9,2,0,0,15,4,0,0,12,12,22,22,48,42,2,-2,10,-10,-1,1,1,3,7,6,11,21
2024-04-27,P1,Vitoria Guimaraes,Boavista,2,1,0,9,7,2,1,1143.87236884089,806.834027834718,0,0,0,3,3,0,1,7,10,2,18,9,38,15,1,-1,2,-2,1,-1,0,1,1,2,7,9
2024-04-28,P1,Portimonense,Moreirense,0,0,2,10,13,4,6,825.003827329002,940.538787690262,0,0,0,3,1,0,7,3,5,4,7,11,17,26,-2,2,-3,3,-2,2,2,0,6,4,13,10
2024-04-28,P1,Estoril,Famalicao,2,1,0,8,13,3,3,915.88561898243,976.291443455607,0,0,1,0,0,2,1,1,8,8,9,13,23,21,1,-1,-5,5,0,0,0,1,3,3,13,8
2024-04-28,P1,Porto,Sporting CP,1,2,2,11,9,5,5,1211.28752922863,1431.12303655965,0,4,0,0,1,9,2,0,7,15,17,28,40,52,0,0,2,-2,0,0,2,2,5,5,9,11
2024-04-29,P1,Estrela,Farense,0,0,3,20,11,7,5,928.147098361968,898.696361283344,0,0,0,0,1,1,2,6,4,5,11,6,18,18,-3,3,9,-9,2,-2,3,0,5,7,11,20
2024-05-03,P1,Moreirense,Vizela,2,1,0,11,8,5,2,970.326971636305,748.773004474415,0,0,1,3,0,0,2,5,4,1,11,6,26,12,1,-1,3,-3,3,-3,0,1,2,5,8,11
2024-05-04,P1,Boavista,Gil Vicente,1,1,1,7,11,3,6,798.793610124096,907.55965480152,0,1,0,0,3,1,2,0,2,4,6,10,15,21,0,0,-4,4,-3,3,1,1,6,3,11,7
2024-05-04,P1,Rio Ave,Vitoria Guimaraes,2,2,1,7,9,3,5,986.766624311354,1151.91278655151,0,0,0,1,10,0,1,1,7,10,11,20,23,41,1,-1,-2,2,-2,2,1,2,5,3,9,7
2024-05-04,P1,Sporting CP,Portimonense,2,3,0,22,2,12,0,1422.16408800567,795.215643382959,15,0,0,0,15,2,0,1,13,5,26,7,53,14,3,-3,20,-20,12,-12,0,3,0,12,2,22
2024-05-04,P1,Chaves,Porto,0,0,3,4,9,0,3,779.522983878682,1220.24647778262,0,1,0,0,1,1,4,0,4,5,9,18,16,38,-3,3,-5,5,-3,3,3,0,3,0,9,4
2024-05-05,P1,Farense,Estoril,2,3,2,13,9,5,2,957.839343929117,953.393812039407,0,0,1,0,0,2,1,9,7,8,8,12,18,23,1,-1,4,-4,3,-3,2,3,2,5,9,13
2024-05-05,P1,Arouca,Estrela,1,0,0,21,7,1,2,1129.71699894859,869.004115716195,2,0,0,0,2,3,0,11,11,3,17,8,39,18,0,0,14,-14,-1,1,0,0,2,1,7,21
2024-05-05,P1,Sp Braga,Casa Pia,2,4,3,15,15,7,6,1107.46071808065,966.142612709972,1,0,0,0,1,2,0,1,9,8,22,15,39,25,1,-1,0,0,1,-1,3,4,6,7,15,15
2024-05-05,P1,Famalicao,Benfica,2,2,0,11,19,4,12,938.78325039863,1296.37730322831,0,1,0,0,1,1,2,0,5,12,10,24,20,48,2,-2,-8,8,-8,8,0,2,12,4,19,11
2024-05-10,P1,Chaves,Famalicao,0,0,1,8,11,2,4,771.528200790046,1016.56924083369,0,0,1,1,0,0,5,2,4,5,6,13,13,23,-1,1,-3,3,-2,2,1,0,4,2,11,8
2024-05-11,P1,Portimonense,Rio Ave,1,2,2,19,9,8,4,792.340209848951,1032.92646004049,0,0,1,0,0,5,8,16,5,9,6,14,14,25,0,0,10,-10,4,-4,2,2,4,8,9,19
2024-05-11,P1,Vizela,Estrela,2,4,0,15,10,7,3,734.799252913997,879.170239790899,0,0,0,0,1,4,3,12,1,4,6,9,12,18,4,-4,5,-5,4,-4,0,4,3,7,10,15
2024-05-11,P1,Estoril,Sporting CP,0,0,1,7,19,1,5,921.803238314429,1425.03952153967,1,0,0,0,1,10,0,1,5,13,12,28,23,53,-1,1,-12,12,-4,4,1,0,5,1,19,7
2024-05-11,P1,Vitoria Guimaraes,Sp Braga,0,2,3,12,14,4,8,1105.75295082238,1127.1181122994,1,0,0,1,4,0,0,1,7,9,19,22,38,39,-1,1,-2,2,-4,4,3,2,8,4,14,12
2024-05-12,P1,Gil Vicente,Farense,2,2,0,9,16,6,3,902.708251024298,989.429917654095,0,1,0,0,1,2,6,0,5,10,8,11,22,21,2,-2,-7,7,3,-3,0,2,3,6,16,9
2024-05-12,P1,Benfica,Arouca,2,5,0,17,6,9,1,1218.59131279324,1119.55087487389,10,0,0,0,16,3,0,2,9,9,21,18,47,37,5,-5,11,-11,8,-8,0,5,1,9,6,17
2024-05-12,P1,Casa Pia,Moreirense,0,0,1,11,12,0,5,946.485218491225,984.300723196724,1,1,0,0,1,1,0,0,5,7,12,14,22,28,-1,1,-1,1,-5,5,1,0,5,0,12,11
2024-05-12,P1,Porto,Boavista,2,2,1,20,3,4,2,1228.24126087126,803.645013901318,0,0,0,4,2,0,3,8,8,2,18,7,38,16,1,-1,17,-17,2,-2,1,2,2,4,3,20
2024-05-17,P1,Famalicao,Casa Pia,0,1,2,13,10,5,5,1029.12247146932,917.954466476978,1,0,0,1,2,0,0,2,7,4,15,9,25,22,-1,1,3,-3,0,0,2,1,5,5,10,13
2024-05-17,P1,Rio Ave,Benfica,1,1,1,8,15,3,7,1023.33347003659,1272.03744249198,1,0,0,1,11,0,0,1,7,12,14,21,25,49,0,0,-7,7,-4,4,1,1,7,3,15,8
2024-05-18,P1,Arouca,Vitoria Guimaraes,0,1,3,5,9,2,4,1066.10474517515,1075.71827824647,0,0,0,2,3,0,1,2,6,4,15,19,36,35,-2,2,-4,4,-2,2,3,1,4,2,9,5
2024-05-18,P1,Boavista,Vizela,1,2,2,15,14,5,4,798.533605848502,824.662197131246,0,0,0,4,4,0,3,6,2,4,7,8,16,15,0,0,1,-1,1,-1,2,2,4,5,14,15
2024-05-18,P1,Estrela,Gil Vicente,2,1,0,6,5,2,2,789.30729557365,957.291132894285,0,0,1,0,0,2,3,1,3,8,8,10,15,24,1,-1,1,-1,0,0,0,1,2,2,5,6
2024-05-18,P1,Farense,Portimonense,0,1,3,7,15,3,6,934.847035784109,801.933199852854,1,0,0,1,1,0,0,2,7,3,11,7,20,14,-2,2,-8,8,-3,3,3,1,6,3,15,7
2024-05-18,P1,Moreirense,Estoril,2,2,1,13,9,3,2,1012.83147521097,918.455465013286,1,0,0,1,1,0,0,10,9,4,14,11,30,20,1,-1,4,-4,1,-1,1,2,2,3,9,13
2024-05-18,P1,Sporting CP,Chaves,2,3,0,15,10,7,0,1428.38729484082,758.974970154419,16,0,0,1,16,0,0,1,13,4,28,5,56,13,3,-3,5,-5,7,-7,0,3,0,7,10,15
2024-05-18,P1,Sp Braga,Porto,0,0,1,4,19,1,5,1157.15278487531,1233.35266892407,2,2,0,0,2,2,0,0,12,11,22,20,39,38,-1,1,-15,15,-4,4,1,0,5,1,19,4
2022-08-05,P1,Benfica,Arouca,2,4,0,20,3,6,2,1262.20835205559,1023.4603566197,11,0,0,1,17,0,0,3,10,3,22,12,47,33,4,-4,17,-17,4,-4,0,4,2,6,3,20
2022-08-06,P1,Rio Ave,Vizela,0,0,1,7,12,0,7,1033.16256047297,823.461194337262,0,0,0,0,12,1,1,7,7,5,14,8,25,15,-1,1,-5,5,-7,7,1,0,7,0,12,7
2022-08-06,P1,Estoril,Famalicao,2,2,0,10,15,5,5,894.940152127157,987.219197928875,0,1,1,0,0,1,1,0,4,7,11,15,19,24,2,-2,-5,5,0,0,0,2,5,5,15,10
2022-08-06,P1,Porto,Maritimo,2,5,1,22,9,7,3,1258.44480654951,1000,1,0,0,0,3,0,0,0,13,0,20,0,41,0,4,-4,13,-13,4,-4,1,5,3,7,9,22
2022-08-07,P1,Santa Clara,Casa Pia,1,0,0,7,11,3,3,1000,959.857740017425,0,1,0,0,0,1,0,0,0,6,0,11,0,22,0,0,-4,4,0,0,0,0,3,3,11,7
2022-08-07,P1,Sp Braga,Sporting CP,1,3,3,15,11,7,4,1132.06064724987,1430.65211545796,0,1,1,0,0,11,1,0,9,13,19,28,39,56,0,0,4,-4,3,-3,3,3,4,7,11,15
2022-08-07,P1,Chaves,Vitoria Guimaraes,0,0,1,14,15,2,6,756.710149537274,1118.36266680193,0,1,2,0,0,1,6,0,1,6,5,19,13,37,-1,1,-1,1,-4,4,1,0,6,2,15,14
2022-08-07,P1,Portimonense,Boavista,0,0,1,18,10,8,5,861.79559495349,799.734608642485,0,0,0,5,1,0,9,9,5,3,9,7,17,16,-1,1,8,-8,3,-3,1,0,5,8,10,18
2022-08-08,P1,Gil Vicente,Pacos Ferreira,2,1,0,16,12,7,5,910.921873801853,1000,1,0,0,0,2,0,0,0,8,0,9,0,24,0,1,-1,4,-4,2,-2,0,1,5,7,12,16
2022-08-12,P1,Famalicao,Sp Braga,0,0,3,11,24,5,9,931.979374001784,1143.19594825836,0,1,1,0,0,1,1,0,6,7,14,19,24,37,-3,3,-13,13,-4,4,3,0,9,5,24,11
2022-08-13,P1,Casa Pia,Benfica,0,0,1,8,14,2,4,961.69817723394,1288.25707660254,0,0,1,0,0,1,1,2,7,10,12,22,23,47,-1,1,-6,6,-2,2,1,0,4,2,14,8
2022-08-13,P1,Sporting CP,Rio Ave,2,3,0,20,3,6,1,1419.51681444947,983.895861146151,17,0,0,0,17,6,0,17,11,6,26,13,54,25,3,-3,17,-17,5,-5,0,3,1,6,3,20
2022-08-14,P1,Boavista,Santa Clara,2,2,1,16,3,5,1,837.390608577629,998.159562783485,0,0,0,0,5,0,4,0,5,1,7,1,19,1,1,-1,13,-13,4,-4,1,2,1,5,3,16
2022-08-14,P1,Vizela,Porto,0,0,1,4,13,1,4,872.727893664085,1282.2158137056,1,3,0,0,2,3,0,0,8,13,8,20,17,41,-1,1,-9,9,-3,3,1,0,4,1,13,4
2022-08-14,P1,Vitoria Guimaraes,Estoril,2,1,0,8,7,3,4,1125.45863623174,950.179976054248,0,0,1,2,0,0,1,11,9,6,19,14,37,19,1,-1,1,-1,-1,1,0,1,4,3,7,8
2022-08-15,P1,Maritimo,Chaves,0,1,2,13,21,6,8,976.228992843916,749.614180107456,0,0,0,2,0,0,0,2,0,0,0,4,0,13,-1,1,-8,8,-2,2,2,1,8,6,21,13
2022-08-15,P1,Arouca,Gil Vicente,2,1,0,8,10,4,2,997.411632072743,950.951106019437,0,0,1,1,0,0,2,2,2,8,12,11,30,24,1,-1,-2,2,2,-2,0,1,2,4,10,8
2022-08-15,P1,Pacos Ferreira,Portimonense,0,0,3,14,13,4,3,959.970767782416,824.139595018345,0,1,0,0,0,1,0,0,0,4,0,9,0,17,-3,3,1,-1,1,-1,3,0,3,4,13,14
2022-08-19,P1,Estoril,Rio Ave,1,2,2,9,17,4,7,933.08055076377,975.680718477241,1,0,0,1,1,0,0,18,3,5,11,12,19,22,0,0,-8,8,-3,3,2,2,7,4,17,9
2022-08-20,P1,Santa Clara,Arouca,0,1,2,12,10,3,4,952.325744468067,1025.15778527862,0,0,0,2,1,0,1,4,1,4,1,15,1,33,-1,1,2,-2,-1,1,2,1,4,3,10,12
2022-08-20,P1,Chaves,Vizela,1,1,1,18,17,3,4,799.956023640671,867.19221220095,0,1,3,0,0,2,7,0,3,7,7,8,15,16,0,0,1,-1,-1,1,1,1,4,3,17,18
2022-08-20,P1,Porto,Sporting CP,2,3,0,11,8,5,4,1287.75149516873,1427.73195711838,2,0,0,0,4,12,0,1,15,13,20,26,43,54,3,-3,3,-3,1,-1,0,3,4,5,8,11
2022-08-21,P1,Casa Pia,Boavista,2,2,0,6,11,4,4,953.22399642378,883.224426893047,0,1,2,0,0,1,2,0,4,8,12,10,20,21,2,-2,-5,5,0,0,0,2,4,4,11,6
2022-08-21,P1,Sp Braga,Maritimo,2,5,0,20,7,9,1,1168.13496705488,925.887149310701,0,0,0,1,1,0,2,1,10,0,19,0,39,0,5,-5,13,-13,8,-8,0,5,1,9,7,20
2022-08-21,P1,Portimonense,Vitoria Guimaraes,2,2,1,15,17,5,6,898.966866813234,1142.55806152222,0,2,1,0,0,2,10,0,7,9,12,19,20,39,1,-1,-2,2,-1,1,1,2,6,5,17,15
2022-08-22,P1,Gil Vicente,Famalicao,1,0,0,15,10,5,2,923.204952813562,907.040355205268,2,0,0,1,3,0,0,1,7,6,11,11,24,23,0,0,5,-5,3,-3,0,0,2,5,10,15
2022-08-26,P1,Pacos Ferreira,Estoril,0,0,3,10,11,4,7,885.143495987527,935.032588477094,0,0,1,3,0,0,1,12,0,4,0,9,0,20,-3,3,-1,1,-3,3,3,0,7,4,11,10
2022-08-27,P1,Maritimo,Portimonense,0,0,1,19,9,4,6,896.487762211748,950.329203367028,0,2,1,0,0,2,1,0,0,10,0,15,0,20,-1,1,10,-10,-2,2,1,0,6,4,9,19
2022-08-27,P1,Boavista,Benfica,0,0,3,4,16,0,6,848.085370161886,1296.7312574127,1,1,0,0,6,2,0,0,7,10,9,22,18,47,-3,3,-12,12,-6,6,3,0,6,0,16,4
2022-08-27,P1,Sporting CP,Chaves,0,0,2,22,8,10,5,1352.34615538823,803.01428176867,18,1,0,0,18,1,0,0,10,4,23,8,51,16,-2,2,14,-14,5,-5,2,0,5,10,8,22
2022-08-28,P1,Famalicao,Santa Clara,2,1,0,12,13,4,2,907.784225780651,926.937261082271,0,0,2,1,0,0,2,1,4,1,9,1,21,1,1,-1,-1,1,2,-2,0,1,2,4,13,12
2022-08-28,P1,Arouca,Sp Braga,0,0,6,12,15,4,10,1050.54626866441,1197.53435415383,1,2,0,0,1,2,0,0,6,10,15,19,36,42,-6,6,-3,3,-6,6,6,0,10,4,15,12
2022-08-28,P1,Rio Ave,Porto,2,3,1,6,27,4,10,973.728680763917,1363.13729689888,0,4,1,0,0,4,2,0,3,15,12,23,23,43,2,-2,-21,21,-6,6,1,3,10,4,27,6
2022-08-29,P1,Vitoria Guimaraes,Casa Pia,0,0,1,15,8,2,2,1091.19572496843,988.363053154941,1,0,0,0,1,2,0,1,9,7,16,12,36,23,-1,1,7,-7,0,0,1,0,2,2,8,15
2022-08-29,P1,Vizela,Gil Vicente,1,2,2,18,12,9,4,864.133954072951,922.461082238178,0,0,1,2,0,0,1,3,8,7,9,12,17,24,0,0,6,-6,5,-5,2,2,4,9,12,18
2022-08-30,P1,Benfica,Pacos Ferreira,2,3,2,27,3,6,2,1304.39467123438,838.388843951911,12,0,0,1,18,0,0,1,13,0,22,0,47,0,1,-1,24,-24,4,-4,2,3,2,6,3,27
2022-09-02,P1,Benfica,Vizela,2,2,1,28,7,6,2,1308.49138904926,866.795064765451,13,0,0,0,19,3,0,1,13,6,25,10,47,18,1,-1,21,-21,4,-4,1,2,2,6,7,28
2022-09-02,P1,Estoril,Sporting CP,0,0,2,5,18,0,4,981.78724051271,1268.19329093311,0,0,0,1,2,0,1,2,7,7,11,20,23,48,-2,2,-13,13,-4,4,2,0,4,0,18,5
2022-09-03,P1,Sp Braga,Vitoria Guimaraes,2,1,0,18,7,2,3,1247.42751005295,1049.991692887,1,0,0,1,2,0,0,1,10,9,22,13,42,33,1,-1,11,-11,-1,1,0,1,3,2,7,18
2022-09-03,P1,Gil Vicente,Porto,0,0,2,6,16,2,4,919.799971545679,1283.84931029784,0,0,0,1,4,0,1,1,5,12,13,23,22,40,-2,2,-10,10,-2,2,2,0,4,2,16,6
2022-09-04,P1,Casa Pia,Arouca,1,0,0,6,8,1,1,1029.56708523637,1000.6531127653,1,1,0,0,1,1,0,0,10,6,14,12,26,33,0,0,-2,2,0,0,0,0,1,1,8,6
2022-09-04,P1,Santa Clara,Maritimo,2,2,1,9,17,4,5,893.174986145606,869.407423029377,0,0,1,2,0,0,2,2,1,0,1,0,1,0,1,-1,-8,8,-1,1,1,2,5,4,17,9
2022-09-04,P1,Portimonense,Famalicao,2,1,0,9,13,1,1,977.409542549399,941.546500717316,1,0,0,0,1,1,0,2,12,4,15,11,23,24,1,-1,-4,4,0,0,0,1,1,1,13,9
2022-09-05,P1,Boavista,Pacos Ferreira,2,1,0,12,7,3,1,840.421956340209,834.292126137029,0,0,1,2,0,0,1,2,7,0,9,0,18,0,1,-1,5,-5,2,-2,0,1,1,3,7,12
2022-09-05,P1,Chaves,Rio Ave,1,1,1,21,13,6,3,887.167146223786,1053.01666736495,0,0,0,0,1,1,8,19,7,5,11,12,18,25,0,0,8,-8,3,-3,1,1,3,6,13,21
2022-09-09,P1,Vitoria Guimaraes,Santa Clara,2,1,0,9,9,3,4,1034.44240182145,922.989321061447,0,0,1,2,0,0,1,2,6,4,12,4,33,4,1,-1,0,0,-1,1,0,1,4,3,9,9
2022-09-10,P1,Famalicao,Benfica,0,0,1,4,13,2,7,912.837927392593,1313.15856535064,1,2,0,0,1,3,0,0,4,15,11,25,24,47,-1,1,-9,9,-5,5,1,0,7,2,13,4
2022-09-10,P1,Sporting CP,Portimonense,2,4,0,17,4,7,1,1282.34058773612,1006.11811587412,0,3,1,0,0,3,1,0,7,12,20,17,48,23,4,-4,13,-13,6,-6,0,4,1,7,4,17
2022-09-10,P1,Porto,Chaves,2,3,0,19,8,7,1,1293.45602847012,894.273089425223,3,2,0,0,5,2,0,0,12,8,25,9,40,18,3,-3,11,-11,6,-6,0,3,1,7,8,19
2022-09-11,P1,Pacos Ferreira,Casa Pia,0,2,3,19,12,8,5,802.856645790017,1028.23861307099,0,1,2,0,0,3,2,0,0,8,0,14,0,27,-1,1,7,-7,3,-3,3,2,5,8,12,19
2022-09-11,P1,Arouca,Boavista,0,1,2,6,10,1,4,1001.98158493068,871.857436687221,0,0,1,1,0,0,1,1,7,9,10,12,31,21,-1,1,-4,4,-3,3,2,1,4,1,10,6
2022-09-11,P1,Maritimo,Gil Vicente,0,1,2,18,22,4,5,839.593088113536,910.193253373402,0,0,2,0,0,1,2,4,0,5,0,13,0,19,-1,1,-4,4,-1,1,2,1,5,4,22,18
2022-09-11,P1,Rio Ave,Sp Braga,0,2,3,17,24,5,11,1045.91072416352,1262.9768011185,1,3,0,0,1,3,0,0,5,13,12,22,25,44,-1,1,-7,7,-6,6,3,2,11,5,24,17
2022-09-12,P1,Vizela,Estoril,0,0,1,22,10,7,2,862.127888464073,967.6399437097,0,1,0,0,1,1,2,0,5,7,10,11,18,22,-1,1,12,-12,5,-5,1,0,2,7,10,22
2022-09-16,P1,Portimonense,Chaves,2,1,0,15,17,6,4,984.267768753302,884.315778465999,2,0,0,1,2,0,0,1,12,8,16,8,23,17,1,-1,-2,2,2,-2,0,1,4,6,17,15
2022-09-17,P1,Gil Vicente,Rio Ave,1,2,2,18,8,7,5,935.778783895533,1031.65273844235,0,0,1,0,0,2,2,20,5,5,13,11,22,24,0,0,10,-10,2,-2,2,2,5,7,8,18
2022-09-17,P1,Santa Clara,Pacos Ferreira,1,1,1,8,7,2,4,900.916330275063,789.122090276248,1,0,0,3,1,0,0,3,3,0,4,0,4,0,0,0,1,-1,-2,2,1,1,4,2,7,8
2022-09-17,P1,Estoril,Porto,1,1,1,9,19,4,4,990.210052579014,1303.41333942934,0,1,1,0,0,1,2,0,7,12,13,25,22,42,0,0,-10,10,0,0,1,1,4,4,19,9
2022-09-17,P1,Boavista,Sporting CP,2,2,1,7,11,3,3,915.311690263368,1304.19093485694,1,1,0,0,1,1,0,0,9,9,14,20,23,48,1,-1,-4,4,0,0,1,2,3,3,11,7
2022-09-18,P1,Arouca,Vitoria Guimaraes,1,2,2,10,12,6,5,958.527331354534,1056.51539260783,0,0,2,2,0,0,2,2,7,6,9,15,28,33,0,0,-2,2,1,-1,2,2,5,6,12,10
2022-09-18,P1,Benfica,Maritimo,2,5,0,23,4,12,1,1318.96699194337,814.007557591404,14,0,0,3,20,0,0,3,15,0,25,0,47,0,5,-5,19,-19,11,-11,0,5,1,12,4,23
2022-09-18,P1,Casa Pia,Famalicao,2,1,0,17,10,6,1,1041.97316858475,907.029500799857,0,0,0,1,2,0,1,3,10,4,17,10,29,23,1,-1,7,-7,5,-5,0,1,1,6,10,17
2022-09-18,P1,Sp Braga,Vizela,2,2,0,22,17,10,6,1277.23478683967,839.557779594759,2,0,0,1,3,0,0,2,15,2,22,10,44,18,2,-2,5,-5,4,-4,0,2,6,10,17,22
2022-09-30,P1,Sporting CP,Gil Vicente,2,3,1,16,11,7,4,1246.35669877561,940.085187031878,1,1,0,0,1,2,0,0,6,6,19,13,45,23,2,-2,5,-5,3,-3,1,3,4,7,11,16
2022-09-30,P1,Porto,Sp Braga,2,4,1,16,9,7,0,1291.94112141443,1283.76995673966,4,4,0,0,6,4,0,0,10,15,25,25,43,47,3,-3,7,-7,7,-7,1,4,0,7,9,16
2022-10-01,P1,Vizela,Portimonense,2,1,0,15,18,6,7,833.022609694765,1007.30768378593,0,0,1,1,0,0,3,1,2,12,9,19,15,26,1,-1,-3,3,-1,1,0,1,7,6,18,15
2022-10-01,P1,Chaves,Estoril,1,1,1,12,14,3,3,861.275863433366,1001.68227059392,0,2,0,0,2,2,9,0,5,8,8,11,17,23,0,0,-2,2,0,0,1,1,3,3,14,12
2022-10-01,P1,Vitoria Guimaraes,Benfica,1,0,0,6,6,1,1,1052.11883283321,1326.63443797433,1,3,0,0,1,4,0,0,4,15,13,25,33,49,0,0,0,0,0,0,0,0,1,1,6,6
2022-10-02,P1,Rio Ave,Santa Clara,2,1,0,6,6,3,1,1027.346335306,895.938630991132,0,0,1,3,0,0,1,3,6,4,11,5,22,5,1,-1,0,0,2,-2,0,1,1,3,6,6
2022-10-02,P1,Pacos Ferreira,Arouca,1,1,1,6,12,3,4,794.099789560179,962.923891129156,0,0,3,0,0,2,3,1,1,5,1,9,1,26,0,0,-6,6,-1,1,1,1,4,3,12,6
2022-10-02,P1,Famalicao,Boavista,2,4,0,8,10,4,1,886.868837866221,973.1459263447,0,1,1,0,0,1,1,0,4,9,10,17,20,23,4,-4,-2,2,3,-3,0,4,1,4,10,8
2022-10-03,P1,Maritimo,Casa Pia,0,1,2,19,10,3,2,806.340111560451,1062.13383151839,0,2,3,0,0,4,3,0,0,13,0,17,0,32,-1,1,9,-9,1,-1,2,1,2,3,10,19
2022-10-07,P1,Gil Vicente,Estoril,0,0,1,12,11,3,3,927.242804405349,995.546742961138,0,0,0,0,1,3,3,1,5,8,12,12,20,24,-1,1,1,-1,0,0,1,0,3,3,11,12
2022-10-08,P1,Santa Clara,Sporting CP,0,1,2,9,11,6,3,875.49582094681,1259.19908140214,0,0,0,1,2,0,1,1,4,9,5,19,5,47,-1,1,-2,2,3,-3,2,1,3,6,11,9
2022-10-08,P1,Benfica,Rio Ave,2,4,2,32,8,10,3,1316.09881101848,1047.78914535032,15,0,0,0,21,3,0,21,13,8,26,11,47,25,2,-2,24,-24,7,-7,2,4,3,10,8,32
2022-10-08,P1,Portimonense,Porto,0,0,2,12,18,3,7,960.47887502399,1345.19045133504,3,0,0,0,3,2,0,1,9,10,19,25,25,43,-2,2,-6,6,-4,4,2,0,7,3,18,12
2022-10-08,P1,Pacos Ferreira,Vitoria Guimaraes,0,0,1,23,11,7,2,801.315278692978,1062.65445978906,0,0,0,0,1,1,4,3,2,5,2,14,2,33,-1,1,12,-12,5,-5,1,0,2,7,11,23
2022-10-09,P1,Boavista,Maritimo,1,1,1,20,14,5,3,892.946602279156,794.399764089408,2,0,0,4,2,0,0,4,9,0,16,0,23,0,0,0,6,-6,2,-2,1,1,3,5,14,20
2022-10-09,P1,Casa Pia,Vizela,0,0,1,12,8,5,5,1074.07417898943,879.85141845671,1,0,0,2,3,0,0,3,13,4,20,12,32,18,-1,1,4,-4,0,0,1,0,5,5,8,12
2022-10-09,P1,Sp Braga,Chaves,0,0,1,30,6,5,1,1230.52062681906,867.41139106615,3,0,0,2,4,0,0,2,12,5,22,9,44,15,-1,1,24,-24,4,-4,1,0,1,5,6,30
2022-10-10,P1,Arouca,Famalicao,2,4,1,14,11,7,5,955.708401996358,967.068161931764,0,0,0,2,1,0,3,4,3,6,9,10,27,23,3,-3,3,-3,2,-2,1,4,5,7,11,14
2022-10-21,P1,Porto,Benfica,0,0,1,11,13,4,4,1353.82592949685,1331.52616183867,5,0,0,0,7,5,0,1,13,13,25,26,45,47,-1,1,-2,2,0,0,1,0,4,4,13,11
2022-10-22,P1,Famalicao,Pacos Ferreira,2,2,1,10,12,2,1,910.754236067903,789.681883872927,1,0,0,0,1,1,0,4,3,2,7,2,22,2,1,-1,-2,2,1,-1,1,2,1,2,12,10
2022-10-22,P1,Estoril,Sp Braga,0,0,2,4,14,2,7,1021.33553218973,1173.5638624844,0,0,0,1,1,0,3,1,8,9,15,19,26,41,-2,2,-10,10,-5,5,2,0,7,2,14,4
2022-10-22,P1,Sporting CP,Casa Pia,2,3,1,25,10,10,3,1265.53286611988,1025.8422270988,2,3,0,0,2,5,0,0,12,10,19,20,47,29,2,-2,15,-15,7,-7,1,3,3,10,10,25
2022-10-23,P1,Maritimo,Arouca,1,1,1,16,16,4,5,798.820102975453,1012.02232786022,0,0,4,0,0,3,4,2,1,6,1,12,1,27,0,0,0,0,-1,1,1,1,5,4,16,16
2022-10-23,P1,Vizela,Santa Clara,0,0,1,18,12,3,2,928.083370347338,869.162036229076,1,0,0,4,1,0,0,4,6,4,12,5,20,5,-1,1,6,-6,1,-1,1,0,2,3,12,18
2022-10-23,P1,Chaves,Gil Vicente,2,3,1,18,10,9,3,924.36815540081,901.454015176761,0,0,0,1,3,0,10,1,5,4,12,9,17,19,2,-2,8,-8,6,-6,1,3,3,9,10,18
2022-10-23,P1,Vitoria Guimaraes,Boavista,2,3,2,18,4,9,2,1074.28785460911,888.526263393112,0,0,0,1,2,0,1,1,8,10,17,17,36,24,1,-1,14,-14,7,-7,2,3,2,9,4,18
2022-10-24,P1,Rio Ave,Portimonense,2,1,0,11,12,4,3,1032.36179453013,951.843396862178,1,0,0,2,1,0,0,2,5,6,10,18,24,25,1,-1,-1,1,1,-1,0,1,3,4,12,11
2022-10-28,P1,Pacos Ferreira,Maritimo,0,0,1,10,16,4,7,768.40257921758,807.56711177532,0,0,1,0,0,1,5,5,2,2,2,2,2,2,-1,1,-6,6,-3,3,1,0,7,4,16,10
2022-10-29,P1,Santa Clara,Porto,1,1,1,9,15,5,4,906.537456915566,1319.77486072853,0,1,1,0,0,3,2,0,4,10,8,22,8,42,0,0,-6,6,1,-1,1,1,4,5,15,9
2022-10-29,P1,Benfica,Chaves,2,5,0,18,7,9,2,1365.577230607,965.337453710393,16,1,0,0,22,1,0,0,13,7,28,15,50,20,5,-5,11,-11,7,-7,0,5,2,9,7,18
2022-10-29,P1,Arouca,Sporting CP,2,1,0,10,21,5,7,1003.27531906035,1283.16765506542,1,1,0,0,2,1,0,0,6,12,13,19,25,47,1,-1,-11,11,-2,2,0,1,7,5,21,10
2022-10-30,P1,Boavista,Vizela,1,2,2,12,7,4,5,872.172306146474,890.707949660849,0,1,0,0,3,1,1,0,7,6,16,11,23,19,0,0,5,-5,-1,1,2,2,5,4,7,12
2022-10-30,P1,Portimonense,Estoril,1,1,1,23,10,7,5,927.129439625244,995.552008807705,0,1,1,0,0,4,1,0,3,8,15,15,24,26,0,0,13,-13,2,-2,1,1,5,7,10,23
2022-10-30,P1,Casa Pia,Rio Ave,2,1,0,11,9,2,0,1008.20743815325,1057.07575176706,0,0,1,1,0,0,1,22,9,7,17,12,28,26,1,-1,2,-2,2,-2,0,1,0,2,9,11
2022-10-30,P1,Gil Vicente,Sp Braga,0,0,1,8,14,3,6,860.484716867177,1199.34738586642,0,1,1,0,0,1,4,0,4,9,9,22,18,41,-1,1,-6,6,-3,3,1,0,6,3,14,8
2022-10-31,P1,Vitoria Guimaraes,Famalicao,2,3,2,13,9,6,4,1090.64181185575,932.033540723251,1,0,0,3,3,0,0,5,11,6,17,10,36,25,1,-1,4,-4,2,-2,2,3,4,6,9,13
2022-11-04,P1,Gil Vicente,Portimonense,0,1,2,19,17,6,7,852.517839163369,930.240301981032,0,0,2,3,0,0,5,3,1,4,6,16,17,25,-1,1,2,-2,-1,1,2,1,7,6,17,19
2022-11-05,P1,Vizela,Arouca,0,0,1,25,7,6,2,889.855160650297,1056.62421564701,0,0,1,0,0,4,1,3,7,9,9,16,17,28,-1,1,18,-18,4,-4,1,0,2,6,7,25
2022-11-05,P1,Porto,Pacos Ferreira,2,4,0,18,9,7,3,1306.48861312688,739.994564592067,0,0,1,1,0,0,1,5,8,2,20,2,40,2,4,-4,9,-9,4,-4,0,4,3,7,9,18
2022-11-05,P1,Sporting CP,Vitoria Guimaraes,2,3,0,17,3,6,0,1229.81875847877,1108.97024179786,3,1,0,0,3,2,0,0,9,11,18,17,44,36,3,-3,14,-14,6,-6,0,3,0,6,3,17
2022-11-06,P1,Rio Ave,Boavista,2,1,0,7,7,1,1,1020.60426237028,873.025095157026,2,0,0,2,2,0,0,2,7,5,12,14,25,21,1,-1,0,0,0,0,0,1,1,1,7,7
2022-11-06,P1,Maritimo,Famalicao,1,0,0,17,13,3,3,835.975126400832,913.70511078114,0,0,0,4,1,0,5,6,5,6,5,10,5,24,0,0,4,-4,0,0,0,0,3,3,13,17
2022-11-06,P1,Sp Braga,Casa Pia,0,0,1,28,12,8,3,1207.31426357023,1044.67892755004,0,0,1,1,0,0,1,1,9,9,24,19,43,31,-1,1,16,-16,5,-5,1,0,3,8,12,28
2022-11-06,P1,Estoril,Benfica,0,1,5,8,18,3,7,992.441146451917,1379.0117021171,0,1,1,0,0,6,4,0,6,13,13,28,27,50,-4,4,-10,10,-4,4,5,1,7,3,18,8
2022-11-07,P1,Chaves,Santa Clara,1,0,0,13,18,4,2,951.90298220029,919.823704517216,1,1,0,0,4,1,0,0,7,5,15,8,19,9,0,0,-5,5,2,-2,0,0,2,4,18,13
2022-11-12,P1,Arouca,Rio Ave,0,0,1,11,9,0,5,1074.34442204086,1039.77422242145,2,0,0,2,3,0,0,23,11,9,16,15,31,27,-1,1,2,-2,-5,5,1,0,5,0,9,11
2022-11-12,P1,Boavista,Porto,0,1,4,6,24,0,9,853.855135105857,1311.25325835171,0,0,0,0,4,4,2,1,2,10,11,20,21,40,-3,3,-18,18,-9,9,4,1,9,0,24,6
2022-11-13,P1,Vitoria Guimaraes,Maritimo,2,1,0,12,6,4,3,1072.67672056168,839.496173451315,2,1,0,0,4,2,0,0,10,6,14,6,33,6,1,-1,6,-6,1,-1,0,1,3,4,6,12
2022-11-13,P1,Pacos Ferreira,Vizela,0,0,2,14,21,5,9,735.229919367243,872.134954256438,0,0,2,0,0,2,6,1,1,7,2,9,2,17,-2,2,-7,7,-4,4,2,0,9,5,21,14
2022-11-13,P1,Benfica,Gil Vicente,2,3,1,17,4,6,2,1391.59019708798,827.559274049281,17,0,0,2,23,0,0,2,13,0,28,6,50,17,2,-2,13,-13,4,-4,1,3,2,6,4,17
2022-11-13,P1,Casa Pia,Chaves,0,1,2,14,13,4,4,1090.65219452671,950.42986067119,1,0,0,1,1,0,0,1,9,8,22,13,34,20,-1,1,1,-1,0,0,2,1,4,4,13,14
2022-11-13,P1,Portimonense,Sp Braga,0,1,2,14,22,5,10,955.19886709512,1161.34099659356,0,2,0,0,1,2,2,0,4,6,16,21,28,40,-1,1,-8,8,-5,5,2,1,10,5,22,14
2022-11-13,P1,Famalicao,Sporting CP,0,1,2,11,21,2,8,910.184063730657,1266.11227971495,2,0,0,1,2,0,0,1,7,12,11,18,22,44,-1,1,-10,10,-6,6,2,1,8,2,21,11
2022-11-14,P1,Santa Clara,Estoril,2,3,1,15,16,9,1,921.296826046316,979.862651481033,0,0,0,0,1,5,3,1,5,5,9,13,10,24,2,-2,-1,1,8,-8,1,3,1,9,16,15
2022-12-23,P1,Rio Ave,Maritimo,1,1,1,19,8,5,1,1074.94778912779,826.239669211969,3,0,0,1,3,0,0,1,9,6,17,6,29,6,0,0,11,-11,4,-4,1,1,1,5,8,19
2022-12-28,P1,Portimonense,Casa Pia,0,1,2,6,20,2,7,940.231909783554,1046.39560292984,0,1,1,0,0,1,3,0,4,6,13,19,28,31,-1,1,-14,14,-5,5,2,1,7,2,20,6
2022-12-28,P1,Porto,Arouca,2,5,1,16,8,11,2,1318.56538410781,1039.17085533452,1,1,0,0,1,5,0,0,10,10,20,13,43,28,4,-4,8,-8,9,-9,1,5,2,11,8,16
2022-12-29,P1,Gil Vicente,Santa Clara,2,1,0,14,10,5,1,824.275108885233,972.478112062379,0,0,3,0,0,2,6,1,0,8,5,12,17,13,1,-1,4,-4,4,-4,0,1,1,5,10,14
2022-12-29,P1,Sporting CP,Pacos Ferreira,2,3,0,15,6,5,1,1273.41882950068,707.81196077927,4,0,0,2,4,0,0,6,12,0,21,2,44,2,3,-3,9,-9,4,-4,0,3,1,5,6,15
2022-12-30,P1,Chaves,Famalicao,0,0,2,19,15,3,6,994.686452268053,902.877513944932,0,0,0,0,5,1,1,7,10,4,15,10,23,19,-2,2,4,-4,-3,3,2,0,6,3,15,19
2022-12-30,P1,Vizela,Vitoria Guimaraes,2,3,0,9,16,4,3,899.552912844411,1085.93322480102,0,0,2,1,0,0,2,1,7,12,11,17,20,33,3,-3,-7,7,1,-1,0,3,3,4,16,9
2022-12-30,P1,Sp Braga,Benfica,2,3,0,15,10,6,3,1176.30795390512,1394.87436225203,0,2,2,0,0,7,2,0,9,15,21,28,40,50,3,-3,5,-5,3,-3,0,3,3,6,10,15
2023-01-05,P1,Santa Clara,Sp Braga,0,0,4,3,26,0,13,927.599885826741,1261.23663958575,1,3,0,0,2,3,0,0,8,12,12,21,13,43,-4,4,-23,23,-13,13,4,0,13,0,26,3
2023-01-06,P1,Benfica,Portimonense,2,1,0,27,1,12,0,1309.9456765714,917.716576751991,18,1,0,0,24,1,0,0,12,4,25,10,50,25,1,-1,26,-26,12,-12,0,1,0,12,1,27
2023-01-06,P1,Famalicao,Vizela,2,2,1,9,7,3,4,958.061972649977,980.820953569378,0,1,1,0,0,3,1,0,7,7,10,13,21,23,1,-1,2,-2,-1,1,1,2,4,3,7,9
2023-01-07,P1,Arouca,Estoril,2,2,0,17,14,7,3,1017.64991616176,928.68136546497,0,0,1,1,0,0,1,2,7,4,13,12,25,21,2,-2,3,-3,4,-4,0,2,3,7,14,17
2023-01-07,P1,Vitoria Guimaraes,Rio Ave,1,0,0,9,9,2,0,1004.66518407606,1065.11857977464,3,1,0,0,5,1,0,0,9,10,17,15,30,27,0,0,0,0,2,-2,0,0,0,2,9,9
2023-01-07,P1,Casa Pia,Porto,1,0,0,2,25,0,9,1068.91093596141,1340.08632328058,0,1,1,0,0,5,1,0,9,10,19,23,33,46,0,0,-23,23,-9,9,0,0,9,0,25,2
2023-01-08,P1,Pacos Ferreira,Chaves,1,1,1,18,12,4,2,703.764010620853,939.501993563008,0,1,3,0,0,1,7,0,0,7,2,12,2,23,0,0,6,-6,2,-2,1,1,2,4,12,18
2023-01-08,P1,Maritimo,Sporting CP,2,1,0,9,10,2,1,836.06887856512,1277.4667796591,0,1,0,0,2,1,6,0,6,12,7,24,7,44,1,-1,-1,1,1,-1,0,1,1,2,10,9
2023-01-08,P1,Boavista,Gil Vicente,2,1,0,13,18,5,4,846.543009349751,869.153335120871,0,0,1,3,0,0,3,3,2,3,11,7,20,20,1,-1,-5,5,1,-1,0,1,4,5,18,13
2023-01-13,P1,Portimonense,Santa Clara,1,0,0,24,10,4,2,911.657421592001,911.113157267489,0,0,2,1,0,0,4,2,4,5,7,9,24,13,0,0,14,-14,2,-2,0,0,2,4,10,24
2023-01-14,P1,Vizela,Maritimo,2,3,0,18,8,9,1,946.727767049589,895.394263921639,1,0,0,0,1,1,0,2,7,8,13,10,23,10,3,-3,10,-10,8,-8,0,3,1,9,8,18
2023-01-14,P1,Rio Ave,Pacos Ferreira,0,0,1,16,5,6,2,1062.36235746989,713.212792707813,0,0,0,3,4,0,1,7,8,1,15,3,27,3,-1,1,11,-11,4,-4,1,0,2,6,5,16
2023-01-14,P1,Sp Braga,Boavista,2,1,0,9,10,4,0,1277.723368145,880.622562426659,1,0,0,3,1,0,0,3,12,4,21,14,43,23,1,-1,-1,1,4,-4,0,1,0,4,10,9
2023-01-15,P1,Chaves,Arouca,1,1,1,15,18,5,6,930.053211476048,1050.51602762153,0,0,1,1,0,0,2,1,5,9,12,15,21,25,0,0,-3,3,-1,1,1,1,6,5,18,15
2023-01-15,P1,Benfica,Sporting CP,1,2,2,14,8,8,3,1316.00483173139,1218.14139430258,19,0,0,1,25,0,0,1,12,9,25,21,50,41,0,0,6,-6,5,-5,2,2,3,8,8,14
2023-01-15,P1,Porto,Famalicao,2,4,1,17,10,9,2,1329.63837516462,992.155159169765,2,1,0,0,2,2,0,0,11,7,21,13,46,24,3,-3,7,-7,7,-7,1,4,2,9,10,17
2023-01-16,P1,Estoril,Casa Pia,2,2,0,11,6,3,0,895.815254005196,1079.35888407737,0,2,2,0,0,2,5,0,1,10,9,19,20,33,2,-2,5,-5,3,-3,0,2,0,3,6,11
2023-01-16,P1,Gil Vicente,Vitoria Guimaraes,2,2,1,9,11,6,2,835.073782043963,1007.4214063808,1,0,0,2,1,0,0,2,3,7,7,18,20,30,1,-1,-2,2,4,-4,1,2,2,6,11,9
2023-01-20,P1,Arouca,Portimonense,2,4,0,17,3,12,0,1045.18061416754,911.632357314099,1,0,0,1,1,0,0,1,7,4,16,8,25,24,4,-4,14,-14,12,-12,0,4,0,12,3,17
2023-01-20,P1,Sporting CP,Vizela,2,2,1,21,8,8,3,1222.53264775917,993.260456050181,5,0,0,1,5,0,0,1,10,9,19,16,39,26,1,-1,13,-13,5,-5,1,2,3,8,8,21
2023-01-21,P1,Pacos Ferreira,Sp Braga,0,1,2,11,15,5,10,769.649855550147,1283.63042764621,0,4,0,0,1,4,8,0,4,12,6,21,6,43,-1,1,-4,4,-5,5,2,1,10,5,15,11
2023-01-21,P1,Santa Clara,Benfica,0,0,3,8,12,1,5,911.138221545392,1311.6135782748,0,0,1,1,0,0,1,1,5,10,10,23,14,48,-3,3,-4,4,-4,4,3,0,5,1,12,8
2023-01-21,P1,Vitoria Guimaraes,Porto,0,0,1,9,14,0,2,960.73308551691,1343.30949894598,0,0,0,0,6,6,1,1,4,13,15,21,30,46,-1,1,-5,5,-2,2,1,0,2,0,14,9
2023-01-22,P1,Maritimo,Estoril,2,1,0,11,11,2,2,848.861574921048,960.902854084998,1,0,0,2,3,0,0,3,5,4,10,12,10,23,1,-1,0,0,0,0,0,1,2,2,11,11
2023-01-22,P1,Casa Pia,Gil Vicente,0,1,3,14,12,5,7,1014.27128399756,881.762102907857,0,0,0,4,1,0,2,4,7,6,16,7,33,20,-2,2,2,-2,-2,2,3,1,7,5,12,14
2023-01-22,P1,Famalicao,Rio Ave,1,0,0,19,14,5,2,978.484035388398,1005.92529462756,1,0,0,0,1,2,0,1,7,8,13,15,23,26,0,0,5,-5,3,-3,0,0,2,5,14,19
2023-01-23,P1,Boavista,Chaves,1,1,1,18,7,3,3,874.715502925456,935.388624930042,1,0,0,0,1,2,0,1,4,6,11,13,23,21,0,0,11,-11,0,0,1,1,3,3,7,18
2023-01-26,P1,Pacos Ferreira,Benfica,0,0,2,12,13,3,6,766.492961920183,1321.50377705266,0,1,1,0,0,1,9,0,4,10,5,23,6,48,-2,2,-1,1,-3,3,2,0,6,3,13,12
2023-01-29,P1,Casa Pia,Santa Clara,2,2,1,19,6,8,3,954.453185805573,901.248022767532,0,0,1,0,0,1,3,3,4,4,13,9,30,14,1,-1,13,-13,5,-5,1,2,3,8,6,19
2023-01-29,P1,Vizela,Rio Ave,2,3,1,12,13,7,2,979.765921769959,1004.66419917148,2,0,0,0,2,3,0,2,9,6,16,15,25,26,2,-2,-1,1,5,-5,1,3,2,7,13,12
2023-01-29,P1,Boavista,Portimonense,2,4,2,18,7,10,3,877.481542656699,870.770241283455,0,0,0,2,2,0,1,2,4,1,9,5,23,24,2,-2,11,-11,7,-7,2,4,3,10,7,18
2023-01-29,P1,Famalicao,Estoril,2,1,0,16,16,6,6,979.745130844472,918.926909128201,0,0,0,3,2,0,1,4,7,3,14,9,24,22,1,-1,0,0,0,0,0,1,6,6,16,16
2023-01-30,P1,Vitoria Guimaraes,Chaves,2,2,1,18,16,6,4,954.362185314175,932.622585198799,0,0,1,0,0,3,2,2,4,6,14,14,27,22,1,-1,2,-2,2,-2,1,2,4,6,16,18
2023-01-31,P1,Pacos Ferreira,Gil Vicente,2,2,1,21,10,8,4,763.040654119764,941.580201099848,0,1,2,0,0,1,10,0,4,9,4,9,6,22,1,-1,11,-11,4,-4,1,2,4,8,10,21
2023-01-31,P1,Arouca,Benfica,0,0,3,6,5,0,3,1086.04273019818,1324.95608485308,2,2,0,0,2,2,0,0,7,10,18,25,27,51,-3,3,1,-1,-3,3,3,0,3,0,5,6
2023-02-01,P1,Maritimo,Porto,0,0,2,10,9,2,4,890.837519877844,1349.68039914872,2,1,0,0,4,7,0,0,7,13,13,23,13,48,-2,2,1,-1,-2,2,2,0,4,2,9,10
2023-02-01,P1,Sporting CP,Sp Braga,2,5,0,22,4,9,4,1236.0271820394,1286.78732127617,6,5,0,0,6,5,0,0,10,15,22,21,41,46,5,-5,18,-18,5,-5,0,5,4,9,4,22
2023-02-04,P1,Santa Clara,Boavista,1,2,2,11,6,3,4,874.110449292402,920.492082546911,0,0,2,4,0,0,2,4,1,7,9,9,14,26,0,0,5,-5,-1,1,2,2,4,3,6,11
2023-02-04,P1,Benfica,Casa Pia,2,3,0,16,7,5,0,1346.96128197389,981.590759280702,0,0,0,1,26,0,1,1,13,7,25,13,51,33,3,-3,9,-9,5,-5,0,3,0,5,7,16
2023-02-04,P1,Estoril,Vitoria Guimaraes,0,0,1,15,12,4,3,892.471952421139,984.362503188937,1,0,0,3,1,0,0,3,3,4,8,16,19,30,-1,1,3,-3,1,-1,1,0,3,4,12,15
2023-02-05,P1,Chaves,Maritimo,2,2,1,5,15,5,3,902.622267324036,885.002130725032,0,0,0,1,1,0,3,3,3,7,13,13,22,13,1,-1,-10,10,2,-2,1,2,3,5,15,5
2023-02-05,P1,Sp Braga,Famalicao,2,4,1,14,6,4,1,1202.07241966715,1006.20008755153,2,0,0,1,2,0,0,1,12,10,21,14,43,24,3,-3,8,-8,3,-3,1,4,1,4,6,14
2023-02-05,P1,Porto,Vizela,2,2,0,15,10,4,3,1355.51578830153,1026.7611391078,3,0,0,2,3,0,0,2,13,9,23,16,48,28,2,-2,5,-5,1,-1,0,2,3,4,10,15
2023-02-05,P1,Gil Vicente,Arouca,1,1,1,17,12,7,6,894.445438436109,1064.03753307736,2,0,0,0,2,1,0,2,9,7,9,17,21,26,0,0,5,-5,1,-1,1,1,6,7,12,17
2023-02-06,P1,Portimonense,Pacos Ferreira,2,1,0,15,8,3,4,827.759701393243,810.175416783502,0,1,0,0,1,1,5,0,1,7,5,7,24,9,1,-1,7,-7,-1,1,0,1,4,3,8,15
2023-02-06,P1,Rio Ave,Sporting CP,0,0,1,5,8,1,1,957.668981833642,1320.74208364842,0,0,1,0,0,1,2,2,3,10,12,22,23,41,-1,1,-3,3,0,0,1,0,1,1,8,5
2023-02-09,P1,Estoril,Boavista,2,2,1,27,5,13,4,868.743413086151,918.368728203432,0,0,1,0,0,1,1,5,3,8,7,10,19,26,1,-1,22,-22,9,-9,1,2,4,13,5,27
2023-02-10,P1,Vizela,Chaves,1,0,0,15,15,4,5,1015.27361901451,933.000782680528,3,0,0,1,3,0,0,3,6,6,13,13,25,25,0,0,0,0,-1,1,0,0,5,4,15,15
2023-02-11,P1,Arouca,Santa Clara,2,1,0,9,4,4,0,1056.79389740376,876.233803635881,0,0,1,1,0,0,1,4,8,2,15,10,27,15,1,-1,5,-5,4,-4,0,1,0,4,4,9
2023-02-11,P1,Vitoria Guimaraes,Portimonense,2,1,0,9,8,4,3,1008.09104252393,858.141510378771,1,0,0,3,1,0,0,3,7,4,16,8,33,26,1,-1,1,-1,1,-1,0,1,3,4,8,9
2023-02-12,P1,Famalicao,Gil Vicente,0,0,1,16,16,3,3,979.521389248198,901.689074109711,1,0,0,1,3,0,0,1,7,7,14,10,21,19,-1,1,0,0,0,0,1,0,3,3,16,16
2023-02-12,P1,Sporting CP,Porto,0,1,2,15,10,5,3,1327.78662321223,1367.00330839482,7,2,0,0,7,8,0,0,10,13,22,23,41,48,-1,1,5,-5,2,-2,2,1,3,5,10,15
2023-02-12,P1,Maritimo,Sp Braga,0,1,2,18,9,6,3,854.62361536854,1228.75111797048,0,0,1,1,0,0,1,1,6,12,12,24,13,43,-1,1,9,-9,3,-3,2,1,3,6,9,18
2023-02-13,P1,Rio Ave,Estoril,2,2,0,10,16,3,3,950.624442269833,905.283242611121,0,0,2,4,0,0,3,5,2,6,12,7,22,22,2,-2,-6,6,0,0,0,2,3,3,16,10
2023-02-13,P1,Boavista,Casa Pia,1,0,0,10,6,3,2,881.828898678462,969.726632662316,1,0,0,2,3,0,0,2,5,4,9,13,26,33,0,0,4,-4,1,-1,0,0,2,3,6,10
2023-02-17,P1,Gil Vicente,Vizela,1,1,1,16,13,6,4,940.740136198317,1011.55407995878,0,0,0,3,3,0,1,3,10,7,13,14,22,25,0,0,3,-3,2,-2,1,1,4,6,13,16
2023-02-18,P1,Estoril,Pacos Ferreira,0,1,3,13,17,4,5,867.116879335177,779.793607797973,1,0,0,1,1,0,0,1,3,6,7,7,22,9,-2,2,-4,4,-1,1,3,1,5,4,17,13
2023-02-18,P1,Portimonense,Maritimo,2,2,1,11,8,3,2,839.154271220412,847.968220739584,1,0,0,2,2,0,0,4,4,3,8,11,23,13,1,-1,3,-3,1,-1,1,2,2,3,8,11
2023-02-18,P1,Porto,Rio Ave,2,1,0,14,11,4,4,1395.4065801891,988.790805545776,4,0,0,1,4,0,0,3,15,4,26,12,48,24,1,-1,3,-3,0,0,0,1,4,4,11,14
2023-02-19,P1,Santa Clara,Famalicao,0,1,3,16,17,7,7,859.512638644,940.470327159592,0,0,0,2,1,0,3,2,2,4,7,11,15,21,-2,2,-1,1,0,0,3,1,7,7,17,16
2023-02-19,P1,Sp Braga,Arouca,2,2,0,7,13,4,3,1235.40651259944,1073.51506239564,3,0,0,0,3,2,0,3,12,8,24,17,46,30,2,-2,-6,6,1,-1,0,2,3,4,13,7
2023-02-19,P1,Casa Pia,Vitoria Guimaraes,1,0,0,11,9,2,0,965.762996570391,1027.07828168228,1,1,0,0,1,1,0,0,4,9,14,16,31,33,0,0,2,-2,2,-2,0,0,0,2,9,11
2023-02-20,P1,Chaves,Sporting CP,0,2,3,13,16,5,8,936.720321736257,1299.38335141795,1,1,0,0,2,2,0,0,6,10,11,19,26,38,-1,1,-3,3,-3,3,3,2,8,5,16,13
2023-02-20,P1,Benfica,Boavista,2,3,1,18,5,10,2,1358.82540859228,885.792534770387,1,0,0,1,27,0,0,6,13,6,25,10,53,26,2,-2,13,-13,8,-8,1,3,2,10,5,18
2023-02-24,P1,Famalicao,Portimonense,2,1,0,21,17,6,7,974.289492398018,871.965891868556,0,0,1,4,0,0,1,4,7,6,14,10,24,26,1,-1,4,-4,-1,1,0,1,7,6,17,21
2023-02-25,P1,Arouca,Casa Pia,2,2,0,9,11,3,3,1048.73244476693,968.557715980676,1,0,0,0,1,1,0,3,7,5,14,12,30,31,2,-2,-2,2,0,0,0,2,3,3,11,9
2023-02-25,P1,Maritimo,Santa Clara,2,3,1,26,11,7,6,815.15660009144,825.693473405574,0,0,2,2,0,0,2,5,3,1,8,6,13,14,2,-2,15,-15,1,-1,1,3,6,7,11,26
2023-02-25,P1,Vizela,Benfica,0,0,2,9,11,3,6,1008.33739709978,1364.23129581607,0,3,0,0,4,3,1,0,5,15,14,25,23,53,-2,2,-2,2,-3,3,2,0,6,3,11,9
2023-02-26,P1,Rio Ave,Chaves,2,1,0,10,11,3,6,983.170943199091,929.660969831833,1,0,0,0,1,1,0,4,4,5,12,11,24,26,1,-1,-1,1,-3,3,0,1,6,3,11,10
2023-02-26,P1,Pacos Ferreira,Boavista,0,1,3,15,12,6,4,834.447859798683,880.386647546593,1,0,0,2,1,0,0,7,6,5,10,9,12,23,-2,2,3,-3,2,-2,3,1,4,6,12,15
2023-02-26,P1,Porto,Gil Vicente,0,1,2,11,9,4,4,1401.02644253578,943.956819057321,5,1,0,0,5,1,0,0,15,8,28,14,48,20,-1,1,2,-2,0,0,2,1,4,4,9,11
2023-02-27,P1,Sporting CP,Estoril,2,2,0,17,3,8,0,1306.44270332237,812.462627334467,0,0,1,5,0,0,1,6,12,3,22,6,40,19,2,-2,14,-14,8,-8,0,2,0,8,3,17
2023-02-27,P1,Vitoria Guimaraes,Sp Braga,2,2,1,9,13,2,4,1024.283562272,1260.18913022816,2,1,0,0,2,1,0,0,10,12,14,24,31,48,1,-1,-4,4,-2,2,1,2,4,2,13,9
2023-03-03,P1,Boavista,Arouca,1,0,0,10,8,2,1,918.478862761095,1082.64531514428,0,0,0,1,4,0,1,4,5,7,12,14,23,30,0,0,2,-2,1,-1,0,0,1,2,8,10
2023-03-03,P1,Benfica,Famalicao,2,2,0,19,7,7,0,1374.247044256,997.128486698946,2,1,0,0,28,1,0,0,15,9,25,16,53,27,2,-2,12,-12,7,-7,0,2,0,7,7,19
2023-03-04,P1,Estoril,Vizela,0,0,3,10,6,2,3,807.637040743762,998.321648659855,0,0,1,0,0,1,1,4,3,5,6,14,19,23,-3,3,4,-4,-1,1,3,0,3,2,6,10
2023-03-04,P1,Portimonense,Sporting CP,0,0,1,6,21,4,7,849.126897567628,1311.26828991308,2,2,0,0,3,3,0,0,6,12,7,22,23,40,-1,1,-15,15,-3,3,1,0,7,4,21,6
2023-03-04,P1,Chaves,Porto,0,1,3,13,13,4,5,902.550818559158,1341.32488947597,0,3,1,0,0,9,1,0,4,12,10,25,23,45,-2,2,0,0,-1,1,3,1,5,4,13,13
2023-03-05,P1,Gil Vicente,Maritimo,2,2,0,11,19,5,6,1003.65837211714,860.34390498759,0,0,0,3,4,0,2,5,8,3,17,10,23,16,2,-2,-8,8,-1,1,0,2,6,5,19,11
2023-03-05,P1,Santa Clara,Vitoria Guimaraes,0,1,3,16,11,5,6,780.506168509424,1075.19117575534,0,0,1,0,0,2,4,1,1,13,5,17,14,31,-2,2,5,-5,-1,1,3,1,6,5,11,16
2023-03-05,P1,Sp Braga,Rio Ave,2,2,0,21,10,11,4,1209.28151674482,1010.28109447177,4,0,0,2,4,0,0,4,9,6,24,12,45,27,2,-2,11,-11,7,-7,0,2,4,11,10,21
2023-03-06,P1,Casa Pia,Pacos Ferreira,2,2,1,9,14,4,2,934.64484560332,796.355644584182,0,1,0,0,2,1,1,0,5,6,9,10,31,12,1,-1,-5,5,2,-2,1,2,2,4,14,9
2023-03-10,P1,Porto,Estoril,2,3,2,12,9,5,3,1347.82196578494,780.351945783317,0,0,1,6,0,0,1,7,12,3,25,6,45,18,1,-1,3,-3,2,-2,2,3,3,5,9,12
2023-03-11,P1,Chaves,Portimonense,2,2,0,13,19,8,2,896.053742250182,844.944048057967,0,0,2,5,0,0,2,5,4,6,7,7,22,20,2,-2,-6,6,6,-6,0,2,2,8,19,13
2023-03-11,P1,Pacos Ferreira,Santa Clara,2,1,0,15,11,4,4,776.45998539525,766.915266362235,0,0,1,3,0,0,1,6,6,1,10,2,12,14,1,-1,4,-4,0,0,0,1,4,4,11,15
2023-03-11,P1,Vitoria Guimaraes,Arouca,0,0,2,25,9,8,4,1088.78207790252,1075.60172577337,3,0,0,0,3,1,0,5,13,8,17,15,34,28,-2,2,16,-16,4,-4,2,0,4,8,9,25
2023-03-11,P1,Vizela,Sp Braga,0,0,4,13,13,1,7,1025.6067436203,1230.44763606368,0,0,1,1,0,0,2,1,5,12,14,24,25,45,-4,4,0,0,-6,6,4,0,7,1,13,13
2023-03-12,P1,Rio Ave,Gil Vicente,2,2,1,14,17,5,6,989.114975152912,1030.38578679425,2,2,0,0,2,2,0,0,6,11,9,20,26,25,1,-1,-3,3,-1,1,1,2,6,5,17,14
2023-03-12,P1,Maritimo,Benfica,0,0,3,8,21,2,10,833.616490310484,1383.22883369268,1,4,0,0,1,4,0,0,3,15,10,25,16,53,-3,3,-13,13,-8,8,3,0,10,2,21,8
2023-03-12,P1,Sporting CP,Boavista,2,3,0,16,2,5,0,1315.45113942274,925.522452132003,1,1,0,0,1,1,0,0,12,5,22,13,43,24,3,-3,14,-14,5,-5,0,3,0,5,2,16
2023-03-13,P1,Famalicao,Casa Pia,2,1,0,16,11,4,2,988.146697262263,954.540504792252,1,0,0,1,1,0,0,4,6,5,16,12,26,31,1,-1,5,-5,2,-2,0,1,2,4,11,16
2023-03-17,P1,Santa Clara,Rio Ave,0,0,2,9,17,1,8,735.794146385224,1024.89837906026,0,0,2,3,0,0,5,5,0,9,2,11,14,26,-2,2,-8,8,-7,7,2,0,8,1,17,9
2023-03-18,P1,Portimonense,Vizela,0,0,1,15,9,3,2,807.49198896952,995.264120147627,0,1,1,0,0,2,1,0,3,5,7,11,17,24,-1,1,6,-6,1,-1,1,0,2,3,9,15
2023-03-18,P1,Arouca,Pacos Ferreira,1,1,1,17,14,5,4,1121.12233322387,807.58110537226,2,0,0,1,2,0,0,1,10,6,18,13,31,15,0,0,3,-3,1,-1,1,1,4,5,14,17
2023-03-18,P1,Benfica,Vitoria Guimaraes,2,5,1,12,6,5,4,1387.65135220142,1043.26147045203,3,1,0,0,29,3,0,0,15,10,28,17,53,34,4,-4,6,-6,1,-1,1,5,4,5,6,12
2023-03-18,P1,Estoril,Chaves,0,0,2,9,15,3,5,778.000954349568,933.505801338629,0,0,2,1,0,0,2,5,0,4,6,10,15,22,-2,2,-6,6,-2,2,2,0,5,3,15,9
2023-03-19,P1,Casa Pia,Maritimo,2,2,0,16,17,5,3,925.626132461696,829.193971801748,1,0,0,4,3,0,0,6,5,3,9,9,28,16,2,-2,-1,1,2,-2,0,2,3,5,17,16
2023-03-19,P1,Sp Braga,Porto,1,0,0,14,5,4,2,1260.79025953635,1350.17295721869,5,4,0,0,5,10,0,0,12,12,24,25,45,48,0,0,9,-9,2,-2,0,0,2,4,5,14
2023-03-19,P1,Boavista,Famalicao,0,1,2,16,7,6,3,915.07251742595,1017.06106959282,0,0,0,1,5,0,2,1,5,9,10,16,24,26,-1,1,9,-9,3,-3,2,1,3,6,7,16
2023-03-31,P1,Estoril,Gil Vicente,2,1,0,7,14,2,4,752.559450569497,994.602382886895,0,0,3,1,0,0,3,1,0,10,3,17,15,24,1,-1,-7,7,-2,2,0,1,4,2,14,7
2023-04-01,P1,Vizela,Casa Pia,2,3,1,11,10,8,4,1011.47756771596,957.614133142025,0,0,2,2,0,0,3,5,7,7,14,11,27,30,2,-2,1,-1,4,-4,1,3,4,8,10,11
2023-04-01,P1,Vitoria Guimaraes,Pacos Ferreira,1,0,0,17,9,3,4,1027.64453128541,819.060879926034,0,0,1,0,0,1,1,2,7,7,16,13,34,16,0,0,8,-8,-1,1,0,0,4,3,9,17
2023-04-01,P1,Sporting CP,Santa Clara,2,3,0,14,10,5,4,1325.90107412879,721.83017662229,2,0,0,4,2,0,0,7,12,0,22,2,46,11,3,-3,4,-4,1,-1,0,3,4,5,10,14
2023-04-02,P1,Chaves,Sp Braga,0,1,2,14,17,8,8,958.9473051187,1264.81801574135,1,1,0,0,1,1,0,0,6,10,12,22,24,43,-1,1,-3,3,0,0,2,1,8,8,17,14
2023-04-02,P1,Maritimo,Boavista,2,4,2,11,11,6,6,797.205971121419,892.205185336405,0,0,1,1,0,0,1,1,3,4,6,10,16,21,2,-2,0,0,0,0,2,4,6,6,11,11
2023-04-02,P1,Rio Ave,Benfica,0,0,1,10,12,4,5,1038.8623488232,1403.26829136803,3,5,0,0,3,5,0,0,9,15,13,28,28,53,-1,1,-2,2,-1,1,1,0,5,4,12,10
2023-04-02,P1,Porto,Portimonense,2,1,0,17,6,6,0,1346.14520101369,791.278541401187,1,0,0,6,1,0,0,6,10,3,25,7,46,14,1,-1,11,-11,6,-6,0,1,0,6,6,17
2023-04-03,P1,Famalicao,Arouca,0,0,1,18,9,1,2,1039.92840168236,1109.6425586701,2,1,0,0,2,2,0,0,12,8,16,16,29,31,-1,1,9,-9,-1,1,1,0,2,1,9,18
2023-04-05,P1,Gil Vicente,Sporting CP,1,0,0,8,12,2,7,943.330682506062,1329.16912253085,1,3,0,0,5,4,0,0,7,15,17,25,24,46,0,0,-4,4,-5,5,0,0,7,2,12,8
2023-04-07,P1,Santa Clara,Vizela,0,0,1,10,5,2,3,718.562128220232,1048.58983120123,0,2,3,0,0,3,6,0,0,9,1,14,11,30,-1,1,5,-5,-1,1,1,0,3,2,5,10
2023-04-07,P1,Benfica,Porto,0,1,2,7,7,1,3,1410.26487498268,1348.66613019776,4,0,0,0,30,11,0,1,15,10,30,25,53,46,-1,1,0,0,-2,2,2,1,3,1,7,7
2023-04-07,P1,Boavista,Vitoria Guimaraes,2,2,1,12,10,4,4,836.645771538245,1019.04773127602,0,0,1,1,0,0,3,1,4,7,9,17,18,32,1,-1,2,-2,0,0,1,2,4,4,10,12
2023-04-08,P1,Arouca,Maritimo,2,1,0,11,15,2,6,1135.30645450731,852.765384919579,0,0,0,5,3,0,1,7,11,6,18,9,34,19,1,-1,-4,4,-4,4,0,1,6,2,15,11
2023-04-08,P1,Pacos Ferreira,Famalicao,0,1,3,13,9,2,5,827.657679935425,1014.26450584515,1,1,0,0,1,1,0,0,5,9,11,16,17,29,-2,2,4,-4,-3,3,3,1,5,2,9,13
2023-04-08,P1,Portimonense,Rio Ave,1,2,2,17,18,6,8,788.757612217116,1031.86576520854,0,1,2,0,0,1,2,0,0,9,6,13,14,28,0,0,-1,1,-2,2,2,2,8,6,18,17
2023-04-08,P1,Sp Braga,Estoril,2,4,1,16,6,6,3,1274.20672083584,803.831150950331,0,0,0,7,6,0,1,8,10,3,22,6,43,15,3,-3,10,-10,3,-3,1,4,3,6,6,16
2023-04-09,P1,Casa Pia,Sporting CP,0,3,4,8,20,5,12,920.501869656753,1316.30111500475,2,0,0,0,4,5,0,1,6,13,11,25,27,44,-1,1,-12,12,-7,7,4,3,12,5,20,8
2023-04-10,P1,Gil Vicente,Chaves,1,0,0,15,16,4,5,956.198690032167,949.558600024212,0,1,0,0,6,1,1,0,7,6,15,11,22,24,0,0,-1,1,-1,1,0,0,5,4,16,15
2023-04-14,P1,Famalicao,Vitoria Guimaraes,2,2,1,10,16,3,5,1036.59733866696,971.638259599254,0,0,1,2,0,0,1,2,9,4,18,17,32,31,1,-1,-6,6,-2,2,1,2,5,3,16,10
2023-04-15,P1,Estoril,Portimonense,0,0,1,13,15,3,5,797.012459713792,798.424667890401,1,0,0,7,1,0,0,7,3,1,6,7,14,12,-1,1,-2,2,-2,2,1,0,5,3,15,13
2023-04-15,P1,Maritimo,Pacos Ferreira,2,3,1,12,7,6,3,842.248967483876,805.324847113619,1,0,0,0,1,2,0,3,3,5,6,11,19,16,2,-2,5,-5,3,-3,1,3,3,6,7,12
2023-04-15,P1,Chaves,Benfica,2,1,0,9,19,2,4,949.864350244618,1372.65012870585,0,6,1,0,0,6,1,0,7,12,11,27,25,50,1,-1,-10,10,-2,2,0,1,4,2,19,9
2023-04-15,P1,Porto,Santa Clara,2,2,1,12,8,4,2,1386.28087647458,710.233680342052,2,0,0,5,2,0,0,8,13,0,25,1,48,10,1,-1,4,-4,2,-2,1,2,2,4,8,12
2023-04-16,P1,Rio Ave,Casa Pia,1,1,1,10,7,4,2,1022.19870953526,914.554514209118,0,0,1,3,0,0,1,6,7,6,13,11,28,24,0,0,3,-3,2,-2,1,1,2,4,7,10
2023-04-16,P1,Sp Braga,Gil Vicente,2,1,0,19,10,10,3,1281.02541207238,955.892939811762,1,0,0,2,7,0,0,2,13,5,22,13,43,22,1,-1,9,-9,7,-7,0,1,3,10,10,19
2023-04-16,P1,Sporting CP,Arouca,1,1,1,26,4,5,2,1322.24847045238,1145.82287194302,3,2,0,0,3,3,0,0,13,11,25,18,47,36,0,0,22,-22,3,-3,1,1,2,5,4,26
2023-04-17,P1,Vizela,Boavista,1,1,1,9,14,5,6,1056.91827907941,884.055243215011,1,0,0,2,1,0,0,2,12,4,17,9,33,18,0,0,-5,5,-1,1,1,1,6,5,14,9
2023-04-21,P1,Casa Pia,Sp Braga,0,0,1,6,15,1,6,919.358958899696,1289.56014486921,0,2,1,0,0,2,1,0,4,13,9,25,22,46,-1,1,-9,9,-5,5,1,0,6,1,15,6
2023-04-22,P1,Famalicao,Maritimo,2,3,2,25,8,7,6,1062.68314004758,881.463035448549,1,0,0,6,1,0,0,8,12,6,18,9,32,22,1,-1,17,-17,1,-1,2,3,6,7,8,25
2023-04-22,P1,Boavista,Rio Ave,2,3,2,14,7,6,3,891.418125609102,1017.39426484468,1,0,0,0,1,2,0,1,4,8,9,14,19,26,1,-1,7,-7,3,-3,2,3,3,6,7,14
2023-04-22,P1,Pacos Ferreira,Porto,0,0,2,8,10,0,4,766.110779148946,1387.56110204542,0,1,1,0,0,12,1,0,5,13,11,25,15,48,-2,2,-2,2,-4,4,2,0,4,0,10,8
2023-04-23,P1,Portimonense,Gil Vicente,2,1,0,10,20,4,4,830.294599426881,947.35820701493,0,0,0,3,1,0,3,3,4,2,10,13,15,22,1,-1,-10,10,0,0,0,1,4,4,20,10
2023-04-23,P1,Benfica,Estoril,2,1,0,19,4,5,0,1313.81076793901,765.142528177312,0,0,1,8,0,0,1,9,9,3,24,6,49,13,1,-1,15,-15,5,-5,0,1,0,5,4,19
2023-04-23,P1,Santa Clara,Chaves,1,1,1,19,13,6,5,708.953454771212,1008.70371101146,0,0,4,0,0,2,7,1,0,10,1,14,10,27,0,0,6,-6,1,-1,1,1,5,6,13,19
2023-04-23,P1,Arouca,Vizela,2,1,0,7,15,2,8,1153.31446184454,1049.55539668532,1,3,0,0,4,4,0,0,11,10,19,15,36,31,1,-1,-8,8,-6,6,0,1,8,2,15,7
2023-04-24,P1,Vitoria Guimaraes,Sporting CP,0,0,2,7,13,0,5,945.552458218625,1314.75688055086,0,1,0,0,1,6,2,0,1,11,14,23,30,45,-2,2,-6,6,-5,5,2,0,5,0,13,7
2023-04-28,P1,Rio Ave,Arouca,2,1,0,11,11,2,2,974.274521062667,1176.0322246885,0,0,0,0,1,4,2,1,5,11,14,21,26,36,1,-1,0,0,0,0,0,1,2,2,11,11
2023-04-29,P1,Maritimo,Vitoria Guimaraes,0,1,2,21,11,6,5,864.788758901382,936.196671369857,2,0,0,3,2,0,0,3,6,1,9,11,21,27,-1,1,10,-10,1,-1,2,1,5,6,11,21
2023-04-29,P1,Sp Braga,Portimonense,2,4,1,18,8,11,2,1296.35153151541,872.686259439953,2,1,0,0,8,1,0,0,13,7,25,10,49,18,3,-3,10,-10,9,-9,1,4,2,11,8,18
2023-04-29,P1,Chaves,Casa Pia,2,1,0,16,16,5,4,997.540956876162,912.567572253491,1,0,0,0,1,1,0,7,8,4,12,9,25,22,1,-1,0,0,1,-1,0,1,4,5,16,16
2023-04-29,P1,Vizela,Pacos Ferreira,0,1,2,14,7,3,2,1026.83763384136,763.725839215325,0,0,0,1,2,0,1,4,10,2,15,8,28,15,-1,1,7,-7,1,-1,2,1,2,3,7,14
2023-04-29,P1,Gil Vicente,Benfica,0,0,2,13,17,5,7,904.966547001859,1316.41953761495,0,0,0,1,7,0,2,1,2,9,12,24,22,49,-2,2,-4,4,-2,2,2,0,7,5,17,13
2023-04-30,P1,Estoril,Santa Clara,2,3,0,7,10,3,3,762.533758501372,720.11620890651,0,0,1,6,0,0,1,9,3,1,3,1,10,11,3,-3,-3,3,0,0,0,3,3,3,10,7
2023-04-30,P1,Porto,Boavista,2,1,0,10,7,1,2,1389.94604197905,934.537869391115,3,0,0,0,3,1,0,3,13,7,25,12,48,21,1,-1,3,-3,-1,1,0,1,2,1,7,10
2023-04-30,P1,Sporting CP,Famalicao,2,2,1,11,10,5,2,1324.11266739963,1079.35741659475,0,2,0,0,4,2,1,0,11,12,23,21,45,35,1,-1,1,-1,3,-3,1,2,2,5,10,11
2023-05-05,P1,Casa Pia,Portimonense,1,1,1,17,10,3,2,888.24150888381,863.932797040802,0,0,2,1,0,0,2,1,1,7,8,10,22,18,0,0,7,-7,1,-1,1,1,2,3,10,17
2023-05-06,P1,Santa Clara,Gil Vicente,2,3,2,14,15,8,3,672.209359143643,897.457648892984,0,0,0,4,1,0,8,4,1,2,1,9,8,22,1,-1,-1,1,5,-5,2,3,3,8,15,14
2023-05-06,P1,Boavista,Estoril,2,1,0,13,6,3,2,930.200913766578,810.440608264239,2,0,0,9,2,0,0,10,7,6,11,6,21,13,1,-1,7,-7,1,-1,0,1,2,3,6,13
2023-05-06,P1,Benfica,Sp Braga,2,1,0,20,5,4,0,1323.92843572383,1305.10499391457,1,3,0,0,1,3,0,0,9,15,24,25,49,49,1,-1,15,-15,4,-4,0,1,0,4,5,20
2023-05-07,P1,Maritimo,Rio Ave,1,2,2,28,7,6,3,839.274601934005,1023.01621400512,0,0,1,1,0,0,1,2,6,5,9,14,20,26,0,0,21,-21,3,-3,2,2,3,6,7,28
2023-05-07,P1,Vitoria Guimaraes,Vizela,2,3,0,13,6,5,0,961.710828337234,974.374214483759,0,0,1,1,0,0,3,1,4,7,11,14,27,28,3,-3,7,-7,5,-5,0,3,0,5,6,13
2023-05-07,P1,Pacos Ferreira,Sporting CP,0,0,4,7,16,0,8,816.189258572929,1336.68250737101,0,2,2,0,0,7,2,0,4,11,11,26,18,45,-4,4,-9,9,-8,8,4,0,8,0,16,7
2023-05-08,P1,Famalicao,Chaves,0,1,2,19,12,6,3,1066.78757662337,1021.86702024584,2,0,0,0,2,3,0,2,9,8,21,14,32,25,-1,1,7,-7,3,-3,2,1,3,6,12,19
2023-05-08,P1,Arouca,Porto,0,0,1,8,12,2,4,1127.29053174604,1394.28299760358,2,2,0,0,5,13,0,0,10,15,18,25,35,51,-1,1,-4,4,-2,2,1,0,4,2,12,8
2023-05-12,P1,Gil Vicente,Boavista,2,3,1,15,16,3,5,847.200506997756,951.587634303094,0,0,1,1,0,0,3,4,1,10,8,14,22,23,2,-2,-1,1,-2,2,1,3,5,3,16,15
2023-05-13,P1,Chaves,Pacos Ferreira,2,2,0,16,16,0,3,1057.98145576864,810.048858211332,2,1,0,0,2,1,0,0,11,3,17,8,28,18,2,-2,0,0,-3,3,0,2,3,0,16,16
2023-05-13,P1,Vizela,Famalicao,1,0,0,10,15,4,3,917.855923158453,1030.67314110058,0,0,1,1,0,0,2,1,4,9,13,18,27,32,0,0,-5,5,1,-1,0,0,3,4,15,10
2023-05-13,P1,Portimonense,Benfica,0,1,5,5,24,1,10,865.050431484323,1354.19642697526,1,1,0,0,2,1,0,0,8,9,8,24,18,49,-4,4,-19,19,-9,9,5,1,10,1,24,5
2023-05-13,P1,Sporting CP,Maritimo,2,2,1,15,2,3,1,1342.8229077326,847.026637145378,1,0,0,7,5,0,0,9,13,4,26,10,48,18,1,-1,13,-13,2,-2,1,2,1,3,2,15
2023-05-14,P1,Rio Ave,Vitoria Guimaraes,0,0,1,12,9,3,3,1015.26417879375,1018.22911966254,1,1,0,0,2,1,0,0,6,6,15,13,27,27,-1,1,3,-3,0,0,1,0,3,3,9,12
2023-05-14,P1,Sp Braga,Santa Clara,2,5,3,17,12,9,8,1274.83700266313,722.466501038871,3,0,0,7,9,0,0,10,12,4,22,4,46,10,2,-2,5,-5,1,-1,3,5,8,9,12,17
2023-05-14,P1,Porto,Casa Pia,2,2,1,19,8,8,2,1405.60982565027,887.123874440289,4,0,0,1,4,0,0,8,15,2,25,8,53,20,1,-1,11,-11,6,-6,1,2,2,8,8,19
2023-05-15,P1,Estoril,Arouca,2,2,0,10,16,4,4,789.053887727723,1115.96370369936,1,0,0,1,1,0,0,2,3,7,6,18,12,32,2,-2,-6,6,0,0,0,2,4,4,16,10
2023-05-19,P1,Maritimo,Vizela,2,1,0,18,9,5,3,843.540350234566,922.876133627244,0,0,0,2,1,0,2,2,4,2,7,14,17,28,1,-1,9,-9,2,-2,0,1,3,5,9,18
2023-05-20,P1,Arouca,Chaves,2,1,0,11,9,6,3,1039.84242121495,1074.95725101994,0,1,1,0,0,4,1,0,4,13,15,20,29,30,1,-1,2,-2,3,-3,0,1,3,6,9,11
2023-05-20,P1,Santa Clara,Portimonense,2,1,0,21,2,3,0,718.963432832397,857.764316097841,1,0,0,0,2,1,0,2,4,7,4,8,9,15,1,-1,19,-19,3,-3,0,1,0,3,2,21
2023-05-20,P1,Boavista,Sp Braga,1,1,1,6,10,1,1,894.935668086217,1278.34007086961,3,0,0,1,3,0,0,1,7,12,11,25,23,49,0,0,-4,4,0,0,1,1,1,1,10,6
2023-05-20,P1,Famalicao,Porto,0,2,4,7,11,5,7,1025.65293063179,1408.68978717266,0,3,1,0,0,14,1,0,7,15,16,28,32,53,-2,2,-4,4,-2,2,4,2,7,5,11,7
2023-05-21,P1,Vitoria Guimaraes,Gil Vicente,2,1,0,15,11,5,2,1049.95604514559,903.852473214633,1,0,0,5,1,0,0,5,9,3,13,8,30,25,1,-1,4,-4,3,-3,0,1,2,5,11,15
2023-05-21,P1,Casa Pia,Estoril,1,2,2,25,12,10,3,884.043912917895,865.175170212128,0,0,0,10,1,0,3,11,2,6,8,9,17,15,0,0,13,-13,7,-7,2,2,3,10,12,25
2023-05-21,P1,Pacos Ferreira,Rio Ave,2,3,1,9,14,5,7,793.073062960036,983.537253310695,0,0,3,0,0,1,3,3,3,5,8,12,18,24,2,-2,-5,5,-2,2,1,3,7,5,14,9
2023-05-21,P1,Sporting CP,Benfica,1,2,2,13,19,7,4,1346.30919464341,1361.48254236174,2,2,0,0,6,2,0,0,13,12,26,24,48,49,0,0,-6,6,3,-3,2,2,4,7,19,13
2023-05-26,P1,Rio Ave,Famalicao,1,2,2,22,11,5,2,917.787230809498,1016.94210726325,0,0,1,0,0,1,1,2,4,4,12,16,21,32,0,0,11,-11,3,-3,2,2,2,5,11,22
2023-05-26,P1,Vizela,Sporting CP,0,1,2,6,13,3,2,883.6934465691,1347.00750922495,0,3,0,0,1,8,3,0,1,13,11,24,25,46,-1,1,-7,7,1,-1,2,1,2,3,13,6
2023-05-27,P1,Gil Vicente,Casa Pia,2,1,0,11,13,5,6,884.568259309358,883.175828486491,1,0,0,2,1,0,0,9,3,2,5,6,25,18,1,-1,-2,2,-1,1,0,1,6,5,13,11
2023-05-27,P1,Chaves,Boavista,0,1,4,10,20,5,3,1039.7340231508,907.76386331844,3,0,0,2,3,0,0,5,10,7,20,11,27,24,-3,3,-10,10,2,-2,4,1,3,5,20,10
2023-05-27,P1,Estoril,Maritimo,2,3,1,12,18,3,6,866.043254643532,882.723037292711,2,0,0,8,2,0,0,10,7,4,10,10,16,20,2,-2,-6,6,-3,3,1,3,6,3,18,12
2023-05-27,P1,Benfica,Santa Clara,2,3,0,9,9,4,6,1360.7842277802,763.108135725182,2,0,0,8,2,0,0,11,13,7,22,7,47,9,3,-3,0,0,-2,2,0,3,6,4,9,9
2023-05-27,P1,Portimonense,Arouca,0,0,2,10,16,3,6,813.619613205056,1075.06564908409,0,0,1,2,0,0,1,3,4,6,8,17,15,32,-2,2,-6,6,-3,3,2,0,6,3,16,10
2023-05-27,P1,Porto,Vitoria Guimaraes,2,3,0,20,4,6,0,1417.40061054119,1069.24025905087,5,2,0,0,5,2,0,0,15,12,28,13,53,30,3,-3,16,-16,6,-6,0,3,0,6,4,20
2023-05-27,P1,Sp Braga,Pacos Ferreira,2,3,0,20,12,4,1,1265.51187563738,858.823085461232,4,0,0,1,10,0,0,1,10,6,23,11,47,21,3,-3,8,-8,3,-3,0,3,1,4,12,20
2021-08-06,P1,Sporting CP,Vizela,2,3,0,15,6,5,1,1351.16404541731,879.536910376745,0,0,0,3,7,0,1,3,13,1,24,11,46,22,3,-3,9,-9,4,-4,0,3,1,5,6,15
2021-08-07,P1,Arouca,Estoril,0,0,2,11,12,3,6,1091.00178183696,912.004785081251,1,0,0,0,1,1,0,12,6,10,17,13,35,19,-2,2,-1,1,-3,3,2,0,6,3,12,11
2021-08-07,P1,Moreirense,Benfica,0,1,2,8,9,3,6,1036.3467880971,1364.17101408414,2,0,0,0,2,3,0,1,12,13,16,22,30,50,-1,1,-1,1,-3,3,2,1,6,3,9,8
2021-08-07,P1,Maritimo,Sp Braga,0,0,2,7,12,0,5,836.761506854991,1275.08508125411,1,0,0,0,2,1,0,2,4,10,10,23,19,47,-2,2,-5,5,-5,5,2,0,5,0,12,7
2021-08-08,P1,Vitoria Guimaraes,Portimonense,0,0,1,18,7,3,1,1056.28730659082,797.683480452186,2,0,0,1,2,0,0,3,12,1,13,8,30,15,-1,1,11,-11,2,-2,1,0,1,3,7,18
2021-08-08,P1,Tondela,Santa Clara,2,3,0,10,23,5,5,1000,759.721349421248,0,0,0,9,0,0,0,12,0,6,0,7,0,9,3,-3,-13,13,0,0,0,3,5,5,23,10
2021-08-08,P1,Porto,Belenenses,2,2,0,21,7,7,3,1430.35356300124,1000,6,0,0,0,6,0,0,0,15,0,28,0,53,0,2,-2,14,-14,4,-4,0,2,3,7,7,21
2021-08-08,P1,Pacos Ferreira,Famalicao,2,2,0,20,10,3,2,849.249879844511,1012.49591691858,1,0,0,0,1,2,0,3,6,2,8,14,21,30,2,-2,10,-10,1,-1,0,2,2,3,10,20
2021-08-09,P1,Gil Vicente,Boavista,2,3,0,9,13,6,5,916.440012377759,982.066928288955,2,1,0,0,2,1,0,0,6,7,8,14,25,24,3,-3,-4,4,1,-1,0,3,5,6,13,9
2021-08-13,P1,Estoril,Vitoria Guimaraes,1,0,0,7,12,1,2,976.650160534937,1004.07133538105,3,0,0,1,3,0,0,1,10,9,16,13,19,29,0,0,-5,5,-1,1,0,0,2,1,12,7
2021-08-14,P1,Vizela,Tondela,2,2,1,20,8,6,2,872.764128727099,1021.86747007774,0,0,1,0,0,0,4,0,1,3,8,3,22,3,1,-1,12,-12,4,-4,1,2,2,6,8,20
2021-08-14,P1,Benfica,Arouca,2,2,0,17,3,5,1,1372.59178669927,1026.35640638327,3,1,0,0,3,1,0,0,13,6,22,16,50,32,2,-2,14,-14,4,-4,0,2,1,5,3,17
2021-08-14,P1,Sp Braga,Sporting CP,0,1,2,16,5,6,3,1281.5977754737,1357.93682706695,5,4,0,0,11,9,0,0,10,13,25,24,47,49,-1,1,11,-11,3,-3,2,1,3,6,5,16
2021-08-15,P1,Portimonense,Gil Vicente,0,0,1,18,7,5,4,849.899451661961,981.151269720012,0,0,2,6,0,0,2,6,4,9,11,11,18,28,-1,1,11,-11,1,-1,1,0,4,5,7,18
2021-08-15,P1,Famalicao,Porto,0,1,2,7,12,1,4,949.424886896299,1437.14832877548,0,4,2,0,0,15,2,0,2,15,11,30,27,55,-1,1,-5,5,-3,3,2,1,4,1,12,7
2021-08-15,P1,Santa Clara,Moreirense,1,2,2,17,10,4,4,737.853879343507,1027.92601548197,2,2,0,0,3,2,0,0,6,12,7,16,9,29,0,0,7,-7,0,0,2,2,4,4,10,17
2021-08-16,P1,Boavista,Pacos Ferreira,2,3,0,8,17,4,5,917.355670946703,912.320909866791,0,0,0,2,4,0,1,2,7,6,14,10,24,23,3,-3,-9,9,-1,1,0,3,5,4,17,8
2021-08-16,P1,Belenenses,Maritimo,0,1,2,5,13,2,4,993.205234225756,830.248812635396,0,0,0,9,0,0,0,11,0,4,0,10,0,16,-1,1,-8,8,-2,2,2,1,4,2,13,5
2021-08-20,P1,Arouca,Famalicao,2,2,1,22,10,6,5,1015.83669824602,945.782204349892,0,0,1,1,0,0,1,4,6,2,13,11,31,27,1,-1,12,-12,1,-1,1,2,5,6,10,22
2021-08-20,P1,Moreirense,Sp Braga,0,2,3,13,16,5,7,1016.99648760323,1256.51785728382,0,1,1,0,0,2,1,0,10,10,14,22,30,44,-1,1,-3,3,-2,2,3,2,7,5,16,13
2021-08-21,P1,Gil Vicente,Benfica,0,0,2,5,21,2,7,1001.60656665621,1383.11149483652,3,1,0,0,3,4,0,0,12,13,13,22,28,52,-2,2,-16,16,-5,5,2,0,7,2,21,5
2021-08-21,P1,Sporting CP,Belenenses,2,2,0,26,3,7,0,1383.01674525684,947.208042711142,1,0,0,1,8,0,0,1,13,0,26,0,51,0,2,-2,23,-23,7,-7,0,2,0,7,3,26
2021-08-22,P1,Tondela,Portimonense,0,0,3,11,7,3,5,976.919822726042,829.444154725764,1,1,0,0,1,1,0,0,3,3,3,11,3,17,-3,3,4,-4,-2,2,3,0,5,3,7,11
2021-08-22,P1,Maritimo,Porto,1,1,1,5,16,1,5,876.246004150011,1440.79101132189,0,5,1,0,0,16,1,0,6,15,10,30,19,55,0,0,-11,11,-4,4,1,1,5,1,16,5
2021-08-22,P1,Vitoria Guimaraes,Vizela,2,4,0,20,4,8,2,1002.81115910371,917.711776078798,0,0,1,4,0,0,1,4,7,4,13,8,30,22,4,-4,16,-16,6,-6,0,4,2,8,4,20
2021-08-23,P1,Pacos Ferreira,Estoril,0,1,3,10,14,2,4,858.579488237178,977.910336812274,2,1,0,0,2,2,0,0,6,11,9,14,20,20,-2,2,-4,4,-2,2,3,1,4,2,14,10
2021-08-23,P1,Boavista,Santa Clara,2,2,0,9,11,4,2,971.097092576316,748.783407222246,1,0,0,10,5,0,0,13,7,4,17,8,26,9,2,-2,-2,2,2,-2,0,2,2,4,11,9
2021-08-27,P1,Belenenses,Moreirense,1,1,1,4,18,1,6,940.607526301552,1004.11952996855,0,0,1,0,0,3,1,1,0,7,0,14,0,27,0,0,-14,14,-5,5,1,1,6,1,18,4
2021-08-27,P1,Estoril,Maritimo,2,2,1,9,7,3,2,1007.27018648025,891.0512933958,0,1,0,0,4,1,1,0,11,7,17,11,23,17,1,-1,2,-2,1,-1,1,2,2,3,7,9
2021-08-28,P1,Vizela,Boavista,1,1,1,16,5,4,1,868.699372119408,990.183437514309,1,0,0,1,1,0,0,1,3,10,5,17,22,26,0,0,11,-11,3,-3,1,1,1,4,5,16
2021-08-28,P1,Porto,Arouca,2,3,0,15,8,4,1,1425.9857220761,1041.47048268188,7,0,0,1,7,0,0,1,13,9,28,13,53,31,3,-3,7,-7,3,-3,0,3,1,4,8,15
2021-08-28,P1,Famalicao,Sporting CP,1,1,1,14,15,5,5,920.148419914035,1389.61726166643,0,5,3,0,0,10,3,0,1,13,8,26,26,51,0,0,-1,1,0,0,1,1,5,5,15,14
2021-08-29,P1,Benfica,Tondela,2,2,1,20,3,8,2,1391.89175091971,900.538033266815,4,0,0,1,4,0,0,1,13,3,25,3,52,3,1,-1,17,-17,6,-6,1,2,2,8,3,20
2021-08-29,P1,Sp Braga,Vitoria Guimaraes,1,0,0,20,11,6,2,1269.3948149185,1051.8235630631,0,0,1,0,0,1,1,2,10,7,22,16,44,33,0,0,9,-9,4,-4,0,0,2,6,11,20
2021-08-29,P1,Portimonense,Pacos Ferreira,0,0,1,18,6,5,2,905.825944184991,829.219638569198,0,0,3,3,0,0,3,3,6,6,13,9,20,20,-1,1,12,-12,3,-3,1,0,2,5,6,18
2021-08-29,P1,Santa Clara,Gil Vicente,2,1,0,10,5,4,2,729.697062284252,992.826310573011,0,1,0,0,4,1,1,0,4,9,8,12,9,25,1,-1,5,-5,2,-2,0,1,2,4,5,10
2021-09-11,P1,Pacos Ferreira,Sp Braga,1,0,0,12,10,3,2,868.163180352506,1260.50770804286,0,2,1,0,0,3,1,0,6,10,12,20,23,45,0,0,2,-2,1,-1,0,0,2,3,10,12
2021-09-11,P1,Santa Clara,Benfica,0,0,5,11,8,5,5,782.161431769709,1395.46330422842,1,2,0,0,5,5,0,0,4,15,11,28,12,52,-5,5,3,-3,0,0,5,0,5,5,8,11
2021-09-11,P1,Sporting CP,Porto,1,1,1,9,5,5,1,1375.62773148471,1436.73383064012,2,0,0,0,9,17,0,1,13,13,26,28,49,53,0,0,4,-4,4,-4,1,1,1,5,5,9
2021-09-12,P1,Moreirense,Famalicao,1,2,2,7,15,3,8,1001.22684385906,934.137950095754,0,0,2,2,0,0,2,5,5,2,14,6,28,24,0,0,-8,8,-5,5,2,2,8,3,15,7
2021-09-12,P1,Boavista,Portimonense,1,1,1,11,7,3,3,984.806264508569,866.882402401684,2,2,0,0,6,2,0,0,10,6,17,10,26,20,0,0,4,-4,0,0,1,1,3,3,7,11
2021-09-12,P1,Gil Vicente,Vizela,1,2,2,21,19,6,6,940.361941087555,874.076545125149,0,0,1,5,0,0,1,5,9,4,12,5,25,20,0,0,2,-2,0,0,2,2,6,6,19,21
2021-09-12,P1,Vitoria Guimaraes,Belenenses,1,0,0,10,16,3,6,1060.71066993874,943.500212411039,1,0,0,2,1,0,0,2,5,1,17,1,31,1,0,0,-6,6,-3,3,0,0,6,3,16,10
2021-09-13,P1,Maritimo,Arouca,1,2,2,14,17,6,3,869.373302037554,1030.72237411786,0,0,0,2,1,0,2,2,4,6,8,12,17,31,0,0,-3,3,3,-3,2,2,3,6,17,14
2021-09-13,P1,Tondela,Estoril,0,1,2,20,11,5,4,896.966479958105,1028.9481778385,0,2,1,0,0,3,1,0,3,13,3,20,3,26,-1,1,9,-9,1,-1,2,1,4,5,11,20
2021-09-17,P1,Portimonense,Santa Clara,2,2,1,10,13,4,2,872.113642297889,777.950627248862,0,0,4,11,0,0,4,14,7,4,8,10,18,11,1,-1,-3,3,2,-2,1,2,2,4,13,10
2021-09-18,P1,Famalicao,Maritimo,1,0,0,16,2,4,0,937.189672341322,876.311918099517,0,0,0,1,1,0,4,1,2,5,4,9,25,18,0,0,14,-14,4,-4,0,0,0,4,2,16
2021-09-18,P1,Belenenses,Gil Vicente,1,1,1,11,8,4,4,948.702091112716,937.345890844834,0,0,0,1,1,0,2,1,2,7,2,13,2,25,0,0,3,-3,0,0,1,1,4,4,8,11
2021-09-18,P1,Arouca,Vitoria Guimaraes,1,2,2,11,11,5,4,1023.78375805589,1055.50879123706,1,0,0,0,1,2,0,3,4,6,10,18,31,29,0,0,0,0,1,-1,2,2,4,5,11,11
2021-09-19,P1,Vizela,Pacos Ferreira,1,1,1,21,12,4,3,877.09259536787,881.135424722053,0,1,0,0,2,1,1,0,5,7,6,13,21,21,0,0,9,-9,1,-1,1,1,3,4,12,21
2021-09-19,P1,Porto,Moreirense,2,5,0,18,5,7,0,1433.9484516701,998.175121613494,8,0,0,0,8,4,0,2,11,3,26,15,51,26,5,-5,13,-13,7,-7,0,5,0,7,5,18
2021-09-19,P1,Estoril,Sporting CP,0,0,1,7,11,3,4,1049.34504441784,1378.41311045473,1,0,0,0,5,11,0,1,13,11,23,24,26,47,-1,1,-4,4,-1,1,1,0,4,3,11,7
2021-09-20,P1,Benfica,Boavista,2,3,1,8,10,6,6,1399.67410874927,979.575024612364,5,0,0,0,5,1,0,2,15,8,28,15,52,27,2,-2,-2,2,0,0,1,3,6,6,10,8
2021-09-20,P1,Sp Braga,Tondela,2,3,1,20,3,7,1,1247.53546367331,876.569613378769,0,0,0,2,1,0,2,2,8,3,18,3,43,3,2,-2,17,-17,6,-6,1,3,1,7,3,20
2021-09-24,P1,Sporting CP,Maritimo,2,1,0,25,4,7,0,1386.78166044373,879.087098920258,0,0,0,0,10,1,1,2,11,6,24,10,50,19,1,-1,21,-21,7,-7,0,1,0,7,4,25
2021-09-24,P1,Gil Vicente,Porto,0,1,2,8,16,4,8,937.868677032529,1445.08480260875,0,0,0,0,1,18,2,2,5,11,14,26,23,51,-1,1,-8,8,-4,4,2,1,8,4,16,8
2021-09-25,P1,Moreirense,Arouca,2,2,1,8,17,3,5,987.038770674845,1025.2407027983,0,0,0,0,1,1,3,3,3,5,15,11,26,29,1,-1,-9,9,-2,2,1,2,5,3,17,8
2021-09-25,P1,Vitoria Guimaraes,Benfica,0,1,3,13,16,3,4,1054.05184649465,1406.84824840994,0,3,0,0,2,6,1,0,7,15,16,28,27,52,-2,2,-3,3,-1,1,3,1,4,3,16,13
2021-09-25,P1,Tondela,Famalicao,2,3,2,11,14,4,7,867.29823477749,934.414491520581,0,0,2,0,0,1,2,6,0,3,3,5,3,26,1,-1,-3,3,-3,3,2,3,7,4,14,11
2021-09-26,P1,Santa Clara,Sp Braga,1,1,1,15,10,3,4,754.417072989521,1256.80684227459,0,0,1,0,0,4,1,1,4,8,10,18,11,43,0,0,5,-5,-1,1,1,1,4,3,10,15
2021-09-26,P1,Portimonense,Vizela,1,0,0,14,14,4,2,895.64719655723,877.278766137458,1,0,0,0,1,1,0,6,7,6,11,7,21,21,0,0,0,0,2,-2,0,0,2,4,14,14
2021-09-27,P1,Pacos Ferreira,Belenenses,1,2,2,20,11,5,2,880.949253952464,948.179304925021,0,0,0,0,1,1,2,3,5,3,11,3,22,3,0,0,9,-9,3,-3,2,2,2,5,11,20
2021-09-27,P1,Boavista,Estoril,1,1,1,9,9,3,1,972.400884951689,1040.97649442884,0,3,0,0,7,4,1,0,8,10,15,20,26,26,0,0,0,0,2,-2,1,1,1,3,9,9
2021-10-01,P1,Maritimo,Moreirense,1,0,0,6,18,0,6,875.819819106497,1022.5431873604,0,0,0,1,2,0,3,3,3,5,9,15,19,26,0,0,-12,12,-6,6,0,0,6,0,18,6
2021-10-01,P1,Famalicao,Vitoria Guimaraes,0,1,2,15,9,2,5,896.308618525419,1043.87681136692,0,0,0,0,2,3,5,4,3,6,5,13,23,26,-1,1,6,-6,-3,3,2,1,5,2,9,15
2021-10-02,P1,Vizela,Santa Clara,1,1,1,16,10,4,1,878.12387637961,768.735439397946,0,0,0,12,3,0,2,15,4,4,8,8,21,12,0,0,6,-6,3,-3,1,1,1,4,10,16
2021-10-02,P1,Porto,Pacos Ferreira,2,2,1,23,7,8,2,1448.36063201923,884.007239759649,9,0,0,0,9,2,0,1,11,6,26,12,51,20,1,-1,16,-16,6,-6,1,2,2,8,7,23
2021-10-02,P1,Arouca,Sporting CP,0,1,2,10,10,5,8,989.736286112753,1390.04894025749,0,1,0,0,2,12,1,0,5,11,11,24,29,50,-1,1,0,0,-3,3,2,1,8,5,10,10
2021-10-03,P1,Belenenses,Tondela,0,0,2,13,11,2,5,945.121319117836,905.404107772652,0,0,0,3,2,0,3,3,4,3,4,6,4,6,-2,2,2,-2,-3,3,2,0,5,2,11,13
2021-10-03,P1,Benfica,Portimonense,0,0,1,24,5,7,3,1417.02328353767,894.802086315078,6,0,0,0,6,3,0,1,15,8,28,11,52,19,-1,1,19,-19,4,-4,1,0,3,7,5,24
2021-10-03,P1,Estoril,Gil Vicente,1,2,2,14,23,4,9,1037.85885131204,934.59284762205,0,0,1,0,0,1,1,2,10,2,21,14,27,22,0,0,-9,9,-5,5,2,2,9,4,23,14
2021-10-03,P1,Sp Braga,Boavista,1,2,2,13,7,8,2,1242.48847586617,975.518528068484,1,0,0,1,2,0,0,3,9,6,19,13,41,27,0,0,6,-6,6,-6,2,2,2,8,7,13
2021-10-22,P1,Vitoria Guimaraes,Maritimo,2,2,1,27,7,10,3,1063.04761972152,882.201730844175,0,0,1,1,0,0,2,3,6,3,13,10,26,17,1,-1,20,-20,7,-7,1,2,3,10,7,27
2021-10-23,P1,Santa Clara,Famalicao,0,0,2,9,12,0,5,773.612856096112,877.137810170818,0,0,0,1,1,0,2,7,5,3,9,4,13,20,-2,2,-3,3,-5,5,2,0,5,0,12,9
2021-10-23,P1,Tondela,Porto,0,1,3,3,24,2,6,954.253597926165,1450.7525920134,1,1,0,0,1,19,0,0,6,13,9,26,9,54,-2,2,-21,21,-4,4,3,1,6,2,24,3
2021-10-23,P1,Sporting CP,Moreirense,2,1,0,14,5,4,1,1395.85760957431,1016.16127562272,1,0,0,0,11,1,0,4,11,6,24,13,50,27,1,-1,9,-9,3,-3,0,1,1,4,5,14
2021-10-24,P1,Pacos Ferreira,Arouca,1,0,0,3,15,0,6,881.615279765478,983.927616795933,0,0,0,1,2,0,3,4,6,2,12,11,20,26,0,0,-12,12,-6,6,0,0,6,0,15,3
2021-10-24,P1,Vizela,Benfica,0,0,1,15,14,4,7,873.246459681445,1356.04081632654,0,4,0,0,4,7,3,0,5,12,8,25,22,49,-1,1,1,-1,-3,3,1,0,7,4,14,15
2021-10-24,P1,Portimonense,Estoril,0,0,2,24,6,3,2,955.784553526214,1033.23853708166,0,0,0,0,2,5,1,1,8,8,14,19,22,28,-2,2,18,-18,1,-1,2,0,2,3,6,24
2021-10-25,P1,Gil Vicente,Sp Braga,0,0,1,21,13,7,4,939.213161852431,1232.15249410612,0,0,1,0,0,5,3,2,3,7,12,17,20,42,-1,1,8,-8,3,-3,1,0,4,7,13,21
2021-10-25,P1,Boavista,Belenenses,1,0,0,15,4,5,0,985.85450982853,896.271828964323,0,0,0,0,8,2,2,4,4,4,14,4,25,4,0,0,11,-11,5,-5,0,0,0,5,4,15
2021-10-29,P1,Arouca,Tondela,2,2,0,4,15,2,6,979.347590142719,949.493708156986,0,1,1,0,0,1,2,0,3,6,9,9,26,9,2,-2,-11,11,-4,4,0,2,6,2,15,4
2021-10-30,P1,Porto,Boavista,2,4,1,18,8,11,3,1455.51248178258,981.8181289221,10,0,0,0,10,1,0,4,13,4,26,14,54,25,3,-3,10,-10,8,-8,1,4,3,11,8,18
2021-10-30,P1,Estoril,Benfica,1,1,1,8,15,2,7,1067.47776782793,1359.78220824679,0,5,0,0,1,8,2,0,8,12,21,27,31,49,0,0,-7,7,-5,5,1,1,7,2,15,8
2021-10-30,P1,Sporting CP,Vitoria Guimaraes,2,1,0,12,12,4,2,1402.3242525027,1079.74847081951,2,1,0,0,12,4,0,0,13,8,26,13,50,26,1,-1,0,0,2,-2,0,1,2,4,12,12
2021-10-31,P1,Maritimo,Gil Vicente,0,1,2,19,14,7,5,865.500879746188,929.212279219612,0,0,0,0,3,2,4,3,3,3,7,12,17,17,-1,1,5,-5,2,-2,2,1,5,7,14,19
2021-10-31,P1,Belenenses,Santa Clara,2,2,1,10,12,4,4,900.308209870753,742.449942303963,0,0,1,0,0,1,4,16,4,2,5,6,5,13,1,-1,-2,2,0,0,1,2,4,4,12,10
2021-10-31,P1,Famalicao,Vizela,1,1,1,14,9,5,3,908.300723962967,869.505067761198,0,0,1,0,0,2,6,7,5,4,7,8,23,19,0,0,5,-5,2,-2,1,1,3,5,9,14
2021-11-01,P1,Sp Braga,Portimonense,2,3,0,18,5,5,2,1242.15337673894,921.54532277994,0,1,0,0,3,4,1,0,9,8,19,14,42,22,3,-3,13,-13,3,-3,0,3,2,5,5,18
2021-11-01,P1,Moreirense,Pacos Ferreira,1,1,1,7,11,1,4,1009.69463269432,886.195306418691,1,0,0,1,2,0,0,2,5,4,10,10,24,21,0,0,-4,4,-3,3,1,1,4,1,11,7
2021-11-05,P1,Gil Vicente,Arouca,1,1,1,16,9,5,1,955.409144093842,1019.44592930009,0,0,2,0,0,1,4,5,5,5,12,9,20,26,0,0,7,-7,4,-4,1,1,1,5,9,16
2021-11-05,P1,Boavista,Famalicao,0,2,5,16,15,5,10,975.120544774975,906.52150661226,0,1,0,0,9,1,3,0,3,5,11,7,25,21,-3,3,1,-1,-5,5,5,2,10,5,15,16
2021-11-06,P1,Vizela,Estoril,1,1,1,12,8,3,6,871.284285111905,1078.46188762737,0,1,1,0,0,6,4,0,4,6,9,19,20,32,0,0,4,-4,-3,3,1,1,6,3,8,12
2021-11-06,P1,Portimonense,Belenenses,2,2,0,14,17,6,4,906.669750656244,918.693160873485,0,0,1,0,0,3,2,5,7,6,14,8,22,8,2,-2,-3,3,2,-2,0,2,4,6,17,14
2021-11-06,P1,Vitoria Guimaraes,Moreirense,2,2,1,11,20,5,8,1071.10429025954,1004.23529660253,1,0,0,1,1,0,0,5,7,5,13,8,26,24,1,-1,-9,9,-3,3,1,2,8,5,20,11
2021-11-07,P1,Tondela,Maritimo,2,4,2,15,20,7,11,909.395368999611,839.304014871957,0,0,1,2,0,0,1,4,6,2,9,7,9,17,2,-2,-5,5,-4,4,2,4,11,7,20,15
2021-11-07,P1,Santa Clara,Porto,0,0,3,3,23,1,10,724.06499130123,1462.21006592971,0,2,1,0,0,20,3,0,2,15,6,26,13,54,-3,3,-20,20,-9,9,3,0,10,1,23,3
2021-11-07,P1,Pacos Ferreira,Sporting CP,0,0,2,9,20,1,8,891.654642510487,1410.96843306268,0,2,0,0,3,13,4,0,4,15,11,26,19,50,-2,2,-11,11,-7,7,2,0,8,1,20,9
2021-11-07,P1,Benfica,Sp Braga,2,6,1,12,8,9,4,1348.79808844735,1257.02894886264,0,1,1,0,0,6,1,0,10,11,25,19,47,42,5,-5,4,-4,5,-5,1,6,4,9,8,12
2021-11-26,P1,Moreirense,Gil Vicente,1,2,2,15,14,4,8,978.319221994289,958.325200959649,0,1,0,0,3,3,1,0,5,5,8,10,24,21,0,0,1,-1,-4,4,2,2,8,4,14,15
2021-11-27,P1,Famalicao,Portimonense,0,0,3,20,6,2,2,971.682267383723,952.044506685069,0,0,0,1,1,0,7,1,7,7,10,14,21,25,-3,3,14,-14,0,0,3,0,2,2,6,20
2021-11-27,P1,Arouca,Boavista,2,2,1,8,13,6,2,1016.52987243429,909.959784003511,1,0,0,1,1,0,0,5,5,3,10,11,26,25,1,-1,-5,5,4,-4,1,2,2,6,13,8
2021-11-27,P1,Belenenses,Benfica,0,0,7,0,17,0,11,873.318404844661,1403.68139295452,1,0,0,0,1,9,0,1,5,10,8,25,8,47,-7,7,-17,17,-11,11,7,0,11,0,17,0
2021-11-28,P1,Maritimo,Pacos Ferreira,2,2,0,9,16,4,3,804.176085875702,887.452506281757,0,0,1,0,0,1,5,3,1,3,7,8,17,18,2,-2,-7,7,1,-1,0,2,3,4,16,9
2021-11-28,P1,Sporting CP,Tondela,2,2,0,14,5,8,1,1415.17056929141,944.523297995866,3,0,0,1,13,0,0,1,15,9,26,9,50,12,2,-2,9,-9,7,-7,0,2,1,8,5,14
2021-11-28,P1,Porto,Vitoria Guimaraes,2,2,1,17,9,9,2,1463.74524459751,1097.02036486777,11,0,0,1,11,0,0,1,15,9,26,16,56,29,1,-1,8,-8,7,-7,1,2,2,9,9,17
2021-11-29,P1,Estoril,Santa Clara,1,2,2,11,10,7,5,1069.91124564191,722.529812633424,0,0,0,1,2,0,3,17,7,2,17,6,33,13,0,0,1,-1,2,-2,2,2,5,7,10,11
2021-11-30,P1,Sp Braga,Vizela,2,4,1,17,8,9,2,1202.14564435546,879.834927097366,1,0,0,0,4,3,0,8,8,4,16,10,41,18,3,-3,9,-9,7,-7,1,4,2,9,8,17
2021-12-03,P1,Portimonense,Porto,0,0,3,7,23,4,6,1009.65505936207,1470.65907474569,1,3,0,0,1,21,0,0,9,15,17,26,28,56,-3,3,-16,16,-2,2,3,0,6,4,23,7
2021-12-03,P1,Benfica,Sporting CP,0,1,3,11,14,3,5,1411.96779127517,1420.64653914185,1,3,0,0,1,14,0,0,10,15,25,26,47,52,-2,2,-3,3,-2,2,3,1,5,3,14,11
2021-12-04,P1,Boavista,Maritimo,1,1,1,6,10,4,3,887.478581234358,858.349094236091,0,0,1,3,0,0,4,5,2,4,8,7,25,17,0,0,-4,4,1,-1,1,1,3,4,10,6
2021-12-04,P1,Pacos Ferreira,Vitoria Guimaraes,0,1,2,7,17,3,8,833.279497921368,1090.1065347196,0,0,1,2,0,0,5,2,2,9,8,15,17,28,-1,1,-10,10,-5,5,2,1,8,3,17,7
2021-12-05,P1,Santa Clara,Arouca,2,2,1,5,13,4,4,734.714271665891,1039.01107520344,0,0,2,0,0,2,4,6,2,8,6,13,14,26,1,-1,-8,8,0,0,1,2,4,4,13,5
2021-12-05,P1,Gil Vicente,Famalicao,2,4,0,18,9,10,1,959.244944572784,914.071714706723,0,2,0,0,1,2,5,0,6,7,8,10,21,21,4,-4,9,-9,9,-9,0,4,1,10,9,18
2021-12-05,P1,Sp Braga,Estoril,2,2,0,14,11,4,5,1216.89575069423,1057.72678660944,2,0,0,0,5,7,0,1,10,7,19,17,41,31,2,-2,3,-3,-1,1,0,2,5,4,11,14
2021-12-10,P1,Pacos Ferreira,Gil Vicente,0,0,1,11,13,2,5,821.396816108078,1015.40820875004,0,0,2,0,0,4,6,1,2,8,8,11,17,23,-1,1,-2,2,-3,3,1,0,5,2,13,11
2021-12-11,P1,Maritimo,Santa Clara,2,4,1,9,10,4,3,859.687422282704,789.25274963643,1,0,0,0,1,1,0,18,4,4,7,9,18,17,3,-3,-1,1,1,-1,1,4,3,4,10,9
2021-12-11,P1,Vitoria Guimaraes,Tondela,2,5,2,18,8,10,3,1101.98921653289,939.047328145417,2,0,0,2,2,0,0,2,9,6,15,9,31,12,3,-3,10,-10,7,-7,2,5,3,10,8,18
2021-12-11,P1,Sporting CP,Boavista,2,2,0,19,4,6,2,1463.40884604468,886.140253187746,4,0,0,2,14,0,0,6,15,2,26,6,52,23,2,-2,15,-15,4,-4,0,2,2,6,4,19
2021-12-12,P1,Belenenses,Estoril,0,0,1,7,21,0,7,865.032006524015,1032.66456520235,0,0,1,1,0,0,1,2,4,6,8,14,8,31,-1,1,-14,14,-7,7,1,0,7,0,21,7
2021-12-12,P1,Moreirense,Portimonense,0,0,1,11,7,4,4,977.399478381154,1002.4832704968,0,1,0,0,4,1,2,0,3,6,8,14,22,27,-1,1,4,-4,0,0,1,0,4,4,7,11
2021-12-12,P1,Famalicao,Benfica,0,1,4,13,6,2,4,857.908450529467,1369.20548437234,0,1,1,0,0,10,8,0,7,10,10,22,18,47,-3,3,7,-7,-2,2,4,1,4,2,6,13
2021-12-12,P1,Porto,Sp Braga,2,1,0,20,7,4,1,1477.83086361096,1241.95797210132,12,0,0,1,12,0,0,1,15,12,28,19,56,41,1,-1,13,-13,3,-3,0,1,1,4,7,20
2021-12-13,P1,Arouca,Vizela,0,1,4,15,10,2,4,984.472597232901,865.084820758603,2,0,0,1,2,0,0,9,8,3,10,7,23,15,-3,3,5,-5,-2,2,4,1,4,2,10,15
2021-12-17,P1,Santa Clara,Vitoria Guimaraes,2,1,0,15,10,6,2,745.627197779738,1132.66986932855,1,1,0,0,1,1,0,0,4,9,6,17,17,34,1,-1,5,-5,4,-4,0,1,2,6,10,15
2021-12-17,P1,Estoril,Famalicao,1,2,2,11,7,4,3,1050.32114805849,852.4491921226,0,0,0,1,3,0,4,1,6,4,14,9,34,15,0,0,4,-4,1,-1,2,2,3,4,7,11
2021-12-18,P1,Portimonense,Arouca,1,1,1,12,19,5,6,1032.17697358748,911.906838545265,0,0,1,1,0,0,1,7,9,7,17,10,27,22,0,0,-7,7,-1,1,1,1,6,5,19,12
2021-12-18,P1,Tondela,Pacos Ferreira,0,0,1,12,9,9,5,908.366675349763,805.614304895072,1,0,0,1,1,0,0,4,3,1,9,5,12,17,-1,1,3,-3,4,-4,1,0,5,9,9,12
2021-12-18,P1,Gil Vicente,Sporting CP,0,0,3,7,17,4,9,1031.19071996305,1466.46043131279,1,4,0,0,2,15,0,0,11,15,14,28,26,54,-3,3,-10,10,-5,5,3,0,9,4,17,7
2021-12-19,P1,Benfica,Maritimo,2,7,1,17,9,9,2,1374.66474277921,903.312974139396,0,0,1,0,0,1,1,6,10,7,22,10,50,18,6,-6,8,-8,7,-7,1,7,2,9,9,17
2021-12-19,P1,Boavista,Moreirense,2,1,0,14,9,5,3,883.088667919639,947.705775290466,0,0,0,2,1,0,5,6,1,2,5,8,22,22,1,-1,5,-5,2,-2,0,1,3,5,9,14
2021-12-19,P1,Vizela,Porto,0,0,4,9,15,4,7,937.650579446239,1490.92520913574,0,4,0,0,1,22,5,0,5,15,10,28,15,56,-4,4,-6,6,-3,3,4,0,7,4,15,9
2021-12-19,P1,Sp Braga,Belenenses,2,1,0,18,6,5,2,1228.86362657654,847.375423667868,3,0,0,1,6,0,0,6,9,4,18,8,38,8,1,-1,12,-12,3,-3,0,1,2,5,6,18
2021-12-28,P1,Tondela,Gil Vicente,0,0,3,7,12,2,6,867.169427883762,1022.96020497435,0,1,1,0,0,5,1,0,3,8,9,13,12,26,-3,3,-5,5,-4,4,3,0,6,2,12,7
2021-12-28,P1,Maritimo,Vizela,2,2,0,11,7,5,1,892.978230815863,932.524176723887,2,1,0,0,2,1,0,0,7,5,9,9,18,14,2,-2,4,-4,4,-4,0,2,1,5,7,11
2021-12-28,P1,Moreirense,Estoril,2,1,0,5,13,3,4,909.822003088666,1042.08102630315,0,1,1,0,0,1,3,0,2,6,7,12,21,35,1,-1,-8,8,-1,1,0,1,4,3,13,5
2021-12-29,P1,Vitoria Guimaraes,Boavista,1,1,1,17,11,2,4,1074.89479065096,920.972440121439,3,0,0,3,3,0,0,7,9,4,16,7,34,22,0,0,6,-6,-2,2,1,1,4,2,11,17
2021-12-29,P1,Sporting CP,Portimonense,2,3,2,24,6,12,2,1474.69094630148,1026.84944819353,5,2,0,0,15,2,0,0,15,10,30,17,54,25,1,-1,18,-18,10,-10,2,3,2,12,6,24
2021-12-30,P1,Pacos Ferreira,Santa Clara,2,2,1,9,11,3,4,846.811552361073,803.40227645733,0,0,3,1,0,0,7,19,3,7,7,9,20,19,1,-1,-2,2,-1,1,1,2,4,3,11,9
2021-12-30,P1,Arouca,Sp Braga,0,0,6,6,11,0,8,917.234363939216,1235.27055316329,0,0,1,2,0,0,1,2,5,9,10,20,20,38,-6,6,-5,5,-8,8,6,0,8,0,11,6
2021-12-30,P1,Porto,Benfica,2,3,1,15,13,6,5,1496.05161185809,1384.99948610274,13,2,0,0,13,11,0,0,15,12,30,22,56,50,2,-2,2,-2,1,-1,1,3,5,6,13,15
2022-01-02,P1,Vizela,Belenenses,2,2,0,12,19,4,7,883.696026931428,840.968497081125,0,0,1,2,0,0,6,7,4,3,8,7,14,8,2,-2,-7,7,-3,3,0,2,7,4,19,12
2022-01-03,P1,Tondela,Moreirense,2,2,1,10,9,5,5,835.572975479263,953.447314421135,0,0,2,3,0,0,2,7,3,4,9,9,12,24,1,-1,1,-1,0,0,1,2,5,5,9,10
2022-01-07,P1,Santa Clara,Sporting CP,2,3,2,9,19,5,5,775.379743295073,1479.20735693869,2,5,0,0,2,16,0,0,7,15,9,30,19,54,1,-1,-10,10,0,0,2,3,5,5,19,9
2022-01-08,P1,Vizela,Moreirense,0,0,1,15,14,3,4,922.187074968804,910.988908482196,1,0,0,4,1,0,0,8,6,4,10,9,17,24,-1,1,1,-1,-1,1,1,0,4,3,14,15
2022-01-08,P1,Estoril,Porto,0,2,3,7,23,2,10,998.455714970676,1526.34952084353,0,5,0,0,4,23,5,0,5,15,12,30,32,56,-1,1,-16,16,-8,8,3,2,10,2,23,7
2022-01-08,P1,Boavista,Tondela,1,1,1,18,5,4,2,927.630808200861,878.031381418202,1,0,0,3,2,0,0,3,5,3,8,12,23,15,0,0,13,-13,2,-2,1,1,2,4,5,18
2022-01-09,P1,Portimonense,Maritimo,0,1,2,18,17,4,8,1022.33303755633,941.806380608322,0,0,0,1,1,0,2,7,7,10,14,11,25,21,-1,1,1,-1,-4,4,2,1,8,4,17,18
2022-01-09,P1,Benfica,Pacos Ferreira,2,2,0,22,6,6,1,1354.7015771173,874.834085523331,1,1,0,0,1,1,0,0,9,6,19,9,47,20,2,-2,16,-16,5,-5,0,2,1,6,6,22
2022-01-09,P1,Sp Braga,Famalicao,1,2,2,17,10,8,7,1258.22716189291,860.689313877947,4,0,0,0,7,1,0,2,12,4,20,9,38,13,0,0,7,-7,1,-1,2,2,7,8,10,17
2022-01-09,P1,Belenenses,Arouca,2,2,1,15,10,5,2,802.477449043749,894.277755209595,0,0,2,0,0,1,2,8,0,4,6,9,8,20,1,-1,5,-5,3,-3,1,2,2,5,10,15
2022-01-10,P1,Gil Vicente,Vitoria Guimaraes,2,3,2,17,8,10,2,1054.55665737885,1068.23642257154,0,0,1,1,0,0,1,1,10,7,15,16,29,32,1,-1,9,-9,8,-8,2,3,2,10,8,17
2022-01-13,P1,Famalicao,Belenenses,2,1,0,11,8,2,4,873.742521932447,842.741152696218,0,0,2,3,0,0,9,8,2,3,9,8,14,11,1,-1,3,-3,-2,2,0,1,4,2,8,11
2022-01-15,P1,Boavista,Gil Vicente,1,1,1,17,4,5,2,925.362061657139,1087.81595962758,0,2,0,0,3,6,1,0,6,12,8,18,21,32,0,0,13,-13,3,-3,1,1,2,5,4,17
2022-01-15,P1,Benfica,Moreirense,1,1,1,16,9,5,2,1359.91129569092,944.019940732721,2,1,0,0,2,1,0,0,9,6,19,9,47,24,0,0,7,-7,3,-3,1,1,2,5,9,16
2022-01-15,P1,Sp Braga,Maritimo,0,0,1,16,8,4,3,1245.17395383841,981.093144638519,0,1,0,0,8,1,1,0,10,10,20,14,39,23,-1,1,8,-8,1,-1,1,0,3,4,8,16
2022-01-16,P1,Santa Clara,Tondela,1,2,2,18,12,9,7,838.285481518536,880.300127961924,3,0,0,0,3,1,0,4,9,4,11,10,19,16,0,0,6,-6,2,-2,2,2,7,9,12,18
2022-01-16,P1,Vizela,Sporting CP,0,0,2,8,14,1,6,889.15604271828,1416.30161871523,0,0,1,1,0,0,1,1,6,12,9,27,17,51,-2,2,-6,6,-5,5,2,0,6,1,14,8
2022-01-16,P1,Famalicao,Pacos Ferreira,1,0,0,10,11,6,3,902.894744142545,869.624366949716,1,0,0,1,1,0,0,1,5,6,12,8,17,20,0,0,-1,1,3,-3,0,0,3,6,11,10
2022-01-16,P1,Belenenses,Porto,0,1,4,4,24,2,9,813.58893048612,1529.27454070729,1,6,0,0,1,24,0,0,3,15,7,30,11,56,-3,3,-20,20,-7,7,4,1,9,2,24,4
2022-01-17,P1,Portimonense,Vitoria Guimaraes,1,1,1,15,12,4,6,983.04627352613,1034.9771203228,0,0,1,2,0,0,3,2,4,7,13,16,24,29,0,0,3,-3,-2,2,1,1,6,4,12,15
2022-01-21,P1,Arouca,Benfica,0,0,2,8,8,2,6,854.014051557125,1346.58734489638,0,0,2,1,0,0,2,1,1,10,9,20,20,45,-2,2,0,0,-4,4,2,0,6,2,8,8
2022-01-21,P1,Pacos Ferreira,Boavista,1,1,1,11,18,3,9,871.151858287616,932.341931271659,1,0,0,0,1,1,0,8,7,6,9,8,21,22,0,0,-7,7,-6,6,1,1,9,3,18,11
2022-01-22,P1,Moreirense,Santa Clara,0,0,2,11,10,3,3,957.343891527261,840.21095089485,1,0,0,2,1,0,0,20,7,7,9,11,22,20,-2,2,1,-1,0,0,2,0,3,3,10,11
2022-01-22,P1,Tondela,Vizela,0,2,3,12,21,3,8,878.37465858561,885.130645063379,1,0,0,1,1,0,0,1,5,3,8,8,17,16,-1,1,-9,9,-5,5,3,2,8,3,21,12
2022-01-22,P1,Sporting CP,Sp Braga,0,1,2,13,9,4,3,1420.32701637013,1192.65787643802,6,1,0,0,16,1,0,0,12,7,27,19,51,36,-1,1,4,-4,1,-1,2,1,3,4,9,13
2022-01-23,P1,Vitoria Guimaraes,Estoril,2,3,1,20,7,7,3,1032.60326823537,995.530695106912,0,0,0,1,4,0,1,1,5,4,14,11,27,32,2,-2,13,-13,4,-4,1,3,3,7,7,20
2022-01-23,P1,Maritimo,Belenenses,1,1,1,16,15,2,9,1033.6092220389,811.845258905072,3,0,0,4,3,0,0,9,12,3,16,7,26,11,0,0,1,-1,-7,7,1,1,9,2,15,16
2022-01-23,P1,Gil Vicente,Portimonense,2,1,0,28,3,6,1,1080.83609001306,985.420125613565,1,0,0,1,1,0,0,1,10,5,18,11,30,25,1,-1,25,-25,5,-5,0,1,1,6,3,28
2022-01-23,P1,Porto,Famalicao,2,3,1,18,6,9,1,1531.01821228834,901.367252804645,14,0,0,0,14,2,0,3,15,6,30,13,56,17,2,-2,12,-12,8,-8,1,3,1,9,6,18
2022-01-27,P1,Estoril,Arouca,0,1,2,11,21,4,5,956.335155774162,849.151403421395,0,0,1,1,0,0,6,9,4,1,10,9,29,20,-1,1,-10,10,-1,1,2,1,5,4,21,11
2022-01-30,P1,Portimonense,Tondela,0,1,2,11,10,6,4,961.993791344541,846.996829519376,0,0,0,0,1,2,4,5,2,5,11,8,25,17,-1,1,1,-1,2,-2,2,1,4,6,10,11
2022-01-30,P1,Vizela,Vitoria Guimaraes,2,3,2,16,11,6,4,916.508474129612,1071.79880756812,0,0,2,0,0,1,2,3,6,5,11,14,19,27,1,-1,5,-5,2,-2,2,3,4,6,11,16
2022-01-30,P1,Sp Braga,Moreirense,2,2,0,11,15,5,1,1243.06481026843,899.236149405903,0,0,1,0,0,2,2,1,10,7,19,9,38,19,2,-2,-4,4,4,-4,0,2,1,5,15,11
2022-01-30,P1,Porto,Maritimo,2,2,1,14,8,5,3,1533.2960389531,1024.58949818667,15,2,0,0,15,2,0,0,15,10,30,17,56,24,1,-1,6,-6,2,-2,1,2,3,5,8,14
2022-01-31,P1,Estoril,Pacos Ferreira,1,0,0,12,11,6,4,914.764866271582,873.940987040032,0,0,2,0,0,1,7,2,1,8,7,9,28,19,0,0,1,-1,2,-2,0,0,4,6,11,12
2022-01-31,P1,Famalicao,Arouca,1,0,0,3,7,1,2,899.089426139883,890.721692923975,0,1,0,0,2,1,1,0,6,4,10,11,17,20,0,0,-4,4,-1,1,0,0,2,1,7,3
2022-02-01,P1,Santa Clara,Boavista,2,2,1,12,12,3,5,898.318693016208,929.552802519244,0,0,0,0,4,2,1,9,10,7,14,8,20,22,1,-1,0,0,-2,2,1,2,5,3,12,12
2022-02-02,P1,Benfica,Gil Vicente,0,1,2,23,12,5,6,1351.44999303211,1104.26242428208,0,0,0,0,3,7,1,1,10,10,20,21,47,33,-1,1,11,-11,-1,1,2,1,6,5,12,23
2022-02-02,P1,Belenenses,Sporting CP,0,1,4,6,15,2,6,820.864982757306,1369.92008253973,0,1,1,0,0,1,1,0,4,9,7,24,12,50,-3,3,-9,9,-4,4,4,1,6,2,15,6
2022-02-05,P1,Maritimo,Estoril,1,0,0,28,7,4,0,1021.34023281562,912.893461683123,0,0,0,2,4,0,1,2,10,1,17,7,24,26,0,0,21,-21,4,-4,0,0,0,4,7,28
2022-02-05,P1,Pacos Ferreira,Portimonense,1,1,1,14,19,3,8,875.812391628491,919.77273099651,0,0,0,2,2,0,1,2,6,1,9,11,20,25,0,0,-5,5,-5,5,1,1,8,3,19,14
2022-02-05,P1,Vitoria Guimaraes,Sp Braga,2,2,1,10,11,5,4,1026.37806634122,1253.71345845249,1,2,0,0,5,2,0,0,5,10,14,19,27,38,1,-1,-1,1,1,-1,1,2,4,5,11,10
2022-02-06,P1,Boavista,Vizela,1,2,2,12,20,4,4,894.683759598895,961.929215356511,0,1,0,0,4,1,2,0,4,9,8,13,19,22,0,0,-8,8,0,0,2,2,4,4,20,12
2022-02-06,P1,Gil Vicente,Santa Clara,1,2,2,8,11,3,4,1155.83341406866,933.187735936557,2,1,0,0,2,1,0,0,13,10,21,17,33,23,0,0,-3,3,-1,1,2,2,4,3,11,8
2022-02-06,P1,Arouca,Porto,0,0,2,6,15,1,4,891.106966789177,1536.54530432414,0,7,3,0,0,25,3,0,4,15,9,30,18,56,-2,2,-9,9,-3,3,2,0,4,1,15,6
2022-02-06,P1,Sporting CP,Famalicao,2,2,0,8,8,4,5,1374.35623221207,898.70415227468,0,0,1,1,0,0,1,4,9,6,24,10,50,17,2,-2,0,0,-1,1,0,2,5,4,8,8
2022-02-07,P1,Tondela,Benfica,0,1,3,12,19,3,8,889.217889867408,1299.87900324554,0,1,1,0,0,1,1,0,8,7,11,19,20,44,-2,2,-7,7,-5,5,3,1,8,3,19,12
2022-02-07,P1,Moreirense,Belenenses,2,4,1,18,3,10,1,888.587501221834,816.428833084967,0,0,1,0,0,1,1,10,4,4,8,4,16,12,3,-3,15,-15,9,-9,1,4,1,10,3,18
2022-02-11,P1,Porto,Sporting CP,1,2,2,21,7,7,3,1538.62995396071,1379.68613978354,16,2,0,0,16,2,0,0,15,9,30,24,56,50,0,0,14,-14,4,-4,2,2,3,7,7,21
2022-02-12,P1,Sp Braga,Pacos Ferreira,2,2,1,17,9,5,3,1203.32710445187,877.826105444865,1,0,0,0,1,2,0,3,7,4,19,10,35,18,1,-1,8,-8,2,-2,1,2,3,5,9,17
2022-02-12,P1,Benfica,Santa Clara,2,2,1,16,7,4,4,1307.41925902651,942.235120749645,0,0,1,0,0,2,2,1,10,11,19,18,44,24,1,-1,9,-9,0,0,1,2,4,4,7,16
2022-02-12,P1,Portimonense,Boavista,1,1,1,21,17,4,3,917.759017180135,897.742428902986,0,0,1,1,0,0,5,10,2,4,9,9,23,20,0,0,4,-4,1,-1,1,1,3,4,17,21
2022-02-12,P1,Estoril,Tondela,2,1,0,15,8,8,3,917.731510424976,881.677634086437,0,1,0,0,1,3,8,0,2,5,7,8,24,17,1,-1,7,-7,5,-5,0,1,3,8,8,15
2022-02-13,P1,Famalicao,Moreirense,2,5,0,13,6,9,4,893.374244703208,931.953546817171,0,0,0,1,3,0,2,2,5,7,7,11,17,19,5,-5,7,-7,5,-5,0,5,4,9,6,13
2022-02-13,P1,Belenenses,Vitoria Guimaraes,2,1,0,13,19,4,2,773.06278748963,1076.76442034184,0,0,2,1,0,0,2,4,1,7,4,14,12,30,1,-1,-6,6,2,-2,0,1,2,4,19,13
2022-02-13,P1,Vizela,Gil Vicente,0,0,1,19,6,3,3,958.870546052421,1146.78602925557,1,1,0,0,1,8,0,0,7,11,13,21,23,31,-1,1,13,-13,0,0,1,0,3,3,6,19
2022-02-14,P1,Arouca,Maritimo,0,0,3,20,9,4,6,889.022317152614,1016.50218407377,0,0,4,1,0,0,4,1,4,8,8,18,18,25,-3,3,11,-11,-2,2,3,0,6,4,9,20
2022-02-18,P1,Boavista,Benfica,1,2,2,14,8,4,3,898.663208338037,1314.38797556783,0,2,0,0,5,2,3,0,4,10,10,19,18,44,0,0,6,-6,1,-1,2,2,3,4,8,14
2022-02-19,P1,Gil Vicente,Belenenses,2,2,0,13,8,5,1,1162.98948896931,827.573608454478,0,0,0,1,3,0,1,11,11,4,23,7,31,15,2,-2,5,-5,4,-4,0,2,1,5,8,13
2022-02-19,P1,Pacos Ferreira,Vizela,2,2,1,20,10,4,2,869.307051633129,942.667086338682,0,0,0,0,3,2,2,1,4,7,10,13,18,20,1,-1,10,-10,2,-2,1,2,2,4,10,20
2022-02-19,P1,Vitoria Guimaraes,Arouca,0,1,3,11,14,5,7,1022.253599377,853.647219585767,2,0,0,0,6,2,0,1,7,4,14,5,29,18,-2,2,-3,3,-2,2,3,1,7,5,14,11
2022-02-20,P1,Maritimo,Famalicao,0,0,1,5,17,2,8,1051.87728164062,975.538034365929,0,0,0,2,5,0,2,5,8,5,18,10,25,20,-1,1,-12,12,-6,6,1,0,8,2,17,5
2022-02-20,P1,Sporting CP,Estoril,2,3,0,22,5,7,0,1386.53455139673,946.422694178357,1,0,0,0,1,1,0,3,10,5,22,9,48,26,3,-3,17,-17,7,-7,0,3,0,7,5,22
2022-02-20,P1,Moreirense,Porto,0,0,1,9,16,1,5,849.78975715445,1531.78154234751,1,8,0,0,1,26,0,0,4,13,10,28,18,54,-1,1,-7,7,-4,4,1,0,5,1,16,9
2022-02-20,P1,Tondela,Sp Braga,0,0,1,7,8,2,2,852.986450333056,1211.84615826361,0,0,2,1,0,0,2,1,4,9,8,19,17,38,-1,1,-1,1,0,0,1,0,2,2,8,7
2022-02-21,P1,Santa Clara,Portimonense,1,1,1,13,13,4,7,935.266404208321,916.838237745084,1,0,0,0,5,1,0,3,8,3,17,7,23,24,0,0,0,0,-3,3,1,1,7,4,13,13
2022-02-25,P1,Belenenses,Pacos Ferreira,0,0,2,12,15,1,7,816.463503562342,907.965107731956,1,0,0,1,1,0,0,4,4,6,7,13,15,21,-2,2,-3,3,-6,6,2,0,7,1,15,12
2022-02-26,P1,Famalicao,Tondela,2,2,1,12,10,3,3,1014.45813335613,845.788413332187,1,0,0,1,4,0,0,1,7,3,13,8,23,17,1,-1,2,-2,0,0,1,2,3,3,10,12
2022-02-26,P1,Maritimo,Sporting CP,1,1,1,6,17,2,4,1012.95718265042,1394.55545884364,0,0,1,0,0,3,3,1,5,10,17,22,24,48,0,0,-11,11,-2,2,1,1,4,2,17,6
2022-02-26,P1,Arouca,Moreirense,1,1,1,17,5,4,3,917.261322666764,848.551766472024,0,0,5,2,0,0,5,3,7,3,8,10,18,18,0,0,12,-12,1,-1,1,1,3,4,5,17
2022-02-27,P1,Vizela,Portimonense,1,1,1,18,10,2,1,904.009030239855,917.686091233927,0,0,1,0,0,2,1,4,7,3,10,8,20,22,0,0,8,-8,1,-1,1,1,1,2,10,18
2022-02-27,P1,Benfica,Vitoria Guimaraes,2,3,0,9,17,6,7,1301.06637732247,958.639496295999,1,0,0,2,1,0,0,5,10,6,20,11,42,26,3,-3,-8,8,-1,1,0,3,7,6,17,9
2022-02-27,P1,Estoril,Boavista,0,2,3,11,14,2,4,938.401786731453,911.984806583402,1,0,0,0,2,1,0,11,5,4,9,10,23,16,-1,1,-3,3,-2,2,3,2,4,2,14,11
2022-02-27,P1,Porto,Gil Vicente,1,1,1,30,5,8,1,1533.01953302994,1174.09959386144,0,2,0,0,17,9,1,0,13,13,28,23,56,34,0,0,25,-25,7,-7,1,1,1,8,5,30
2022-02-28,P1,Sp Braga,Santa Clara,1,0,0,16,9,4,1,1219.04419526448,934.418550719477,2,0,0,1,2,0,0,2,12,8,19,15,38,24,0,0,7,-7,3,-3,0,0,1,4,9,16
2022-03-04,P1,Gil Vicente,Estoril,1,0,0,14,10,3,1,1186.50168271527,903.973370857768,1,0,0,1,4,0,0,4,11,5,21,6,35,20,0,0,4,-4,2,-2,0,0,1,3,10,14
2022-03-05,P1,Boavista,Sp Braga,1,1,1,10,8,5,5,946.413222457087,1208.24988691162,0,1,0,0,6,1,4,0,6,10,13,20,18,38,0,0,2,-2,0,0,1,1,5,5,8,10
2022-03-05,P1,Portimonense,Benfica,0,1,2,6,16,1,4,917.056564449688,1314.4008281996,0,0,0,0,1,3,6,1,4,10,6,20,23,42,-1,1,-10,10,-3,3,2,1,4,1,16,6
2022-03-05,P1,Sporting CP,Arouca,2,2,0,15,5,6,2,1381.75709598211,914.137745723714,2,1,0,0,2,3,0,0,11,5,20,9,48,19,2,-2,10,-10,4,-4,0,2,2,6,5,15
2022-03-06,P1,Moreirense,Maritimo,0,0,1,18,12,5,2,851.675343415074,1025.75554551194,0,1,1,0,0,1,1,0,4,5,11,15,18,25,-1,1,6,-6,3,-3,1,0,2,5,12,18
2022-03-06,P1,Pacos Ferreira,Porto,0,2,4,6,12,4,9,940.532101190242,1520.61744417611,1,9,0,0,4,27,0,0,8,11,16,26,21,54,-2,2,-6,6,-5,5,4,2,9,4,12,6
2022-03-06,P1,Vitoria Guimaraes,Famalicao,2,2,1,14,7,5,3,945.305045418861,1032.03848466314,0,1,1,0,0,1,1,0,3,10,8,16,25,25,1,-1,7,-7,2,-2,1,2,3,5,7,14
2022-03-06,P1,Santa Clara,Vizela,2,3,1,14,6,4,2,945.212859072328,904.638557024094,0,0,0,1,6,0,1,2,6,5,16,11,22,20,2,-2,8,-8,2,-2,1,3,2,4,6,14
2022-03-07,P1,Tondela,Belenenses,1,1,1,7,9,2,3,828.208062025175,783.896510104057,0,0,3,2,0,0,3,12,3,3,8,7,17,14,0,0,-2,2,-1,1,1,1,3,2,9,7
2022-03-11,P1,Benfica,Vizela,1,1,1,22,20,9,4,1320.30037758924,865.879571892696,2,0,0,2,2,0,0,3,13,2,20,11,42,19,0,0,2,-2,5,-5,1,1,4,9,20,22
2022-03-12,P1,Estoril,Portimonense,2,2,0,14,17,6,4,914.714839425657,911.157015060053,0,0,1,0,0,3,1,5,5,4,6,5,18,22,2,-2,-3,3,2,-2,0,2,4,6,17,14
2022-03-12,P1,Famalicao,Santa Clara,1,0,0,7,10,3,4,992.211950325549,983.971844203727,2,0,0,0,5,1,0,3,9,6,15,16,24,25,0,0,-3,3,-1,1,0,0,4,3,10,7
2022-03-12,P1,Arouca,Pacos Ferreira,0,0,1,14,11,4,4,908.571602269986,937.527915926557,0,1,0,0,1,1,6,0,4,7,8,13,18,20,-1,1,3,-3,0,0,1,0,4,4,11,14
2022-03-12,P1,Belenenses,Boavista,1,0,0,9,15,2,1,785.926139630561,956.610142292771,0,1,1,0,0,2,1,0,4,7,8,11,14,18,0,0,-6,6,1,-1,0,0,1,2,15,9
2022-03-13,P1,Maritimo,Vitoria Guimaraes,0,0,1,7,22,4,6,1042.94155819312,985.131579756451,0,0,0,3,1,0,4,6,8,6,18,11,27,27,-1,1,-15,15,-2,2,1,0,6,4,22,7
2022-03-13,P1,Porto,Tondela,2,4,0,17,9,9,2,1523.62162943979,826.178432498671,0,0,0,2,18,0,2,2,11,1,26,9,56,18,4,-4,8,-8,7,-7,0,4,2,9,9,17
2022-03-13,P1,Sp Braga,Gil Vicente,0,0,1,12,12,4,2,1198.05296707594,1175.76021414738,0,0,0,0,3,10,1,1,8,9,18,22,38,35,-1,1,0,0,2,-2,1,0,2,4,12,12
2022-03-14,P1,Moreirense,Sporting CP,0,0,2,12,14,3,4,834.489330733895,1387.32323943584,0,0,2,0,0,4,2,2,4,11,8,20,17,50,-2,2,-2,2,-1,1,2,0,4,3,14,12
2022-03-18,P1,Vizela,Famalicao,1,1,1,22,11,7,4,879.699575956322,991.832550549021,0,0,0,1,1,0,2,1,2,10,9,15,19,24,0,0,11,-11,3,-3,1,1,4,7,11,22
2022-03-19,P1,Tondela,Arouca,1,2,2,6,12,4,5,823.891602666955,879.232419444242,0,0,0,1,1,0,4,1,1,4,6,8,18,17,0,0,-6,6,-1,1,2,2,5,4,12,6
2022-03-19,P1,Santa Clara,Belenenses,1,0,0,10,7,3,1,984.351243980255,793.20969624322,1,0,0,0,7,1,0,13,6,5,17,6,26,14,0,0,3,-3,2,-2,0,0,1,3,7,10
2022-03-19,P1,Vitoria Guimaraes,Sporting CP,0,1,3,12,15,4,6,1022.40747603981,1390.81734710934,1,1,0,0,1,5,0,0,6,11,13,20,29,50,-2,2,-3,3,-2,2,3,1,6,4,15,12
2022-03-20,P1,Gil Vicente,Maritimo,1,1,1,15,12,8,3,1209.81063948868,1005.66566190977,0,2,0,0,5,2,1,0,11,7,22,15,37,26,0,0,3,-3,5,-5,1,1,3,8,12,15
2022-03-20,P1,Pacos Ferreira,Moreirense,2,2,1,10,16,6,5,966.867098752301,830.995223060397,0,0,1,0,0,1,1,4,9,1,13,8,22,17,1,-1,-6,6,1,-1,1,2,5,6,16,10
2022-03-20,P1,Benfica,Estoril,2,2,1,18,16,6,3,1306.48037352561,958.123360540544,0,0,0,0,3,1,1,5,11,7,21,9,40,21,1,-1,2,-2,3,-3,1,2,3,6,16,18
2022-03-20,P1,Portimonense,Sp Braga,0,1,2,13,17,7,6,867.748493945165,1164.00254173464,0,0,1,0,0,2,7,1,3,8,5,15,19,35,-1,1,-4,4,1,-1,2,1,6,7,17,13
2022-03-20,P1,Boavista,Porto,0,0,1,9,10,1,4,949.326585680112,1525.90845927151,0,10,0,0,7,28,5,0,7,11,11,26,19,56,-1,1,-1,1,-3,3,1,0,4,1,10,9
2022-04-01,P1,Sp Braga,Benfica,2,3,2,12,11,5,4,1173.84347050939,1314.07379066599,0,1,1,0,0,4,2,0,8,11,17,21,37,40,1,-1,1,-1,1,-1,2,3,4,5,11,12
2022-04-02,P1,Belenenses,Portimonense,2,2,0,10,19,6,4,801.219813419193,857.907565170417,0,0,0,1,1,0,2,6,3,2,7,5,14,18,2,-2,-9,9,2,-2,0,2,4,6,19,10
2022-04-02,P1,Arouca,Gil Vicente,2,2,1,6,13,2,5,876.70521737746,1201.36023394244,0,1,1,0,0,11,7,0,5,9,9,20,18,38,1,-1,-7,7,-3,3,1,2,5,2,13,6
2022-04-02,P1,Estoril,Vizela,0,1,2,11,7,3,4,950.529943400169,884.691360457066,1,0,0,0,1,1,0,4,4,3,9,10,20,19,-1,1,4,-4,-1,1,2,1,4,3,7,11
2022-04-02,P1,Famalicao,Boavista,0,1,2,13,9,6,3,986.840766048277,947.091534850243,0,0,0,0,6,3,1,1,8,6,13,10,25,18,-1,1,4,-4,3,-3,2,1,3,6,9,13
2022-04-03,P1,Maritimo,Tondela,0,1,3,9,14,3,6,1014.11606745601,826.418804733737,0,0,1,3,0,0,5,3,5,2,13,6,27,16,-2,2,-5,5,-3,3,3,1,6,3,14,9
2022-04-03,P1,Moreirense,Vitoria Guimaraes,0,0,1,11,16,3,4,810.908275773748,1013.01339300344,0,1,3,0,0,1,3,0,1,6,5,13,14,29,-1,1,-5,5,-1,1,1,0,4,3,16,11
2022-04-03,P1,Sporting CP,Pacos Ferreira,2,2,0,17,1,6,0,1400.2114301457,986.954046038949,3,2,0,0,3,2,0,0,13,12,23,16,50,24,2,-2,16,-16,6,-6,0,2,0,6,1,17
2022-04-04,P1,Porto,Santa Clara,2,3,0,16,5,6,1,1528.14351010138,976.341126804281,1,0,0,0,19,2,0,4,13,7,26,15,56,26,3,-3,11,-11,5,-5,0,3,1,6,5,16
2022-04-08,P1,Gil Vicente,Moreirense,0,1,2,23,14,5,7,1145.91531641199,795.673196202865,0,0,0,1,6,0,2,5,6,1,19,4,37,13,-1,1,9,-9,-2,2,2,1,7,5,14,23
2022-04-09,P1,Pacos Ferreira,Maritimo,2,2,0,14,15,6,4,979.516159253865,948.629332598755,1,0,0,0,1,3,0,1,9,5,15,10,24,26,2,-2,-1,1,2,-2,0,2,4,6,15,14
2022-04-09,P1,Benfica,Belenenses,2,3,1,27,8,8,2,1269.81657141892,852.170430519573,1,0,0,0,4,2,0,14,10,6,20,10,40,17,2,-2,19,-19,6,-6,1,3,2,8,8,27
2022-04-09,P1,Boavista,Arouca,2,1,0,14,16,5,1,982.736684324223,932.150134907912,0,0,1,0,0,1,6,2,8,5,12,12,20,21,1,-1,-2,2,4,-4,0,1,1,5,16,14
2022-04-09,P1,Tondela,Sporting CP,0,1,3,3,17,2,9,891.90553959099,1407.64931693078,0,2,0,0,2,6,5,0,5,13,8,23,16,50,-2,2,-14,14,-7,7,3,1,9,2,17,3
2022-04-10,P1,Portimonense,Famalicao,2,1,0,15,7,6,2,806.956948070037,951.195616574297,0,0,2,0,0,1,8,2,1,5,4,12,15,25,1,-1,8,-8,4,-4,0,1,2,6,7,15
2022-04-10,P1,Santa Clara,Estoril,2,2,0,7,14,4,4,971.971792872922,912.537543209527,0,0,0,1,8,0,1,6,6,4,14,9,25,19,2,-2,-7,7,0,0,0,2,4,4,14,7
2022-04-10,P1,Vitoria Guimaraes,Porto,0,0,1,4,13,1,4,1028.24847257433,1532.51284403274,0,11,1,0,0,29,1,0,9,13,15,26,29,56,-1,1,-9,9,-3,3,1,0,4,1,13,4
2022-04-10,P1,Vizela,Sp Braga,0,0,1,14,10,2,4,922.683760647707,1218.10068975646,0,1,0,0,2,3,3,0,6,8,13,20,21,39,-1,1,4,-4,-2,2,1,0,4,2,10,14
2022-04-15,P1,Arouca,Santa Clara,1,1,1,17,9,7,2,904.776681222564,1008.39922116068,1,0,0,1,1,0,0,5,4,8,9,14,20,28,0,0,8,-8,5,-5,1,1,2,7,9,17
2022-04-15,P1,Famalicao,Gil Vicente,1,2,2,10,16,3,5,906.624780408549,1089.43640978062,0,0,1,1,0,0,2,1,2,5,12,16,22,37,0,0,-6,6,-2,2,2,2,5,3,16,10
2022-04-15,P1,Vitoria Guimaraes,Pacos Ferreira,2,4,0,18,7,8,0,1024.91942585428,1019.48509871557,0,0,2,1,0,0,2,1,9,9,12,17,26,26,4,-4,11,-11,8,-8,0,4,0,8,7,18
2022-04-16,P1,Moreirense,Tondela,2,2,0,12,3,3,1,852.152102834235,887.620415687132,0,1,4,0,0,1,4,0,3,5,7,8,16,16,2,-2,9,-9,2,-2,0,2,1,3,3,12
2022-04-16,P1,Belenenses,Vizela,2,1,0,6,15,3,3,844.90272433677,912.802634801182,1,1,0,0,2,2,0,0,6,5,9,10,16,21,1,-1,-9,9,0,0,0,1,3,3,15,6
2022-04-16,P1,Maritimo,Boavista,2,4,0,8,4,5,0,908.660393137053,1010.11013800957,0,1,2,0,0,4,6,0,4,8,9,14,26,22,4,-4,4,-4,5,-5,0,4,0,5,4,8
2022-04-16,P1,Porto,Portimonense,2,7,0,26,3,12,2,1535.84189075278,851.527784235785,2,0,0,2,20,0,0,7,15,3,26,7,56,18,7,-7,23,-23,10,-10,0,7,2,12,3,26
2022-04-17,P1,Sporting CP,Benfica,0,0,2,16,10,4,4,1411.93444083464,1277.08427760173,4,0,0,1,4,0,0,1,15,10,26,20,50,40,-2,2,6,-6,0,0,2,0,4,4,10,16
2022-04-18,P1,Estoril,Sp Braga,1,0,0,15,13,6,2,876.110114921774,1227.98181560298,0,2,1,0,0,4,1,0,4,10,9,20,16,39,0,0,2,-2,4,-4,0,0,2,6,13,15
2022-04-22,P1,Vizela,Arouca,2,2,1,16,14,6,5,874.627242487313,909.412040935754,0,0,1,1,0,0,4,3,5,5,7,9,20,18,1,-1,2,-2,1,-1,1,2,5,6,14,16
2022-04-23,P1,Portimonense,Moreirense,2,1,0,19,15,7,7,848.019030675433,900.47148138247,1,1,0,0,1,1,0,0,3,6,7,10,18,18,1,-1,4,-4,0,0,0,1,7,7,15,19
2022-04-23,P1,Benfica,Famalicao,1,0,0,25,4,5,0,1337.15811708795,914.343999232877,2,0,0,1,5,0,0,3,10,3,23,12,42,22,0,0,21,-21,5,-5,0,0,0,5,4,25
2022-04-23,P1,Santa Clara,Maritimo,1,2,2,10,10,3,3,1003.76386144749,991.480268415915,1,0,0,1,9,0,0,2,6,4,12,12,29,29,0,0,0,0,0,0,2,2,3,3,10,10
2022-04-23,P1,Gil Vicente,Pacos Ferreira,1,1,1,16,10,3,2,1081.71719095629,955.990992828476,0,0,1,2,0,0,3,2,5,9,14,16,35,25,0,0,6,-6,1,-1,1,1,2,3,10,16
2022-04-24,P1,Estoril,Belenenses,1,2,2,6,23,2,4,888.380587409317,883.078116650639,0,0,0,1,1,0,2,15,4,8,9,12,16,16,0,0,-17,17,-2,2,2,2,4,2,23,6
2022-04-24,P1,Tondela,Vitoria Guimaraes,1,1,1,11,10,5,3,839.301037138897,1088.41353174137,0,2,1,0,0,2,6,0,4,9,5,15,16,29,0,0,1,-1,2,-2,1,1,3,5,10,11
2022-04-25,P1,Sp Braga,Porto,2,1,0,9,19,5,3,1215.71134311544,1539.35064431314,1,12,0,0,1,30,0,0,10,15,18,26,37,56,1,-1,-10,10,2,-2,0,1,3,5,19,9
2022-04-25,P1,Boavista,Sporting CP,0,0,3,10,10,1,5,927.290262730709,1351.86060134842,1,3,0,0,1,7,0,0,7,12,14,23,22,47,-3,3,0,0,-4,4,3,0,5,1,10,10
2022-04-29,P1,Famalicao,Estoril,2,3,1,25,9,7,3,927.76406658694,888.136418563844,0,0,0,2,1,0,3,7,3,2,13,9,20,16,2,-2,16,-16,4,-4,1,3,3,7,9,25
2022-04-30,P1,Arouca,Portimonense,2,1,0,15,7,6,4,874.218904549008,884.813708339136,0,0,0,3,2,0,1,8,5,6,9,9,17,18,1,-1,8,-8,2,-2,0,1,4,6,7,15
2022-04-30,P1,Maritimo,Benfica,0,0,1,14,15,5,4,992.045713201824,1323.73804973388,1,1,0,0,1,1,0,0,5,10,12,21,30,40,-1,1,-1,1,1,-1,1,0,4,5,15,14
2022-04-30,P1,Porto,Vizela,2,4,2,17,3,8,2,1483.9491541654,909.82037887406,3,0,0,1,21,0,0,1,12,7,23,9,53,22,2,-2,14,-14,6,-6,2,4,2,8,3,17
2022-04-30,P1,Belenenses,Sp Braga,0,0,1,9,25,1,9,883.322285496112,1271.11283326318,2,0,0,0,3,5,0,1,8,13,13,21,17,40,-1,1,-16,16,-8,8,1,0,9,1,25,9
2022-05-01,P1,Vitoria Guimaraes,Santa Clara,1,1,1,7,3,1,1,1078.5727364556,1003.19841666158,1,0,0,0,1,1,0,6,7,6,13,12,27,30,0,0,4,-4,0,0,1,1,1,1,3,7
2022-05-01,P1,Moreirense,Boavista,0,1,2,14,8,2,2,863.676803718768,918.578653781224,1,0,0,1,1,0,0,1,6,6,7,13,18,22,-1,1,6,-6,0,0,2,1,2,2,8,14
2022-05-01,P1,Sporting CP,Gil Vicente,2,4,1,22,3,13,1,1360.57221029791,1076.1674419413,0,0,1,0,0,1,1,2,12,3,23,14,47,35,3,-3,19,-19,12,-12,1,4,1,13,3,22
2022-05-02,P1,Pacos Ferreira,Tondela,1,1,1,19,8,5,3,961.540741843472,849.141832424665,2,0,0,1,2,0,0,1,7,5,16,6,26,14,0,0,11,-11,2,-2,1,1,3,5,8,19
2022-05-06,P1,Boavista,Vitoria Guimaraes,1,1,1,16,13,6,5,945.563679158183,1075.15507076657,0,0,1,0,0,3,1,1,9,8,15,14,25,28,0,0,3,-3,1,-1,1,1,5,6,13,16
2022-05-07,P1,Estoril,Moreirense,2,1,0,6,18,2,5,849.259513014956,836.691778341808,0,0,0,1,2,0,3,1,2,6,6,7,15,17,1,-1,-12,12,-3,3,0,1,5,2,18,6
2022-05-07,P1,Benfica,Porto,0,0,1,9,10,2,5,1331.99732217019,1487.05442564796,0,0,0,1,6,0,1,1,10,12,21,25,40,53,-1,1,-1,1,-3,3,1,0,5,2,10,9
2022-05-07,P1,Portimonense,Sporting CP,0,2,3,5,28,3,8,851.838193207443,1378.33327395232,2,4,0,0,2,8,0,0,6,12,8,25,15,47,-1,1,-23,23,-5,5,3,2,8,3,28,5
2022-05-08,P1,Gil Vicente,Tondela,2,3,0,8,5,4,3,1058.40637828688,854.144668990493,0,0,0,0,1,1,4,2,2,5,11,7,34,15,3,-3,3,-3,1,-1,0,3,3,4,5,8
2022-05-08,P1,Vizela,Maritimo,1,1,1,11,10,3,3,906.715107391498,983.786440765516,1,0,0,0,1,1,0,3,6,4,9,9,22,27,0,0,1,-1,0,0,1,1,3,3,10,11
2022-05-08,P1,Sp Braga,Arouca,2,1,0,12,14,2,4,1277.31360404533,907.194419680701,2,0,0,2,2,0,0,4,13,7,21,12,40,17,1,-1,-2,2,-2,2,0,1,4,2,14,12
2022-05-08,P1,Santa Clara,Pacos Ferreira,2,2,0,20,3,7,0,1006.61608235061,956.537905277644,0,0,0,0,10,1,1,3,6,5,13,17,30,27,2,-2,17,-17,7,-7,0,2,0,7,3,20
2022-05-09,P1,Belenenses,Famalicao,0,2,3,14,14,5,4,877.121514713954,966.640972135829,0,0,1,0,0,1,1,4,7,5,10,13,17,23,-1,1,0,0,1,-1,3,2,4,5,14,14
2022-05-13,P1,Pacos Ferreira,Benfica,0,0,2,12,15,4,8,918.958358038532,1313.40035558578,0,2,0,0,3,2,1,0,5,10,14,20,27,40,-2,2,-3,3,-4,4,2,0,8,4,15,12
2022-05-14,P1,Arouca,Belenenses,1,0,0,22,10,7,3,900.400166885914,853.188823776114,1,0,0,0,3,1,0,16,4,4,9,10,17,17,0,0,12,-12,4,-4,0,0,3,7,10,22
2022-05-14,P1,Moreirense,Vizela,2,4,1,12,6,6,2,805.848804879524,910.207279372733,0,0,1,2,0,0,1,2,6,4,7,10,17,20,3,-3,6,-6,4,-4,1,4,2,6,6,12
2022-05-14,P1,Tondela,Boavista,1,2,2,11,14,8,5,828.427163367938,951.269403327763,0,1,0,0,1,1,7,0,2,7,7,15,15,25,0,0,-3,3,3,-3,2,2,5,8,14,11
2022-05-14,P1,Maritimo,Portimonense,0,0,1,11,15,6,4,980.294268784281,848.890615924904,0,0,1,4,0,0,1,9,5,6,10,7,27,15,-1,1,-4,4,2,-2,1,0,4,6,15,11
2022-05-14,P1,Porto,Estoril,2,2,0,21,7,5,1,1505.65139223237,880.102486477241,4,0,0,3,22,0,0,8,12,5,25,9,53,18,2,-2,14,-14,4,-4,0,2,1,5,7,21
2022-05-14,P1,Sporting CP,Santa Clara,2,4,0,23,10,9,1,1381.28085123486,1044.19562958972,1,0,0,0,1,2,0,7,12,9,25,15,47,30,4,-4,13,-13,8,-8,0,4,1,9,10,23
2022-05-15,P1,Famalicao,Sp Braga,2,3,2,21,11,11,6,990.573663073669,1284.10785684012,1,1,0,0,2,6,0,0,8,13,13,21,26,40,1,-1,10,-10,5,-5,2,3,6,11,11,21
2022-05-15,P1,Vitoria Guimaraes,Gil Vicente,2,5,0,15,8,8,4,1069.44934659699,1084.12388390944,0,0,0,1,2,0,1,3,6,5,15,11,26,34,5,-5,7,-7,4,-4,0,5,4,8,8,15
2020-09-18,P1,Famalicao,Benfica,0,1,5,6,13,2,7,1044.60164103546,1321.60945742858,2,3,0,0,3,3,0,0,11,10,13,20,29,40,-4,4,-7,7,-5,5,5,1,7,2,13,6
2020-09-18,P1,Vitoria Guimaraes,Belenenses,0,0,1,11,4,2,3,1146.55463518295,855.349702765814,1,0,0,0,3,2,0,17,9,5,18,11,26,18,-1,1,7,-7,-1,1,1,0,3,2,4,11
2020-09-19,P1,Nacional,Boavista,1,3,3,14,8,7,3,1000,945.836821451175,0,0,0,0,0,2,0,1,0,5,0,13,0,26,0,0,6,-6,4,-4,3,3,3,7,8,14
2020-09-19,P1,Porto,Sp Braga,2,3,1,11,7,4,1,1507.98219975804,1230.07987887834,5,0,0,1,23,0,0,1,12,10,27,20,53,40,2,-2,4,-4,3,-3,1,3,1,4,7,11
2020-09-20,P1,Santa Clara,Maritimo,2,2,0,12,12,5,2,1027.99225032093,936.737403309454,1,0,0,0,11,2,0,4,6,5,14,9,30,24,2,-2,0,0,3,-3,0,2,2,5,12,12
2020-09-20,P1,Moreirense,Farense,2,2,0,13,10,5,2,876.284495640712,874.984640683473,1,0,0,1,1,0,0,1,6,6,9,11,20,19,2,-2,3,-3,3,-3,0,2,2,5,10,13
2020-09-20,P1,Tondela,Rio Ave,1,1,1,7,14,2,4,833.859745244526,922.233421154174,0,0,0,1,2,0,8,4,3,5,8,10,16,21,0,0,-7,7,-2,2,1,1,4,2,14,7
2020-09-21,P1,Portimonense,Pacos Ferreira,1,1,1,12,16,3,5,892.447481399732,910.749256195727,0,0,1,1,0,0,1,4,6,2,9,11,15,27,0,0,-4,4,-2,2,1,1,5,3,16,12
2020-09-25,P1,Sp Braga,Santa Clara,0,0,1,22,6,4,1,1215.34207491943,1060.58833347003,3,0,0,1,3,0,0,8,9,8,19,14,37,30,-1,1,16,-16,3,-3,1,0,1,4,6,22
2020-09-26,P1,Maritimo,Tondela,2,2,1,8,21,6,6,904.14132016036,837.843947202877,0,0,2,1,0,0,2,3,2,4,6,8,24,17,1,-1,-13,13,0,0,1,2,6,6,21,8
2020-09-26,P1,Benfica,Moreirense,2,2,0,29,5,10,1,1343.37787700227,919.978030657442,0,0,1,2,0,0,2,2,10,6,20,12,40,20,2,-2,24,-24,9,-9,0,2,1,10,5,29
2020-09-26,P1,Boavista,Porto,0,0,5,11,15,4,6,948.311116149959,1522.72000371695,0,1,0,0,1,1,2,0,6,12,13,27,24,53,-5,5,-4,4,-2,2,5,0,6,4,15,11
2020-09-27,P1,Farense,Nacional,0,0,1,18,9,4,4,831.291105666743,997.525705301216,0,0,1,0,0,0,1,0,6,1,11,1,19,1,-1,1,9,-9,0,0,1,0,4,4,9,18
2020-09-27,P1,Gil Vicente,Portimonense,2,1,0,9,13,3,2,1007.01859532348,893.289530569843,1,1,0,0,2,1,0,0,5,7,10,10,31,15,1,-1,-4,4,1,-1,0,1,2,3,13,9
2020-09-27,P1,Pacos Ferreira,Sporting CP,0,0,2,9,11,0,5,909.907207025616,1397.48423050365,0,5,1,0,0,9,2,0,3,12,12,27,25,47,-2,2,-2,2,-5,5,2,0,5,0,11,9
2020-09-27,P1,Rio Ave,Vitoria Guimaraes,1,0,0,7,10,3,3,918.249219195823,1092.64005335408,0,0,0,0,1,4,2,2,3,6,8,15,21,26,0,0,-3,3,0,0,0,0,3,3,10,7
2020-09-28,P1,Belenenses,Famalicao,0,1,2,10,6,5,2,909.26428459468,1022.83322146177,0,1,2,0,0,2,2,0,5,10,13,13,21,28,-1,1,4,-4,3,-3,2,1,2,5,6,10
2020-10-02,P1,Moreirense,Boavista,1,1,1,14,16,6,5,912.9280653487,943.081048779587,2,0,0,0,2,3,0,2,6,6,12,12,20,23,0,0,-2,2,1,-1,1,1,5,6,16,14
2020-10-02,P1,Vitoria Guimaraes,Pacos Ferreira,2,1,0,8,16,1,7,1085.22182495703,904.910756506744,0,0,1,0,0,1,1,5,6,2,13,9,26,22,1,-1,-8,8,-6,6,0,1,7,1,16,8
2020-10-03,P1,Santa Clara,Gil Vicente,1,0,0,12,8,3,1,1105.96831944691,1028.90252068206,2,0,0,2,12,0,0,4,10,7,16,12,33,34,0,0,4,-4,2,-2,0,0,1,3,8,12
2020-10-03,P1,Porto,Maritimo,0,2,3,32,11,10,4,1527.95007108732,930.108155757532,6,0,0,1,24,0,0,5,15,4,27,9,53,24,-1,1,21,-21,6,-6,3,2,4,10,11,32
2020-10-03,P1,Tondela,Sp Braga,0,0,4,13,18,4,8,811.877111605704,1169.96208894255,0,0,0,2,3,0,9,2,3,6,8,19,14,34,-4,4,-5,5,-4,4,4,0,8,4,18,13
2020-10-04,P1,Nacional,Belenenses,1,0,0,18,7,4,2,1015.28536153385,887.367082874989,0,1,0,0,1,3,1,0,4,4,4,12,4,18,0,0,11,-11,2,-2,0,0,2,4,7,18
2020-10-04,P1,Benfica,Farense,2,3,2,12,14,7,9,1350.42784231101,813.531449434105,1,0,0,2,1,0,0,2,12,3,22,10,43,16,1,-1,-2,2,-2,2,2,3,9,7,14,12
2020-10-04,P1,Famalicao,Rio Ave,1,1,1,13,13,5,4,1044.73042318146,925.667447592877,0,0,1,0,0,1,1,5,12,3,15,9,30,22,0,0,0,0,1,-1,1,1,4,5,13,13
2020-10-04,P1,Portimonense,Sporting CP,0,0,2,14,10,6,4,871.40560521126,1402.48068102252,0,6,0,0,1,10,2,0,4,15,10,27,15,47,-2,2,4,-4,2,-2,2,0,4,6,10,14
2020-10-17,P1,Gil Vicente,Tondela,1,1,1,13,2,4,1,1032.3944499261,797.310380574451,2,0,0,2,3,0,0,4,7,2,10,7,32,13,0,0,11,-11,3,-3,1,1,1,4,2,13
2020-10-17,P1,Maritimo,Portimonense,0,1,2,10,10,4,3,992.122573506017,867.466196543318,1,0,0,1,1,0,0,1,7,4,11,10,24,15,-1,1,0,0,1,-1,2,1,3,4,10,10
2020-10-17,P1,Sp Braga,Nacional,2,2,1,20,5,7,2,1184.52881997381,1009.64700388916,0,1,1,0,0,1,1,0,6,5,19,5,36,5,1,-1,15,-15,5,-5,1,2,2,7,5,20
2020-10-17,P1,Sporting CP,Porto,1,2,2,13,10,5,5,1406.42008969046,1465.93565333883,2,2,0,0,2,2,0,0,15,12,27,24,47,50,0,0,3,-3,0,0,2,2,5,5,10,13
2020-10-18,P1,Belenenses,Moreirense,1,0,0,15,8,5,4,893.005440519678,914.313185707924,0,0,3,3,0,0,3,3,5,7,12,13,19,18,0,0,7,-7,1,-1,0,0,4,5,8,15
2020-10-18,P1,Pacos Ferreira,Santa Clara,2,2,1,12,15,3,5,888.171878148648,1102.47639020287,0,1,2,0,0,1,3,0,1,10,6,16,22,31,1,-1,-3,3,-2,2,1,2,5,3,15,12
2020-10-18,P1,Farense,Famalicao,1,3,3,13,13,5,5,810.747726963941,1039.45238317021,0,2,2,0,0,3,2,0,0,10,10,15,16,28,0,0,0,0,0,0,3,3,5,5,13,13
2020-10-18,P1,Rio Ave,Benfica,0,0,3,4,13,2,6,930.945487604122,1353.21156478118,0,4,0,0,2,4,3,0,4,12,9,22,22,43,-3,3,-9,9,-4,4,3,0,6,2,13,4
2020-10-19,P1,Boavista,Vitoria Guimaraes,0,0,1,19,9,2,1,941.695928420363,1101.96070331512,0,0,1,0,0,5,3,3,4,8,13,16,23,29,-1,1,10,-10,1,-1,1,0,1,2,9,19
2020-10-23,P1,Tondela,Portimonense,2,1,0,8,10,3,4,806.739529167316,910.478922782923,0,1,1,0,0,1,10,0,3,7,5,13,13,17,1,-1,-2,2,-1,1,0,1,4,3,10,8
2020-10-24,P1,Nacional,Pacos Ferreira,1,1,1,7,18,2,6,992.518937730465,937.736954286597,0,0,0,1,2,0,2,6,5,4,5,9,5,24,0,0,-11,11,-4,4,1,1,6,2,18,7
2020-10-24,P1,Santa Clara,Sporting CP,0,1,2,5,18,2,3,1052.91131406492,1409.13438545958,0,7,0,0,13,11,1,0,7,13,16,25,30,48,-1,1,-13,13,-1,1,2,1,3,2,18,5
2020-10-24,P1,Porto,Gil Vicente,2,1,0,18,13,7,2,1463.22135756971,1022.96530133324,0,0,1,0,0,1,1,5,10,8,22,10,48,30,1,-1,5,-5,5,-5,0,1,2,7,13,18
2020-10-25,P1,Farense,Rio Ave,0,0,1,13,6,1,2,819.98304796631,922.126960268375,0,0,0,0,1,2,3,6,1,4,8,8,14,22,-1,1,7,-7,-1,1,1,0,2,1,6,13
2020-10-25,P1,Moreirense,Maritimo,2,2,1,13,12,7,3,913.333156166832,949.109847266412,0,1,0,0,3,1,1,0,8,6,14,11,18,21,1,-1,1,-1,4,-4,1,2,3,7,12,13
2020-10-25,P1,Famalicao,Boavista,1,2,2,17,10,6,6,1030.21706216785,923.491964933861,0,0,0,0,1,4,2,3,8,3,16,10,28,22,0,0,7,-7,0,0,2,2,6,6,10,17
2020-10-25,P1,Vitoria Guimaraes,Sp Braga,0,0,1,11,16,1,8,1120.16466680162,1201.65688613251,1,1,0,0,1,1,0,0,10,6,16,19,31,39,-1,1,-5,5,-7,7,1,0,8,1,16,11
2020-10-26,P1,Benfica,Belenenses,2,2,0,15,6,6,2,1362.03009211692,893.98547006077,2,0,0,0,2,4,0,1,15,6,25,10,45,20,2,-2,9,-9,4,-4,0,2,2,6,6,15
2020-10-28,P1,Sporting CP,Gil Vicente,2,3,1,13,4,6,1,1416.42995667885,1018.26212472,0,0,0,1,3,0,1,6,13,5,25,10,48,29,2,-2,9,-9,5,-5,1,3,1,6,4,13
2020-10-30,P1,Pacos Ferreira,Porto,2,3,2,16,10,7,3,940.23905682098,1467.92453418295,1,0,0,0,1,3,0,1,5,10,7,22,24,48,1,-1,6,-6,4,-4,2,3,3,7,10,16
2020-10-31,P1,Belenenses,Farense,1,1,1,7,10,3,2,888.43207455604,797.128857900361,0,0,0,3,1,0,4,3,5,1,10,7,19,14,0,0,-3,3,1,-1,1,1,2,3,10,7
2020-10-31,P1,Rio Ave,Moreirense,2,2,0,11,7,6,1,944.981150334323,948.6167135862,0,0,1,0,0,1,4,4,6,8,11,14,25,21,2,-2,4,-4,5,-5,0,2,1,6,7,11
2020-10-31,P1,Maritimo,Nacional,1,0,0,15,9,4,3,913.826289847044,990.016835196082,0,0,1,1,0,0,1,1,6,6,11,6,20,6,0,0,6,-6,1,-1,0,0,3,4,9,15
2020-11-01,P1,Portimonense,Santa Clara,0,1,2,12,13,2,7,869.198345023046,1045.61574284565,0,0,1,1,0,0,3,1,4,7,10,13,17,27,-1,1,-1,1,-5,5,2,1,7,2,13,12
2020-11-01,P1,Gil Vicente,Vitoria Guimaraes,0,1,2,21,7,4,5,1010.21122592007,1095.53569754763,0,1,0,0,4,6,1,0,5,7,10,16,26,28,-1,1,14,-14,-1,1,2,1,5,4,7,21
2020-11-01,P1,Sporting CP,Tondela,2,4,0,26,3,15,0,1424.48085547878,848.020106927193,1,0,0,0,4,1,0,5,13,5,25,8,51,16,4,-4,23,-23,15,-15,0,4,0,15,3,26
2020-11-02,P1,Sp Braga,Famalicao,2,1,0,20,5,9,2,1226.2858553865,1025.45115763216,1,0,0,0,1,4,0,1,9,6,19,17,39,29,1,-1,15,-15,7,-7,0,1,2,9,5,20
2020-11-02,P1,Boavista,Benfica,2,3,0,14,5,7,2,928.257869469542,1367.58348762165,0,5,2,0,0,5,4,0,3,15,8,25,22,45,3,-3,9,-9,5,-5,0,3,2,7,5,14
2020-11-06,P1,Belenenses,Rio Ave,1,0,0,11,6,1,2,884.321595814014,989.29767738278,0,1,0,0,2,3,5,0,3,8,8,11,20,25,0,0,5,-5,-1,1,0,0,2,1,6,11
2020-11-07,P1,Tondela,Santa Clara,2,2,0,11,20,5,4,843.511845382097,1062.63315277036,1,1,0,0,1,1,0,0,4,7,8,15,13,27,2,-2,-9,9,1,-1,0,2,4,5,20,11
2020-11-07,P1,Famalicao,Maritimo,2,2,1,18,10,8,4,1010.13102186767,917.279811009933,0,0,0,1,2,0,3,1,6,7,16,9,28,21,1,-1,8,-8,4,-4,1,2,4,8,10,18
2020-11-07,P1,Vitoria Guimaraes,Sporting CP,0,0,4,15,16,1,6,1119.83129163468,1428.98911702388,0,8,1,0,0,12,1,0,10,13,16,28,31,51,-4,4,-1,1,-5,5,4,0,6,1,16,15
2020-11-08,P1,Farense,Boavista,2,3,1,6,13,5,5,801.239336642388,1029.26645449815,0,0,1,0,0,5,4,4,2,5,8,11,14,25,2,-2,-7,7,0,0,1,3,5,5,13,6
2020-11-08,P1,Nacional,Gil Vicente,2,2,1,13,10,6,8,986.563314033192,985.915631833015,0,0,0,2,3,0,3,7,6,2,7,9,7,23,1,-1,3,-3,-2,2,1,2,8,6,10,13
2020-11-08,P1,Porto,Portimonense,2,3,1,18,8,7,1,1406.85290334022,852.180935098335,1,0,0,1,1,0,0,1,7,3,19,10,45,17,2,-2,10,-10,6,-6,1,3,1,7,8,18
2020-11-08,P1,Benfica,Sp Braga,0,2,3,12,7,5,5,1266.57490259305,1241.60599115099,3,2,0,0,3,2,0,0,12,12,22,21,45,39,-1,1,5,-5,0,0,3,2,5,5,7,12
2020-11-27,P1,Pacos Ferreira,Famalicao,2,2,0,11,9,4,1,1001.31068766371,1033.7770519847,2,0,0,1,2,0,0,2,7,6,10,18,26,31,2,-2,2,-2,3,-3,0,2,1,4,9,11
2020-11-27,P1,Tondela,Vitoria Guimaraes,0,0,2,13,10,4,5,911.864887019703,1101.20985326539,2,2,0,0,2,7,0,0,7,9,10,15,16,28,-2,2,3,-3,-1,1,2,0,5,4,10,13
2020-11-28,P1,Santa Clara,Porto,0,0,1,7,4,2,2,994.280111132752,1410.31168585297,0,0,1,1,0,0,2,2,4,7,14,22,26,45,-1,1,3,-3,0,0,1,0,2,2,4,7
2020-11-28,P1,Sporting CP,Moreirense,2,2,1,13,2,5,0,1447.61055539317,904.300186537743,2,0,0,1,5,0,0,5,13,5,28,11,51,21,1,-1,11,-11,5,-5,1,2,0,5,2,13
2020-11-29,P1,Gil Vicente,Rio Ave,2,2,0,4,12,2,3,953.975285499078,984.605281153723,0,0,1,0,0,4,2,1,1,8,8,11,22,26,2,-2,-8,8,-1,1,0,2,3,2,12,4
2020-11-29,P1,Portimonense,Nacional,2,1,0,14,12,4,1,848.722152585582,1018.50366036713,0,0,2,0,0,1,4,2,3,6,7,10,16,10,1,-1,2,-2,3,-3,0,1,1,4,12,14
2020-11-29,P1,Boavista,Belenenses,1,0,0,15,14,6,4,960.150984138886,889.013992043071,1,0,0,1,1,0,0,2,5,4,11,8,24,21,0,0,1,-1,2,-2,0,0,4,6,14,15
2020-11-29,P1,Sp Braga,Farense,2,1,0,16,6,7,0,1275.90176186959,870.354807001648,2,0,0,0,2,1,0,4,15,5,21,8,42,16,1,-1,10,-10,7,-7,0,1,0,7,6,16
2020-11-30,P1,Maritimo,Benfica,0,1,2,5,12,2,2,893.633780892906,1232.27913187445,0,0,0,1,1,0,2,1,4,9,8,21,20,42,-1,1,-7,7,0,0,2,1,2,2,12,5
2020-12-01,P1,Moreirense,Pacos Ferreira,0,0,1,10,12,2,4,901.613133323332,1049.25472444161,1,0,0,0,4,1,0,7,5,10,11,12,18,28,-1,1,-2,2,-2,2,1,0,4,2,12,10
2020-12-05,P1,Vitoria Guimaraes,Portimonense,2,1,0,10,7,3,1,1123.28131620943,895.223290420818,0,0,2,2,0,0,2,2,9,6,17,10,31,18,1,-1,3,-3,2,-2,0,1,1,3,7,10
2020-12-05,P1,Moreirense,Gil Vicente,1,1,1,4,6,2,2,882.447998143111,1001.68941447736,0,0,1,3,0,0,1,8,4,3,11,11,18,22,0,0,-2,2,0,0,1,1,2,2,6,4
2020-12-05,P1,Famalicao,Sporting CP,1,2,2,5,15,2,6,985.833015206797,1450.29760860758,1,9,0,0,3,13,0,0,5,15,15,28,28,53,0,0,-10,10,-4,4,2,2,6,2,15,5
2020-12-05,P1,Porto,Tondela,2,4,3,16,8,9,4,1415.65982681278,889.793424075659,2,0,0,1,2,0,0,6,10,7,22,9,47,16,1,-1,8,-8,5,-5,3,4,4,9,8,16
2020-12-06,P1,Nacional,Santa Clara,0,1,3,15,13,4,8,972.002522531893,988.931970172945,1,0,0,1,4,0,0,1,5,3,10,13,10,26,-2,2,2,-2,-4,4,3,1,8,4,13,15
2020-12-06,P1,Rio Ave,Boavista,1,0,0,7,6,3,2,936.891152175438,956.920028324368,1,0,0,1,1,0,0,5,7,5,11,9,23,24,0,0,1,-1,1,-1,0,0,2,3,6,7
2020-12-06,P1,Belenenses,Sp Braga,2,2,1,11,16,5,6,892.244947857589,1281.55324498424,0,3,0,0,3,3,6,0,4,15,9,21,19,42,1,-1,-5,5,-1,1,1,2,6,5,16,11
2020-12-06,P1,Benfica,Pacos Ferreira,2,2,1,13,16,4,5,1240.25473946159,1068.41985962184,0,1,1,0,0,2,1,0,9,13,21,14,42,31,1,-1,-3,3,-1,1,1,2,5,4,16,13
2020-12-07,P1,Farense,Maritimo,2,2,1,4,10,4,4,864.703323887002,885.658173305762,1,0,0,2,1,0,0,2,5,1,5,8,16,17,1,-1,-6,6,0,0,1,2,4,4,10,4
2020-12-18,P1,Portimonense,Famalicao,1,0,0,19,8,6,4,881.654175373905,999.767580492105,1,0,0,2,1,0,0,3,3,5,10,13,17,26,0,0,11,-11,2,-2,0,0,4,6,8,19
2020-12-19,P1,Maritimo,Belenenses,2,1,0,10,7,2,2,851.73049718464,950.092931482531,0,0,1,0,0,1,3,3,1,6,7,12,17,22,1,-1,3,-3,0,0,0,1,2,2,7,10
2020-12-19,P1,Tondela,Moreirense,1,0,0,6,10,1,2,886.835654176987,887.733360191715,0,0,1,2,0,0,1,6,6,4,9,12,16,19,0,0,-4,4,-1,1,0,0,2,1,10,6
2020-12-19,P1,Sporting CP,Farense,2,1,0,18,8,3,3,1436.36304332228,898.631000008124,3,0,0,1,6,0,0,5,13,7,26,8,51,19,1,-1,10,-10,0,0,0,1,3,3,8,18
2020-12-20,P1,Pacos Ferreira,Boavista,1,1,1,7,8,3,4,1051.07087968471,955.998684887161,3,0,0,0,3,1,0,6,10,6,14,9,28,24,0,0,-1,1,-1,1,1,1,4,3,8,7
2020-12-20,P1,Gil Vicente,Benfica,0,0,2,14,11,5,6,996.404052428759,1257.60371939872,1,1,0,0,1,1,0,0,4,9,9,24,20,44,-2,2,3,-3,-1,1,2,0,6,5,11,14
2020-12-20,P1,Porto,Nacional,2,2,0,14,4,5,2,1418.61759671145,930.280259107484,3,0,0,1,3,0,0,3,12,5,22,10,47,10,2,-2,10,-10,3,-3,0,2,2,5,4,14
2020-12-21,P1,Santa Clara,Vitoria Guimaraes,0,0,4,11,7,2,5,1030.65423359735,1136.85043125635,0,3,2,0,0,8,3,0,6,9,13,19,28,34,-4,4,4,-4,-3,3,4,0,5,2,7,11
2020-12-22,P1,Sp Braga,Rio Ave,2,3,0,10,8,5,2,1223.7052613593,937.812495612645,3,0,0,1,3,0,0,2,12,8,18,12,39,24,3,-3,2,-2,3,-3,0,3,2,5,8,10
2020-12-27,P1,Famalicao,Gil Vicente,0,0,1,7,8,1,3,994.528546297035,980.449416615745,0,0,0,0,4,1,1,9,5,4,11,9,24,19,-1,1,-1,1,-2,2,1,0,3,1,8,7
2020-12-27,P1,Nacional,Tondela,2,2,0,10,13,4,2,925.304391057345,886.876994974737,0,0,1,2,0,0,1,7,4,4,10,9,10,17,2,-2,-3,3,2,-2,0,2,2,4,13,10
2020-12-27,P1,Farense,Pacos Ferreira,1,1,1,6,13,1,3,895.860057799319,1046.79874544682,2,0,0,1,2,0,0,1,7,10,8,15,19,26,0,0,-7,7,-2,2,1,1,3,1,13,6
2020-12-27,P1,Belenenses,Sporting CP,0,1,2,10,6,7,4,909.267943901713,1439.13398553108,1,0,0,0,4,14,0,1,6,13,11,26,22,53,-1,1,4,-4,3,-3,2,1,4,7,6,10
2020-12-28,P1,Rio Ave,Maritimo,0,1,3,10,13,5,6,920.178423413916,892.555484765458,0,0,0,3,2,0,1,3,5,4,11,10,21,19,-2,2,-3,3,-1,1,3,1,6,5,13,10
2020-12-28,P1,Boavista,Sp Braga,0,1,4,13,11,5,7,960.270819125052,1241.33933355803,0,0,0,1,2,0,1,1,6,12,9,21,22,41,-3,3,2,-2,-2,2,4,1,7,5,11,13
2020-12-29,P1,Benfica,Portimonense,2,2,1,15,13,6,2,1273.55835521173,886.893209568974,1,0,0,3,1,0,0,3,9,4,24,8,44,17,1,-1,2,-2,4,-4,1,2,2,6,13,15
2020-12-29,P1,Moreirense,Santa Clara,2,1,0,12,8,2,1,887.692019393965,985.275208113896,0,1,0,0,1,1,2,0,2,6,10,13,19,27,1,-1,4,-4,1,-1,0,1,1,2,8,12
2020-12-29,P1,Vitoria Guimaraes,Porto,0,2,3,4,17,2,7,1182.2294567398,1423.59346476159,1,1,0,0,1,1,0,0,12,12,19,22,37,49,-1,1,-13,13,-5,5,3,2,7,2,17,4
2021-01-02,P1,Sporting CP,Sp Braga,2,2,0,6,12,4,3,1442.02747801554,1259.38780213688,4,1,0,0,7,1,0,0,13,12,26,24,53,43,2,-2,-6,6,1,-1,0,2,3,4,12,6
2021-01-03,P1,Tondela,Famalicao,2,1,0,9,17,3,7,847.850474725942,961.232519861584,0,0,0,0,1,1,2,4,4,5,8,11,16,24,1,-1,-8,8,-4,4,0,1,7,3,17,9
2021-01-03,P1,Maritimo,Boavista,1,0,0,9,10,4,3,939.89268337473,942.222350546195,1,0,0,0,1,2,0,7,6,3,13,8,19,21,0,0,-1,1,1,-1,0,0,3,4,10,9
2021-01-03,P1,Pacos Ferreira,Rio Ave,2,2,0,15,12,4,2,1040.25438947439,872.841224804644,0,0,0,2,4,0,1,3,8,2,15,10,27,18,2,-2,3,-3,2,-2,0,2,2,4,12,15
2021-01-03,P1,Porto,Moreirense,2,3,0,20,3,7,2,1436.36166283097,928.450653436356,4,0,0,0,4,1,0,7,15,5,22,10,49,22,3,-3,17,-17,5,-5,0,3,2,7,3,20
2021-01-04,P1,Gil Vicente,Belenenses,1,0,0,13,7,5,1,1013.7454430512,906.374451417256,0,0,1,1,0,0,1,4,7,5,9,8,21,21,0,0,6,-6,4,-4,0,0,1,5,7,13
2021-01-04,P1,Portimonense,Farense,2,2,0,13,6,5,0,880.656065269487,902.404413771746,0,0,0,2,2,0,1,6,4,7,7,9,17,20,2,-2,7,-7,5,-5,0,2,0,5,6,13
2021-01-07,P1,Sp Braga,Maritimo,2,2,1,18,9,3,2,1236.67268574625,939.999966904878,4,1,0,0,4,1,0,0,9,7,24,11,43,20,1,-1,9,-9,1,-1,1,2,2,3,9,18
2021-01-08,P1,Nacional,Sporting CP,0,0,2,6,24,1,5,964.33091130614,1464.74259440618,1,1,0,0,1,15,0,0,6,13,12,26,13,53,-2,2,-18,18,-4,4,2,0,5,1,24,6
2021-01-08,P1,Benfica,Tondela,2,2,0,21,3,5,2,1279.79549951122,889.93777274169,2,0,0,3,2,0,0,8,12,4,24,11,44,19,2,-2,18,-18,3,-3,0,2,2,5,3,21
2021-01-08,P1,Rio Ave,Portimonense,2,3,0,16,13,7,3,848.619848511824,927.255448773599,0,0,1,4,0,0,2,4,1,7,9,10,18,20,3,-3,3,-3,4,-4,0,3,3,7,13,16
2021-01-08,P1,Famalicao,Porto,0,1,4,8,9,3,5,919.145221845836,1441.9228951807,0,2,1,0,0,2,2,0,2,15,8,22,23,49,-3,3,-1,1,-2,2,4,1,5,3,9,8
2021-01-09,P1,Moreirense,Vitoria Guimaraes,1,2,2,7,9,6,3,922.889421086631,1169.46125867042,1,4,0,0,2,9,0,0,5,9,10,19,22,34,0,0,-2,2,3,-3,2,2,3,6,9,7
2021-01-09,P1,Boavista,Santa Clara,1,1,1,13,7,5,2,942.115067016047,944.516574071504,0,0,1,1,0,0,2,1,4,3,9,10,21,24,0,0,6,-6,3,-3,1,1,2,5,7,13
2021-01-10,P1,Farense,Gil Vicente,2,3,1,10,7,4,3,855.805030267635,1008.95244812422,0,1,0,0,3,2,1,0,4,8,9,9,19,19,2,-2,3,-3,1,-1,1,3,3,4,7,10
2021-01-10,P1,Belenenses,Pacos Ferreira,0,0,2,14,9,6,5,911.16744634423,1064.47576576721,0,0,1,0,0,1,1,2,5,8,9,18,21,27,-2,2,5,-5,1,-1,2,0,5,6,9,14
2021-01-15,P1,Sporting CP,Rio Ave,1,1,1,14,6,4,1,1469.40210565765,915.287141940211,5,0,0,3,8,0,0,4,13,4,28,11,53,20,0,0,8,-8,3,-3,1,1,1,4,6,14
2021-01-15,P1,Porto,Benfica,1,1,1,9,12,4,4,1447.04943721615,1288.2030758196,5,2,0,0,5,2,0,0,15,15,25,24,49,46,0,0,-3,3,0,0,1,1,4,4,12,9
2021-01-16,P1,Pacos Ferreira,Sp Braga,2,2,0,8,12,4,4,1090.14625803272,1246.49356086791,1,0,0,1,5,0,0,1,8,9,21,24,27,43,2,-2,-4,4,0,0,0,2,4,4,12,8
2021-01-16,P1,Tondela,Boavista,2,3,1,18,8,7,2,881.530196433314,942.225658741737,1,0,0,0,2,3,0,8,4,4,11,9,18,22,2,-2,10,-10,5,-5,1,3,2,7,8,18
2021-01-17,P1,Nacional,Moreirense,0,0,1,18,15,3,4,959.67140005466,932.657147535929,0,0,1,1,0,0,1,8,3,6,9,10,13,23,-1,1,3,-3,-1,1,1,0,4,3,15,18
2021-01-17,P1,Santa Clara,Famalicao,0,1,2,11,9,2,4,944.405982345814,914.018679810384,0,0,3,1,0,0,4,5,4,2,8,7,24,22,-1,1,2,-2,-2,2,2,1,4,2,9,11
2021-01-17,P1,Gil Vicente,Maritimo,0,0,1,14,16,3,1,946.924525791785,930.179091783214,0,0,0,1,1,0,2,1,5,7,8,8,18,19,-1,1,-2,2,2,-2,1,0,1,3,16,14
2021-01-18,P1,Portimonense,Belenenses,2,1,0,15,7,7,2,860.588155345212,885.496954078726,1,0,0,0,3,1,0,5,4,4,10,8,20,20,1,-1,8,-8,5,-5,0,1,2,7,7,15
2021-01-21,P1,Vitoria Guimaraes,Nacional,2,3,1,10,12,4,5,1159.69353222113,925.188297357539,0,0,1,2,0,0,1,4,10,3,19,8,32,13,2,-2,-2,2,-1,1,1,3,5,4,12,10
2021-01-24,P1,Maritimo,Pacos Ferreira,0,0,3,13,11,4,5,963.720210111352,1152.5074952626,0,1,0,0,2,2,1,0,10,11,11,21,22,30,-3,3,2,-2,-1,1,3,0,5,4,11,13
2021-01-24,P1,Moreirense,Portimonense,1,2,2,11,10,3,4,967.140250233049,894.878417907426,0,0,0,5,3,0,1,5,8,7,12,10,26,23,0,0,1,-1,-1,1,2,2,4,3,10,11
2021-01-24,P1,Famalicao,Vitoria Guimaraes,0,0,1,11,9,5,3,948.810339121774,1177.75263848505,0,0,2,0,0,10,3,1,4,10,9,19,25,35,-1,1,2,-2,2,-2,1,0,3,5,9,11
2021-01-25,P1,Belenenses,Tondela,2,2,0,8,12,3,2,851.206691516513,932.972544839067,0,0,2,4,0,0,2,9,1,7,7,13,17,18,2,-2,-4,4,1,-1,0,2,2,3,12,8
2021-01-25,P1,Rio Ave,Santa Clara,0,1,2,11,12,5,5,930.021427561821,909.614323034424,1,0,0,0,1,1,0,2,4,4,12,7,20,23,-1,1,-1,1,0,0,2,1,5,5,12,11
2021-01-25,P1,Benfica,Nacional,1,1,1,11,7,3,2,1295.04782133049,907.129191093619,3,0,0,3,3,0,0,5,13,3,22,8,44,13,0,0,4,-4,1,-1,1,1,2,3,7,11
2021-01-25,P1,Farense,Porto,0,0,1,5,18,1,8,917.832952600072,1440.20469170525,1,3,0,0,4,3,0,0,7,13,12,25,22,47,-1,1,-13,13,-7,7,1,0,8,1,18,5
2021-01-26,P1,Sp Braga,Gil Vicente,2,1,0,13,6,1,0,1184.13232363802,913.383407463648,5,0,0,1,5,0,0,1,9,4,21,8,40,18,1,-1,7,-7,1,-1,0,1,0,1,6,13
2021-01-26,P1,Boavista,Sporting CP,0,0,2,7,14,3,6,890.783310335983,1454.66782003604,0,2,0,0,1,16,3,0,3,13,9,26,19,51,-2,2,-7,7,-3,3,2,0,6,3,14,7
2021-01-30,P1,Nacional,Famalicao,2,2,1,17,14,8,4,920.030869533228,935.295570799532,0,1,2,0,0,1,2,0,4,3,8,8,14,25,1,-1,3,-3,4,-4,1,2,4,8,14,17
2021-01-30,P1,Tondela,Farense,2,2,0,7,10,2,2,878.979853669228,914.817910500929,2,0,0,3,3,0,0,7,6,4,10,11,18,19,2,-2,-3,3,0,0,0,2,2,2,10,7
2021-01-30,P1,Portimonense,Boavista,0,1,2,9,11,2,6,898.15902957707,887.49647979944,2,0,0,1,4,0,0,9,7,2,11,8,21,16,-1,1,-2,2,-4,4,2,1,6,2,11,9
2021-01-31,P1,Vitoria Guimaraes,Maritimo,2,1,0,13,9,4,5,1191.26740680729,936.21105560262,1,1,0,0,1,1,0,0,10,7,19,11,35,22,1,-1,4,-4,-1,1,0,1,5,4,9,13
2021-02-01,P1,Santa Clara,Belenenses,2,2,0,9,11,3,1,943.491728326204,905.199382686352,0,0,4,1,0,0,5,6,4,4,10,10,26,20,2,-2,-2,2,2,-2,0,2,1,3,11,9
2021-02-01,P1,Porto,Rio Ave,2,2,0,14,8,5,2,1443.21973380439,896.144022270042,0,0,0,0,6,1,1,5,13,4,25,9,47,20,2,-2,6,-6,3,-3,0,2,2,5,8,14
2021-02-01,P1,Moreirense,Sp Braga,0,0,4,14,14,4,7,963.859638563405,1195.25897597033,0,0,0,2,4,0,2,2,8,9,10,21,24,40,-4,4,0,0,-3,3,4,0,7,4,14,14
2021-02-01,P1,Sporting CP,Benfica,2,1,0,10,5,2,2,1457.95465057259,1282.14614289088,0,0,0,0,9,3,1,1,13,11,26,20,51,45,1,-1,5,-5,0,0,0,1,2,2,5,10
2021-02-02,P1,Gil Vicente,Pacos Ferreira,0,1,2,3,9,3,6,902.25675513134,1180.01664977134,0,2,1,0,0,3,3,0,4,13,8,23,18,30,-1,1,-6,6,-3,3,2,1,6,3,9,3
2021-02-04,P1,Farense,Santa Clara,1,1,1,16,11,4,3,866.452346363435,982.535090176878,0,1,1,0,0,2,1,0,4,7,11,13,18,26,0,0,5,-5,1,-1,1,1,3,4,11,16
2021-02-04,P1,Belenenses,Porto,1,0,0,6,16,0,6,866.156020835677,1446.82675852226,1,4,0,0,1,4,0,0,4,13,9,28,17,47,0,0,-10,10,-6,6,0,0,6,0,16,6
2021-02-04,P1,Sp Braga,Portimonense,2,2,1,16,7,4,5,1222.1982184854,865.177280645129,6,0,0,0,6,1,0,6,9,7,21,11,42,21,1,-1,9,-9,-1,1,1,2,5,4,7,16
2021-02-04,P1,Famalicao,Moreirense,0,0,2,19,10,2,3,901.890543787721,936.920396048331,0,1,3,0,0,1,4,0,3,5,8,10,24,21,-2,2,9,-9,-1,1,2,0,3,2,10,19
2021-02-05,P1,Rio Ave,Nacional,1,0,0,15,18,4,7,892.536997552175,953.435896545039,0,0,1,0,0,1,1,6,4,4,6,10,17,17,0,0,-3,3,-3,3,0,0,7,4,18,15
2021-02-05,P1,Benfica,Vitoria Guimaraes,1,0,0,22,5,5,2,1265.08491006355,1203.24903584806,0,1,0,0,4,11,1,0,8,10,17,22,42,38,0,0,17,-17,3,-3,0,0,2,5,5,22
2021-02-05,P1,Maritimo,Sporting CP,0,0,2,5,19,0,4,924.229426561846,1475.01588339992,0,3,1,0,0,17,2,0,4,13,10,26,19,54,-2,2,-14,14,-4,4,2,0,4,0,19,5
2021-02-05,P1,Boavista,Gil Vicente,0,1,2,16,12,5,5,920.478228731381,891.496218449568,0,0,1,2,0,0,4,2,5,1,8,8,19,17,-1,1,4,-4,0,0,2,1,5,5,12,16
2021-02-05,P1,Pacos Ferreira,Tondela,2,2,1,9,8,3,3,1190.77718645311,927.345417806722,2,0,0,5,6,0,0,10,15,9,23,13,33,21,1,-1,1,-1,0,0,1,2,3,3,8,9
2021-02-07,P1,Sp Braga,Porto,1,2,2,15,10,5,3,1229.46415421067,1431.91917491496,7,0,0,0,7,5,0,1,12,11,21,26,42,48,0,0,5,-5,2,-2,2,2,3,5,10,15
2021-02-08,P1,Farense,Moreirense,0,1,2,15,6,4,3,871.607732432048,976.371035648401,0,2,0,0,1,2,2,0,4,8,11,13,19,24,-1,1,9,-9,1,-1,2,1,3,4,6,15
2021-02-08,P1,Benfica,Famalicao,2,2,0,13,10,5,5,1262.26695417543,862.439904187651,0,0,0,1,5,0,2,1,6,3,18,5,40,23,2,-2,3,-3,0,0,0,2,5,5,10,13
2021-02-08,P1,Maritimo,Santa Clara,0,1,2,16,8,5,3,920.695562358271,977.379704108266,0,0,2,0,0,3,3,1,3,8,10,11,18,26,-1,1,8,-8,2,-2,2,1,3,5,8,16
2021-02-08,P1,Belenenses,Vitoria Guimaraes,1,1,1,10,9,4,4,881.063604442976,1206.06699173618,0,0,0,0,2,12,1,1,4,11,9,20,17,36,0,0,1,-1,0,0,1,1,4,4,9,10
2021-02-09,P1,Pacos Ferreira,Portimonense,1,0,0,6,14,1,3,1202.29635831615,857.911344919858,3,0,0,1,7,0,0,7,15,4,23,11,35,18,0,0,-8,8,-2,2,0,0,3,1,14,6
2021-02-09,P1,Rio Ave,Tondela,2,2,1,6,11,2,5,895.313122819894,915.826245943685,0,0,0,6,1,0,2,11,5,6,6,10,17,20,1,-1,-5,5,-3,3,1,2,5,2,11,6
2021-02-09,P1,Boavista,Nacional,0,0,1,20,7,2,1,885.815061188648,950.65977127732,0,0,2,0,0,2,5,7,4,5,8,8,19,18,-1,1,13,-13,1,-1,1,0,1,2,7,20
2021-02-09,P1,Gil Vicente,Sporting CP,0,1,2,6,21,2,5,926.1593859923,1478.54974760349,0,4,2,0,0,18,4,0,3,13,11,26,19,54,-1,1,-15,15,-3,3,2,1,5,2,21,6
2021-02-12,P1,Famalicao,Belenenses,1,0,0,8,20,5,11,854.458571725556,892.793489196391,0,0,4,2,0,0,5,7,3,5,5,9,20,18,0,0,-12,12,-6,6,0,0,11,5,20,8
2021-02-13,P1,Nacional,Farense,0,2,3,10,9,4,4,976.755747236726,848.974609656364,1,0,0,4,1,0,0,8,8,4,11,8,21,16,-1,1,1,-1,0,0,3,2,4,4,9,10
2021-02-13,P1,Vitoria Guimaraes,Rio Ave,0,1,3,15,5,7,3,1194.33710698277,929.200259000336,2,0,0,1,2,0,0,6,11,5,21,9,36,20,-2,2,10,-10,4,-4,3,1,3,7,5,15
2021-02-13,P1,Porto,Boavista,1,2,2,17,4,6,4,1423.52503001569,859.719085229242,1,1,0,0,7,1,0,0,9,3,24,7,46,16,0,0,13,-13,2,-2,2,2,4,6,4,17
2021-02-14,P1,Portimonense,Gil Vicente,2,4,1,11,9,4,3,870.037456074082,923.603709585854,0,1,1,0,0,1,1,0,5,3,9,8,19,19,3,-3,2,-2,1,-1,1,4,3,4,9,11
2021-02-14,P1,Santa Clara,Sp Braga,0,0,1,9,8,2,3,1004.20473611781,1237.85829910995,1,1,0,0,1,1,0,0,10,10,14,19,28,40,-1,1,1,-1,-1,1,1,0,3,2,8,9
2021-02-14,P1,Moreirense,Benfica,1,1,1,8,18,3,8,999.004158424085,1270.24828663753,0,0,1,1,0,0,3,2,10,6,16,21,27,42,0,0,-10,10,-5,5,1,1,8,3,18,8
2021-02-15,P1,Sporting CP,Pacos Ferreira,2,2,0,7,7,3,2,1481.10542400994,1190.17024716192,1,3,0,0,10,4,0,0,13,13,26,21,54,35,2,-2,0,0,1,-1,0,2,2,3,7,7
2021-02-16,P1,Tondela,Maritimo,2,2,1,13,5,6,3,881.939109763243,893.870530348728,3,0,0,1,4,0,0,1,6,3,10,10,19,18,1,-1,8,-8,3,-3,1,2,3,6,5,13
2021-02-17,P1,Vitoria Guimaraes,Farense,1,2,2,15,8,3,3,1122.28280897523,892.240260833837,0,1,1,0,0,1,1,0,8,4,18,11,35,16,0,0,7,-7,0,0,2,2,3,3,8,15
2021-02-19,P1,Boavista,Moreirense,2,1,0,11,8,6,1,874.519471836041,1009.45392209871,0,3,3,0,0,3,6,0,4,8,7,16,16,28,1,-1,3,-3,5,-5,0,1,1,6,8,11
2021-02-20,P1,Belenenses,Nacional,2,2,1,16,13,4,4,891.035230354138,933.490096059253,0,1,0,0,3,3,2,0,6,8,7,11,19,21,1,-1,3,-3,0,0,1,2,4,4,13,16
2021-02-20,P1,Gil Vicente,Santa Clara,2,1,0,10,10,3,1,860.730636102877,990.976828477552,0,1,3,0,0,4,5,0,3,10,7,14,16,27,1,-1,0,0,2,-2,0,1,1,3,10,10
2021-02-20,P1,Sporting CP,Portimonense,2,2,0,14,7,7,1,1494.94609096862,932.910529557059,2,0,0,0,11,1,0,8,15,5,28,12,54,22,2,-2,7,-7,6,-6,0,2,1,7,7,14
2021-02-21,P1,Pacos Ferreira,Vitoria Guimaraes,2,2,1,8,10,3,3,1176.32958020324,1113.00649433984,0,0,0,0,8,13,1,2,10,6,21,16,35,35,1,-1,-2,2,0,0,1,2,3,3,10,8
2021-02-21,P1,Rio Ave,Famalicao,0,0,1,5,8,1,5,1001.25455700787,856.216830567809,1,0,0,2,2,0,0,2,7,1,11,5,23,18,-1,1,-3,3,-4,4,1,0,5,1,8,5
2021-02-21,P1,Sp Braga,Tondela,2,4,2,19,8,7,3,1251.08620675021,915.037602415515,0,0,0,7,8,0,1,12,13,6,22,13,40,22,2,-2,11,-11,4,-4,2,4,3,7,8,19
2021-02-21,P1,Farense,Benfica,1,0,0,8,15,3,2,901.516575469228,1259.79852296291,0,0,1,0,0,1,3,3,5,6,9,19,17,40,0,0,-7,7,1,-1,0,0,2,3,15,8
2021-02-22,P1,Maritimo,Porto,0,1,2,12,14,7,6,860.772037696457,1408.72464340889,0,0,3,0,0,6,4,2,0,9,10,22,17,44,-1,1,-2,2,1,-1,2,1,6,7,14,12
2021-02-26,P1,Vitoria Guimaraes,Boavista,2,2,1,18,7,9,2,1086.77503366963,918.358076140359,0,0,0,0,1,2,2,1,3,7,13,9,32,18,1,-1,11,-11,7,-7,1,2,2,9,7,18
2021-02-27,P1,Famalicao,Farense,1,0,0,11,10,3,1,900.84984891027,913.906919687192,0,0,0,0,1,2,6,1,4,6,7,10,18,18,0,0,1,-1,2,-2,0,0,1,3,10,11
2021-02-27,P1,Santa Clara,Pacos Ferreira,2,3,0,7,17,4,4,947.512775665324,1202.56104087346,0,0,1,1,0,0,1,1,7,10,11,23,24,38,3,-3,-10,10,0,0,0,3,4,4,17,7
2021-02-27,P1,Porto,Sporting CP,1,0,0,14,4,3,0,1411.34374142593,1498.26675995535,0,5,0,0,8,19,1,0,9,15,22,28,44,54,0,0,10,-10,3,-3,0,0,0,3,4,14
2021-02-28,P1,Portimonense,Maritimo,1,0,0,7,11,1,4,929.589860570331,858.152939679414,1,0,0,2,1,0,0,2,4,0,11,7,19,17,0,0,-4,4,-3,3,0,0,4,1,11,7
2021-02-28,P1,Tondela,Gil Vicente,2,1,0,16,13,6,2,903.962789845596,904.194688915106,4,0,0,1,5,0,0,1,6,6,12,10,21,19,1,-1,3,-3,4,-4,0,1,2,6,13,16
2021-02-28,P1,Nacional,Sp Braga,0,1,2,8,15,2,4,897.59920491664,1262.16101932013,0,2,1,0,0,2,1,0,7,13,11,22,21,43,-1,1,-7,7,-2,2,2,1,4,2,15,8
2021-03-01,P1,Benfica,Rio Ave,2,2,0,17,11,6,5,1247.40817874494,956.621538665408,1,1,0,0,6,1,0,0,6,7,17,11,41,22,2,-2,6,-6,1,-1,0,2,5,6,11,17
2021-03-01,P1,Moreirense,Belenenses,1,2,2,11,13,5,5,965.615317794388,926.926121496751,0,0,0,0,1,1,4,8,7,6,15,10,25,21,0,0,-2,2,0,0,2,2,5,5,13,11
2021-03-05,P1,Pacos Ferreira,Nacional,2,2,1,12,10,3,4,1113.91666535636,890.608210868254,1,0,0,1,9,0,0,1,7,4,22,8,37,20,1,-1,2,-2,-1,1,1,2,4,3,10,12
2021-03-05,P1,Sporting CP,Santa Clara,2,2,1,6,6,4,2,1494.3452856805,1036.15715118242,3,0,0,1,12,0,0,1,13,7,26,14,52,27,1,-1,0,0,2,-2,1,2,2,4,6,6
2021-03-06,P1,Portimonense,Tondela,2,3,0,10,12,5,3,926.345658067038,935.984148536045,0,0,0,8,2,0,1,13,5,6,12,15,19,23,3,-3,-2,2,2,-2,0,3,3,5,12,10
2021-03-06,P1,Gil Vicente,Porto,0,0,2,9,11,1,6,872.173330224657,1415.26521570077,1,1,0,0,1,7,0,0,6,7,7,20,16,42,-2,2,-2,2,-5,5,2,0,6,1,11,9
2021-03-06,P1,Boavista,Famalicao,2,3,0,11,12,4,2,900.759165598184,901.45086631813,1,1,0,0,1,1,0,0,4,5,9,8,17,19,3,-3,-1,1,2,-2,0,3,2,4,12,11
2021-03-07,P1,Maritimo,Moreirense,0,0,2,15,16,6,5,861.397142182707,963.840942643559,0,0,4,1,0,0,5,1,1,8,5,13,18,23,-2,2,-1,1,1,-1,2,0,5,6,16,15
2021-03-07,P1,Rio Ave,Farense,2,2,0,10,6,4,1,942.770901740662,913.305902279333,0,0,1,0,0,3,1,2,7,6,11,10,21,19,2,-2,4,-4,3,-3,0,2,1,4,6,10
2021-03-08,P1,Belenenses,Benfica,0,0,3,10,11,3,6,928.70049664758,1261.25881566969,1,0,0,0,4,2,0,4,7,9,11,17,19,41,-3,3,-1,1,-3,3,3,0,6,3,11,10
2021-03-09,P1,Sp Braga,Vitoria Guimaraes,2,3,0,8,14,4,1,1269.15201336851,1104.3739442118,1,0,0,1,9,0,0,3,13,5,22,16,46,35,3,-3,-6,6,3,-3,0,3,1,4,14,8
2021-03-12,P1,Nacional,Maritimo,0,1,2,17,14,7,3,876.744461049622,830.109073876398,0,0,2,0,0,1,2,3,3,1,8,4,17,15,-1,1,3,-3,4,-4,2,1,3,7,14,17
2021-03-13,P1,Farense,Belenenses,0,0,1,13,8,4,4,873.158829571812,914.686763547812,0,0,0,0,1,2,4,9,6,6,10,10,19,19,-1,1,5,-5,0,0,1,0,4,4,8,13
2021-03-13,P1,Benfica,Boavista,2,2,0,17,3,7,0,1275.27254876946,955.399325992452,2,0,0,1,7,0,0,2,11,7,17,11,41,20,2,-2,14,-14,7,-7,0,2,0,7,3,17
2021-03-13,P1,Santa Clara,Portimonense,2,2,0,18,11,5,4,1031.88444984388,982.389669968234,1,0,0,1,1,0,0,9,6,8,14,12,24,22,2,-2,7,-7,1,-1,0,2,4,5,11,18
2021-03-13,P1,Tondela,Sporting CP,0,0,1,4,14,2,4,879.940136634849,1498.61798701905,5,0,0,0,6,20,0,1,6,13,12,26,23,52,-1,1,-10,10,-2,2,1,0,4,2,14,4
2021-03-14,P1,Moreirense,Rio Ave,1,1,1,9,13,2,2,995.129010949867,982.917974448183,0,0,0,1,2,0,5,1,8,9,16,14,26,23,0,0,-4,4,0,0,1,1,2,2,13,9
2021-03-14,P1,Vitoria Guimaraes,Gil Vicente,0,2,4,20,11,8,8,1073.9258166506,868.486148082786,1,0,0,2,2,0,0,2,4,3,15,6,34,15,-2,2,9,-9,0,0,4,2,8,8,11,20
2021-03-14,P1,Porto,Pacos Ferreira,2,2,0,16,2,5,2,1418.95239784264,1127.78041517499,0,0,0,2,9,0,2,2,9,7,20,22,42,40,2,-2,14,-14,3,-3,0,2,2,5,2,16
2021-03-15,P1,Famalicao,Sp Braga,1,2,2,17,9,5,3,846.810705923862,1299.60014092971,0,3,0,0,2,3,7,0,5,13,8,25,16,49,0,0,8,-8,2,-2,2,2,3,5,9,17
2021-03-19,P1,Gil Vicente,Nacional,2,2,0,10,9,4,1,935.624794014364,840.474794609444,0,0,1,2,0,0,1,2,6,0,9,8,17,16,2,-2,1,-1,3,-3,0,2,1,4,9,10
2021-03-20,P1,Pacos Ferreira,Moreirense,2,3,0,14,9,8,0,1113.95563084558,994.566903367084,2,1,0,0,10,1,0,0,6,6,19,16,40,26,3,-3,5,-5,8,-8,0,3,0,8,9,14
2021-03-20,P1,Santa Clara,Tondela,1,1,1,16,5,5,4,1069.5361489415,878.172782264707,2,0,0,9,2,0,0,14,6,6,16,12,24,23,0,0,11,-11,1,-1,1,1,4,5,5,16
2021-03-20,P1,Portimonense,Porto,0,1,2,8,12,3,3,944.737970870612,1432.77718217206,1,2,0,0,3,8,0,0,7,11,12,20,22,45,-1,1,-4,4,0,0,2,1,3,3,12,8
2021-03-20,P1,Sporting CP,Vitoria Guimaraes,2,1,0,10,4,4,1,1500.38534138919,1006.78717071902,4,0,0,2,13,0,0,4,13,4,26,12,54,31,1,-1,6,-6,3,-3,0,1,1,4,4,10
2021-03-21,P1,Rio Ave,Belenenses,1,0,0,19,6,7,3,983.480082030967,942.880010885857,1,1,0,0,1,3,0,0,7,8,12,13,23,21,0,0,13,-13,4,-4,0,0,3,7,6,19
2021-03-21,P1,Boavista,Farense,0,0,1,14,19,5,8,943.391716051391,844.965582233767,2,0,0,1,2,0,0,3,7,3,10,7,19,19,-1,1,-5,5,-3,3,1,0,8,5,19,14
2021-03-21,P1,Maritimo,Famalicao,0,0,4,8,13,2,7,866.378740316576,860.611554928014,0,0,5,1,0,0,6,1,4,6,7,9,15,16,-4,4,-5,5,-5,5,4,0,7,2,13,8
2021-03-21,P1,Sp Braga,Benfica,0,0,2,8,10,3,5,1285.79929192556,1287.28015871052,2,1,0,0,10,3,0,0,13,11,23,17,47,41,-2,2,-2,2,-2,2,2,0,5,3,10,8
2021-04-02,P1,Nacional,Portimonense,0,1,5,12,18,2,10,808.336649264945,941.101527788322,0,0,3,2,0,0,3,10,0,4,8,9,16,19,-4,4,-6,6,-8,8,5,1,10,2,18,12
2021-04-03,P1,Rio Ave,Gil Vicente,0,0,2,10,8,3,3,981.618843951086,967.762939358862,0,1,0,0,2,1,1,0,5,9,12,12,24,20,-2,2,2,-2,0,0,2,0,3,3,8,10
2021-04-03,P1,Porto,Santa Clara,2,2,1,17,5,6,3,1436.41362525435,1061.51837932109,1,0,0,2,10,0,0,2,13,7,22,17,47,24,1,-1,12,-12,3,-3,1,2,3,6,5,17
2021-04-04,P1,Belenenses,Boavista,0,0,2,10,10,2,6,944.741248965738,902.561308012932,0,0,1,2,0,0,1,3,8,6,14,10,21,19,-2,2,0,0,-4,4,2,0,6,2,10,10
2021-04-04,P1,Vitoria Guimaraes,Tondela,0,1,2,16,10,6,3,1003.25893791362,886.190551885117,0,0,1,0,0,1,1,15,3,4,9,10,28,23,-1,1,6,-6,3,-3,2,1,3,6,10,16
2021-04-04,P1,Famalicao,Pacos Ferreira,2,2,0,16,3,6,0,926.185089821243,1150.45292914757,0,0,0,3,3,0,8,3,8,9,9,19,18,40,2,-2,13,-13,6,-6,0,2,0,6,3,16
2021-04-05,P1,Farense,Sp Braga,0,1,2,18,14,9,2,885.795990272227,1242.12860609475,0,0,1,0,0,4,5,1,5,10,10,23,21,44,-1,1,4,-4,7,-7,2,1,2,9,14,18
2021-04-05,P1,Benfica,Maritimo,2,1,0,15,8,6,2,1330.95084454133,800.805205423347,3,1,0,0,8,2,0,0,13,4,19,4,41,15,1,-1,7,-7,4,-4,0,1,2,6,8,15
2021-04-05,P1,Moreirense,Sporting CP,1,1,1,5,10,1,3,958.069605065097,1503.91357419459,0,1,0,0,3,21,6,0,5,13,13,28,25,54,0,0,-5,5,-2,2,1,1,3,1,10,5
2021-04-09,P1,Portimonense,Vitoria Guimaraes,2,3,0,7,10,3,3,982.089649017803,960.866884203838,0,0,1,3,0,0,1,5,7,3,11,6,22,28,3,-3,-3,3,0,0,0,3,3,3,10,7
2021-04-10,P1,Maritimo,Farense,2,1,0,9,14,2,2,797.916156190827,878.504494137118,0,1,6,0,0,1,7,0,4,4,4,10,15,21,1,-1,-5,5,0,0,0,1,2,2,14,9
2021-04-10,P1,Boavista,Rio Ave,1,3,3,13,10,4,5,951.717394476497,936.013088903859,0,0,1,0,0,1,1,2,6,5,13,12,21,21,0,0,3,-3,-1,1,3,3,5,4,10,13
2021-04-10,P1,Tondela,Porto,0,0,2,7,13,2,6,928.582605594903,1443.04271126554,0,3,1,0,0,9,1,0,7,13,13,22,23,47,-2,2,-6,6,-4,4,2,0,6,2,13,7
2021-04-10,P1,Pacos Ferreira,Benfica,0,0,5,2,15,1,9,1081.65658726324,1333.83989377385,3,2,0,0,11,4,0,0,6,15,16,21,39,41,-5,5,-13,13,-8,8,5,0,9,1,15,2
2021-04-11,P1,Gil Vicente,Moreirense,0,1,2,18,10,6,4,1013.36869440609,972.744725640133,1,0,0,1,1,0,0,1,9,6,15,13,23,23,-1,1,8,-8,2,-2,2,1,4,6,10,18
2021-04-11,P1,Santa Clara,Nacional,2,5,1,16,10,9,3,1054.88929330989,767.348528035465,0,0,0,3,3,0,1,3,7,0,14,7,24,15,4,-4,6,-6,6,-6,1,5,3,9,10,16
2021-04-11,P1,Sp Braga,Belenenses,1,1,1,14,9,4,2,1249.42010222986,895.585162502173,0,0,1,0,0,4,1,1,10,5,23,11,44,21,0,0,5,-5,2,-2,1,1,2,4,9,14
2021-04-11,P1,Sporting CP,Famalicao,1,1,1,16,2,5,2,1489.23845361955,994.981431705569,5,1,0,0,14,1,0,0,11,8,26,12,52,20,0,0,14,-14,3,-3,1,1,2,5,2,16
2021-04-16,P1,Boavista,Pacos Ferreira,2,2,0,9,13,4,2,950.994676605437,1053.58137724447,0,0,0,4,1,0,2,4,7,6,11,13,19,36,2,-2,-4,4,2,-2,0,2,2,4,13,9
2021-04-16,P1,Farense,Sporting CP,0,0,1,8,12,3,4,839.212343870271,1474.9962588457,0,0,2,0,0,22,6,1,3,11,9,24,20,50,-1,1,-4,4,-1,1,1,0,4,3,12,8
2021-04-17,P1,Vitoria Guimaraes,Santa Clara,2,1,0,5,9,2,1,909.662161900196,1075.58247947665,0,0,2,3,0,0,2,3,0,7,5,14,25,27,1,-1,-4,4,1,-1,0,1,1,2,9,5
2021-04-17,P1,Moreirense,Tondela,0,2,3,12,7,3,5,1008.46937304997,924.267263457235,0,1,0,0,4,2,7,0,8,4,16,10,26,23,-1,1,5,-5,-2,2,3,2,5,3,7,12
2021-04-17,P1,Belenenses,Maritimo,2,2,0,6,21,4,6,907.892710166197,837.208306457673,0,0,2,1,0,0,2,1,5,6,12,7,21,17,2,-2,-15,15,-2,2,0,2,6,4,21,6
2021-04-17,P1,Benfica,Gil Vicente,0,1,2,19,8,1,2,1361.91510379263,977.644046996251,4,2,0,0,9,2,0,0,15,9,24,15,41,23,-1,1,11,-11,-1,1,2,1,2,1,8,19
2021-04-17,P1,Rio Ave,Sp Braga,1,0,0,10,13,4,6,936.735806774918,1237.11255456583,0,1,1,0,0,5,2,0,6,8,13,21,19,42,0,0,-3,3,-2,2,0,0,6,4,13,10
2021-04-18,P1,Famalicao,Portimonense,0,0,1,18,9,2,4,1009.22362647942,1033.29437132144,1,1,0,0,4,1,0,0,8,9,13,14,21,25,-1,1,9,-9,-2,2,1,0,4,2,9,18
2021-04-18,P1,Nacional,Porto,0,0,1,7,9,3,3,746.655341868704,1447.35805340321,0,4,4,0,0,10,4,0,0,15,4,22,14,50,-1,1,-2,2,0,0,1,0,3,3,9,7
2021-04-20,P1,Pacos Ferreira,Farense,0,0,2,5,13,1,6,997.13765449852,837.606569176382,0,0,1,1,0,0,1,1,3,3,10,9,33,17,-2,2,-8,8,-5,5,2,0,6,1,13,5
2021-04-21,P1,Santa Clara,Moreirense,1,0,0,18,6,5,3,1029.36535910174,968.862423750183,1,1,0,0,4,1,0,0,7,5,13,13,24,26,0,0,12,-12,2,-2,0,0,3,5,6,18
2021-04-21,P1,Maritimo,Rio Ave,2,1,0,6,15,2,1,802.152249041066,947.913350169328,1,0,0,0,1,2,0,3,6,4,7,13,17,19,1,-1,-9,9,1,-1,0,1,1,2,15,6
2021-04-21,P1,Sp Braga,Boavista,2,2,1,25,5,10,2,1225.93501117142,1007.43839935138,0,1,0,0,1,1,2,0,6,7,19,14,40,22,1,-1,20,-20,8,-8,1,2,2,10,5,25
2021-04-21,P1,Sporting CP,Belenenses,1,2,2,28,3,9,3,1476.60203353959,942.948767582804,0,0,0,0,15,5,1,2,11,8,24,14,50,23,0,0,25,-25,6,-6,2,2,3,9,3,28
2021-04-22,P1,Tondela,Nacional,2,2,1,6,11,5,5,963.874212757023,745.54156364071,0,0,2,4,0,0,2,4,7,0,13,3,23,11,1,-1,-5,5,0,0,1,2,5,5,11,6
2021-04-22,P1,Gil Vicente,Famalicao,0,0,3,10,14,5,5,1035.32889103139,979.437083698479,0,0,1,0,0,2,1,1,12,8,15,13,26,18,-3,3,-4,4,0,0,3,0,5,5,14,10
2021-04-22,P1,Portimonense,Benfica,0,1,5,8,15,3,6,1063.08091410239,1304.23025975749,1,3,0,0,1,5,0,0,9,12,17,23,28,41,-4,4,-7,7,-3,3,5,1,6,3,15,8
2021-04-22,P1,Porto,Vitoria Guimaraes,2,1,0,15,4,7,1,1448.4718316312,955.879282275113,2,0,0,4,11,0,0,6,15,3,24,7,50,28,1,-1,11,-11,6,-6,0,1,1,7,4,15
2021-04-25,P1,Boavista,Maritimo,0,0,1,9,10,3,3,993.271460069635,846.841462655929,1,0,0,2,2,0,0,2,7,6,14,10,21,20,-1,1,-1,1,0,0,1,0,3,3,10,9
2021-04-25,P1,Rio Ave,Pacos Ferreira,1,1,1,7,9,2,3,903.224136554466,934.447340433552,0,0,0,5,1,0,3,5,3,3,10,9,19,30,0,0,-2,2,-1,1,1,1,3,2,9,7
2021-04-25,P1,Sp Braga,Sporting CP,0,0,1,17,5,4,1,1240.10195045317,1462.01896203776,1,1,0,0,2,23,0,0,8,9,21,22,40,48,-1,1,12,-12,3,-3,1,0,1,4,5,17
2021-04-26,P1,Belenenses,Gil Vicente,2,2,1,8,16,3,4,957.531839084628,972.099721848373,1,3,0,0,1,3,0,0,6,9,14,15,23,23,1,-1,-8,8,-1,1,1,2,4,3,16,8
2021-04-26,P1,Benfica,Santa Clara,2,2,1,10,16,1,7,1329.99279593931,1026.60692316581,0,0,1,4,0,0,1,4,12,5,23,11,44,25,1,-1,-6,6,-6,6,1,2,7,1,16,10
2021-04-26,P1,Famalicao,Tondela,1,2,2,11,11,4,2,1042.66625288149,978.051566302921,0,2,1,0,0,3,1,0,10,10,16,16,21,26,0,0,0,0,2,-2,2,2,2,4,11,11
2021-04-26,P1,Nacional,Vitoria Guimaraes,2,1,0,8,6,6,1,731.364210094811,952.331701350971,0,0,5,5,0,0,5,7,0,3,0,7,11,25,1,-1,2,-2,5,-5,0,1,1,6,6,8
2021-04-26,P1,Moreirense,Porto,1,1,1,10,20,4,7,971.620859686106,1452.01941255535,0,5,1,0,0,11,8,0,5,15,11,26,27,50,0,0,-10,10,-3,3,1,1,7,4,20,10
2021-04-27,P1,Farense,Portimonense,1,1,1,10,17,3,6,900.29688324135,1037.31837792057,0,2,3,0,0,2,7,0,6,9,9,16,20,25,0,0,-7,7,-3,3,1,1,6,3,17,10
2021-04-29,P1,Maritimo,Sp Braga,2,1,0,7,12,2,4,891.582556897875,1226.15101233005,2,0,0,0,2,6,0,1,9,8,13,18,23,40,1,-1,-5,5,-2,2,0,1,4,2,12,7
2021-04-30,P1,Pacos Ferreira,Belenenses,2,1,0,13,7,6,1,933.013317160214,990.872804912302,0,0,2,0,0,6,2,3,1,8,10,16,31,23,1,-1,6,-6,5,-5,0,1,1,6,7,13
2021-04-30,P1,Vitoria Guimaraes,Moreirense,2,2,0,15,14,7,2,902.342363383659,985.725724072491,1,0,0,0,1,2,0,1,3,6,6,11,22,27,2,-2,1,-1,5,-5,0,2,2,7,14,15
2021-04-30,P1,Tondela,Benfica,0,0,2,7,13,3,6,980.993344690983,1339.49667513016,1,4,0,0,1,6,0,0,10,12,14,25,27,44,-2,2,-6,6,-3,3,2,0,6,3,13,7
2021-04-30,P1,Porto,Famalicao,2,3,2,10,9,4,3,1437.91454816896,1039.72447449343,3,1,0,0,12,3,0,0,13,8,26,16,48,21,1,-1,1,-1,1,-1,2,3,3,4,9,10
2021-05-01,P1,Gil Vicente,Farense,1,0,0,11,11,3,3,938.758756020699,906.298957774184,0,1,2,0,0,1,2,0,6,4,15,9,22,18,0,0,0,0,0,0,0,0,3,3,11,11
2021-05-01,P1,Portimonense,Rio Ave,1,0,0,6,11,1,2,1031.31630338773,904.658159827803,0,0,1,1,0,0,1,4,10,3,14,8,26,19,0,0,-5,5,-1,1,0,0,2,1,11,6
2021-05-01,P1,Santa Clara,Boavista,1,3,3,15,10,6,5,1017.10304397496,948.530365827689,0,0,0,1,5,0,1,1,4,7,11,13,25,20,0,0,5,-5,1,-1,3,3,5,6,10,15
2021-05-01,P1,Sporting CP,Nacional,2,2,0,19,2,8,1,1475.96990016089,781.353548062123,0,0,0,5,16,0,2,5,9,3,22,3,50,14,2,-2,17,-17,7,-7,0,2,1,8,2,19
2021-05-05,P1,Maritimo,Gil Vicente,0,0,1,9,8,2,5,947.441650755243,937.268261176903,3,0,0,1,3,0,0,1,12,4,16,13,23,23,-1,1,1,-1,-3,3,1,0,5,2,8,9
2021-05-05,P1,Sp Braga,Pacos Ferreira,1,1,1,11,13,3,1,1170.29191847268,970.293649363329,0,0,1,0,0,1,1,6,5,4,15,10,37,33,0,0,-2,2,2,-2,1,1,1,3,13,11
2021-05-05,P1,Rio Ave,Sporting CP,0,0,2,5,17,1,5,910.245627847146,1477.54983900361,0,2,0,0,2,24,4,0,4,11,9,22,20,50,-2,2,-12,12,-4,4,2,0,5,1,17,5
2021-05-06,P1,Moreirense,Nacional,1,2,2,12,17,6,3,931.539964091221,779.773609219397,0,0,0,6,1,0,9,6,5,3,11,3,26,14,0,0,-5,5,3,-3,2,2,3,6,17,12
2021-05-06,P1,Belenenses,Portimonense,2,1,0,13,10,3,2,953.592472709187,1025.72883536839,2,0,0,0,2,3,0,1,8,8,13,15,23,26,1,-1,3,-3,1,-1,0,1,2,3,10,13
2021-05-06,P1,Benfica,Porto,1,1,1,5,15,3,2,1349.37992523778,1443.7880729326,1,0,0,0,1,12,0,1,12,13,27,26,44,48,0,0,-10,10,1,-1,1,1,2,3,15,5
2021-05-06,P1,Farense,Vitoria Guimaraes,1,2,2,13,13,8,3,907.78945261798,956.528123364929,0,0,0,6,1,0,8,8,5,6,9,9,19,22,0,0,0,0,5,-5,2,2,3,8,13,13
2021-05-07,P1,Famalicao,Santa Clara,2,1,0,14,6,4,3,1033.85094972979,1013.98553072576,0,0,0,5,1,0,2,5,5,5,13,12,20,23,1,-1,8,-8,1,-1,0,1,3,4,6,14
2021-05-07,P1,Boavista,Tondela,1,1,1,22,7,8,3,951.647879076887,971.110094583368,0,0,1,0,0,4,1,1,5,7,11,14,20,26,0,0,15,-15,5,-5,1,1,3,8,7,22
2021-05-09,P1,Pacos Ferreira,Maritimo,1,1,1,17,7,5,1,978.605492817223,914.504914651142,1,1,0,0,1,1,0,0,5,9,11,15,33,20,0,0,10,-10,4,-4,1,1,1,5,7,17
2021-05-09,P1,Gil Vicente,Sp Braga,1,1,1,5,12,2,3,970.204997281005,1161.98007501879,0,0,0,1,1,0,3,2,7,5,16,13,23,35,0,0,-7,7,-1,1,1,1,3,2,12,5
2021-05-10,P1,Portimonense,Moreirense,0,1,2,13,8,3,3,987.178683201979,924.963900280014,0,0,0,1,1,0,2,2,5,3,14,11,26,24,-1,1,5,-5,0,0,2,1,3,3,8,13
2021-05-10,P1,Porto,Farense,2,5,1,13,6,7,1,1439.54435346995,910.019343309972,4,0,0,0,13,2,0,1,11,6,26,9,46,19,4,-4,7,-7,6,-6,1,5,1,7,6,13
2021-05-11,P1,Santa Clara,Rio Ave,2,1,0,14,7,6,5,983.813212156295,907.020511421687,0,0,0,0,6,1,2,5,2,3,9,9,23,20,1,-1,7,-7,1,-1,0,1,5,6,7,14
2021-05-11,P1,Tondela,Belenenses,0,1,3,18,8,3,7,970.214762721994,992.142624875598,0,0,1,1,0,0,1,4,8,10,12,15,27,26,-2,2,10,-10,-4,4,3,1,7,3,8,18
2021-05-11,P1,Nacional,Benfica,0,1,3,15,14,4,3,786.349673030604,1353.62364470043,1,5,0,0,1,7,0,0,4,10,4,25,12,42,-2,2,1,-1,1,-1,3,1,3,4,14,15
2021-05-11,P1,Sporting CP,Boavista,2,1,0,17,5,3,2,1480.77495542907,952.543210938261,1,0,0,0,17,1,0,2,13,5,24,12,50,21,1,-1,12,-12,1,-1,0,1,2,3,5,17
2021-05-12,P1,Vitoria Guimaraes,Famalicao,0,1,2,7,12,1,5,954.298232672937,1064.02326829926,2,0,0,1,2,0,0,1,7,7,7,15,23,23,-1,1,-5,5,-4,4,2,1,5,1,12,7
2021-05-14,P1,Pacos Ferreira,Gil Vicente,0,0,2,8,13,4,7,975.686595854286,978.236957384134,0,1,0,0,2,1,1,0,6,5,9,17,31,23,-2,2,-5,5,-3,3,2,0,7,4,13,8
2021-05-14,P1,Sp Braga,Moreirense,2,2,1,15,10,5,3,1153.94811491566,962.633621803492,0,1,0,0,1,1,2,0,5,6,11,11,36,27,1,-1,5,-5,2,-2,1,2,3,5,10,15
2021-05-15,P1,Boavista,Portimonense,2,1,0,10,8,2,0,949.623616351571,949.508961678501,0,0,0,1,1,0,2,2,2,2,9,11,20,23,1,-1,2,-2,2,-2,0,1,0,2,8,10
2021-05-15,P1,Farense,Tondela,2,1,0,15,12,5,4,904.175940560552,929.121481317844,0,0,0,0,2,5,9,2,6,5,9,12,19,24,1,-1,3,-3,1,-1,0,1,4,5,12,15
2021-05-15,P1,Benfica,Sporting CP,2,4,3,12,11,9,5,1356.84930193179,1483.69455001576,0,3,0,0,2,25,1,0,13,13,25,24,42,50,1,-1,1,-1,4,-4,3,4,5,9,11,12
2021-05-15,P1,Rio Ave,Porto,0,0,3,12,15,2,4,881.980410624531,1445.38775621937,0,0,1,0,0,13,5,2,2,11,6,26,20,46,-3,3,-3,3,-2,2,3,0,4,2,15,12
2021-05-16,P1,Famalicao,Nacional,2,3,0,15,9,6,2,1086.24032223084,783.12401579925,1,0,0,0,2,1,0,7,10,4,18,4,26,12,3,-3,6,-6,4,-4,0,3,2,6,9,15
2021-05-16,P1,Belenenses,Santa Clara,0,0,2,11,10,3,4,1033.23590627975,1008.85331295345,3,0,0,6,3,0,0,6,10,5,18,12,28,26,-2,2,1,-1,-1,1,2,0,4,3,10,11
2021-05-16,P1,Maritimo,Vitoria Guimaraes,1,0,0,6,9,1,1,917.423811614078,932.081178741361,0,0,1,0,0,1,1,9,10,4,16,7,20,22,0,0,-3,3,0,0,0,0,1,1,9,6
2021-05-18,P1,Tondela,Pacos Ferreira,0,2,3,14,16,3,8,894.827852050096,932.150910231548,0,0,2,0,0,2,2,7,2,6,12,9,24,28,-1,1,-2,2,-5,5,3,2,8,3,16,14
2021-05-19,P1,Porto,Belenenses,2,4,0,12,13,6,3,1449.48534737337,986.305458630857,5,1,0,0,14,1,0,0,11,9,26,15,46,28,4,-4,-1,1,3,-3,0,4,3,6,13,12
2021-05-19,P1,Gil Vicente,Boavista,0,1,2,13,15,4,6,1021.77264300687,981.613056266312,0,0,0,1,2,0,4,3,8,5,17,12,26,22,-1,1,-2,2,-2,2,2,1,6,4,15,13
2021-05-19,P1,Vitoria Guimaraes,Benfica,0,1,3,10,17,7,9,931.406582201278,1400.03936648718,0,6,1,0,0,8,1,0,5,13,8,25,20,42,-2,2,-7,7,-2,2,3,1,9,7,17,10
2021-05-19,P1,Moreirense,Famalicao,2,3,0,11,14,3,3,946.665789745286,1102.45741135949,0,1,0,0,2,1,10,0,5,10,10,20,26,29,3,-3,-3,3,0,0,0,3,3,3,14,11
2021-05-19,P1,Nacional,Rio Ave,0,1,2,11,30,2,14,766.906926670596,877.882819470534,0,0,1,1,0,0,1,6,4,2,4,5,12,17,-1,1,-19,19,-12,12,2,1,14,2,30,11
2021-05-19,P1,Portimonense,Sp Braga,1,0,0,8,4,2,1,917.51952176376,1169.91594697386,0,0,1,0,0,1,3,3,2,5,11,13,23,36,0,0,4,-4,1,-1,0,0,1,2,4,8
2021-05-19,P1,Santa Clara,Farense,2,4,0,8,6,5,1,1055.78376060234,938.469569828299,1,0,0,1,7,0,0,2,7,6,12,12,28,19,4,-4,2,-2,4,-4,0,4,1,5,6,8
2021-05-19,P1,Sporting CP,Maritimo,2,5,1,18,5,6,1,1440.50448546036,918.098408154161,2,0,0,0,18,2,0,1,12,8,21,14,47,21,4,-4,13,-13,5,-5,1,5,1,6,5,18
2019-08-09,P1,Portimonense,Belenenses,1,0,0,16,8,5,2,927.453793009011,977.921006812866,0,0,0,1,1,0,4,1,2,6,12,14,21,28,0,0,8,-8,3,-3,0,0,2,5,8,16
2019-08-10,P1,Santa Clara,Famalicao,0,0,2,22,14,6,6,1099.29844337409,1024.99056473056,2,0,0,1,8,0,0,1,10,9,14,17,31,26,-2,2,8,-8,0,0,2,0,6,6,14,22
2019-08-10,P1,Gil Vicente,Porto,2,2,1,13,16,7,5,986.090193844682,1457.86979919136,0,1,1,0,0,14,5,0,8,13,14,26,26,48,1,-1,-3,3,2,-2,1,2,5,7,16,13
2019-08-10,P1,Benfica,Pacos Ferreira,2,5,0,15,7,7,0,1405.57517609563,960.726492009399,1,1,0,0,3,3,0,0,13,8,25,9,44,28,5,-5,8,-8,7,-7,0,5,0,7,7,15
2019-08-11,P1,Boavista,Aves,2,2,1,8,17,3,2,1017.2955054285,1000,1,0,0,0,2,0,0,0,8,0,15,0,25,0,1,-1,-9,9,1,-1,1,2,2,3,17,8
2019-08-11,P1,Maritimo,Sporting CP,1,1,1,10,17,3,2,912.022082462577,1446.58081115195,0,0,0,1,1,0,2,1,5,12,14,21,18,49,0,0,-7,7,1,-1,1,1,2,3,17,10
2019-08-11,P1,Sp Braga,Moreirense,2,3,1,19,11,9,4,1159.98167572861,1024.13263637421,1,0,0,1,2,0,0,1,6,7,14,13,37,26,2,-2,8,-8,5,-5,1,3,4,9,11,19
2019-08-12,P1,Vitoria Setubal,Tondela,1,0,0,7,7,4,2,1000,866.252270272245,0,0,0,1,0,0,0,3,0,1,0,11,0,21,0,0,0,0,2,-2,0,0,2,4,7,7
2019-08-16,P1,Famalicao,Rio Ave,2,1,0,16,13,4,1,1078.08778898404,899.995548171689,2,1,0,0,3,1,0,0,12,4,17,7,29,19,1,-1,3,-3,3,-3,0,1,1,4,13,16
2019-08-17,P1,Moreirense,Gil Vicente,2,3,0,12,16,4,2,996.599976234245,1046.11908914264,1,2,0,0,3,2,0,0,7,10,12,14,25,29,3,-3,-4,4,2,-2,0,3,2,4,16,12
2019-08-17,P1,Belenenses,Benfica,0,0,2,7,21,1,5,975.613114654508,1416.18532524506,0,7,1,0,0,9,1,0,7,13,15,25,26,46,-2,2,-14,14,-4,4,2,0,5,1,21,7
2019-08-17,P1,Porto,Vitoria Setubal,2,4,0,23,6,10,5,1397.8409038934,994.127927956749,6,0,0,0,15,0,0,0,10,1,23,1,45,1,4,-4,17,-17,5,-5,0,4,5,10,6,23
2019-08-18,P1,Aves,Maritimo,2,3,1,11,10,4,1,969.5916603744,926.612195607039,0,0,0,1,0,0,0,2,0,3,0,15,0,19,2,-2,1,-1,3,-3,1,3,1,4,10,11
2019-08-18,P1,Pacos Ferreira,Santa Clara,0,0,1,19,6,3,3,950.116342859963,1046.20121912061,0,1,1,0,0,1,2,0,5,9,9,14,25,28,-1,1,13,-13,0,0,1,0,3,3,6,19
2019-08-18,P1,Vitoria Guimaraes,Boavista,1,1,1,16,5,4,2,925.870772592837,1047.7038450541,0,1,2,0,0,1,2,0,5,10,8,15,17,28,0,0,11,-11,2,-2,1,1,2,4,5,16
2019-08-18,P1,Sporting CP,Sp Braga,2,2,1,11,21,6,7,1431.99069800748,1187.51433586858,3,0,0,0,19,2,0,4,10,9,21,14,47,37,1,-1,-10,10,-1,1,1,2,7,6,21,11
2019-08-19,P1,Tondela,Portimonense,0,1,2,8,14,3,6,872.124342315496,929.761685167368,0,0,3,2,0,0,3,3,2,2,9,10,22,21,-1,1,-6,6,-3,3,2,1,6,3,14,8
2019-08-23,P1,Vitoria Setubal,Moreirense,1,0,0,18,5,1,2,982.626016457678,1058.8516165937,0,0,0,2,1,0,1,2,1,9,1,12,1,28,0,0,13,-13,-1,1,0,0,2,1,5,18
2019-08-23,P1,Rio Ave,Aves,2,5,1,17,7,9,1,883.098308720515,1008.05138502507,0,0,2,1,0,0,6,1,3,3,7,3,19,3,4,-4,10,-10,8,-8,1,5,1,9,7,17
2019-08-24,P1,Benfica,Porto,0,0,2,6,11,1,5,1422.62040595782,1409.34281539247,2,0,0,1,4,0,0,1,15,12,25,23,49,45,-2,2,-5,5,-4,4,2,0,5,1,11,6
2019-08-24,P1,Boavista,Pacos Ferreira,1,1,1,15,14,2,5,1042.31241979338,926.747165495419,2,0,0,1,3,0,0,1,10,4,15,9,26,22,0,0,1,-1,-3,3,1,1,5,2,14,15
2019-08-25,P1,Maritimo,Tondela,0,2,3,15,10,5,7,888.152470956364,845.384769221587,0,0,0,0,2,1,3,4,3,1,12,9,19,19,-1,1,5,-5,-2,2,3,2,7,5,10,15
2019-08-25,P1,Santa Clara,Belenenses,1,0,0,15,6,3,1,1069.57039648516,969.178033941752,0,0,1,0,0,1,1,2,12,4,14,14,28,26,0,0,9,-9,2,-2,0,0,1,3,6,15
2019-08-25,P1,Portimonense,Sporting CP,0,1,3,16,11,2,6,956.501258261277,1444.57676227425,0,0,0,0,2,1,5,2,5,10,10,23,24,47,-2,2,5,-5,-4,4,3,1,6,2,11,16
2019-08-25,P1,Gil Vicente,Sp Braga,1,1,1,15,8,6,4,983.867448783184,1174.92827160181,1,0,0,1,1,0,0,5,7,8,14,13,29,34,0,0,7,-7,2,-2,1,1,4,6,8,15
2019-08-25,P1,Vitoria Guimaraes,Famalicao,1,1,1,18,15,4,3,931.26219785356,1094.98502843522,0,1,0,0,1,1,3,0,3,12,9,19,15,32,0,0,3,-3,1,-1,1,1,3,4,15,18
2019-08-30,P1,Moreirense,Portimonense,2,1,0,9,10,3,2,1055.39655634203,951.518311124114,2,1,0,0,4,1,0,0,7,5,13,7,26,24,1,-1,-1,1,1,-1,0,1,2,3,10,9
2019-08-30,P1,Belenenses,Boavista,0,0,1,9,12,3,7,973.676759702877,1037.17840106574,0,0,2,0,0,2,2,1,2,11,12,13,26,27,-1,1,-3,3,-4,4,1,0,7,3,12,9
2019-08-31,P1,Aves,Famalicao,0,2,3,18,12,6,7,921.301374889062,1087.95791866458,1,0,0,0,1,2,0,1,3,10,3,20,3,33,-1,1,6,-6,-1,1,3,2,7,6,12,18
2019-08-31,P1,Pacos Ferreira,Maritimo,0,0,1,21,9,3,2,931.881184223056,852.233195647244,0,0,2,2,0,0,3,3,4,2,10,12,20,19,-1,1,12,-12,1,-1,1,0,2,3,9,21
2019-08-31,P1,Sporting CP,Rio Ave,0,2,3,9,6,5,3,1449.55970941142,969.848318856527,4,0,0,1,20,0,0,1,10,6,23,9,47,22,-1,1,3,-3,2,-2,3,2,3,5,6,9
2019-08-31,P1,Gil Vicente,Vitoria Setubal,1,0,0,15,8,2,3,991.874779847385,986.081076709348,0,0,0,1,2,0,1,1,7,2,12,2,27,2,0,0,7,-7,-1,1,0,0,3,2,8,15
2019-09-01,P1,Tondela,Santa Clara,1,0,0,11,13,4,4,881.304044530707,1065.07167072403,0,2,4,0,0,2,4,0,4,10,9,15,22,28,0,0,-2,2,0,0,0,0,4,4,13,11
2019-09-01,P1,Porto,Vitoria Guimaraes,2,3,0,18,8,10,3,1454.87567970293,938.289307624192,7,0,0,0,16,2,0,10,12,3,23,10,47,15,3,-3,10,-10,7,-7,0,3,3,10,8,18
2019-09-01,P1,Sp Braga,Benfica,0,0,4,11,12,2,6,1166.92094053761,1377.08754164736,2,8,0,0,3,10,0,0,8,12,13,25,32,48,-4,4,-1,1,-4,4,4,0,6,2,12,11
2019-09-08,P1,Rio Ave,Vitoria Guimaraes,1,1,1,6,15,2,5,1030.04391804699,932.985805743639,1,0,0,1,1,0,0,11,9,3,11,7,24,14,0,0,-9,9,-3,3,1,1,5,2,15,6
2019-09-13,P1,Vitoria Setubal,Sp Braga,2,1,0,7,22,4,6,986.347861870513,1137.28396336934,0,0,0,0,2,1,2,6,3,5,3,10,3,31,1,-1,-15,15,-2,2,0,1,6,4,22,7
2019-09-14,P1,Famalicao,Pacos Ferreira,2,4,2,11,15,5,3,1105.68642537202,892.671196256357,3,0,0,0,4,1,0,2,10,4,20,10,36,19,2,-2,-4,4,2,-2,2,4,3,5,15,11
2019-09-14,P1,Benfica,Gil Vicente,2,2,0,13,8,4,1,1406.72451881564,991.60799468622,0,0,1,1,0,0,1,1,12,5,25,13,48,28,2,-2,5,-5,3,-3,0,2,1,4,8,13
2019-09-14,P1,Vitoria Guimaraes,Aves,2,5,1,18,12,8,2,937.342744373538,903.572868181625,0,0,0,2,2,0,4,2,3,3,8,3,15,3,4,-4,6,-6,6,-6,1,5,2,8,12,18
2019-09-15,P1,Maritimo,Belenenses,0,1,3,12,13,4,7,891.443183613943,947.461208709089,0,0,1,0,0,2,4,3,4,2,12,11,22,25,-2,2,-1,1,-3,3,3,1,7,4,13,12
2019-09-15,P1,Rio Ave,Tondela,0,2,4,23,5,6,4,1025.68697941709,889.056996483315,0,1,0,0,2,2,1,0,10,5,12,7,22,23,-2,2,18,-18,2,-2,4,2,4,6,5,23
2019-09-15,P1,Santa Clara,Moreirense,2,2,0,18,12,5,2,1057.31871877142,1078.10426689907,0,0,0,0,1,1,2,3,8,10,15,15,26,26,2,-2,6,-6,3,-3,0,2,2,5,12,18
2019-09-15,P1,Portimonense,Porto,0,2,3,8,21,4,6,928.810600567079,1460.17918158348,0,1,1,0,0,1,6,0,5,12,7,23,23,49,-1,1,-13,13,-2,2,3,2,6,4,21,8
2019-09-15,P1,Boavista,Sporting CP,1,1,1,11,13,4,3,1063.39395205953,1389.36411022095,0,1,0,0,4,2,1,0,11,10,16,22,30,44,0,0,-2,2,1,-1,1,1,3,4,13,11
2019-09-20,P1,Pacos Ferreira,Aves,2,2,1,15,8,2,3,872.77345886846,845.319793539373,0,0,3,3,0,0,4,3,1,3,9,3,19,3,1,-1,7,-7,-1,1,1,2,3,2,8,15
2019-09-21,P1,Belenenses,Rio Ave,0,0,2,9,16,2,4,984.308183165323,965.419552826079,0,1,3,0,0,1,3,0,5,7,11,11,27,19,-2,2,-7,7,-2,2,2,0,4,2,16,9
2019-09-21,P1,Moreirense,Benfica,0,1,2,6,20,2,2,1031.62596565376,1414.08987760269,3,9,0,0,5,11,0,0,7,12,14,25,25,50,-1,1,-14,14,0,0,2,1,2,2,20,6
2019-09-22,P1,Gil Vicente,Boavista,1,0,0,15,4,6,0,984.242635899168,1075.14438770949,0,1,0,0,3,3,2,0,5,9,13,17,28,30,0,0,11,-11,6,-6,0,0,0,6,4,15
2019-09-22,P1,Vitoria Setubal,Portimonense,1,0,0,7,7,3,1,1031.43637547118,925.940909549195,1,0,0,1,3,0,0,1,6,4,6,6,6,20,0,0,0,0,2,-2,0,0,1,3,7,7
2019-09-22,P1,Tondela,Vitoria Guimaraes,0,1,3,5,20,3,6,949.324423074325,995.595819015789,0,0,0,0,1,1,5,12,8,6,9,11,23,17,-2,2,-15,15,-3,3,3,1,6,3,20,5
2019-09-22,P1,Porto,Santa Clara,2,2,0,19,6,7,2,1463.04887260136,1103.79702001673,8,0,0,0,17,3,0,1,12,8,25,18,51,29,2,-2,13,-13,5,-5,0,2,2,7,6,19
2019-09-23,P1,Sp Braga,Maritimo,1,2,2,26,6,6,3,1092.19544976867,854.596209157709,0,1,1,0,0,1,1,0,4,4,10,9,28,22,0,0,20,-20,3,-3,2,2,3,6,6,26
2019-09-23,P1,Sporting CP,Famalicao,0,1,2,20,13,5,7,1377.61367457099,1125.58416275992,0,1,1,0,0,3,1,0,8,13,20,22,42,38,-1,1,7,-7,-2,2,2,1,7,5,13,20
2019-09-27,P1,Boavista,Tondela,1,0,0,16,5,3,0,1071.05118200699,911.273463017244,0,2,0,0,5,3,2,0,7,7,17,9,28,23,0,0,11,-11,3,-3,0,0,0,3,5,16
2019-09-28,P1,Maritimo,Moreirense,2,2,1,12,12,4,4,864.100636141374,1025.25134933533,0,0,2,1,0,0,5,4,4,7,7,14,23,25,1,-1,0,0,0,0,1,2,4,4,12,12
2019-09-28,P1,Benfica,Vitoria Setubal,2,1,0,13,9,3,2,1420.46449392112,1026.72212754036,1,0,0,0,1,1,0,2,12,6,25,7,52,7,1,-1,4,-4,1,-1,0,1,2,3,9,13
2019-09-28,P1,Famalicao,Belenenses,2,3,1,16,9,6,3,1177.43192546685,938.068554861468,4,1,0,0,5,3,0,0,13,4,25,11,38,24,2,-2,7,-7,3,-3,1,3,3,6,9,16
2019-09-29,P1,Vitoria Guimaraes,Pacos Ferreira,2,1,0,14,5,4,1,1033.64677907287,902.250132414899,1,0,0,1,3,0,0,3,8,4,11,9,20,19,1,-1,9,-9,3,-3,0,1,1,4,5,14
2019-09-29,P1,Santa Clara,Gil Vicente,2,1,0,14,7,6,5,1093.95149396166,988.335841601675,1,0,0,2,2,0,0,2,8,3,17,13,29,26,1,-1,7,-7,1,-1,0,1,5,6,7,14
2019-09-29,P1,Portimonense,Sp Braga,0,0,1,12,9,5,3,930.655157480014,1082.691022785,0,0,2,1,0,0,7,7,4,2,6,11,21,26,-1,1,3,-3,2,-2,1,0,3,5,9,12
2019-09-29,P1,Rio Ave,Porto,0,0,1,8,13,1,5,1011.65918112993,1472.89439865644,0,2,1,0,0,2,2,0,10,15,13,25,22,51,-1,1,-5,5,-4,4,1,0,5,1,13,8
2019-09-30,P1,Aves,Sporting CP,0,0,1,7,15,2,3,815.843119992934,1325.76591186406,0,0,1,0,0,3,1,1,3,7,3,17,3,39,-1,1,-8,8,-1,1,1,0,3,2,15,7
2019-10-05,P1,Aves,Tondela,0,0,1,12,11,1,2,812.615380958171,918.153209502204,0,0,2,0,0,4,2,1,0,8,3,9,3,21,-1,1,1,-1,-1,1,1,0,2,1,11,12
2019-10-25,P1,Pacos Ferreira,Rio Ave,1,0,0,16,4,3,0,881.806436756986,1007.45589211118,1,2,0,0,1,2,0,0,4,7,8,13,19,22,0,0,12,-12,3,-3,0,0,0,3,4,16
2019-10-26,P1,Belenenses,Aves,2,3,2,11,8,5,2,920.407207851424,790.047439711491,0,0,4,4,0,0,4,4,4,0,8,3,23,3,1,-1,3,-3,3,-3,2,3,2,5,8,11
2019-10-26,P1,Gil Vicente,Portimonense,1,1,1,6,10,2,4,965.774445029044,911.827908173106,0,0,0,0,4,1,3,2,3,1,10,6,26,20,0,0,-4,4,-2,2,1,1,4,2,10,6
2019-10-26,P1,Vitoria Setubal,Maritimo,1,0,0,11,10,2,3,1020.71058856635,909.96303090602,0,0,0,0,4,2,1,1,6,7,7,10,7,25,0,0,1,-1,-1,1,0,0,3,2,10,11
2019-10-26,P1,Moreirense,Boavista,1,1,1,9,23,4,4,979.388954570683,1064.17143552203,0,0,1,0,0,4,1,1,4,7,13,17,24,29,0,0,-14,14,0,0,1,1,4,4,23,9
2019-10-27,P1,Tondela,Benfica,0,0,1,9,12,4,3,940.721150748885,1426.47603289513,0,10,1,0,0,12,6,0,8,12,12,27,24,52,-1,1,-3,3,1,-1,1,0,3,4,12,9
2019-10-27,P1,Porto,Famalicao,2,3,0,19,5,9,2,1477.09768767519,1195.0932724769,9,2,0,0,18,4,0,0,15,13,27,25,53,40,3,-3,14,-14,7,-7,0,3,2,9,5,19
2019-10-27,P1,Sporting CP,Vitoria Guimaraes,2,3,1,13,13,6,3,1328.99365089882,1054.09047473078,0,1,2,0,0,2,2,0,7,10,17,13,41,20,2,-2,0,0,3,-3,1,3,3,6,13,13
2019-10-28,P1,Sp Braga,Santa Clara,2,2,0,20,8,12,5,1101.51827209191,1116.51289053429,0,0,0,1,1,0,2,2,5,8,13,20,26,29,2,-2,12,-12,7,-7,0,2,5,12,8,20
2019-10-30,P1,Rio Ave,Moreirense,1,1,1,20,8,7,4,1001.90925227297,983.217635943384,0,0,2,2,0,0,3,5,5,4,14,11,20,22,0,0,12,-12,3,-3,1,1,4,7,8,20
2019-10-30,P1,Maritimo,Porto,1,1,1,6,14,2,5,914.897153259181,1495.0651578835,1,3,0,0,1,3,0,0,8,15,10,27,26,53,0,0,-8,8,-3,3,1,1,5,2,14,6
2019-10-30,P1,Vitoria Guimaraes,Belenenses,2,5,0,14,6,6,2,1039.13976624484,940.934037965186,2,0,0,1,4,0,0,1,10,6,13,8,20,26,5,-5,8,-8,4,-4,0,5,2,6,6,14
2019-10-30,P1,Benfica,Portimonense,2,4,0,17,8,6,2,1430.15784067895,914.292463804496,2,0,0,0,2,2,0,3,15,2,27,7,52,18,4,-4,9,-9,4,-4,0,4,2,6,8,17
2019-10-30,P1,Famalicao,Gil Vicente,2,2,1,10,12,2,4,1177.12580226859,963.309889397654,5,0,0,3,6,0,0,3,12,3,22,10,40,27,1,-1,-2,2,-2,2,1,2,4,2,12,10
2019-10-31,P1,Pacos Ferreira,Sporting CP,0,1,2,12,12,5,4,887.353076595201,1343.94435938476,0,1,0,0,2,4,1,0,4,7,8,17,17,41,-1,1,0,0,1,-1,2,1,4,5,12,12
2019-10-31,P1,Boavista,Sp Braga,2,2,0,10,19,2,2,1060.34275414932,1147.2675220558,0,1,0,0,6,1,3,0,7,7,18,15,27,26,2,-2,-9,9,0,0,0,2,2,2,19,10
2019-10-31,P1,Santa Clara,Vitoria Setubal,1,1,1,20,13,4,3,1070.7636405704,1015.77646621319,2,0,0,1,3,0,0,3,7,6,17,8,29,8,0,0,7,-7,1,-1,1,1,3,4,13,20
2019-11-02,P1,Benfica,Rio Ave,2,2,0,20,3,4,0,1436.45592736735,1001.04930102574,3,0,0,0,3,3,0,1,15,5,27,15,52,20,2,-2,17,-17,4,-4,0,2,0,4,3,20
2019-11-02,P1,Moreirense,Vitoria Guimaraes,1,1,1,7,15,1,6,984.077587190608,1092.75005142045,0,0,0,1,1,0,2,1,2,12,12,15,22,23,0,0,-8,8,-5,5,1,1,6,1,15,7
2019-11-03,P1,Gil Vicente,Maritimo,2,2,0,15,8,6,1,948.843498645487,929.801679256903,0,0,0,0,5,3,4,2,2,6,7,10,24,24,2,-2,7,-7,5,-5,0,2,1,6,8,15
2019-11-03,P1,Tondela,Sporting CP,2,1,0,5,15,3,3,937.039342965066,1348.2538605395,0,2,2,0,0,5,7,0,7,10,12,20,24,41,1,-1,-10,10,0,0,0,1,3,3,15,5
2019-11-03,P1,Porto,Aves,2,1,0,12,9,4,0,1480.16063188578,769.520609597728,10,0,0,5,19,0,0,5,13,0,25,3,51,3,1,-1,3,-3,4,-4,0,1,0,4,9,12
2019-11-03,P1,Sp Braga,Famalicao,1,2,2,18,6,5,4,1092.66053891506,1191.59219302075,1,0,0,1,2,0,0,1,7,12,12,22,25,42,0,0,12,-12,1,-1,2,2,4,5,6,18
2019-11-04,P1,Belenenses,Pacos Ferreira,2,1,0,8,16,2,5,887.323752789575,883.043575440463,1,0,0,2,1,0,0,4,6,4,8,8,23,17,1,-1,-8,8,-3,3,0,1,5,2,16,8
2019-11-04,P1,Portimonense,Santa Clara,1,1,1,14,15,4,4,907.994377116095,1068.25232058384,0,0,3,2,0,0,8,3,2,7,7,15,18,27,0,0,-1,1,0,0,1,1,4,4,15,14
2019-11-04,P1,Vitoria Setubal,Boavista,2,1,0,7,27,2,5,1018.28778619975,1114.94973729006,0,0,0,0,5,5,2,2,6,7,9,18,9,30,1,-1,-20,20,-3,3,0,1,5,2,27,7
2019-11-08,P1,Aves,Gil Vicente,0,1,2,5,5,4,4,768.467736911036,990.299826480609,0,0,3,4,0,0,3,4,0,5,3,10,3,24,-1,1,0,0,0,0,2,1,4,4,5,5
2019-11-09,P1,Rio Ave,Vitoria Setubal,2,1,0,7,10,3,3,994.434643177629,1058.96787082887,0,0,0,0,1,1,4,4,5,6,12,12,19,12,1,-1,-3,3,0,0,0,1,3,3,10,7
2019-11-09,P1,Santa Clara,Benfica,0,1,2,12,11,3,6,1061.35455845369,1443.07058521547,0,11,0,0,4,13,1,0,5,15,13,27,27,52,-1,1,1,-1,-3,3,2,1,6,3,11,12
2019-11-09,P1,Famalicao,Moreirense,1,3,3,17,9,14,5,1187.15549032235,988.925077319655,6,0,0,0,7,1,0,6,10,3,23,10,40,23,0,0,8,-8,9,-9,3,3,5,14,9,17
2019-11-10,P1,Maritimo,Portimonense,1,1,1,15,10,4,2,888.345351421781,914.89213924624,0,0,0,1,2,0,1,4,6,3,10,7,24,19,0,0,5,-5,2,-2,1,1,2,4,10,15
2019-11-10,P1,Pacos Ferreira,Tondela,2,1,0,9,13,2,5,851.437774401022,995.553716105797,0,1,1,0,0,5,2,0,4,7,5,15,14,26,1,-1,-4,4,-3,3,0,1,5,2,13,9
2019-11-10,P1,Sporting CP,Belenenses,2,2,0,19,9,5,3,1289.73948739877,918.929553829016,1,0,0,2,1,0,0,2,9,6,17,11,38,25,2,-2,10,-10,2,-2,0,2,3,5,9,19
2019-11-10,P1,Vitoria Guimaraes,Sp Braga,0,0,2,14,9,2,5,1087.9025612914,1097.09724161347,3,0,0,1,5,0,0,1,10,8,16,12,24,26,-2,2,5,-5,-3,3,2,0,5,2,9,14
2019-11-10,P1,Boavista,Porto,0,0,1,7,9,1,1,1074.26965266094,1481.21350457247,1,0,0,0,7,4,0,1,6,13,15,25,30,51,-1,1,-2,2,0,0,1,0,1,1,9,7
2019-11-29,P1,Santa Clara,Boavista,0,1,2,15,17,2,7,1054.9551891755,1068.65946428085,0,0,1,1,0,0,2,3,5,5,13,12,27,27,-1,1,-2,2,-5,5,2,1,7,2,17,15
2019-11-30,P1,Moreirense,Aves,2,3,2,18,12,5,3,997.177321840852,754.51146476058,0,0,0,6,2,0,3,6,4,0,11,3,23,3,1,-1,6,-6,2,-2,2,3,3,5,12,18
2019-11-30,P1,Benfica,Maritimo,2,4,0,12,12,9,1,1449.46995449366,889.565502627802,4,0,0,1,4,0,0,3,15,6,27,10,52,25,4,-4,0,0,8,-8,0,4,1,9,12,12
2019-11-30,P1,Portimonense,Famalicao,2,2,1,12,12,5,4,913.67198804022,1178.90324580115,0,0,0,0,1,1,9,2,3,8,7,21,17,38,1,-1,0,0,1,-1,1,2,4,5,12,12
2019-12-01,P1,Tondela,Belenenses,0,0,1,15,11,3,3,950.992440432767,909.650730817192,1,0,0,3,1,0,0,3,7,6,14,10,23,25,-1,1,4,-4,0,0,1,0,3,3,11,15
2019-12-01,P1,Vitoria Setubal,Vitoria Guimaraes,1,1,1,17,13,4,3,1021.09156338328,1045.20533868377,1,0,0,0,6,1,0,2,5,7,11,15,12,24,0,0,4,-4,1,-1,1,1,3,4,13,17
2019-12-01,P1,Gil Vicente,Sporting CP,2,3,1,7,9,4,2,1004.25609863107,1299.01831041059,1,0,0,1,6,0,0,1,7,12,10,19,24,40,2,-2,-2,2,2,-2,1,3,2,4,9,7
2019-12-02,P1,Sp Braga,Rio Ave,2,2,0,12,9,4,2,1139.7944642211,1032.31095062323,0,0,0,1,3,0,1,2,10,5,12,15,26,22,2,-2,3,-3,2,-2,0,2,2,4,9,12
2019-12-02,P1,Porto,Pacos Ferreira,2,2,0,8,5,6,4,1486.82369295256,895.999050074052,11,0,0,3,20,0,0,5,13,4,28,8,51,17,2,-2,3,-3,2,-2,0,2,4,6,5,8
2019-12-06,P1,Boavista,Benfica,0,1,4,9,11,5,6,1099.39790808805,1454.41175116196,0,12,1,0,0,14,1,0,7,15,14,27,29,52,-3,3,-2,2,-1,1,4,1,6,5,11,9
2019-12-07,P1,Maritimo,Santa Clara,1,2,2,12,6,7,2,884.623705959498,1024.2167453683,0,0,0,0,3,1,2,4,3,2,10,10,22,24,0,0,6,-6,5,-5,2,2,2,7,6,12
2019-12-07,P1,Famalicao,Tondela,0,2,3,27,8,10,5,1126.3248949577,915.20259801596,0,0,0,1,8,0,1,1,5,6,18,14,37,23,-1,1,19,-19,5,-5,3,2,5,10,8,27
2019-12-07,P1,Aves,Sp Braga,2,1,0,6,13,1,2,741.819690146019,1170.50107041659,0,1,4,0,0,1,4,0,0,10,0,15,3,28,1,-1,-7,7,-1,1,0,1,2,1,13,6
2019-12-08,P1,Vitoria Guimaraes,Portimonense,2,2,0,10,13,5,2,1044.09663794651,966.25033888367,0,0,1,0,0,1,1,5,5,6,15,7,25,17,2,-2,-3,3,3,-3,0,2,2,5,13,10
2019-12-08,P1,Pacos Ferreira,Vitoria Setubal,0,2,3,21,9,4,4,893.169150225645,1022.20026412053,1,0,0,1,1,0,0,5,4,6,8,12,17,13,-1,1,12,-12,0,0,3,2,4,4,9,21
2019-12-08,P1,Sporting CP,Moreirense,2,1,0,28,9,9,1,1224.8888730323,1009.86909645541,2,0,0,0,2,2,0,7,9,7,16,11,39,23,1,-1,19,-19,8,-8,0,1,1,9,9,28
2019-12-08,P1,Belenenses,Porto,1,1,1,5,16,3,7,945.440573233999,1489.65359280096,2,1,0,0,2,5,0,0,9,13,13,28,27,51,0,0,-11,11,-4,4,1,1,7,3,16,5
2019-12-09,P1,Rio Ave,Gil Vicente,2,1,0,9,8,2,4,1001.60434442774,1078.38553600936,1,1,0,0,2,1,0,0,5,10,12,13,21,27,1,-1,1,-1,-2,2,0,1,4,2,8,9
2019-12-13,P1,Portimonense,Rio Ave,1,1,1,16,9,6,2,932.058237479066,1040.56323373584,1,0,0,2,2,0,0,3,5,7,7,12,14,23,0,0,7,-7,4,-4,1,1,2,6,9,16
2019-12-14,P1,Maritimo,Boavista,2,1,0,9,11,3,1,890.727256006926,1086.88855302011,0,1,0,0,4,1,3,0,3,6,11,13,23,26,1,-1,-2,2,2,-2,0,1,1,3,11,9
2019-12-14,P1,Benfica,Famalicao,2,4,0,17,8,6,4,1466.9211062299,1076.96563156509,5,0,0,1,5,0,0,3,15,5,30,17,55,37,4,-4,9,-9,2,-2,0,4,4,6,8,17
2019-12-14,P1,Vitoria Setubal,Aves,2,1,0,11,11,2,5,1042.83388277496,800.817794710392,0,0,0,7,7,0,1,7,8,3,14,3,16,6,1,-1,0,0,-3,3,0,1,5,2,11,11
2019-12-15,P1,Moreirense,Belenenses,2,2,1,13,8,7,2,995.480149693775,960.103718696853,1,1,0,0,3,1,0,0,6,7,10,13,23,25,1,-1,5,-5,5,-5,1,2,2,7,8,13
2019-12-15,P1,Gil Vicente,Vitoria Guimaraes,1,2,2,6,16,4,7,1039.42664670127,1078.28873935112,2,0,0,0,7,2,0,3,9,8,12,18,24,25,0,0,-10,10,-3,3,2,2,7,4,16,6
2019-12-15,P1,Sp Braga,Pacos Ferreira,0,0,1,23,3,5,1,1111.50296585222,872.535531571216,1,0,0,4,4,0,0,6,7,3,14,7,27,17,-1,1,20,-20,4,-4,1,0,1,5,3,23
2019-12-16,P1,Santa Clara,Sporting CP,0,0,4,12,19,3,7,1018.11319532088,1239.27781979393,0,0,2,2,0,0,3,2,3,9,10,16,25,39,-4,4,-7,7,-4,4,4,0,7,3,19,12
2019-12-16,P1,Porto,Tondela,2,3,0,12,2,5,0,1474.99044733811,964.561861408572,12,1,0,0,21,1,0,0,11,6,26,14,49,23,3,-3,10,-10,5,-5,0,3,0,5,2,12
2020-01-04,P1,Aves,Santa Clara,0,0,1,10,3,4,3,788.087919312029,989.896696085512,1,0,0,0,1,2,0,5,3,2,3,9,6,24,-1,1,7,-7,1,-1,1,0,3,4,3,10
2020-01-04,P1,Boavista,Portimonense,1,1,1,5,6,2,5,1038.52437095589,936.898722299558,0,0,2,1,0,0,2,6,3,6,10,8,26,15,0,0,-1,1,-3,3,1,1,5,2,6,5
2020-01-04,P1,Belenenses,Sp Braga,0,1,7,3,18,2,15,931.350794658827,1060.4127540564,0,0,0,1,3,0,1,1,7,7,13,14,24,24,-6,6,-15,15,-13,13,7,1,15,2,18,3
2020-01-04,P1,Vitoria Guimaraes,Benfica,0,0,1,11,4,5,3,1076.50650038614,1479.28013285243,1,13,0,0,1,15,0,0,6,15,18,30,26,55,-1,1,7,-7,2,-2,1,0,3,5,4,11
2020-01-05,P1,Pacos Ferreira,Moreirense,2,1,0,6,5,3,1,923.625743367029,1024.2330737318,0,0,1,1,0,0,1,8,6,8,10,10,20,25,1,-1,1,-1,2,-2,0,1,1,3,5,6
2020-01-05,P1,Rio Ave,Maritimo,0,0,1,6,6,3,3,1035.72274891534,939.091438071148,2,0,0,2,3,0,0,4,7,5,12,11,24,23,-1,1,0,0,0,0,1,0,3,3,6,6
2020-01-05,P1,Tondela,Gil Vicente,1,1,1,7,10,1,9,959.076618868053,1041.20888566624,0,0,1,1,0,0,1,1,6,10,13,12,20,25,0,0,-3,3,-8,8,1,1,9,1,10,7
2020-01-05,P1,Sporting CP,Porto,0,1,2,11,9,2,7,1267.4943190293,1480.47568987863,3,0,0,0,3,6,0,1,9,13,19,26,41,49,-1,1,2,-2,-5,5,2,1,7,2,9,11
2020-01-05,P1,Famalicao,Vitoria Setubal,2,3,0,13,4,7,2,1064.60660494256,1055.56375817332,0,1,1,0,0,1,2,0,2,10,14,16,34,19,3,-3,9,-9,5,-5,0,3,2,7,4,13
2020-01-10,P1,Benfica,Aves,2,2,1,28,6,11,3,1485.0144145468,772.833028443603,6,0,0,8,6,0,0,8,15,3,30,3,55,6,1,-1,22,-22,8,-8,1,2,3,11,6,28
2020-01-10,P1,Santa Clara,Rio Ave,0,0,1,8,5,4,3,1005.15158695394,995.045278777385,0,0,3,0,0,1,4,4,4,7,9,12,27,23,-1,1,3,-3,1,-1,1,0,3,4,5,8
2020-01-10,P1,Moreirense,Porto,0,2,4,8,14,5,6,983.217391381621,1494.99593925085,2,1,0,0,4,7,0,0,7,13,10,26,24,51,-2,2,-6,6,-1,1,4,2,6,5,14,8
2020-01-11,P1,Portimonense,Pacos Ferreira,1,0,0,8,2,4,0,941.449700590795,964.64142571721,0,1,0,0,3,1,1,0,6,9,9,13,15,22,0,0,6,-6,4,-4,0,0,0,4,2,8
2020-01-11,P1,Boavista,Famalicao,0,0,1,9,8,3,5,1033.97339266465,1117.71920439502,0,0,0,2,1,0,3,4,4,4,10,14,27,36,-1,1,1,-1,-2,2,1,0,5,3,8,9
2020-01-11,P1,Vitoria Setubal,Sporting CP,0,1,3,10,9,2,5,1002.45115872086,1252.97406965707,1,1,0,0,8,1,0,0,7,9,13,18,19,38,-2,2,1,-1,-3,3,3,1,5,2,9,10
2020-01-12,P1,Gil Vicente,Belenenses,2,2,0,9,4,7,2,1037.49547080795,877.782434173435,0,0,0,1,8,0,1,1,8,4,13,10,26,21,2,-2,5,-5,5,-5,0,2,2,7,4,9
2020-01-12,P1,Maritimo,Vitoria Guimaraes,1,0,0,4,15,1,9,979.768908209107,1070.77221869177,1,0,0,0,5,3,0,4,8,5,14,15,23,26,0,0,-11,11,-8,8,0,0,9,1,15,4
2020-01-12,P1,Sp Braga,Tondela,2,2,1,17,6,6,2,1113.9811145418,962.790033726347,0,0,1,1,0,0,1,1,9,4,17,11,27,20,1,-1,11,-11,4,-4,1,2,2,6,6,17
2020-01-17,P1,Porto,Sp Braga,0,1,2,7,2,3,1,1499.37505963442,1132.87305116278,13,1,0,0,22,1,0,0,13,9,26,19,51,30,-1,1,5,-5,2,-2,2,1,1,3,2,7
2020-01-17,P1,Sporting CP,Benfica,0,0,2,10,9,6,4,1269.74665886606,1486.0581382995,0,14,1,0,0,16,1,0,9,15,21,30,38,55,-2,2,1,-1,2,-2,2,0,4,6,9,10
2020-01-18,P1,Aves,Portimonense,2,3,0,12,9,7,1,771.789304690906,942.516135561733,0,0,1,0,0,1,1,7,3,6,3,9,6,15,3,-3,3,-3,6,-6,0,3,1,7,9,12
2020-01-18,P1,Vitoria Guimaraes,Santa Clara,2,1,0,15,3,5,1,1066.67464245703,972.221024015734,0,1,1,0,0,3,1,0,6,4,13,9,24,26,1,-1,12,-12,4,-4,0,1,1,5,3,15
2020-01-18,P1,Tondela,Moreirense,1,1,1,16,5,4,1,943.898097105362,978.838270998053,0,0,0,2,1,0,2,9,4,6,11,10,20,24,0,0,11,-11,3,-3,1,1,1,4,5,16
2020-01-18,P1,Belenenses,Vitoria Setubal,0,0,1,10,7,1,4,852.776241047261,985.67856951187,0,0,1,1,0,0,2,1,4,7,10,12,21,19,-1,1,3,-3,-3,3,1,0,4,1,7,10
2020-01-19,P1,Pacos Ferreira,Gil Vicente,1,0,0,8,8,5,3,963.574990746271,1062.50166393412,1,0,0,0,1,1,0,2,7,8,11,15,20,28,0,0,0,0,2,-2,0,0,3,5,8,8
2020-01-19,P1,Famalicao,Maritimo,1,1,1,17,4,6,2,1142.15191914252,983.866484443843,1,1,0,0,1,1,0,0,6,8,14,14,39,21,0,0,13,-13,4,-4,1,1,2,6,4,17
2020-01-19,P1,Rio Ave,Boavista,2,2,0,3,6,2,2,1027.97584171559,1009.54067791715,0,0,1,1,0,0,1,1,7,4,12,9,25,26,2,-2,-3,3,0,0,0,2,2,2,6,3
2020-01-26,P1,Belenenses,Portimonense,2,2,1,9,13,4,6,832.452948437461,863.155214369439,0,0,2,1,0,0,3,8,1,3,10,9,18,15,1,-1,-4,4,-2,2,1,2,6,4,13,9
2020-01-26,P1,Famalicao,Santa Clara,0,0,1,11,5,1,2,1135.32829238384,948.712356197133,0,0,0,1,2,0,1,1,7,4,12,6,37,26,-1,1,6,-6,-1,1,1,0,2,1,5,11
2020-01-26,P1,Tondela,Vitoria Setubal,0,0,3,12,5,6,4,945.501749039368,1006.00186212167,0,1,0,0,2,1,3,0,5,9,11,15,20,22,-3,3,7,-7,2,-2,3,0,4,6,5,12
2020-01-26,P1,Pacos Ferreira,Benfica,0,0,2,6,11,2,6,968.011481701537,1505.66548132038,0,15,0,0,2,17,1,0,8,15,12,30,20,57,-2,2,-5,5,-4,4,2,0,6,2,11,6
2020-01-26,P1,Aves,Boavista,0,0,1,3,9,2,3,851.150225883201,968.007992854106,1,0,0,2,1,0,0,2,6,1,6,8,9,25,-1,1,-6,6,-1,1,1,0,3,2,9,3
2020-01-27,P1,Vitoria Guimaraes,Rio Ave,0,1,2,14,5,7,3,1090.18331027563,1069.50852677864,1,1,0,0,1,2,0,0,8,10,13,15,26,28,-1,1,9,-9,4,-4,2,1,3,7,5,14
2020-01-27,P1,Sporting CP,Maritimo,2,1,0,14,4,5,2,1250.13931584519,990.690111202521,0,0,2,0,0,2,2,1,9,9,18,12,35,22,1,-1,10,-10,3,-3,0,1,2,5,4,14
2020-01-28,P1,Porto,Gil Vicente,2,2,1,6,6,2,2,1442.2968056369,1058.06517297886,0,0,1,0,0,2,1,3,10,6,23,16,50,26,1,-1,0,0,0,0,1,2,2,2,6,6
2020-01-29,P1,Moreirense,Sp Braga,0,1,2,6,11,4,6,977.234619064047,1189.9513051603,0,2,1,0,0,2,1,0,4,9,11,19,24,32,-1,1,-5,5,-2,2,2,1,6,4,11,6
2020-01-31,P1,Benfica,Belenenses,2,3,2,12,15,6,5,1509.46483033669,867.273393884798,7,0,0,2,7,0,0,2,15,3,30,10,57,18,1,-1,-3,3,1,-1,2,3,5,6,15,12
2020-01-31,P1,Rio Ave,Famalicao,1,2,2,7,17,3,7,1103.41050023866,1087.6224448403,1,1,0,0,1,1,0,0,10,7,17,12,31,34,0,0,-10,10,-4,4,2,2,7,3,17,7
2020-02-01,P1,Portimonense,Tondela,0,0,1,11,9,4,2,828.334768922102,900.371093721993,0,0,0,2,4,0,2,2,3,2,8,8,15,20,-1,1,2,-2,2,-2,1,0,2,4,9,11
2020-02-01,P1,Vitoria Setubal,Porto,0,0,4,7,20,2,6,1051.13251743904,1448.61325348509,0,2,1,0,0,8,1,0,9,12,17,23,25,50,-4,4,-13,13,-4,4,4,0,6,2,20,7
2020-02-02,P1,Gil Vicente,Moreirense,0,1,5,9,10,5,6,1051.74872513067,962.697258238122,1,0,0,0,9,1,0,10,6,4,15,10,25,21,-4,4,-1,1,-1,1,5,1,6,5,10,9
2020-02-02,P1,Maritimo,Aves,0,1,2,11,9,4,2,978.952797390653,829.524923307269,0,0,0,9,6,0,1,9,8,3,11,6,21,9,-1,1,2,-2,2,-2,2,1,2,4,9,11
2020-02-02,P1,Sp Braga,Sporting CP,2,1,0,13,15,8,9,1204.48866598622,1261.87662965706,1,2,0,0,1,2,0,0,12,9,19,18,34,35,1,-1,-2,2,-1,1,0,1,9,8,15,13
2020-02-02,P1,Boavista,Vitoria Guimaraes,2,2,0,9,18,5,8,989.633295430039,1056.28133681561,0,0,1,0,0,4,4,5,4,5,10,13,28,26,2,-2,-9,9,-3,3,0,2,8,5,18,9
2020-02-07,P1,Pacos Ferreira,Boavista,0,0,1,20,7,5,3,964.212132685227,1041.80235442931,0,1,1,0,0,1,2,0,8,7,11,10,19,28,-1,1,13,-13,2,-2,1,0,3,5,7,20
2020-02-08,P1,Belenenses,Santa Clara,0,0,2,13,9,1,3,865.724361210523,996.418203740678,1,1,0,0,1,1,0,0,3,6,10,9,18,26,-2,2,4,-4,-2,2,2,0,3,1,9,13
2020-02-08,P1,Famalicao,Vitoria Guimaraes,0,0,7,6,19,3,10,1088.34901162224,1004.11227781633,0,0,1,1,0,0,2,6,8,4,10,10,32,25,-7,7,-13,13,-7,7,7,0,10,3,19,6
2020-02-08,P1,Sp Braga,Gil Vicente,1,2,2,10,13,7,7,1241.72674228205,971.065776507204,2,0,0,1,2,0,0,4,15,5,22,15,34,22,0,0,-3,3,0,0,2,2,7,7,13,10
2020-02-08,P1,Porto,Benfica,2,3,2,17,9,4,3,1460.49659462259,1511.01386301096,1,16,0,0,1,18,0,0,12,15,25,30,50,57,1,-1,8,-8,1,-1,2,3,3,4,9,17
2020-02-09,P1,Moreirense,Vitoria Setubal,1,1,1,19,8,6,1,1043.38020686159,1039.24917630154,0,2,2,0,0,2,2,0,4,6,12,16,24,25,0,0,11,-11,5,-5,1,1,1,6,8,19
2020-02-09,P1,Tondela,Maritimo,1,0,0,10,10,1,5,925.829769853591,933.98016237981,0,0,1,1,0,0,4,2,5,5,11,10,23,20,0,0,0,0,-4,4,0,0,5,1,10,10
2020-02-09,P1,Sporting CP,Portimonense,2,2,1,20,10,4,3,1224.63855336123,802.876092790505,1,0,0,2,1,0,0,9,6,2,15,8,35,15,1,-1,10,-10,1,-1,1,2,3,4,10,20
2020-02-09,P1,Aves,Rio Ave,0,0,4,7,12,2,6,874.497558318112,1102.68393345672,0,2,1,0,0,3,1,0,6,10,9,17,12,32,-4,4,-5,5,-4,4,4,0,6,2,12,7
2020-02-14,P1,Vitoria Setubal,Gil Vicente,0,1,2,7,7,2,3,1039.43940832476,981.50012301849,0,0,2,0,0,1,2,5,7,5,14,13,26,23,-1,1,0,0,-1,1,2,1,3,2,7,7
2020-02-15,P1,Portimonense,Moreirense,1,1,1,12,9,3,2,797.687435974577,1043.18997483837,0,1,1,0,0,2,3,0,1,5,7,12,14,22,0,0,3,-3,1,-1,1,1,2,3,9,12
2020-02-15,P1,Santa Clara,Tondela,2,1,0,16,6,3,1,1024.5145250072,926.205040464218,0,1,4,0,0,1,5,0,9,5,11,9,26,24,1,-1,10,-10,2,-2,0,1,1,3,6,16
2020-02-15,P1,Benfica,Sp Braga,0,0,1,10,12,3,7,1474.3935645108,1231.29239577076,8,3,0,0,8,3,0,0,12,13,27,22,54,34,-1,1,-2,2,-4,4,1,0,7,3,12,10
2020-02-15,P1,Rio Ave,Sporting CP,1,1,1,15,7,6,2,1130.01950302823,1229.82721017716,0,0,0,1,2,0,1,1,13,9,20,18,32,35,0,0,8,-8,4,-4,1,1,2,6,7,15
2020-02-16,P1,Boavista,Belenenses,0,1,2,19,11,4,4,1066.77251062141,837.628039944001,1,0,0,3,1,0,0,3,9,3,13,7,28,18,-1,1,8,-8,0,0,2,1,4,4,11,19
2020-02-16,P1,Maritimo,Pacos Ferreira,2,3,0,8,16,5,3,933.604891769182,939.24197649313,0,0,1,0,0,2,2,1,3,5,11,11,21,19,3,-3,-8,8,2,-2,0,3,3,5,16,8
2020-02-16,P1,Vitoria Guimaraes,Porto,0,1,2,13,8,3,1,1117.8577462652,1497.11689312276,0,3,1,0,0,9,1,0,7,12,12,25,28,50,-1,1,5,-5,2,-2,2,1,1,3,8,13
2020-02-16,P1,Famalicao,Aves,1,1,1,17,12,7,4,974.603543173371,847.161988746606,0,1,2,0,0,1,3,0,5,6,9,9,32,12,0,0,5,-5,3,-3,1,1,4,7,12,17
2020-02-21,P1,Aves,Vitoria Guimaraes,0,0,2,8,9,2,4,852.781109468008,1111.37645873081,0,1,2,0,0,1,2,0,7,6,10,12,13,27,-2,2,-1,1,-2,2,2,0,4,2,9,8
2020-02-22,P1,Tondela,Rio Ave,0,1,2,7,9,4,3,903.025521912464,1134.4934212535,0,3,0,0,1,4,5,0,5,11,9,18,23,33,-1,1,-2,2,1,-1,2,1,3,4,9,7
2020-02-22,P1,Belenenses,Maritimo,2,1,0,9,18,3,1,888.125674492225,989.021175184715,0,0,1,0,0,1,1,3,6,5,10,13,20,23,1,-1,-9,9,2,-2,0,1,1,3,18,9
2020-02-23,P1,Moreirense,Santa Clara,2,2,1,9,11,4,4,1033.45319711352,1047.69404355895,0,2,0,0,1,2,3,0,6,9,12,13,23,26,1,-1,-2,2,0,0,1,2,4,4,11,9
2020-02-23,P1,Pacos Ferreira,Famalicao,2,2,1,9,11,4,5,883.825693077597,968.98442245197,0,0,2,0,0,2,3,1,2,3,11,9,16,30,1,-1,-2,2,-1,1,1,2,5,4,11,9
2020-02-23,P1,Sporting CP,Boavista,2,2,0,7,9,4,4,1225.35329195189,1016.27487607319,2,2,0,0,2,2,0,0,7,9,16,13,35,25,2,-2,-2,2,0,0,0,2,4,4,9,7
2020-02-23,P1,Sp Braga,Vitoria Setubal,2,3,1,23,6,7,4,1282.62609866387,1002.15192688512,0,0,0,0,3,3,1,1,13,7,22,14,34,25,2,-2,17,-17,3,-3,1,3,4,7,6,23
2020-02-23,P1,Porto,Portimonense,2,1,0,24,6,4,0,1503.59818065715,807.424213699431,2,0,0,3,2,0,0,10,12,1,25,7,53,14,1,-1,18,-18,4,-4,0,1,0,4,6,24
2020-02-24,P1,Gil Vicente,Benfica,0,0,1,16,10,7,4,1018.78760445812,1423.05986161768,0,0,1,1,0,0,1,1,5,9,13,24,23,51,-1,1,6,-6,3,-3,1,0,4,7,10,16
2020-02-28,P1,Portimonense,Vitoria Setubal,1,0,0,15,12,5,4,806.281543217091,987.594761551675,0,0,0,1,1,0,4,2,1,4,4,13,11,25,0,0,3,-3,1,-1,0,0,4,5,12,15
2020-02-29,P1,Rio Ave,Belenenses,1,0,0,10,5,2,0,1147.85384699267,929.165785801695,0,1,0,0,3,1,2,0,11,9,21,10,33,23,0,0,5,-5,2,-2,0,0,0,2,5,10
2020-02-29,P1,Boavista,Gil Vicente,0,0,1,15,9,2,4,996.026347241157,1013.09819969711,0,1,1,0,0,2,1,0,9,4,10,10,24,23,-1,1,6,-6,-2,2,1,0,4,2,9,15
2020-03-01,P1,Aves,Pacos Ferreira,0,1,3,10,10,3,4,836.629859172431,923.515716800014,0,0,3,1,0,0,3,2,4,4,10,11,10,19,-2,2,0,0,-1,1,3,1,4,3,10,10
2020-03-01,P1,Maritimo,Sp Braga,0,1,2,12,18,3,6,947.981063875245,1297.18326399732,1,4,0,0,1,4,0,0,4,13,13,22,23,37,-1,1,-6,6,-3,3,2,1,6,3,18,12
2020-03-01,P1,Vitoria Guimaraes,Tondela,2,2,0,12,9,5,2,1127.52770902639,889.665096173288,0,0,2,1,0,0,2,1,6,4,14,9,29,23,2,-2,3,-3,3,-3,0,2,2,5,9,12
2020-03-02,P1,Santa Clara,Porto,0,0,2,11,7,1,2,1014.38314717245,1504.74085113949,1,4,0,0,1,10,0,0,9,15,13,25,26,53,-2,2,4,-4,-1,1,2,0,2,1,7,11
2020-03-02,P1,Benfica,Moreirense,1,1,1,26,7,9,1,1428.7492663787,1066.76409350002,0,0,1,0,0,3,1,1,9,8,24,12,51,23,0,0,19,-19,8,-8,1,1,1,9,7,26
2020-03-03,P1,Famalicao,Sporting CP,2,3,1,13,13,3,3,929.294398729553,1245.60182078392,0,0,0,0,1,1,4,2,2,10,9,19,27,35,2,-2,0,0,0,0,1,3,3,3,13,13
2020-03-06,P1,Sp Braga,Portimonense,2,3,1,19,13,9,5,1304.7441806591,813.947709003993,1,0,0,4,4,0,0,11,13,2,25,5,39,12,2,-2,6,-6,4,-4,1,3,5,9,13,19
2020-03-07,P1,Tondela,Boavista,1,1,1,11,10,4,6,871.881578599394,965.597458722983,0,0,1,1,0,0,6,1,4,6,6,10,20,23,0,0,1,-1,-2,2,1,1,6,4,10,11
2020-03-07,P1,Vitoria Setubal,Benfica,1,1,1,3,15,2,6,979.928595764773,1416.29121478096,0,1,3,0,0,1,3,0,2,7,11,22,25,52,0,0,-12,12,-4,4,1,1,6,2,15,3
2020-03-07,P1,Porto,Rio Ave,1,1,1,23,6,5,3,1509.662412442,1138.93124004433,3,4,0,0,3,5,0,0,15,9,27,19,53,31,0,0,17,-17,2,-2,1,1,3,5,6,23
2020-03-08,P1,Belenenses,Famalicao,1,0,0,11,18,2,3,938.088392750033,1004.78770241791,1,0,0,1,1,0,0,2,7,5,10,12,23,29,0,0,-7,7,-1,1,0,0,3,2,18,11
2020-03-08,P1,Moreirense,Maritimo,2,2,0,15,13,4,3,1079.22214509776,940.42014721347,1,0,0,1,2,0,0,4,9,4,13,12,23,23,2,-2,2,-2,1,-1,0,2,3,4,13,15
2020-03-08,P1,Gil Vicente,Santa Clara,1,1,1,9,4,3,2,1043.52708821528,1009.46158586994,0,0,2,1,0,0,2,1,7,9,13,13,25,23,0,0,5,-5,1,-1,1,1,2,3,4,9
2020-03-08,P1,Sporting CP,Aves,2,2,0,22,3,5,3,1170.10851709557,803.516989458913,3,0,0,0,3,2,0,1,7,4,16,7,32,10,2,-2,19,-19,2,-2,0,2,3,5,3,22
2020-03-08,P1,Pacos Ferreira,Vitoria Guimaraes,0,1,2,12,13,5,4,956.628586513531,1145.31122660028,1,2,0,0,1,2,0,0,6,9,14,14,22,32,-1,1,-1,1,1,-1,2,1,4,5,13,12
2020-06-03,P1,Portimonense,Gil Vicente,2,1,0,6,6,2,2,809.037867725053,1041.96332173246,0,2,0,0,2,3,5,0,2,8,4,13,12,25,1,-1,0,0,0,0,0,1,2,2,6,6
2020-06-03,P1,Famalicao,Porto,2,2,1,7,16,2,6,1001.75327219902,1497.04885647403,1,5,0,0,2,11,0,0,5,13,13,25,27,51,1,-1,-9,9,-4,4,1,2,6,2,16,7
2020-06-04,P1,Maritimo,Vitoria Setubal,1,1,1,20,12,4,3,913.207579013463,993.527706570577,0,0,1,0,0,1,1,3,4,3,9,9,20,25,0,0,8,-8,1,-1,1,1,3,4,12,20
2020-06-04,P1,Benfica,Tondela,1,0,0,26,4,5,0,1402.69210397516,876.095645040129,0,0,0,2,1,0,2,2,5,2,20,7,50,20,0,0,22,-22,5,-5,0,0,0,5,4,26
2020-06-04,P1,Vitoria Guimaraes,Sporting CP,1,2,2,13,17,3,5,1161.46130487195,1179.5907609925,1,0,0,1,1,0,0,3,12,10,16,16,34,35,0,0,-4,4,-2,2,2,2,5,3,17,13
2020-06-05,P1,Santa Clara,Sp Braga,2,3,2,15,11,7,2,1011.02535235276,1309.65402193804,0,5,1,0,0,5,1,0,7,13,13,28,23,42,1,-1,4,-4,5,-5,2,3,2,7,11,15
2020-06-05,P1,Aves,Belenenses,0,0,2,10,11,2,4,794.034745561987,941.122822968922,0,0,4,0,0,2,4,1,1,8,7,11,10,24,-2,2,-1,1,-2,2,2,0,4,2,11,10
2020-06-06,P1,Boavista,Moreirense,0,0,1,26,5,9,3,961.383392282249,1106.43471329777,0,0,2,0,0,4,2,2,4,9,11,13,21,23,-1,1,21,-21,6,-6,1,0,3,9,5,26
2020-06-07,P1,Rio Ave,Pacos Ferreira,0,2,3,23,9,8,6,1151.54479601231,940.478508241864,0,1,0,0,4,1,3,0,9,6,19,14,31,21,-1,1,14,-14,2,-2,3,2,6,8,9,23
2020-06-09,P1,Gil Vicente,Famalicao,0,1,3,6,7,2,3,991.235266799293,1062.25747231881,0,0,0,0,1,1,3,3,7,8,12,13,25,27,-2,2,-1,1,-1,1,3,1,3,2,7,6
2020-06-10,P1,Vitoria Setubal,Santa Clara,1,2,2,6,8,4,3,989.893343634778,1065.29772102979,0,0,0,0,1,1,4,2,3,7,10,16,23,25,0,0,-2,2,1,-1,2,2,3,4,8,6
2020-06-10,P1,Portimonense,Benfica,1,2,2,10,11,4,4,859.765922658219,1388.16507237194,1,0,0,0,3,2,0,1,5,6,6,18,15,48,0,0,-1,1,0,0,2,2,4,4,11,10
2020-06-10,P1,Porto,Maritimo,2,1,0,15,10,8,1,1436.54465635424,916.841941949262,0,0,0,2,4,0,1,5,10,4,22,7,48,21,1,-1,5,-5,7,-7,0,1,1,8,10,15
2020-06-11,P1,Belenenses,Vitoria Guimaraes,1,1,1,7,17,2,6,967.448278173427,1162.29544024713,0,3,0,0,2,3,1,0,11,10,14,17,24,32,0,0,-10,10,-4,4,1,1,6,2,17,7
2020-06-11,P1,Tondela,Aves,2,2,0,6,12,4,1,890.622676643342,767.709290357483,0,0,0,1,1,0,7,2,2,1,7,7,18,10,2,-2,-6,6,3,-3,0,2,1,4,12,6
2020-06-12,P1,Moreirense,Rio Ave,0,0,1,7,14,1,2,1125.80063800915,1102.1891734836,2,0,0,0,3,6,0,1,11,6,16,19,26,31,-1,1,-7,7,-1,1,1,0,2,1,14,7
2020-06-12,P1,Sporting CP,Pacos Ferreira,2,1,0,6,11,2,5,1178.75662561731,989.83413077057,4,2,0,0,4,2,0,0,8,9,17,14,35,24,1,-1,-5,5,-3,3,0,1,5,2,11,6
2020-06-13,P1,Sp Braga,Boavista,0,0,1,9,7,3,3,1255.38165326101,942.017467570863,2,0,0,0,5,1,0,2,12,1,25,10,42,20,-1,1,2,-2,0,0,1,0,3,3,7,9
2020-06-15,P1,Maritimo,Gil Vicente,2,2,1,15,6,9,2,913.782450202606,956.220125547432,0,0,0,1,1,0,2,1,1,4,6,9,20,24,1,-1,9,-9,7,-7,1,2,2,9,6,15
2020-06-16,P1,Santa Clara,Portimonense,1,1,1,9,8,5,2,1061.87873431815,874.307467354119,1,0,0,5,1,0,0,12,5,5,14,6,23,15,0,0,1,-1,3,-3,1,1,2,5,8,9
2020-06-16,P1,Aves,Porto,1,0,0,5,24,0,8,738.75087368062,1439.6041481009,0,0,5,1,0,0,5,1,0,10,7,22,10,48,0,0,-19,19,-8,8,0,0,8,0,24,5
2020-06-17,P1,Pacos Ferreira,Belenenses,2,2,1,16,4,3,1,973.700718499057,975.58559077068,0,1,1,0,0,3,1,0,9,9,11,15,24,25,1,-1,12,-12,2,-2,1,2,1,3,4,16
2020-06-17,P1,Rio Ave,Benfica,0,1,2,5,16,1,4,1136.36052799016,1373.62352767604,0,0,1,0,0,3,4,2,8,7,19,16,31,46,-1,1,-11,11,-3,3,2,1,4,1,16,5
2020-06-18,P1,Boavista,Vitoria Setubal,2,3,1,9,15,6,6,996.969101796273,993.312330346411,0,0,3,0,0,2,3,4,4,4,13,11,22,23,2,-2,-6,6,0,0,1,3,6,6,15,9
2020-06-18,P1,Sporting CP,Tondela,2,2,0,8,7,2,3,1194.89003788883,919.581093320204,5,0,0,0,5,1,0,3,10,5,17,10,38,21,2,-2,1,-1,-1,1,0,2,3,2,7,8
2020-06-19,P1,Vitoria Guimaraes,Moreirense,1,1,1,13,11,4,4,1154.15812764988,1091.6292835026,0,1,0,0,2,5,1,0,11,10,17,16,30,26,0,0,2,-2,0,0,1,1,4,4,11,13
2020-06-19,P1,Famalicao,Sp Braga,1,0,0,7,14,2,0,1097.27261357067,1200.43001903559,2,0,0,1,3,0,0,1,10,9,13,22,27,41,0,0,-7,7,2,-2,0,0,0,2,14,7
2020-06-21,P1,Gil Vicente,Aves,2,3,0,17,10,9,1,920.33079429719,754.194458629821,0,0,1,2,0,0,4,3,4,1,8,5,24,11,3,-3,7,-7,8,-8,0,3,1,9,10,17
2020-06-22,P1,Portimonense,Maritimo,2,3,2,11,11,5,5,882.193742680773,949.671781452849,0,0,0,3,4,0,1,6,6,4,7,8,16,20,1,-1,0,0,0,0,2,3,5,5,11,11
2020-06-23,P1,Vitoria Setubal,Rio Ave,0,1,2,8,17,3,7,949.916298210223,1123.34932943868,0,1,0,0,2,7,5,0,4,5,8,16,23,31,-1,1,-9,9,-4,4,2,1,7,3,17,8
2020-06-23,P1,Benfica,Santa Clara,0,3,4,15,8,8,6,1386.63472622752,1053.9924589915,0,0,0,0,2,2,3,3,7,6,16,15,46,24,-1,1,7,-7,2,-2,4,3,6,8,8,15
2020-06-23,P1,Porto,Boavista,2,4,0,12,6,7,2,1424.16056315169,1040.36513393246,1,1,0,0,5,2,0,0,8,7,23,16,46,24,4,-4,6,-6,5,-5,0,4,2,7,6,12
2020-06-24,P1,Tondela,Pacos Ferreira,0,1,3,12,14,4,5,904.659331996573,1005.87431994773,1,0,0,1,2,0,0,1,5,9,9,13,20,24,-2,2,-2,2,-1,1,3,1,5,4,14,12
2020-06-24,P1,Moreirense,Famalicao,1,1,1,11,16,4,6,1094.47815104221,1101.88834328832,0,1,1,0,0,2,1,0,8,11,16,13,27,25,0,0,-5,5,-2,2,1,1,6,4,16,11
2020-06-25,P1,Sp Braga,Vitoria Guimaraes,2,3,2,14,15,3,4,1195.81428931794,1151.30926011026,0,0,1,0,0,4,1,1,7,9,20,15,39,28,1,-1,-1,1,-1,1,2,3,4,3,15,14
2020-06-26,P1,Belenenses,Sporting CP,0,1,3,11,10,3,7,943.411989322012,1209.81179921246,0,0,0,0,3,1,2,4,6,10,15,20,25,38,-2,2,1,-1,-4,4,3,1,7,3,10,11
2020-06-28,P1,Boavista,Santa Clara,2,1,0,12,10,2,4,1027.6041212759,1109.77244209435,1,1,0,0,1,3,0,0,7,9,13,18,23,24,1,-1,2,-2,-2,2,0,1,4,2,10,12
2020-06-29,P1,Aves,Moreirense,0,0,1,14,7,3,2,723.917638992055,1094.81935127116,0,0,0,0,1,6,6,1,1,8,5,17,11,27,-1,1,7,-7,1,-1,1,0,2,3,7,14
2020-06-29,P1,Maritimo,Benfica,2,2,0,6,20,2,7,911.533806651701,1330.85474312468,1,1,0,0,2,4,0,0,4,6,8,13,19,43,2,-2,-14,14,-5,5,0,2,7,2,20,6
2020-06-29,P1,Pacos Ferreira,Porto,0,0,1,11,5,3,3,1037.30490697605,1436.92157580825,1,0,0,0,1,1,0,2,9,8,15,23,27,46,-1,1,6,-6,0,0,1,0,3,3,5,11
2020-06-30,P1,Famalicao,Portimonense,0,0,1,13,12,5,4,1101.54714305938,920.331717481921,0,0,0,0,4,1,1,13,9,8,14,10,26,18,-1,1,1,-1,1,-1,1,0,4,5,12,13
2020-06-30,P1,Vitoria Guimaraes,Vitoria Setubal,2,2,0,18,5,5,1,1123.38605109239,932.68341286881,0,0,0,1,3,0,2,5,6,3,15,5,28,22,2,-2,13,-13,4,-4,0,2,1,5,5,18
2020-06-30,P1,Rio Ave,Sp Braga,2,4,3,13,11,8,6,1140.58221478009,1223.73749833581,0,0,2,0,0,1,5,2,7,7,16,20,33,39,1,-1,2,-2,2,-2,3,4,6,8,11,13
2020-07-01,P1,Belenenses,Tondela,1,1,1,11,11,3,4,927.844362286726,873.228744968253,0,0,1,1,0,0,3,4,5,5,12,9,22,17,0,0,0,0,-1,1,1,1,4,3,11,11
2020-07-01,P1,Sporting CP,Gil Vicente,2,2,1,12,8,4,3,1225.37942624774,950.607613934956,6,0,0,2,6,0,0,2,13,4,20,11,38,26,1,-1,4,-4,1,-1,1,2,3,4,8,12
2020-07-03,P1,Santa Clara,Maritimo,0,0,1,13,13,4,7,1070.34247062498,992.045340372119,0,0,0,4,2,0,1,7,8,7,15,11,24,21,-1,1,0,0,-3,3,1,0,7,4,13,13
2020-07-04,P1,Vitoria Setubal,Pacos Ferreira,0,2,3,7,21,3,8,910.740791420218,1031.47504317736,0,1,1,0,0,1,6,0,2,9,5,15,21,26,-1,1,-14,14,-5,5,3,2,8,3,21,7
2020-07-04,P1,Portimonense,Vitoria Guimaraes,0,0,1,13,9,3,3,967.657108827903,1145.32867254098,1,0,0,1,5,0,0,2,11,6,13,18,21,28,-1,1,4,-4,0,0,1,0,3,3,9,13
2020-07-04,P1,Benfica,Boavista,2,3,1,15,6,9,3,1250.34320940426,1067.03409274527,0,0,1,1,0,0,4,1,5,9,10,13,40,23,2,-2,9,-9,6,-6,1,3,3,9,6,15
2020-07-04,P1,Sp Braga,Aves,2,4,0,14,6,9,1,1184.22158177445,717.15069397752,1,0,0,3,1,0,0,4,4,1,17,2,39,11,4,-4,8,-8,8,-8,0,4,1,9,6,14
2020-07-05,P1,Gil Vicente,Rio Ave,2,1,0,13,5,4,1,939.692227210552,1180.09813134146,1,2,0,0,1,8,0,0,3,9,11,18,26,35,1,-1,8,-8,3,-3,0,1,1,4,5,13
2020-07-05,P1,Tondela,Famalicao,0,0,1,11,10,2,3,875.723372861991,1054.22175171339,0,0,1,0,0,3,1,1,5,8,7,13,18,23,-1,1,1,-1,-1,1,1,0,3,2,10,11
2020-07-05,P1,Porto,Belenenses,2,5,0,17,10,7,1,1442.75143960694,925.349734392988,2,0,0,1,6,0,0,1,10,5,23,13,48,23,5,-5,7,-7,6,-6,0,5,1,7,10,17
2020-07-06,P1,Moreirense,Sporting CP,1,0,0,9,14,0,2,1101.58629628569,1236.29481297215,0,1,0,0,1,2,2,0,8,13,17,23,29,38,0,0,-5,5,-2,2,0,0,2,0,14,9
2020-07-08,P1,Boavista,Maritimo,0,0,1,11,11,1,6,1044.38378279996,1031.13712291479,2,1,0,0,2,1,0,0,9,9,10,13,23,24,-1,1,0,0,-5,5,1,0,6,1,11,11
2020-07-08,P1,Aves,Vitoria Setubal,2,1,0,7,14,4,3,708.940133286266,889.43383271915,0,0,1,2,0,0,7,6,1,1,2,4,11,18,1,-1,-7,7,1,-1,0,1,3,4,14,7
2020-07-09,P1,Rio Ave,Portimonense,2,2,1,7,8,2,2,1128.92279408575,950.729736905484,1,1,0,0,1,2,0,0,9,8,15,13,35,20,1,-1,-1,1,0,0,1,2,2,2,8,7
2020-07-09,P1,Tondela,Porto,0,1,3,9,13,2,4,858.855191816097,1449.91457814234,0,1,2,0,0,2,2,0,4,13,6,23,15,48,-2,2,-4,4,-2,2,3,1,4,2,13,9
2020-07-09,P1,Famalicao,Benfica,1,1,1,12,20,6,9,1071.08993275929,1272.99351934957,0,0,1,1,0,0,2,1,8,7,16,13,25,40,0,0,-8,8,-3,3,1,1,9,6,20,12
2020-07-10,P1,Vitoria Guimaraes,Gil Vicente,0,1,2,12,10,1,4,1162.2560444634,990.867564466256,1,0,0,3,4,0,0,3,8,6,18,13,30,26,-1,1,2,-2,-3,3,2,1,4,1,10,12
2020-07-10,P1,Sporting CP,Santa Clara,2,1,0,12,4,1,0,1230.384493548,1031.25068808231,7,0,0,1,7,0,0,1,13,5,21,12,39,23,1,-1,8,-8,1,-1,0,1,0,1,4,12
2020-07-10,P1,Pacos Ferreira,Sp Braga,0,1,5,7,8,3,8,1052.78200187843,1192.4321424657,0,0,1,1,0,0,1,3,9,7,18,19,29,41,-4,4,-1,1,-5,5,5,1,8,3,8,7
2020-07-11,P1,Belenenses,Moreirense,0,0,1,10,16,0,7,918.186595857593,1107.49661570984,0,1,0,0,1,7,4,0,2,6,13,17,20,29,-1,1,-6,6,-7,7,1,0,7,0,16,10
2020-07-13,P1,Maritimo,Rio Ave,1,0,0,16,9,3,2,1064.35659453453,1145.81281732291,2,0,0,1,3,0,0,1,12,9,13,17,26,35,0,0,7,-7,1,-1,0,0,2,3,9,16
2020-07-13,P1,Vitoria Setubal,Famalicao,0,1,2,8,11,1,3,842.159719207511,1079.46565745575,0,1,2,0,0,4,7,0,0,6,4,16,18,25,-1,1,-3,3,-2,2,2,1,3,1,11,8
2020-07-14,P1,Santa Clara,Aves,2,3,0,12,9,4,3,1015.81616689693,756.214246797905,0,0,1,4,0,0,2,5,4,4,9,4,22,14,3,-3,3,-3,1,-1,0,3,3,4,9,12
2020-07-14,P1,Portimonense,Boavista,2,2,1,15,16,6,5,933.839713668323,1011.16431118021,0,0,1,2,0,0,1,2,7,6,12,10,19,23,1,-1,-1,1,1,-1,1,2,5,6,16,15
2020-07-14,P1,Benfica,Vitoria Guimaraes,2,2,0,12,12,5,3,1264.6177946531,1115.6375398797,1,1,0,0,1,1,0,0,7,7,14,18,38,30,2,-2,0,0,2,-2,0,2,3,5,12,12
2020-07-14,P1,Gil Vicente,Tondela,2,3,2,11,15,6,7,1037.48606904996,856.028990278472,2,0,0,0,2,1,0,5,9,1,13,6,26,15,1,-1,-4,4,-1,1,2,3,7,6,15,11
2020-07-15,P1,Moreirense,Pacos Ferreira,1,1,1,12,6,3,2,1123.6031254059,1012.89418347699,0,2,0,0,2,2,3,0,9,9,19,18,31,29,0,0,6,-6,1,-1,1,1,2,3,6,12
2020-07-15,P1,Sp Braga,Belenenses,1,1,1,32,7,7,1,1232.31996086714,902.080086161534,2,0,0,2,2,0,0,2,10,1,19,10,41,20,0,0,25,-25,6,-6,1,1,1,7,7,32
2020-07-15,P1,Porto,Sporting CP,2,2,0,8,8,4,2,1452.74077967996,1245.81901473338,3,0,0,0,7,3,0,1,13,13,23,23,48,39,2,-2,0,0,2,-2,0,2,2,4,8,8
2020-07-18,P1,Rio Ave,Santa Clara,1,2,2,18,11,6,7,1142.12887173392,1035.80351345465,2,0,0,2,2,0,0,2,10,6,15,12,36,25,0,0,7,-7,-1,1,2,2,7,6,11,18
2020-07-18,P1,Famalicao,Boavista,1,2,2,13,13,6,5,1092.47429398154,972.157755488027,0,0,0,3,1,0,3,3,8,3,19,10,28,20,0,0,0,0,1,-1,2,2,5,6,13,13
2020-07-19,P1,Belenenses,Gil Vicente,2,1,0,7,8,2,3,913.920284382296,1054.14353128562,0,1,1,0,0,1,5,0,2,12,8,16,18,26,1,-1,-1,1,-1,1,0,1,3,2,8,7
2020-07-19,P1,Vitoria Guimaraes,Maritimo,2,1,0,10,7,4,2,1089.51233153684,1068.04054012353,0,2,1,0,0,2,1,0,6,10,15,14,29,27,1,-1,3,-3,2,-2,0,1,2,4,7,10
2020-07-20,P1,Pacos Ferreira,Portimonense,2,2,1,10,9,2,3,1017.82669657284,972.846269360508,0,0,2,1,0,0,2,1,7,9,16,15,27,19,1,-1,1,-1,-1,1,1,2,3,2,9,10
2020-07-20,P1,Tondela,Sp Braga,2,1,0,8,7,2,1,839.371528042812,1220.47976264637,0,1,3,0,0,1,3,0,1,10,6,17,15,39,1,-1,1,-1,1,-1,0,1,1,2,7,8
2020-07-20,P1,Porto,Moreirense,2,6,1,14,8,9,4,1473.18330395585,1118.67061231005,4,2,0,0,8,8,0,0,15,9,23,17,48,29,5,-5,6,-6,5,-5,1,6,4,9,8,14
2020-07-21,P1,Sporting CP,Vitoria Setubal,1,0,0,13,3,3,1,1225.37649045749,829.151082681721,8,0,0,3,8,0,0,7,10,0,20,4,39,17,0,0,10,-10,2,-2,0,0,1,3,3,13
2020-07-21,P1,Aves,Benfica,0,0,4,8,21,2,11,736.226900240188,1290.74300299596,1,0,0,0,1,1,0,2,3,7,4,14,14,38,-4,4,-13,13,-9,9,4,0,11,2,21,8
2020-07-24,P1,Santa Clara,Vitoria Guimaraes,1,2,2,7,10,3,4,1040.55263691349,1119.53722036199,1,0,0,1,1,0,0,1,4,9,13,15,26,29,0,0,-3,3,-1,1,2,2,4,3,10,7
2020-07-24,P1,Gil Vicente,Pacos Ferreira,1,3,3,13,13,5,7,1009.88686793099,1045.7068380241,3,0,0,0,3,3,0,1,9,7,13,16,26,30,0,0,0,0,-2,2,3,3,7,5,13,13
2020-07-25,P1,Boavista,Rio Ave,0,0,2,10,7,2,4,977.487180832467,1137.37974827507,0,0,1,0,0,1,1,2,4,8,11,15,21,34,-2,2,3,-3,-2,2,2,0,4,2,7,10
2020-07-25,P1,Maritimo,Famalicao,1,3,3,8,17,5,5,1038.01565129839,1087.14486863711,0,2,0,0,4,5,1,0,10,8,14,17,26,29,0,0,-9,9,0,0,3,3,5,5,17,8
2020-07-25,P1,Benfica,Sporting CP,2,2,1,17,12,4,5,1295.83434122483,1212.34355769986,2,0,0,1,2,0,0,2,10,8,16,21,38,37,1,-1,5,-5,-1,1,1,2,5,4,12,17
2020-07-25,P1,Sp Braga,Porto,2,2,1,11,10,5,5,1162.89931108142,1490.19799115227,0,2,0,0,3,3,1,0,7,15,14,23,39,50,1,-1,1,-1,0,0,1,2,5,5,10,11
2020-07-26,P1,Moreirense,Tondela,0,1,2,10,14,5,6,1101.65592511363,896.951979607771,0,0,0,1,3,0,4,6,8,4,16,9,29,15,-1,1,-4,4,-1,1,2,1,6,5,14,10
2020-07-26,P1,Portimonense,Aves,2,2,0,13,10,5,3,944.966127909246,731.135562011322,1,0,0,5,1,0,0,6,6,3,14,4,19,11,2,-2,3,-3,2,-2,0,2,3,5,10,13
2020-07-26,P1,Vitoria Setubal,Belenenses,2,2,0,11,8,4,2,842.184015439349,958.176947736923,0,0,3,0,0,1,8,3,1,5,4,10,15,20,2,-2,3,-3,2,-2,0,2,2,4,8,11
2018-08-10,P1,Benfica,Vitoria Guimaraes,2,3,2,9,9,7,5,1320.28923524146,1115.96123882508,3,0,0,0,3,1,0,2,13,7,18,13,38,29,1,-1,0,0,2,-2,2,3,5,7,9,9
2018-08-11,P1,Porto,Chaves,2,5,0,14,2,6,0,1434.64091178369,965.430958180287,5,0,0,1,9,0,0,1,12,9,22,17,47,27,5,-5,12,-12,6,-6,0,5,0,6,2,14
2018-08-11,P1,Vitoria Setubal,Aves,2,2,0,13,2,5,1,900.162907082414,711.309936356757,1,0,0,6,1,0,0,7,4,3,6,4,15,11,2,-2,11,-11,4,-4,0,2,1,5,2,13
2018-08-11,P1,Tondela,Belenenses,0,0,1,14,6,4,3,945.889881231368,900.198056093858,1,0,0,1,1,0,0,4,6,4,11,9,18,20,-1,1,8,-8,1,-1,1,0,3,4,6,14
2018-08-12,P1,Feirense,Rio Ave,2,2,0,12,7,5,1,1000,1162.36746995451,0,1,0,0,0,2,0,0,0,8,0,17,0,36,2,-2,5,-5,4,-4,0,2,1,5,7,12
2018-08-12,P1,Maritimo,Santa Clara,2,1,0,10,9,4,5,1040.2631752178,1044.1286184504,0,0,0,0,5,1,2,3,8,5,15,13,24,26,1,-1,1,-1,-1,1,0,1,5,4,9,10
2018-08-12,P1,Moreirense,Sporting CP,0,1,3,3,6,3,4,1052.71802349003,1187.88866368323,0,0,1,2,0,0,5,3,5,5,13,18,26,34,-2,2,-3,3,-1,1,3,1,4,3,6,3
2018-08-12,P1,Sp Braga,Nacional,2,4,2,16,10,12,8,1218.45639044999,744.79419796944,1,0,0,1,4,0,0,8,10,1,14,4,42,12,2,-2,6,-6,4,-4,2,4,8,12,10,16
2018-08-13,P1,Portimonense,Boavista,0,0,2,8,9,3,4,964.791753563811,952.499459153033,2,0,0,0,2,1,0,4,6,1,17,10,21,21,-2,2,-1,1,-1,1,2,0,4,3,9,8
2018-08-17,P1,Aves,Tondela,1,2,2,16,12,6,5,689.191659840868,909.705603641967,0,1,1,0,0,1,1,0,3,6,4,10,11,17,0,0,4,-4,1,-1,2,2,5,6,12,16
2018-08-18,P1,Boavista,Benfica,0,0,2,4,17,1,8,997.90811554113,1335.37627291603,0,1,2,0,0,2,2,0,4,13,13,20,23,38,-2,2,-13,13,-7,7,2,0,8,1,17,4
2018-08-18,P1,Chaves,Portimonense,2,2,0,12,9,5,2,956.121758158449,919.383097175714,0,0,1,2,0,0,1,2,6,6,14,14,26,20,2,-2,3,-3,3,-3,0,2,2,5,9,12
2018-08-18,P1,Sporting CP,Vitoria Setubal,2,2,1,17,9,5,3,1215.49514825607,922.281183598303,0,0,0,0,9,1,1,8,7,7,20,8,37,18,1,-1,8,-8,2,-2,1,2,3,5,9,17
2018-08-19,P1,Belenenses,Porto,0,2,3,12,16,5,6,936.382333683259,1443.95011180553,1,0,0,1,1,0,0,1,7,12,9,25,23,47,-1,1,-4,4,-1,1,3,2,6,5,16,12
2018-08-19,P1,Nacional,Moreirense,0,1,2,17,14,8,8,739.406658283957,1025.11153891719,0,0,2,1,0,0,2,1,1,4,4,10,11,26,-1,1,3,-3,0,0,2,1,8,8,14,17
2018-08-19,P1,Rio Ave,Maritimo,2,3,1,13,16,5,4,1099.3861581858,1072.61918100774,0,0,0,1,3,0,1,1,8,8,17,17,36,24,2,-2,-3,3,1,-1,1,3,4,5,16,13
2018-08-19,P1,Santa Clara,Sp Braga,1,3,3,12,14,8,8,1011.77261266045,1223.84393013548,0,0,0,1,2,0,1,1,5,10,10,17,26,42,0,0,-2,2,0,0,3,3,8,8,14,12
2018-08-20,P1,Vitoria Guimaraes,Feirense,0,0,1,10,7,3,4,1100.87420115051,1062.98131176871,1,0,0,0,1,0,0,0,4,3,12,3,29,3,-1,1,3,-3,-1,1,1,0,4,3,7,10
2018-08-24,P1,Maritimo,Chaves,2,2,1,13,10,6,3,1032.13375287084,995.358975967824,1,0,0,2,6,0,0,2,5,6,17,17,23,28,1,-1,3,-3,3,-3,1,2,3,6,10,13
2018-08-25,P1,Benfica,Sporting CP,1,1,1,19,11,10,4,1346.37225398169,1225.48269823931,4,1,0,0,4,1,0,0,15,7,22,20,38,37,0,0,8,-8,6,-6,1,1,4,10,11,19
2018-08-25,P1,Portimonense,Santa Clara,1,2,2,26,9,11,3,880.145879366339,1020.48304138454,0,0,1,1,0,0,1,4,6,6,13,10,19,24,0,0,17,-17,8,-8,2,2,3,11,9,26
2018-08-25,P1,Porto,Vitoria Guimaraes,0,2,3,18,8,10,3,1447.21965516614,1065.39790971536,6,0,0,1,10,0,0,3,12,4,25,11,47,28,-1,1,10,-10,7,-7,3,2,3,10,8,18
2018-08-26,P1,Feirense,Boavista,1,1,1,17,7,5,4,1098.45760320387,986.912134475475,1,1,0,0,1,2,0,0,6,4,6,10,6,23,0,0,10,-10,1,-1,1,1,4,5,7,17
2018-08-26,P1,Vitoria Setubal,Nacional,0,1,2,11,11,4,4,912.293633615062,729.049320870244,2,0,0,2,2,0,0,9,7,0,7,4,18,8,-1,1,0,0,0,0,2,1,4,4,11,11
2018-08-26,P1,Sp Braga,Aves,2,3,1,20,8,6,4,1215.13350141139,698.172032543183,2,0,0,7,5,0,0,8,8,1,18,5,40,12,2,-2,12,-12,2,-2,1,3,4,6,8,20
2018-08-26,P1,Tondela,Rio Ave,1,1,1,12,14,5,4,900.725230939652,1139.8715863227,0,0,1,1,0,0,1,1,7,8,8,17,18,36,0,0,-2,2,1,-1,1,1,4,5,14,12
2018-08-27,P1,Moreirense,Belenenses,1,1,1,17,9,7,3,1035.46887633091,933.112790322653,0,1,2,0,0,1,6,0,4,7,13,8,29,23,0,0,8,-8,4,-4,1,1,3,7,9,17
2018-08-31,P1,Chaves,Sp Braga,0,0,1,17,9,2,3,966.733465527162,1219.39014589425,1,0,0,0,1,1,0,2,3,10,16,20,27,40,-1,1,8,-8,-1,1,1,0,3,2,9,17
2018-08-31,P1,Vitoria Guimaraes,Tondela,2,1,0,6,9,2,3,1123.00204461535,910.275642390729,0,0,1,0,0,2,1,1,7,8,13,9,28,18,1,-1,-3,3,-1,1,0,1,3,2,9,6
2018-09-01,P1,Belenenses,Vitoria Setubal,1,0,0,8,6,4,2,937.694666538302,864.824638557248,0,0,1,1,0,0,1,9,7,7,9,7,24,15,0,0,2,-2,2,-2,0,0,2,4,6,8
2018-09-01,P1,Santa Clara,Boavista,2,4,2,11,15,5,6,1014.35023389615,991.879483940915,0,0,0,0,3,3,2,1,4,5,10,8,25,24,2,-2,-4,4,-1,1,2,4,6,5,15,11
2018-09-01,P1,Sporting CP,Feirense,2,1,0,26,6,12,2,1230.83557134954,1093.49025373843,1,1,0,0,10,1,0,0,8,7,18,7,38,7,1,-1,20,-20,10,-10,0,1,2,12,6,26
2018-09-02,P1,Aves,Maritimo,0,0,1,12,16,2,3,693.915388060323,1060.7592633115,0,0,0,2,1,0,2,2,1,7,4,17,9,25,-1,1,-4,4,-1,1,1,0,3,2,16,12
2018-09-02,P1,Nacional,Benfica,0,0,4,5,16,2,7,776.518315928057,1341.01938087145,0,2,3,0,0,3,3,0,3,13,7,20,10,36,-4,4,-11,11,-5,5,4,0,7,2,16,5
2018-09-02,P1,Porto,Moreirense,2,3,0,15,7,5,3,1389.61552026615,1030.88700011526,0,1,1,0,0,1,1,0,9,4,24,13,47,29,3,-3,8,-8,2,-2,0,3,3,5,7,15
2018-09-02,P1,Rio Ave,Portimonense,2,2,1,22,11,5,4,1130.32117487162,886.278686854732,1,0,0,3,4,0,0,3,8,4,18,13,34,20,1,-1,11,-11,1,-1,1,2,4,5,11,22
2018-09-21,P1,Boavista,Chaves,0,1,2,19,7,4,3,950.854453521235,954.616730806086,0,0,3,3,0,0,3,3,4,3,8,13,21,27,-1,1,12,-12,1,-1,2,1,3,4,7,19
2018-09-22,P1,Maritimo,Belenenses,1,0,0,10,16,3,5,1067.6688702821,934.387233571843,2,0,0,0,7,2,0,1,10,5,20,10,28,22,0,0,-6,6,-2,2,0,0,5,3,16,10
2018-09-22,P1,Santa Clara,Rio Ave,0,1,3,20,10,8,4,1055.37526431583,1142.93251111417,1,0,0,0,4,1,0,2,6,10,10,18,28,34,-2,2,10,-10,4,-4,3,1,4,8,10,20
2018-09-22,P1,Vitoria Setubal,Porto,0,0,2,10,11,2,4,868.132071523708,1401.89000774891,0,1,1,0,0,1,1,0,7,9,8,24,13,47,-2,2,-1,1,-2,2,2,0,4,2,11,10
2018-09-23,P1,Benfica,Aves,2,2,0,26,12,7,4,1345.83695035831,687.005781089727,0,0,0,8,5,0,1,9,13,1,23,4,36,9,2,-2,14,-14,3,-3,0,2,4,7,12,26
2018-09-23,P1,Feirense,Nacional,1,0,0,4,10,0,2,1073.5200219648,771.700746441198,0,1,0,0,2,1,1,0,7,3,7,7,7,7,0,0,-6,6,-2,2,0,0,2,0,10,4
2018-09-23,P1,Portimonense,Vitoria Guimaraes,2,3,2,13,9,6,3,873.667350612179,1137.53877705716,0,1,0,0,1,1,2,0,4,7,10,16,20,31,1,-1,4,-4,3,-3,2,3,3,6,9,13
2018-09-23,P1,Tondela,Moreirense,2,2,0,9,12,4,0,895.738909948914,1018.6125126325,0,0,0,1,1,0,2,1,5,4,9,12,18,29,2,-2,-3,3,4,-4,0,2,0,4,12,9
2018-09-24,P1,Sp Braga,Sporting CP,2,1,0,13,12,4,3,1231.50688061532,1250.80580312316,3,0,0,0,6,2,0,1,13,10,20,18,40,38,1,-1,1,-1,1,-1,0,1,3,4,12,13
2018-09-27,P1,Chaves,Benfica,1,2,2,10,12,5,5,986.27022580613,1347.77033163794,0,3,1,0,0,4,1,0,6,13,15,26,27,36,0,0,-2,2,0,0,2,2,5,5,12,10
2018-09-28,P1,Porto,Tondela,2,1,0,31,7,9,0,1405.77171609221,954.491286748199,1,0,0,1,1,0,0,2,12,5,24,11,47,18,1,-1,24,-24,9,-9,0,1,0,9,7,31
2018-09-29,P1,Moreirense,Feirense,2,1,0,19,6,5,2,959.860135833211,1062.30856698682,0,0,0,1,1,0,7,1,4,8,9,8,26,8,1,-1,13,-13,3,-3,0,1,2,5,6,19
2018-09-29,P1,Rio Ave,Boavista,2,2,1,19,15,4,5,1175.96575440957,919.200958521191,2,0,0,1,5,0,0,2,10,4,18,5,36,18,1,-1,4,-4,-1,1,1,2,5,4,15,19
2018-09-29,P1,Sporting CP,Maritimo,2,2,0,12,7,3,1,1217.03013253999,1061.81538066698,2,1,0,0,11,1,0,0,10,10,15,18,38,29,2,-2,5,-5,2,-2,0,2,1,3,7,12
2018-09-30,P1,Belenenses,Sp Braga,0,0,3,8,18,0,8,940.240723186962,1265.2825511985,0,1,0,0,1,2,2,0,6,13,10,23,23,40,-3,3,-10,10,-8,8,3,0,8,0,18,8
2018-09-30,P1,Vitoria Guimaraes,Vitoria Setubal,1,1,1,14,15,5,4,1085.03406197506,864.250363180401,1,0,0,0,1,1,0,10,6,4,13,8,31,13,0,0,-1,1,1,-1,1,1,4,5,15,14
2018-09-30,P1,Nacional,Santa Clara,0,0,3,12,12,1,4,782.912201419186,1022.34202102044,0,0,4,0,0,1,4,5,4,5,5,10,8,25,-3,3,0,0,-3,3,3,0,4,1,12,12
2018-10-01,P1,Aves,Portimonense,2,3,0,12,17,4,2,685.072399810103,926.172065694278,0,0,1,4,0,0,3,4,1,4,4,10,6,23,3,-3,-5,5,2,-2,0,3,2,4,17,12
2018-10-05,P1,Feirense,Belenenses,1,0,0,11,9,1,1,1021.13700733533,925.690001467817,0,0,0,0,3,3,2,2,5,3,8,10,8,23,0,0,2,-2,0,0,0,0,1,1,9,11
2018-10-05,P1,Santa Clara,Chaves,2,1,0,12,8,4,2,1044.29504258992,998.719472452402,0,1,1,0,0,1,1,0,8,7,13,13,25,27,1,-1,4,-4,2,-2,0,1,2,4,8,12
2018-10-05,P1,Tondela,Nacional,1,1,1,16,16,3,4,950.057270831574,760.959179849697,1,0,0,0,2,2,0,1,5,4,11,5,17,8,0,0,0,0,-1,1,1,1,4,3,16,16
2018-10-06,P1,Maritimo,Vitoria Guimaraes,0,1,3,20,15,5,6,1036.34370371668,1076.0451837918,0,0,0,1,8,0,1,1,7,7,15,11,28,29,-2,2,5,-5,-1,1,3,1,6,5,15,20
2018-10-06,P1,Vitoria Setubal,Moreirense,2,3,0,12,11,5,3,873.23924136366,1001.0316954847,0,0,2,2,0,0,2,2,2,7,9,11,13,28,3,-3,1,-1,2,-2,0,3,3,5,11,12
2018-10-06,P1,Sp Braga,Rio Ave,1,1,1,13,8,5,3,1279.83327291765,1187.85190356815,4,1,0,0,7,2,0,0,13,13,23,21,42,36,0,0,5,-5,2,-2,1,1,3,5,8,13
2018-10-07,P1,Benfica,Porto,2,1,0,10,11,2,1,1335.32108499167,1410.20573200884,1,2,0,0,6,2,0,0,11,12,24,24,37,47,1,-1,-1,1,1,-1,0,1,1,2,11,10
2018-10-07,P1,Boavista,Aves,2,1,0,20,11,5,2,907.314809362604,772.350629808354,0,0,4,9,0,0,4,10,1,4,5,7,15,9,1,-1,9,-9,3,-3,0,1,2,5,11,20
2018-10-07,P1,Portimonense,Sporting CP,2,4,2,12,17,6,5,838.893835696027,1242.50180949029,1,0,0,1,2,0,0,2,4,10,10,17,23,38,2,-2,-5,5,1,-1,2,4,5,6,17,12
2018-10-26,P1,Vitoria Guimaraes,Sp Braga,1,1,1,13,15,4,1,1114.91288976893,1275.69363993628,0,2,0,0,2,3,1,0,10,13,14,21,32,40,0,0,-2,2,3,-3,1,1,1,4,15,13
2018-10-26,P1,Nacional,Portimonense,0,0,1,8,7,3,2,768.898570634349,918.784245306989,0,0,5,5,0,0,5,5,5,7,5,13,9,25,-1,1,1,-1,1,-1,1,0,2,3,7,8
2018-10-27,P1,Aves,Santa Clara,0,1,2,17,9,6,4,752.191597439839,1072.12128986712,1,1,0,0,1,2,0,0,3,10,4,16,8,25,-1,1,8,-8,2,-2,2,1,4,6,9,17
2018-10-27,P1,Belenenses,Benfica,2,2,0,7,24,6,7,929.978161196554,1374.11336069575,0,0,1,0,0,5,3,1,4,11,11,26,21,40,2,-2,-17,17,-1,1,0,2,7,6,24,7
2018-10-27,P1,Rio Ave,Chaves,2,1,0,7,12,5,2,1191.99153654952,970.893225175207,3,0,0,1,6,0,0,1,11,4,19,10,36,27,1,-1,-5,5,3,-3,0,1,2,5,12,7
2018-10-28,P1,Moreirense,Maritimo,2,1,0,19,11,5,2,927.300609276767,997.475997739553,1,0,0,1,2,0,0,1,4,7,8,12,27,25,1,-1,8,-8,3,-3,0,1,2,5,11,19
2018-10-28,P1,Porto,Feirense,2,2,0,17,6,7,3,1371.41345630475,1016.84884760659,2,0,0,2,2,0,0,2,9,3,21,9,44,9,2,-2,11,-11,4,-4,0,2,3,7,6,17
2018-10-28,P1,Sporting CP,Boavista,2,3,0,21,10,9,1,1162.61139987933,927.473841731119,3,0,0,2,12,0,0,3,7,4,14,8,37,18,3,-3,11,-11,8,-8,0,3,1,9,10,21
2018-10-28,P1,Tondela,Vitoria Setubal,0,1,2,10,9,6,3,942.117880046922,946.970327571591,0,0,0,0,3,2,1,11,5,5,12,12,18,16,-1,1,1,-1,3,-3,2,1,3,6,9,10
2018-11-02,P1,Benfica,Moreirense,0,1,3,21,9,8,4,1292.71196845316,965.677518199141,2,0,0,3,7,0,0,3,10,6,23,10,37,27,-2,2,12,-12,4,-4,3,1,4,8,9,21
2018-11-03,P1,Boavista,Vitoria Guimaraes,1,0,0,7,20,3,4,905.08438288217,1121.83024062154,1,1,0,0,1,1,0,0,3,8,8,15,18,30,0,0,-13,13,-1,1,0,0,4,3,20,7
2018-11-03,P1,Maritimo,Porto,0,0,2,6,15,2,4,959.099088817178,1381.49729483167,0,0,1,1,0,0,2,1,4,12,11,21,25,44,-2,2,-9,9,-2,2,2,0,4,2,15,6
2018-11-03,P1,Portimonense,Belenenses,1,1,1,12,8,3,1,937.776393740525,1011.37955343915,2,0,0,0,3,4,0,3,9,6,13,13,28,21,0,0,4,-4,2,-2,1,1,1,3,8,12
2018-11-04,P1,Feirense,Tondela,0,2,4,12,15,5,7,1006.76500907967,910.564777923067,0,0,0,2,4,0,3,3,2,4,9,12,9,18,-2,2,-3,3,-2,2,4,2,7,5,15,12
2018-11-04,P1,Santa Clara,Sporting CP,0,1,2,8,18,1,7,1080.87999000587,1185.00085872828,1,0,0,2,1,0,0,3,12,9,16,17,28,37,-1,1,-10,10,-6,6,2,1,7,1,18,8
2018-11-04,P1,Sp Braga,Vitoria Setubal,2,2,1,17,13,3,5,1268.77628908367,978.523429695446,0,1,0,0,8,3,1,0,11,8,21,15,38,19,1,-1,4,-4,-2,2,1,2,5,3,13,17
2018-11-05,P1,Chaves,Aves,0,1,2,13,11,2,5,956.890802519304,743.432897301088,0,0,0,10,1,0,2,11,4,3,7,4,27,8,-1,1,2,-2,-3,3,2,1,5,2,11,13
2018-11-05,P1,Rio Ave,Nacional,1,3,3,13,13,5,6,1205.99395920542,749.906422200813,4,0,0,0,7,3,0,2,13,2,21,5,36,9,0,0,0,0,-1,1,3,3,6,5,13,13
2018-11-09,P1,Moreirense,Portimonense,2,2,0,12,12,4,4,1041.80601742622,941.11613185164,2,1,0,0,3,1,0,0,9,10,13,14,29,28,2,-2,0,0,0,0,0,2,4,4,12,12
2018-11-09,P1,Vitoria Setubal,Feirense,2,2,1,10,6,2,1,968.391360538618,951.064911197897,1,0,0,3,1,0,0,3,7,2,14,9,18,9,1,-1,4,-4,1,-1,1,2,1,2,6,10
2018-11-10,P1,Aves,Rio Ave,2,2,1,19,11,8,5,792.943419239882,1192.1545446944,0,0,1,0,0,3,1,1,6,11,7,21,11,36,1,-1,8,-8,3,-3,1,2,5,8,11,19
2018-11-10,P1,Belenenses,Boavista,1,0,0,12,11,2,3,1008.03981532803,913.945171301073,1,0,0,3,1,0,0,4,6,4,11,8,21,19,0,0,1,-1,-1,1,0,0,3,2,11,12
2018-11-10,P1,Nacional,Maritimo,2,1,0,16,9,3,2,763.74583671183,952.011650643817,0,0,6,2,0,0,6,2,3,1,6,11,10,25,1,-1,7,-7,1,-1,0,1,2,3,9,16
2018-11-10,P1,Porto,Sp Braga,2,1,0,17,10,3,2,1388.58473300504,1278.90835824049,3,0,0,0,3,4,0,1,12,11,21,24,44,38,1,-1,7,-7,1,-1,0,1,2,3,10,17
2018-11-11,P1,Vitoria Guimaraes,Santa Clara,2,2,0,20,7,6,1,1112.96945220264,1058.19273743019,0,2,0,0,3,3,2,0,6,9,13,15,28,28,2,-2,13,-13,5,-5,0,2,1,6,7,20
2018-11-11,P1,Sporting CP,Chaves,2,2,1,17,3,5,1,1207.68811130396,907.38028058051,4,0,0,2,13,0,0,2,9,4,19,7,40,27,1,-1,14,-14,4,-4,1,2,1,5,3,17
2018-11-11,P1,Tondela,Benfica,0,1,3,7,15,4,5,966.264875804842,1216.58346922608,0,0,1,1,0,0,2,2,7,7,12,20,21,36,-2,2,-8,8,-1,1,3,1,5,4,15,7
2018-11-30,P1,Santa Clara,Belenenses,0,2,3,14,10,4,6,1021.19298666668,1003.80952080776,0,0,1,0,0,5,1,4,9,6,14,12,27,21,-1,1,4,-4,-2,2,3,2,6,4,10,14
2018-12-01,P1,Benfica,Feirense,2,4,0,15,3,7,1,1233.37201911764,920.659414548318,0,0,1,4,0,0,1,4,7,1,20,9,38,9,4,-4,12,-12,6,-6,0,4,1,7,3,15
2018-12-01,P1,Maritimo,Vitoria Setubal,0,0,1,12,10,3,4,904.19071866678,998.796857188198,0,0,2,1,0,0,3,1,0,10,10,14,25,20,-1,1,2,-2,-1,1,1,0,4,3,10,12
2018-12-01,P1,Sp Braga,Moreirense,2,2,0,14,15,5,2,1256.687241189,1073.29759363433,1,1,0,0,9,1,0,0,8,12,21,16,35,29,2,-2,-1,1,3,-3,0,2,2,5,15,14
2018-12-02,P1,Aves,Nacional,0,2,3,15,16,5,7,851.101173575116,811.566768688866,1,0,0,0,1,4,0,3,9,5,10,9,14,13,-1,1,-1,1,-2,2,3,2,7,5,16,15
2018-12-02,P1,Boavista,Porto,0,0,1,4,24,2,6,918.175465821348,1410.80585005653,0,1,0,0,2,1,1,0,5,12,9,24,19,46,-1,1,-20,20,-4,4,1,0,6,2,24,4
2018-12-02,P1,Chaves,Vitoria Guimaraes,0,0,1,13,15,8,7,897.732117235755,1149.96920296615,0,0,1,0,0,2,3,1,1,9,7,15,24,28,-1,1,-2,2,1,-1,1,0,7,8,15,13
2018-12-02,P1,Portimonense,Tondela,2,3,2,16,10,6,5,909.624555643528,949.476325913282,0,1,0,0,4,1,1,0,7,4,11,9,28,20,1,-1,6,-6,1,-1,2,3,5,6,10,16
2018-12-03,P1,Rio Ave,Sporting CP,0,1,3,12,20,4,6,1133.99679035917,1217.33627464871,0,1,0,0,8,1,1,0,8,12,18,22,35,40,-2,2,-8,8,-2,2,3,1,6,4,20,12
2018-12-07,P1,Porto,Portimonense,2,4,1,25,8,9,4,1414.35270123417,945.279026456332,4,0,0,1,4,0,0,1,12,10,24,14,49,28,3,-3,17,-17,5,-5,1,4,4,9,8,25
2018-12-08,P1,Belenenses,Chaves,2,1,0,10,12,4,4,1037.4092624922,885.591639035455,0,0,0,3,2,0,1,3,9,0,12,7,21,21,1,-1,-2,2,0,0,0,1,4,4,12,10
2018-12-08,P1,Vitoria Setubal,Benfica,0,0,1,14,12,3,3,1022.29246804245,1251.6697776718,2,1,0,0,2,1,0,0,12,9,14,20,22,40,-1,1,2,-2,0,0,1,0,3,3,12,14
2018-12-08,P1,Tondela,Sp Braga,0,0,1,8,6,3,3,913.821855100478,1279.32976331979,0,0,2,1,0,0,3,2,4,8,9,21,19,38,-1,1,2,-2,0,0,1,0,3,3,6,8
2018-12-09,P1,Vitoria Guimaraes,Rio Ave,2,3,2,12,11,7,3,1162.10968116645,1100.46208266588,1,0,0,1,4,0,0,2,11,5,18,18,30,35,1,-1,1,-1,4,-4,2,3,3,7,11,12
2018-12-09,P1,Moreirense,Santa Clara,0,0,1,11,11,3,3,1050.65507150354,987.59324498224,3,0,0,1,4,0,0,1,9,6,16,14,26,24,-1,1,0,0,0,0,1,0,3,3,11,11
2018-12-09,P1,Nacional,Boavista,1,0,0,26,5,7,1,847.192387295389,914.628614643703,1,0,0,0,1,1,0,5,8,5,12,6,16,19,0,0,21,-21,6,-6,0,0,1,7,5,26
2018-12-09,P1,Sporting CP,Aves,2,4,1,10,15,5,4,1250.870982342,815.475554968594,5,1,0,0,14,1,0,0,12,6,22,10,42,14,3,-3,-5,5,1,-1,1,4,4,5,15,10
2018-12-10,P1,Feirense,Maritimo,1,1,1,10,9,5,4,902.361655994163,880.695107812526,0,0,1,3,0,0,4,3,1,0,6,7,9,24,0,0,1,-1,1,-1,1,1,4,5,9,10
2018-12-14,P1,Portimonense,Vitoria Setubal,2,3,1,18,15,7,7,938.412271359093,1008.80437653436,1,1,0,0,5,1,0,0,7,9,14,14,27,21,2,-2,3,-3,0,0,1,3,7,7,15,18
2018-12-14,P1,Sp Braga,Feirense,2,4,0,16,4,6,1,1286.28691443579,901.365166004302,2,0,0,5,10,0,0,5,10,1,23,4,41,10,4,-4,12,-12,5,-5,0,4,1,6,4,16
2018-12-15,P1,Aves,Vitoria Guimaraes,1,1,1,15,13,5,6,807.250545051991,1188.49057393048,0,1,1,0,0,3,1,0,6,11,9,21,14,32,0,0,2,-2,-1,1,1,1,6,5,13,15
2018-12-15,P1,Boavista,Tondela,2,2,0,18,10,6,3,911.561481931141,906.864703984477,0,0,1,1,0,0,2,1,3,3,7,8,17,16,2,-2,8,-8,3,-3,0,2,3,6,10,18
2018-12-15,P1,Chaves,Moreirense,0,1,2,8,13,1,5,866.747690768693,1012.90981624977,0,0,2,1,0,0,4,1,0,9,4,13,21,26,-1,1,-5,5,-4,4,2,1,5,1,13,8
2018-12-15,P1,Santa Clara,Porto,0,1,2,10,14,3,8,1025.33850023601,1421.21945633141,0,2,2,0,0,2,2,0,6,15,16,24,26,49,-1,1,-4,4,-5,5,2,1,8,3,14,10
2018-12-16,P1,Maritimo,Benfica,0,0,1,6,14,0,5,881.691597802387,1265.15786917989,0,2,3,0,0,2,4,0,1,9,8,20,25,42,-1,1,-8,8,-5,5,1,0,5,0,14,6
2018-12-16,P1,Rio Ave,Belenenses,1,2,2,8,12,1,4,1074.08118990185,1056.25321075896,0,1,1,0,0,6,2,0,4,11,15,15,32,23,0,0,-4,4,-3,3,2,2,4,1,12,8
2018-12-16,P1,Sporting CP,Nacional,2,5,2,20,15,9,5,1259.0959922586,850.25952000795,6,1,0,0,15,5,0,0,15,8,22,13,42,17,3,-3,5,-5,4,-4,2,5,5,9,15,20
2018-12-22,P1,Belenenses,Aves,2,5,2,12,7,8,4,1057.07349971736,820.042961066495,1,0,0,1,3,0,0,1,9,7,15,10,24,14,3,-3,5,-5,4,-4,2,5,4,8,7,12
2018-12-22,P1,Feirense,Portimonense,0,0,1,12,16,2,6,888.678512971741,991.03603251176,0,0,0,2,1,0,5,2,1,7,3,16,10,29,-1,1,-4,4,-4,4,1,0,6,2,16,12
2018-12-22,P1,Moreirense,Boavista,2,2,1,13,12,6,4,1032.18948903819,954.82625064983,0,0,1,0,0,2,1,6,9,6,15,9,28,17,1,-1,1,-1,2,-2,1,2,4,6,12,13
2018-12-22,P1,Vitoria Setubal,Santa Clara,0,0,2,8,10,5,3,956.180615381696,1019.39368177194,0,1,1,0,0,1,1,0,6,3,14,15,21,25,-2,2,-2,2,2,-2,2,0,3,5,10,8
2018-12-22,P1,Tondela,Maritimo,2,2,1,15,10,6,2,863.599935265788,875.350023282978,0,0,3,0,0,1,4,4,3,1,7,5,16,22,1,-1,5,-5,4,-4,1,2,2,6,10,15
2018-12-23,P1,Benfica,Sp Braga,2,6,2,13,11,8,5,1271.4994436993,1298.97356746835,1,1,0,0,1,1,0,0,12,12,22,23,42,43,4,-4,2,-2,3,-3,2,6,5,8,11,13
2018-12-23,P1,Vitoria Guimaraes,Sporting CP,2,1,0,19,17,7,2,1175.69815791598,1268.56178136263,2,2,0,0,5,2,0,0,11,15,19,24,32,42,1,-1,2,-2,5,-5,0,1,2,7,17,19
2018-12-23,P1,Nacional,Chaves,2,2,0,10,11,3,3,840.793730903921,847.468017980276,0,0,0,4,2,0,1,4,8,0,10,4,17,20,2,-2,-1,1,0,0,0,2,3,3,11,10
2018-12-23,P1,Porto,Rio Ave,2,2,1,17,7,4,4,1427.16427479548,1073.26090094345,5,0,0,2,5,0,0,3,15,2,27,15,51,33,1,-1,10,-10,0,0,1,2,4,4,7,17
2019-01-02,P1,Boavista,Vitoria Setubal,2,1,0,12,16,3,7,929.836194594986,920.21563470539,1,0,0,1,1,0,0,1,5,6,9,13,17,21,1,-1,-4,4,-4,4,0,1,7,3,16,12
2019-01-02,P1,Nacional,Vitoria Guimaraes,2,1,0,11,6,3,2,885.493756395578,1216.05319311519,1,0,0,0,3,4,0,1,10,13,13,19,20,35,1,-1,5,-5,1,-1,0,1,2,3,6,11
2019-01-02,P1,Portimonense,Benfica,2,2,0,9,14,5,3,1013.87215887499,1341.09245932677,2,3,0,0,6,3,0,0,9,15,19,22,29,45,2,-2,-5,5,2,-2,0,2,3,5,14,9
2019-01-02,P1,Rio Ave,Moreirense,0,1,2,12,15,3,4,1065.87856938991,1057.17954509303,0,1,0,0,1,1,3,0,1,9,12,18,30,30,-1,1,-3,3,-1,1,2,1,4,3,15,12
2019-01-02,P1,Santa Clara,Tondela,0,1,2,9,12,4,4,1055.35866244825,896.68174595489,0,0,3,2,0,0,3,2,6,3,15,10,25,19,-1,1,-3,3,0,0,2,1,4,4,12,9
2019-01-02,P1,Sp Braga,Maritimo,2,2,0,14,6,5,1,1229.38055184087,842.268212593876,3,0,0,1,11,0,0,5,9,1,20,2,40,22,2,-2,8,-8,4,-4,0,2,1,5,6,14
2019-01-03,P1,Aves,Porto,0,0,1,13,10,2,4,797.84676933814,1434.54660634902,0,3,0,0,1,3,2,0,4,15,10,27,14,51,-1,1,3,-3,-2,2,1,0,4,2,10,13
2019-01-03,P1,Chaves,Feirense,1,0,0,12,6,4,1,802.767992488619,865.842386608512,0,0,3,6,0,0,5,6,0,1,4,3,17,10,0,0,6,-6,3,-3,0,0,1,4,6,12
2019-01-03,P1,Sporting CP,Belenenses,2,2,1,12,11,4,4,1228.20674616341,1079.26969144572,7,0,0,0,16,7,0,1,12,11,21,17,39,27,1,-1,1,-1,0,0,1,2,4,4,11,12
2019-01-05,P1,Maritimo,Portimonense,2,2,1,9,17,4,8,833.739731376775,1090.01141237746,0,1,4,0,0,1,5,0,1,12,1,19,19,29,1,-1,-8,8,-4,4,1,2,8,4,17,9
2019-01-06,P1,Belenenses,Vitoria Guimaraes,2,1,0,5,16,4,2,1060.20452810168,1160.35949089784,2,0,0,1,4,0,0,2,10,10,16,19,26,32,1,-1,-11,11,2,-2,0,1,2,4,16,5
2019-01-06,P1,Benfica,Rio Ave,2,4,2,11,13,6,5,1264.9532058243,1033.07752702506,2,0,0,3,2,0,0,4,12,1,19,9,45,27,2,-2,-2,2,1,-1,2,4,5,6,13,11
2019-01-06,P1,Feirense,Santa Clara,1,2,2,6,11,4,3,862.969198881883,1009.68192440283,0,2,1,0,0,2,6,0,2,6,3,15,11,25,0,0,-5,5,1,-1,2,2,3,4,11,6
2019-01-06,P1,Vitoria Setubal,Chaves,1,0,0,13,12,1,3,889.101494618334,805.641180215248,0,0,2,5,0,0,2,5,3,1,13,2,21,17,0,0,1,-1,-2,2,0,0,3,1,12,13
2019-01-06,P1,Sp Braga,Boavista,2,1,0,9,20,5,3,1237.90903305798,960.950334682042,4,0,0,1,12,0,0,7,12,7,20,12,43,17,1,-1,-11,11,2,-2,0,1,3,5,20,9
2019-01-07,P1,Moreirense,Aves,2,1,0,17,8,9,4,1089.98058745789,796.24922798599,1,0,0,2,1,0,0,2,9,1,21,10,30,14,1,-1,9,-9,5,-5,0,1,4,9,8,17
2019-01-07,P1,Porto,Nacional,2,3,1,13,8,4,3,1436.14414770117,941.187458612925,6,0,0,1,6,0,0,1,15,10,27,15,51,20,2,-2,5,-5,1,-1,1,3,3,4,8,13
2019-01-07,P1,Tondela,Sporting CP,2,2,1,7,22,5,7,942.358484000313,1247.27190950746,1,0,0,1,1,0,0,1,6,12,10,24,21,39,1,-1,-15,15,-2,2,1,2,7,5,22,7
2019-01-10,P1,Portimonense,Sp Braga,1,1,1,11,14,5,6,1037.92505981413,1248.7109169968,3,0,0,1,7,0,0,1,9,12,19,20,29,43,0,0,-3,3,-1,1,1,1,6,5,14,11
2019-01-11,P1,Aves,Feirense,1,1,1,21,7,7,3,786.286756739531,869.350698474475,0,0,1,0,0,1,3,7,1,3,7,4,14,12,0,0,14,-14,4,-4,1,1,3,7,7,21
2019-01-11,P1,Vitoria Guimaraes,Moreirense,2,1,0,9,8,3,0,1119.38217996468,1099.94305870434,3,2,0,0,6,2,0,0,7,12,18,21,29,32,1,-1,1,-1,3,-3,0,1,0,3,8,9
2019-01-11,P1,Santa Clara,Benfica,0,0,2,7,20,5,4,1003.30042481023,1283.23035811022,0,0,4,1,0,0,4,1,7,12,13,21,26,45,-2,2,-13,13,1,-1,2,0,4,5,20,7
2019-01-12,P1,Boavista,Maritimo,0,0,1,23,8,4,3,950.148450743214,885.826083940106,2,0,0,2,2,0,0,6,7,4,12,4,17,19,-1,1,15,-15,1,-1,1,0,3,4,8,23
2019-01-12,P1,Sporting CP,Porto,1,0,0,12,9,3,1,1192.70484801495,1440.94416213317,8,4,0,0,17,4,0,0,9,15,21,27,38,51,0,0,3,-3,2,-2,0,0,1,3,9,12
2019-01-13,P1,Chaves,Tondela,2,2,1,12,14,3,3,809.412408032115,996.925545492815,0,1,0,0,1,1,6,0,2,9,2,13,15,24,1,-1,-2,2,0,0,1,2,3,3,14,12
2019-01-13,P1,Nacional,Belenenses,0,0,1,20,11,4,4,936.387444180921,1101.18183903484,2,0,0,1,4,0,0,2,7,10,15,19,20,29,-1,1,9,-9,0,0,1,0,4,4,11,20
2019-01-13,P1,Rio Ave,Vitoria Setubal,1,1,1,8,14,6,8,1014.80037473914,885.330266801467,0,0,1,2,0,0,4,2,1,1,6,13,27,22,0,0,-6,6,-2,2,1,1,8,6,14,8
2019-01-18,P1,Chaves,Porto,0,1,4,10,15,3,6,857.180905123242,1431.1284055124,1,0,0,0,2,5,0,1,5,13,5,28,15,49,-3,3,-5,5,-3,3,4,1,6,3,15,10
2019-01-18,P1,Vitoria Guimaraes,Benfica,0,0,1,10,11,2,3,1149.59363664798,1297.8256004977,4,1,0,0,7,1,0,0,7,12,18,21,32,47,-1,1,-1,1,-1,1,1,0,3,2,11,10
2019-01-18,P1,Nacional,Sp Braga,0,0,3,4,15,0,6,918.521213041439,1240.0422251841,0,0,1,0,0,1,1,2,6,10,14,20,19,41,-3,3,-11,11,-6,6,3,0,6,0,15,4
2019-01-19,P1,Belenenses,Tondela,1,2,2,13,13,4,3,1119.04807017433,949.157048401687,3,0,0,1,5,0,0,1,10,9,21,12,32,24,0,0,0,0,1,-1,2,2,3,4,13,13
2019-01-19,P1,Santa Clara,Maritimo,0,0,1,13,12,1,4,988.70518242275,923.683623203086,0,1,5,0,0,1,5,0,4,6,10,7,26,19,-1,1,1,-1,-3,3,1,0,4,1,12,13
2019-01-19,P1,Sporting CP,Moreirense,2,2,1,10,7,4,2,1202.52060463573,1069.73160202104,0,0,0,1,18,0,1,1,7,12,22,21,36,29,1,-1,3,-3,2,-2,1,2,2,4,7,10
2019-01-20,P1,Aves,Vitoria Setubal,2,2,1,16,6,4,1,790.040740377361,891.031115324873,0,0,0,0,1,1,4,3,2,2,8,11,12,23,1,-1,10,-10,3,-3,1,2,1,4,6,16
2019-01-20,P1,Boavista,Portimonense,0,0,2,13,12,1,4,912.290911480234,1046.59375162683,0,0,1,1,0,0,1,1,6,10,9,17,17,30,-2,2,1,-1,-3,3,2,0,4,1,12,13
2019-01-20,P1,Rio Ave,Feirense,1,0,0,12,7,2,3,1009.09952621574,865.596714836645,0,0,0,0,1,2,5,8,2,3,6,4,25,13,0,0,5,-5,-1,1,0,0,3,2,7,12
2019-01-28,P1,Feirense,Vitoria Guimaraes,0,1,2,7,16,3,6,871.853451214751,1130.47409817249,0,0,0,2,1,0,7,3,4,6,5,17,14,32,-1,1,-9,9,-3,3,2,1,6,3,16,7
2019-01-28,P1,Maritimo,Rio Ave,0,0,2,12,11,2,6,961.603379705785,1002.84278983763,1,0,0,4,1,0,0,5,9,2,10,4,21,25,-2,2,1,-1,-4,4,2,0,6,2,11,12
2019-01-28,P1,Moreirense,Nacional,2,2,1,15,6,5,3,1049.39926041626,903.71302631296,2,0,0,2,2,0,0,2,9,6,18,14,28,19,1,-1,9,-9,2,-2,1,2,3,5,6,15
2019-01-28,P1,Tondela,Aves,0,0,2,6,14,3,8,956.411624387007,831.08889192471,2,0,0,3,2,0,0,3,10,4,13,11,25,15,-2,2,-8,8,-5,5,2,0,8,3,14,6
2019-01-29,P1,Benfica,Boavista,2,5,1,18,7,9,3,1316.94513897319,884.589835786276,3,0,0,2,3,0,0,8,12,3,24,9,47,17,4,-4,11,-11,6,-6,1,5,3,9,7,18
2019-01-29,P1,Portimonense,Chaves,0,0,1,14,10,4,5,1074.29482732079,853.315990808428,0,0,0,0,8,1,1,6,10,5,17,5,30,12,-1,1,4,-4,-1,1,1,0,5,4,10,14
2019-01-29,P1,Sp Braga,Santa Clara,2,1,0,16,12,2,2,1254.85041191258,950.785425920051,5,0,0,0,13,3,0,1,10,4,22,7,43,23,1,-1,4,-4,0,0,0,1,2,2,12,16
2019-01-30,P1,Porto,Belenenses,2,3,0,17,12,8,2,1434.99331982721,1111.79349418901,7,1,0,0,7,1,0,0,13,10,28,19,49,32,3,-3,5,-5,6,-6,0,3,2,8,12,17
2019-01-30,P1,Vitoria Setubal,Sporting CP,1,1,1,10,23,5,9,849.982963777523,1222.85294624051,0,0,0,2,1,0,3,2,2,7,8,22,23,39,0,0,-13,13,-4,4,1,1,9,5,23,10
2019-02-01,P1,Rio Ave,Tondela,1,2,2,7,13,4,4,1041.51897002567,897.386404035478,0,0,0,0,2,1,6,2,5,7,6,10,27,22,0,0,-6,6,0,0,2,2,4,4,13,7
2019-02-02,P1,Aves,Sp Braga,0,0,2,7,13,0,5,890.114112276239,1264.32269834934,1,1,0,0,2,2,0,0,7,13,11,22,18,46,-2,2,-6,6,-5,5,2,0,5,0,13,7
2019-02-02,P1,Boavista,Feirense,2,2,0,12,7,7,1,874.70225270834,860.070353332467,0,0,2,0,0,3,2,9,3,4,8,5,16,14,2,-2,5,-5,6,-6,0,2,1,7,7,12
2019-02-02,P1,Chaves,Maritimo,2,1,0,11,9,3,2,903.306043466391,922.927199517746,0,2,1,0,0,2,1,0,8,9,8,10,15,21,1,-1,2,-2,1,-1,0,1,2,3,9,11
2019-02-03,P1,Vitoria Guimaraes,Porto,1,0,0,8,22,3,6,1142.25719605477,1449.67826507596,0,1,1,0,0,6,1,0,6,13,19,28,32,49,0,0,-14,14,-3,3,0,0,6,3,22,8
2019-02-03,P1,Nacional,Vitoria Setubal,1,0,0,16,8,1,2,884.396428189179,862.633620748962,0,0,2,1,0,0,2,4,3,3,13,9,19,23,0,0,8,-8,-1,1,0,0,2,1,8,16
2019-02-03,P1,Santa Clara,Portimonense,2,2,1,23,14,11,6,941.31313948329,1024.30477466283,0,1,6,0,0,1,6,0,1,7,7,16,22,30,1,-1,9,-9,5,-5,1,2,6,11,14,23
2019-02-03,P1,Sporting CP,Benfica,0,2,4,17,13,6,7,1210.20228926907,1326.83272205112,1,2,0,0,19,2,0,0,8,12,20,27,39,47,-2,2,4,-4,-1,1,4,2,7,6,13,17
2019-02-04,P1,Belenenses,Moreirense,0,0,1,7,14,3,4,1097.10854894026,1068.71585854004,0,0,0,2,6,0,1,2,7,9,18,18,29,31,-1,1,-7,7,-1,1,1,0,4,3,14,7
2019-02-08,P1,Moreirense,Porto,1,1,1,14,13,2,3,1103.32511610188,1438.33698105071,3,0,0,0,3,7,0,1,9,11,18,26,34,50,0,0,1,-1,-1,1,1,1,3,2,13,14
2019-02-09,P1,Maritimo,Aves,0,0,1,8,14,0,4,889.121943043759,880.996371493519,0,1,1,0,0,1,1,0,9,7,10,8,20,18,-1,1,-6,6,-4,4,1,0,4,0,14,8
2019-02-09,P1,Portimonense,Rio Ave,0,0,1,14,8,4,3,984.803100769448,1035.23768459051,0,1,1,0,0,1,2,0,4,6,16,7,27,25,-1,1,6,-6,1,-1,1,0,3,4,8,14
2019-02-09,P1,Tondela,Vitoria Guimaraes,2,1,0,12,10,5,3,903.667689470639,1153.59848008002,0,1,1,0,0,1,1,0,5,7,11,17,20,32,1,-1,2,-2,2,-2,0,1,3,5,10,12
2019-02-10,P1,Benfica,Nacional,2,10,0,24,5,14,2,1356.49697867461,883.395522567627,4,0,0,3,4,0,0,3,15,1,27,11,47,20,10,-10,19,-19,12,-12,0,10,2,14,5,24
2019-02-10,P1,Boavista,Santa Clara,2,1,0,13,10,1,4,916.713942547466,980.814813376671,1,0,0,1,1,0,0,2,3,4,10,10,19,24,1,-1,3,-3,-3,3,0,1,4,1,10,13
2019-02-10,P1,Feirense,Sporting CP,0,1,3,10,6,5,5,818.058663493341,1180.53803264559,0,0,1,0,0,1,8,3,3,5,5,17,14,39,-2,2,4,-4,0,0,3,1,5,5,6,10
2019-02-10,P1,Sp Braga,Chaves,2,2,1,15,9,6,2,1273.44043913206,937.111299940377,6,1,0,0,14,2,0,0,13,10,25,11,46,18,1,-1,6,-6,4,-4,1,2,2,6,9,15
2019-02-11,P1,Vitoria Setubal,Belenenses,1,0,0,8,9,3,2,863.634526370514,1062.49929137842,0,0,0,1,2,0,4,1,4,7,7,17,21,29,0,0,-1,1,1,-1,0,0,2,3,9,8
2019-02-15,P1,Rio Ave,Santa Clara,0,1,2,15,9,4,4,1062.62484311683,942.976993392634,0,0,0,2,3,0,7,3,9,3,10,10,28,24,-1,1,6,-6,0,0,2,1,4,4,9,15
2019-02-16,P1,Vitoria Guimaraes,Portimonense,2,2,0,14,9,9,1,1101.87010013838,957.415942243129,0,0,0,1,1,0,2,1,7,4,14,13,32,27,2,-2,5,-5,8,-8,0,2,1,9,9,14
2019-02-16,P1,Nacional,Feirense,2,4,0,12,6,6,0,868.985221099908,808.374360333788,0,0,0,1,1,0,3,10,1,2,8,5,20,11,4,-4,6,-6,6,-6,0,4,0,6,6,12
2019-02-16,P1,Porto,Vitoria Setubal,2,2,0,20,3,6,0,1426.39837462521,871.90819262558,8,0,0,0,8,1,0,5,9,4,24,5,48,19,2,-2,17,-17,6,-6,0,2,0,6,3,20
2019-02-17,P1,Belenenses,Maritimo,0,0,1,15,14,1,5,1054.22562512336,856.373686665097,0,0,1,1,0,0,2,1,5,6,15,10,27,17,-1,1,1,-1,-4,4,1,0,5,1,14,15
2019-02-17,P1,Chaves,Boavista,1,1,1,14,13,3,5,929.04213723077,954.551762531503,1,0,0,3,1,0,0,9,9,6,11,13,18,19,0,0,1,-1,-2,2,1,1,5,3,13,14
2019-02-17,P1,Moreirense,Tondela,2,2,0,12,8,5,2,1115.26372252738,955.396069412286,0,0,0,0,4,2,1,3,7,5,19,14,35,23,2,-2,4,-4,3,-3,0,2,2,5,8,12
2019-02-17,P1,Sporting CP,Sp Braga,2,3,0,13,5,7,1,1190.22233580514,1281.50960184167,0,2,1,0,0,3,1,0,8,13,17,25,39,46,3,-3,8,-8,6,-6,0,3,1,7,5,13
2019-02-18,P1,Aves,Benfica,0,0,3,15,12,4,6,913.744627872182,1370.90728014233,0,3,1,0,0,3,1,0,10,15,11,27,21,47,-3,3,3,-3,-2,2,3,0,6,4,12,15
2019-02-22,P1,Sp Braga,Belenenses,0,0,2,17,6,5,4,1212.97091007725,1005.74673632678,7,0,0,0,15,1,0,2,12,2,22,12,45,27,-2,2,11,-11,1,-1,2,0,4,5,6,17
2019-02-22,P1,Tondela,Porto,0,0,3,11,15,2,5,930.405784854648,1429.86063552117,1,0,0,0,1,8,0,2,5,11,14,24,22,48,-3,3,-4,4,-3,3,3,0,5,2,15,11
2019-02-23,P1,Feirense,Moreirense,0,1,3,11,10,4,5,755.011320469363,1140.25400708502,0,1,2,0,0,1,9,0,1,10,4,22,8,35,-2,2,1,-1,-1,1,3,1,5,4,10,11
2019-02-23,P1,Portimonense,Aves,1,1,1,11,7,5,2,930.810289104581,906.423249759197,0,2,2,0,0,2,3,0,3,9,13,11,27,20,0,0,4,-4,3,-3,1,1,2,5,7,11
2019-02-23,P1,Vitoria Setubal,Vitoria Guimaraes,1,1,1,14,21,5,6,868.445931729617,1128.47575327692,0,0,0,1,3,0,5,1,3,7,5,14,19,35,0,0,-7,7,-1,1,1,1,6,5,21,14
2019-02-24,P1,Boavista,Rio Ave,2,1,0,7,16,5,4,953.379107329665,1020.02078285385,2,2,0,0,2,2,0,0,7,8,13,10,20,25,1,-1,-9,9,1,-1,0,1,4,5,16,7
2019-02-24,P1,Santa Clara,Nacional,2,2,0,7,13,3,3,985.58105365561,922.348260964333,1,0,0,4,1,0,0,4,6,4,10,10,26,23,2,-2,-6,6,0,0,0,2,3,3,13,7
2019-02-25,P1,Benfica,Chaves,2,4,0,25,5,11,2,1378.22865825532,930.214792432608,5,0,0,1,5,0,0,1,15,7,27,12,47,16,4,-4,20,-20,9,-9,0,4,2,11,5,25
2019-02-25,P1,Maritimo,Sporting CP,1,0,0,6,17,2,5,904.852575461673,1258.76102756956,0,1,2,0,0,2,2,0,6,10,12,17,20,39,0,0,-11,11,-3,3,0,0,5,2,17,6
2019-03-01,P1,Aves,Boavista,2,2,0,22,3,7,1,907.544473660638,991.442850233796,0,0,2,0,0,1,2,10,7,10,11,13,21,22,2,-2,19,-19,6,-6,0,2,1,7,3,22
2019-03-02,P1,Moreirense,Vitoria Setubal,1,1,1,14,5,2,1,1148.86571225017,878.593275418294,1,0,0,1,5,0,0,6,13,4,22,6,37,20,0,0,9,-9,1,-1,1,1,1,2,5,14
2019-03-02,P1,Nacional,Tondela,2,3,2,19,13,6,4,886.385689717442,924.581961361638,1,0,0,1,2,0,0,4,4,4,10,14,20,21,1,-1,6,-6,2,-2,2,3,4,6,13,19
2019-03-02,P1,Porto,Benfica,0,1,2,21,9,7,4,1435.68445901418,1387.32406997511,9,4,0,0,9,4,0,0,11,15,24,27,51,49,-1,1,12,-12,3,-3,2,1,4,7,9,21
2019-03-03,P1,Belenenses,Feirense,2,4,0,12,13,6,2,1073.04672824653,746.399615304209,0,0,2,2,0,0,3,11,4,0,14,4,29,7,4,-4,-1,1,4,-4,0,4,2,6,13,12
2019-03-03,P1,Chaves,Santa Clara,1,0,0,11,7,2,1,921.119380712812,1021.5436249025,0,1,0,0,2,1,1,0,7,9,12,13,16,28,0,0,4,-4,1,-1,0,0,1,2,7,11
2019-03-03,P1,Rio Ave,Sp Braga,0,1,2,8,14,2,3,981.957039949721,1145.6709181575,0,0,1,1,0,0,8,1,7,9,9,19,24,42,-1,1,-6,6,-1,1,2,1,3,2,14,8
2019-03-03,P1,Sporting CP,Portimonense,2,3,1,15,15,5,7,1246.45209789083,929.68906520314,1,0,0,2,1,0,0,2,8,1,15,11,39,27,2,-2,0,0,-2,2,1,3,7,5,15,15
2019-03-04,P1,Vitoria Guimaraes,Maritimo,2,1,0,18,15,7,4,1118.32840958825,917.161505140402,1,1,0,0,2,1,0,0,8,4,14,13,33,18,1,-1,3,-3,3,-3,0,1,4,7,15,18
2019-03-08,P1,Chaves,Rio Ave,1,1,1,20,7,5,1,925.619458571644,964.010593987051,0,0,0,1,3,0,2,1,5,4,13,9,17,21,0,0,13,-13,4,-4,1,1,1,5,7,20
2019-03-09,P1,Boavista,Sporting CP,0,1,2,7,22,2,4,937.1957053845,1258.6464681753,3,0,0,0,3,3,0,1,10,10,13,18,22,39,-1,1,-15,15,-2,2,2,1,4,2,22,7
2019-03-09,P1,Maritimo,Moreirense,2,3,2,12,15,4,5,901.863642418332,1138.44165609715,0,2,0,0,1,2,3,0,4,11,13,20,15,38,1,-1,-3,3,-1,1,2,3,5,4,15,12
2019-03-09,P1,Sp Braga,Vitoria Guimaraes,2,1,0,10,11,6,3,1163.61736412017,1133.62627231032,0,0,1,0,0,1,1,2,9,8,22,14,42,33,1,-1,-1,1,3,-3,0,1,3,6,11,10
2019-03-10,P1,Feirense,Porto,0,1,2,5,17,1,5,729.325592717352,1399.25884710016,0,1,3,0,0,9,10,0,0,8,4,21,7,48,-1,1,-12,12,-4,4,2,1,5,1,17,5
2019-03-10,P1,Portimonense,Nacional,2,5,1,20,12,12,5,917.49469491867,921.889591305262,0,0,0,5,1,0,4,5,1,7,8,10,27,23,4,-4,8,-8,7,-7,1,5,5,12,12,20
2019-03-10,P1,Santa Clara,Aves,1,0,0,10,9,2,2,1017.04354704367,961.791618509935,2,0,0,0,2,3,0,1,10,7,11,14,26,24,0,0,1,-1,0,0,0,0,2,2,9,10
2019-03-10,P1,Vitoria Setubal,Tondela,1,0,0,11,5,2,0,889.01733157132,889.078059773817,0,0,0,2,4,0,6,5,4,4,7,11,20,21,0,0,6,-6,2,-2,0,0,0,2,5,11
2019-03-11,P1,Benfica,Belenenses,1,2,2,22,8,2,3,1423.74968188913,1090.12075083339,6,1,0,0,6,2,0,0,15,7,27,14,49,31,0,0,14,-14,-1,1,2,2,3,2,8,22
2019-03-15,P1,Sporting CP,Santa Clara,2,1,0,16,6,7,2,1267.33918303214,1014.52033646848,2,0,0,0,2,2,0,1,13,8,18,12,42,27,1,-1,10,-10,5,-5,0,1,2,7,6,16
2019-03-16,P1,Belenenses,Portimonense,1,2,2,10,17,4,6,1102.03104487469,982.813513192016,1,0,0,3,1,0,0,3,8,4,15,8,31,27,0,0,-7,7,-2,2,2,2,6,4,17,10
2019-03-16,P1,Vitoria Guimaraes,Boavista,2,3,1,16,10,10,3,1104.38171341032,928.502990527655,2,0,0,1,3,0,0,11,7,7,14,10,33,22,2,-2,6,-6,7,-7,1,3,3,10,10,16
2019-03-16,P1,Porto,Maritimo,2,3,0,31,0,8,0,1400.58398253739,952.811521819514,0,0,1,1,0,0,1,1,10,7,21,16,48,17,3,-3,31,-31,8,-8,0,3,0,8,0,31
2019-03-16,P1,Vitoria Setubal,Sp Braga,0,0,1,15,13,8,6,889.020128208367,1192.86192302017,0,1,0,0,5,1,7,0,4,9,8,22,21,42,-1,1,2,-2,2,-2,1,0,6,8,13,15
2019-03-17,P1,Aves,Chaves,0,0,1,26,7,5,2,964.314829085125,927.380275036294,1,0,0,2,1,0,0,2,8,3,15,13,25,15,-1,1,19,-19,3,-3,1,0,2,5,7,26
2019-03-17,P1,Moreirense,Benfica,0,0,4,11,9,3,4,1087.49377669596,1411.83938784782,0,5,0,0,6,5,1,0,8,13,17,28,38,47,-4,4,2,-2,-1,1,4,0,4,3,9,11
2019-03-17,P1,Nacional,Rio Ave,0,0,1,19,4,5,2,856.570773031916,962.249777522401,2,0,0,0,3,1,0,2,6,4,7,10,22,19,-1,1,15,-15,3,-3,1,0,2,5,4,19
2019-03-17,P1,Tondela,Feirense,1,1,1,12,12,3,4,889.07526313677,728.000457280124,0,0,1,3,0,0,1,12,4,0,9,3,19,6,0,0,0,0,-1,1,1,1,4,3,12,12
2019-03-29,P1,Portimonense,Moreirense,0,0,2,23,13,8,5,988.097895315178,1070.22252945206,1,0,0,1,2,0,0,1,5,7,9,14,28,35,-2,2,10,-10,3,-3,2,0,5,8,13,23
2019-03-30,P1,Benfica,Tondela,2,1,0,15,12,4,4,1429.11063509173,882.146905681974,0,0,0,0,7,1,1,6,13,2,28,7,49,20,1,-1,3,-3,0,0,0,1,4,4,12,15
2019-03-30,P1,Chaves,Sporting CP,0,1,3,8,19,2,7,962.769316261447,1279.44675084277,0,1,0,0,4,4,3,0,6,13,15,21,17,42,-2,2,-11,11,-5,5,3,1,7,2,19,8
2019-03-30,P1,Santa Clara,Vitoria Guimaraes,2,1,0,9,11,4,2,1002.41276865785,1127.75806455838,0,0,0,1,3,0,1,3,8,10,11,17,24,35,1,-1,-2,2,2,-2,0,1,2,4,11,9
2019-03-30,P1,Sp Braga,Porto,0,2,3,9,14,3,6,1202.34458286,1408.28329695085,1,2,0,0,1,10,0,0,9,12,22,21,42,48,-1,1,-5,5,-3,3,3,2,6,3,14,9
2019-03-31,P1,Boavista,Belenenses,2,2,0,14,6,4,3,905.126639379593,1096.74666275153,0,0,1,0,0,3,1,1,4,8,10,13,22,32,2,-2,8,-8,1,-1,0,2,3,4,6,14
2019-03-31,P1,Maritimo,Nacional,2,3,2,11,20,5,6,945.112207406048,834.014703483561,1,0,0,6,2,0,0,6,7,6,13,7,17,22,1,-1,-9,9,-1,1,2,3,6,5,20,11
2019-03-31,P1,Rio Ave,Aves,0,0,2,20,17,3,5,984.805847070757,928.925787859971,0,0,2,0,0,4,9,2,4,5,13,15,19,22,-2,2,3,-3,-2,2,2,0,5,3,17,20
2019-04-01,P1,Feirense,Vitoria Setubal,0,0,1,16,9,3,3,734.928814734919,879.537468368535,0,0,4,0,0,1,11,7,1,3,3,7,7,20,-1,1,7,-7,0,0,1,0,3,3,9,16
2019-04-05,P1,Porto,Boavista,2,2,0,17,5,7,1,1423.26368553759,970.986028527566,1,0,0,2,1,0,0,12,12,6,23,13,51,22,2,-2,12,-12,6,-6,0,2,1,7,5,17
2019-04-06,P1,Belenenses,Santa Clara,1,1,1,8,15,2,1,1030.88727360356,1045.48139337945,0,0,0,1,2,0,1,2,8,8,10,14,31,24,0,0,-7,7,1,-1,1,1,1,2,15,8
2019-04-06,P1,Vitoria Guimaraes,Chaves,2,4,0,13,18,6,6,1084.68943983678,950.569771715139,3,1,0,0,4,1,0,0,7,5,14,12,32,17,4,-4,-5,5,0,0,0,4,6,6,18,13
2019-04-06,P1,Moreirense,Sp Braga,2,1,0,8,6,2,2,1103.90221342118,1187.36419427326,0,2,1,0,0,2,2,0,7,9,17,21,38,41,1,-1,2,-2,0,0,0,1,2,2,6,8
2019-04-06,P1,Nacional,Aves,1,0,0,14,9,5,2,811.912105178908,979.777077625793,0,1,1,0,0,5,1,0,3,8,7,17,21,25,0,0,5,-5,3,-3,0,0,2,5,9,14
2019-04-07,P1,Feirense,Benfica,0,1,4,6,18,1,7,715.528456908727,1431.74406943733,0,6,5,0,0,6,12,0,1,13,2,28,6,49,-3,3,-12,12,-6,6,4,1,7,1,18,6
2019-04-07,P1,Vitoria Setubal,Maritimo,2,1,0,13,5,4,2,898.937826194727,967.214805710701,0,0,1,2,0,0,8,2,6,7,9,13,20,20,1,-1,8,-8,2,-2,0,1,2,4,5,13
2019-04-07,P1,Sporting CP,Rio Ave,2,3,0,12,8,5,3,1291.64629538908,933.954557304934,3,1,0,0,3,2,0,0,13,4,23,12,45,18,3,-3,4,-4,2,-2,0,3,3,5,8,12
2019-04-08,P1,Tondela,Portimonense,2,3,2,27,12,8,5,879.513471336377,954.418211346059,0,0,0,0,1,1,2,4,2,5,7,8,19,25,1,-1,15,-15,3,-3,2,3,5,8,12,27
2019-04-12,P1,Chaves,Belenenses,1,2,2,13,22,3,4,909.799435104829,1031.55896265088,0,0,1,1,0,0,4,2,5,6,12,10,17,29,0,0,-9,9,-1,1,2,2,4,3,22,13
2019-04-13,P1,Aves,Sporting CP,0,1,3,21,13,5,8,972.596818937482,1303.98594528371,0,2,1,0,0,5,1,0,8,15,15,23,26,45,-2,2,8,-8,-3,3,3,1,8,5,13,21
2019-04-13,P1,Portimonense,Porto,0,0,3,9,11,1,5,915.624168408568,1429.30834033595,0,3,1,0,0,11,1,0,4,12,5,23,22,51,-3,3,-2,2,-4,4,3,0,5,1,11,9
2019-04-13,P1,Santa Clara,Moreirense,1,1,1,11,16,6,5,1044.80970433213,1143.44481401343,1,1,0,0,4,1,0,0,6,7,15,20,22,38,0,0,-5,5,1,-1,1,1,5,6,16,11
2019-04-14,P1,Benfica,Vitoria Setubal,2,4,2,20,15,8,4,1433.48251395839,937.146647458434,1,1,0,0,8,2,0,0,13,8,28,12,52,20,2,-2,5,-5,4,-4,2,4,4,8,15,20
2019-04-14,P1,Boavista,Nacional,2,1,0,15,14,6,0,964.941373729208,819.092363867219,1,0,0,7,1,0,0,7,3,4,13,8,22,22,1,-1,1,-1,6,-6,0,1,0,6,14,15
2019-04-14,P1,Maritimo,Feirense,2,2,0,8,5,2,2,929.005984446994,713.790012387659,2,0,0,0,3,1,0,13,6,1,10,1,20,6,2,-2,3,-3,0,0,0,2,2,2,5,8
2019-04-14,P1,Rio Ave,Vitoria Guimaraes,2,2,1,8,13,7,7,921.614907410303,1125.45977644709,0,0,3,2,0,0,10,4,4,9,11,17,15,34,1,-1,-5,5,0,0,1,2,7,7,13,8
2019-04-14,P1,Sp Braga,Tondela,2,3,0,20,9,8,0,1147.82159368101,918.307514273868,0,0,1,1,0,0,1,7,9,5,18,9,40,22,3,-3,11,-11,8,-8,0,3,0,8,9,20
2019-04-19,P1,Vitoria Guimaraes,Aves,0,0,2,18,14,4,6,1076.57890520185,961.259849358643,4,0,0,0,5,6,0,1,6,5,14,12,33,23,-2,2,4,-4,-2,2,2,0,6,4,14,18
2019-04-19,P1,Nacional,Sporting CP,0,0,1,3,23,1,10,799.788400348036,1315.32291486255,0,3,0,0,1,6,2,0,1,15,8,25,21,45,-1,1,-20,20,-9,9,1,0,10,1,23,3
2019-04-19,P1,Vitoria Setubal,Portimonense,1,1,1,10,11,2,5,932.382528753038,910.235734125333,1,0,0,1,1,0,0,5,7,4,11,5,20,21,0,0,-1,1,-3,3,1,1,5,2,11,10
2019-04-19,P1,Tondela,Boavista,2,1,0,19,16,4,4,895.336570439714,984.24533724839,1,0,0,3,2,0,0,13,5,6,9,16,19,24,1,-1,3,-3,0,0,0,1,4,4,16,19
2019-04-20,P1,Belenenses,Rio Ave,0,1,3,16,16,3,7,1026.17053991151,970.495778655537,0,0,0,1,3,0,2,1,4,7,11,11,29,17,-2,2,0,0,-4,4,3,1,7,3,16,16
2019-04-20,P1,Feirense,Sp Braga,0,0,2,8,21,4,5,694.086492958712,1170.79253751516,0,0,6,1,0,0,13,1,1,9,1,18,6,40,-2,2,-13,13,-1,1,2,0,5,4,21,8
2019-04-20,P1,Moreirense,Chaves,0,0,1,18,7,4,2,1139.02072060683,915.187857844198,1,0,0,1,1,0,0,1,7,5,18,10,36,18,-1,1,11,-11,2,-2,1,0,2,4,7,18
2019-04-20,P1,Porto,Santa Clara,2,1,0,14,6,5,2,1434.69677461919,1049.23379773873,2,0,0,0,2,1,0,3,15,6,23,16,51,23,1,-1,8,-8,3,-3,0,1,2,5,6,14
2019-04-22,P1,Benfica,Maritimo,2,6,0,25,1,11,0,1438.24663266379,948.709503875941,2,0,0,3,9,0,0,3,13,9,28,13,55,23,6,-6,24,-24,11,-11,0,6,0,11,1,25
2019-04-26,P1,Rio Ave,Porto,1,2,2,10,10,4,4,1021.32180978188,1440.97298369811,1,4,0,0,1,12,0,0,9,15,13,25,20,51,0,0,0,0,0,0,2,2,4,4,10,10
2019-04-27,P1,Aves,Belenenses,2,3,0,14,10,8,3,1019.16244721195,975.344508785172,0,0,2,0,0,1,2,3,7,3,15,11,23,28,3,-3,4,-4,5,-5,0,3,3,8,10,14
2019-04-27,P1,Portimonense,Feirense,2,1,0,18,5,6,3,911.254252585061,688.786876770824,0,0,2,1,0,0,2,14,2,1,6,1,22,6,1,-1,13,-13,3,-3,0,1,3,6,5,18
2019-04-27,P1,Santa Clara,Vitoria Setubal,1,0,0,10,9,4,2,1042.95758865981,931.364010293311,0,0,0,1,5,0,1,1,5,7,13,11,23,18,0,0,1,-1,2,-2,0,0,2,4,9,10
2019-04-27,P1,Sporting CP,Vitoria Guimaraes,2,2,0,24,10,7,1,1318.45307031473,1018.67630734855,4,0,0,3,4,0,0,5,15,6,28,13,45,30,2,-2,14,-14,6,-6,0,2,1,7,10,24
2019-04-28,P1,Boavista,Moreirense,2,3,1,8,7,4,4,944.230723345091,1088.85171327359,2,0,0,0,2,2,0,1,6,7,13,15,23,33,2,-2,1,-1,0,0,1,3,4,4,7,8
2019-04-28,P1,Chaves,Nacional,2,4,1,12,17,4,4,965.356865177438,796.65824489586,0,0,0,8,1,0,5,8,7,1,10,7,21,18,3,-3,-5,5,0,0,1,4,4,4,17,12
2019-04-28,P1,Maritimo,Tondela,2,2,0,8,9,2,3,939.344043663176,935.351184343013,3,0,0,2,4,0,0,8,6,7,13,11,23,22,2,-2,-1,1,-1,1,0,2,3,2,9,8
2019-04-28,P1,Sp Braga,Benfica,0,1,4,12,17,3,9,1176.09215370305,1447.61209287656,1,7,0,0,1,7,0,0,9,15,18,28,43,55,-3,3,-5,5,-6,6,4,1,9,3,17,12
2019-05-03,P1,Moreirense,Rio Ave,0,1,2,14,6,6,2,1027.72433276738,1034.69835942475,0,1,1,0,0,1,1,0,7,7,14,11,33,21,-1,1,8,-8,4,-4,2,1,2,6,6,14
2019-05-04,P1,Benfica,Portimonense,2,5,1,19,11,12,5,1466.50373380095,925.170657489596,3,0,0,0,10,1,0,6,15,4,28,9,55,22,4,-4,8,-8,7,-7,1,5,5,12,11,19
2019-05-04,P1,Feirense,Chaves,1,4,4,12,13,6,7,674.870471866289,995.312143990169,0,1,7,0,0,1,14,0,0,7,1,13,6,24,0,0,-1,1,-1,1,4,4,7,6,13,12
2019-05-04,P1,Maritimo,Sp Braga,2,1,0,6,20,3,5,982.697655774809,1157.20051277865,4,1,0,0,5,1,0,0,9,6,16,15,26,40,1,-1,-14,14,-2,2,0,1,5,3,20,6
2019-05-04,P1,Porto,Aves,2,4,0,19,7,11,1,1427.59643405523,1066.85285061529,3,1,0,0,3,7,0,0,13,10,25,15,49,26,4,-4,12,-12,10,-10,0,4,1,11,7,19
2019-05-05,P1,Belenenses,Sporting CP,0,1,8,9,21,3,10,927.654105381827,1331.71073314542,0,4,1,0,0,7,3,0,2,15,10,28,25,45,-7,7,-12,12,-7,7,8,1,10,3,21,9
2019-05-05,P1,Vitoria Guimaraes,Nacional,1,2,2,10,12,5,5,1005.41864451786,766.702966083128,0,0,1,9,0,0,1,9,3,1,13,7,27,15,0,0,-2,2,0,0,2,2,5,5,12,10
2019-05-05,P1,Tondela,Santa Clara,0,1,3,15,10,7,4,891.997572231379,1037.98823729367,2,0,0,1,3,0,0,4,6,6,8,14,22,24,-2,2,5,-5,3,-3,3,1,4,7,10,15
2019-05-06,P1,Vitoria Setubal,Boavista,0,0,3,11,12,2,5,936.333361659455,1005.35810385129,0,0,0,4,2,0,1,14,8,9,11,13,16,26,-3,3,-1,1,-3,3,3,0,5,2,12,11
2019-05-10,P1,Aves,Moreirense,0,0,1,12,7,4,3,1052.48271043422,996.366578104688,1,0,0,1,1,0,0,2,7,4,15,11,26,33,-1,1,5,-5,1,-1,1,0,3,4,7,12
2019-05-11,P1,Boavista,Sp Braga,2,4,2,14,25,6,9,1049.19627074324,1110.35595741397,3,0,0,1,3,0,0,1,9,6,15,15,28,37,2,-2,-11,11,-3,3,2,4,9,6,25,14
2019-05-11,P1,Portimonense,Maritimo,2,3,2,16,6,5,3,919.694949426479,1029.5422111395,1,0,0,4,1,0,0,4,4,9,9,16,22,28,1,-1,10,-10,2,-2,2,3,3,5,6,16
2019-05-11,P1,Santa Clara,Feirense,1,4,4,11,9,5,6,1064.4302310832,686.502250309998,0,0,0,2,6,0,2,15,6,1,14,2,24,6,0,0,2,-2,-1,1,4,4,6,5,9,11
2019-05-11,P1,Sporting CP,Tondela,1,1,1,17,15,6,4,1348.06713144655,865.555578441842,5,0,0,3,5,0,0,9,15,6,28,8,45,22,0,0,2,-2,2,-2,1,1,4,6,15,17
2019-05-12,P1,Chaves,Vitoria Setubal,0,1,2,9,8,2,4,983.68036554646,892.495194767511,1,0,0,0,2,1,0,2,8,5,13,11,25,16,-1,1,1,-1,-2,2,2,1,4,2,8,9
2019-05-12,P1,Vitoria Guimaraes,Belenenses,2,5,1,14,8,8,2,995.881009466475,911.297707080692,0,0,0,1,1,0,2,4,4,2,11,10,25,22,4,-4,6,-6,6,-6,1,5,2,8,8,14
2019-05-12,P1,Nacional,Porto,0,0,4,11,17,3,6,776.240601134515,1441.96657423631,0,0,1,0,0,13,3,1,2,13,5,25,15,49,-4,4,-6,6,-3,3,4,0,6,3,17,11
2019-05-12,P1,Rio Ave,Benfica,0,2,3,12,13,6,6,1066.05611408745,1471.97944186407,0,8,0,0,2,8,1,0,10,15,14,28,24,55,-1,1,-1,1,0,0,3,2,6,6,13,12
2019-05-16,P1,Belenenses,Nacional,2,3,0,9,18,5,4,862.194984162648,773.50541080775,0,0,2,0,0,1,4,10,1,1,7,5,21,15,3,-3,-9,9,1,-1,0,3,4,5,18,9
2019-05-17,P1,Sp Braga,Portimonense,2,2,0,13,7,7,1,1058.8567746571,961.488099682508,0,0,1,1,0,0,1,7,6,7,15,11,34,22,2,-2,6,-6,6,-6,0,2,1,7,7,13
2019-05-18,P1,Benfica,Santa Clara,2,4,1,21,17,8,3,1477.61977179233,1051.69326078628,4,1,0,0,11,1,0,0,15,6,28,12,55,25,3,-3,4,-4,5,-5,1,4,3,8,17,21
2019-05-18,P1,Feirense,Aves,2,2,1,17,15,8,4,699.23922060692,1015.35870328209,0,0,0,1,1,0,15,1,2,6,3,14,7,25,1,-1,2,-2,4,-4,1,2,4,8,15,17
2019-05-18,P1,Maritimo,Boavista,0,0,1,17,9,5,3,987.749060883468,1100.6954535001,5,1,0,0,6,1,0,0,9,12,15,15,28,28,-1,1,8,-8,2,-2,1,0,3,5,9,17
2019-05-18,P1,Porto,Sporting CP,2,2,1,29,2,8,1,1444.70176456307,1333.94069683389,4,5,0,0,4,8,0,0,13,13,25,28,49,43,1,-1,27,-27,7,-7,1,2,1,8,2,29
2019-05-18,P1,Vitoria Setubal,Rio Ave,0,1,3,9,15,4,7,932.705996520142,1060.41578415919,0,2,1,0,0,2,2,0,5,10,13,14,19,23,-2,2,-6,6,-3,3,3,1,7,4,15,9
2019-05-19,P1,Moreirense,Vitoria Guimaraes,0,1,3,16,14,6,6,1033.49058525682,1044.98373238452,0,0,2,4,0,0,2,6,4,4,11,13,33,27,-2,2,2,-2,0,0,3,1,6,6,14,16
2019-05-19,P1,Tondela,Chaves,2,5,2,13,18,7,5,879.682013054507,943.469563793829,0,0,1,0,0,2,1,1,4,8,9,13,23,25,3,-3,-5,5,2,-2,2,5,5,7,18,13
2023-08-11,E0,Burnley,Manchester City,0,0,3,6,17,1,8,1000,1000,0,0,0,0,0,0,0,0,0,0,0,0,0,0,-3,3,-11,11,-7,7,3,0,8,1,17,6
2023-08-12,E0,Arsenal,Nott'm Forest,2,2,1,15,6,7,2,1000,1000,0,0,0,0,0,0,0,0,0,0,0,0,0,0,1,-1,9,-9,5,-5,1,2,2,7,6,15
2023-08-12,E0,Bournemouth,West Ham,1,1,1,14,16,5,3,1000,1000,0,0,0,0,0,0,0,0,0,0,0,0,0,0,0,0,-2,2,2,-2,1,1,3,5,16,14
2023-08-12,E0,Brighton,Luton,2,4,1,27,9,12,3,1000,1000,0,0,0,0,0,0,0,0,0,0,0,0,0,0,3,-3,18,-18,9,-9,1,4,3,12,9,27
2023-08-12,E0,Everton,Fulham,0,0,1,19,9,9,2,1000,1000,0,0,0,0,0,0,0,0,0,0,0,0,0,0,-1,1,10,-10,7,-7,1,0,2,9,9,19
2023-08-12,E0,Sheffield United,Crystal Palace,0,0,1,8,24,1,8,1000,1000,0,0,0,0,0,0,0,0,0,0,0,0,0,0,-1,1,-16,16,-7,7,1,0,8,1,24,8
2023-08-12,E0,Newcastle,Aston Villa,2,5,1,17,16,13,6,1000,1000,0,0,0,0,0,0,0,0,0,0,0,0,0,0,4,-4,1,-1,7,-7,1,5,6,13,16,17
2023-08-13,E0,Brentford,Tottenham,1,2,2,11,18,6,6,1000,1000,0,0,0,0,0,0,0,0,0,0,0,0,0,0,0,0,-7,7,0,0,2,2,6,6,18,11
2023-08-13,E0,Chelsea,Liverpool,1,1,1,10,13,4,1,1000,1000,0,0,0,0,0,0,0,0,0,0,0,0,0,0,0,0,-3,3,3,-3,1,1,1,4,13,10
2023-08-14,E0,Manchester Utd,Wolves,2,1,0,15,23,3,6,1000,1000,0,0,0,0,0,0,0,0,0,0,0,0,0,0,1,-1,-8,8,-3,3,0,1,6,3,23,15
2023-08-18,E0,Nott'm Forest,Sheffield United,2,2,1,16,7,4,3,968,968,0,0,0,0,0,0,0,0,0,0,0,0,0,0,1,-1,9,-9,1,-1,1,2,3,4,7,16
2023-08-19,E0,Fulham,Brentford,0,0,3,10,17,2,8,1032,1000,0,0,0,0,0,0,0,0,3,1,3,1,3,1,-3,3,-7,7,-6,6,3,0,8,2,17,10
2023-08-19,E0,Liverpool,Bournemouth,2,3,1,26,13,10,5,1000,1000,0,0,0,0,0,0,0,0,1,1,1,1,1,1,2,-2,13,-13,5,-5,1,3,5,10,13,26
2023-08-19,E0,Wolves,Brighton,0,1,4,16,16,5,8,968,1054.53159496449,0,0,0,0,0,0,0,0,0,3,0,3,0,3,-3,3,0,0,-3,3,4,1,8,5,16,16
2023-08-19,E0,Tottenham,Manchester Utd,2,2,0,17,22,6,6,1000,1032,0,0,0,0,0,0,0,0,1,3,1,3,1,3,2,-2,-5,5,0,0,0,2,6,6,22,17
2023-08-19,E0,Manchester City,Newcastle,2,1,0,14,7,4,1,1054.53159496449,1064.50293012833,0,0,0,0,0,0,0,0,3,3,3,3,3,3,1,-1,7,-7,3,-3,0,1,1,4,7,14
2023-08-20,E0,Aston Villa,Everton,2,4,0,13,9,7,2,935.497069871667,968,0,0,0,0,0,0,0,0,0,0,0,0,0,0,4,-4,4,-4,5,-5,0,4,2,7,9,13
2023-08-20,E0,West Ham,Chelsea,2,3,1,12,17,6,4,1000,1000,0,0,0,0,0,0,0,0,1,1,1,1,1,1,2,-2,-5,5,2,-2,1,3,4,6,17,12
2023-08-21,E0,Crystal Palace,Arsenal,0,0,1,14,14,2,3,1032,1032,0,0,0,0,0,0,0,0,3,3,3,3,3,3,-1,1,0,0,-1,1,1,0,3,2,14,14
2023-08-25,E0,Chelsea,Luton,2,3,0,19,11,8,1,956.142381974524,945.468405035509,0,0,0,1,1,0,1,1,1,0,1,0,1,0,3,-3,8,-8,7,-7,0,3,1,8,11,19
2023-08-26,E0,Bournemouth,Tottenham,0,0,2,11,17,3,6,956.142381974524,1047.88567032208,0,0,0,0,1,1,1,1,1,4,1,4,1,4,-2,2,-6,6,-3,3,2,0,6,3,17,11
2023-08-26,E0,Arsenal,Fulham,1,2,2,19,8,11,3,1064,972.460013649397,1,1,0,0,1,1,0,0,6,3,6,3,6,3,0,0,11,-11,8,-8,2,2,3,11,8,19
2023-08-26,E0,Brentford,Crystal Palace,1,1,1,12,15,1,5,1059.5399863506,1000,0,1,0,0,1,1,1,0,4,3,4,3,4,3,0,0,-3,3,-4,4,1,1,5,1,15,12
2023-08-26,E0,Everton,Wolves,0,0,1,15,11,7,2,897.480301534218,926.775909281356,0,0,1,1,0,0,1,1,0,0,0,0,0,0,-1,1,4,-4,5,-5,1,0,2,7,11,15
2023-08-26,E0,Manchester Utd,Nott'm Forest,2,3,2,18,9,9,4,984.11432967792,1000,1,0,0,1,1,0,0,1,3,3,3,3,3,3,1,-1,9,-9,5,-5,2,3,4,9,9,18
2023-08-26,E0,Brighton,West Ham,0,1,3,25,12,10,3,1095.75568568313,1043.85761802548,1,0,0,0,1,1,0,1,6,4,6,4,6,4,-2,2,13,-13,7,-7,3,1,3,10,12,25
2023-08-27,E0,Burnley,Aston Villa,0,1,3,9,16,2,6,945.468405035509,1006.01676833745,0,0,1,1,0,0,1,1,0,3,0,3,0,3,-2,2,-7,7,-4,4,3,1,6,2,16,9
2023-08-27,E0,Sheffield United,Manchester City,0,1,2,6,30,2,9,936,1087.44973680181,0,1,1,0,0,1,1,0,0,6,0,6,0,6,-1,1,-24,24,-7,7,2,1,9,2,30,6
2023-08-27,E0,Newcastle,Liverpool,0,1,2,23,9,8,4,1031.58478829101,1043.85761802548,1,0,0,0,1,1,0,1,3,4,3,4,3,4,-1,1,14,-14,4,-4,2,1,4,8,9,23
2023-09-01,E0,Luton,West Ham,0,1,2,16,9,1,3,892.611612398285,1094.21815791973,0,1,0,0,0,2,0,0,0,7,0,7,0,7,-1,1,7,-7,-2,2,2,1,3,1,9,16
2023-09-02,E0,Sheffield United,Everton,1,2,2,13,16,8,6,917.127883049003,868.172150255548,0,0,2,1,0,0,2,1,0,0,0,0,0,0,0,0,-3,3,2,-2,2,2,6,8,16,13
2023-09-02,E0,Brentford,Bournemouth,1,2,2,21,12,7,5,1056.82459825535,923.603869854292,0,0,0,1,2,0,2,1,5,1,5,1,5,1,0,0,9,-9,2,-2,2,2,5,7,12,21
2023-09-02,E0,Burnley,Tottenham,0,2,5,16,20,4,10,909.17750277088,1080.42418244231,0,1,2,0,0,2,2,0,0,7,0,7,0,7,-3,3,-4,4,-6,6,5,2,10,4,20,16
2023-09-02,E0,Chelsea,Nott'm Forest,0,0,1,21,7,2,3,1008.99917461175,966.537894423804,1,0,0,2,2,0,0,2,4,3,4,3,4,3,-1,1,14,-14,-1,1,1,0,3,2,7,21
2023-09-02,E0,Manchester City,Fulham,2,5,1,7,6,5,4,1106.32185375281,976.580674612355,1,0,0,0,1,2,0,1,9,4,9,4,9,4,4,-4,1,-1,1,-1,1,5,4,5,6,7
2023-09-02,E0,Brighton,Newcastle,2,3,1,15,9,6,2,1045.39514578888,1000.71468776356,0,0,1,1,0,0,1,1,6,3,6,3,6,3,2,-2,6,-6,4,-4,1,3,2,6,9,15
2023-09-03,E0,Crystal Palace,Wolves,2,3,2,16,12,11,4,1002.71538809525,956.084060560027,0,1,1,0,0,1,1,0,4,3,4,3,4,3,1,-1,4,-4,7,-7,2,3,4,11,12,16
2023-09-03,E0,Liverpool,Aston Villa,2,3,0,17,9,4,3,1074.72771855292,1042.30767060208,1,1,0,0,1,1,0,0,7,6,7,6,7,6,3,-3,8,-8,1,-1,0,3,3,4,9,17
2023-09-03,E0,Arsenal,Manchester Utd,2,3,1,17,10,5,2,1059.87933903704,1017.57643525412,0,0,0,1,2,0,1,1,7,6,7,6,7,6,2,-2,7,-7,3,-3,1,3,2,5,10,17
2023-09-16,E0,Wolves,Liverpool,0,1,3,11,16,2,6,928.353359749731,1124.18555711093,0,1,1,0,0,2,1,0,3,10,3,10,3,10,-2,2,-5,5,-4,4,3,1,6,2,16,11
2023-09-16,E0,Aston Villa,Crystal Palace,2,3,1,16,6,5,3,992.849832044071,1030.44608890555,1,0,0,0,1,2,0,1,6,7,6,7,6,7,2,-2,10,-10,2,-2,1,3,3,5,6,16
2023-09-16,E0,Fulham,Luton,2,1,0,13,7,2,2,935.10425851624,877.343191573434,0,0,1,2,0,0,1,2,4,0,4,0,4,0,1,-1,6,-6,0,0,0,1,2,2,7,13
2023-09-16,E0,Manchester Utd,Brighton,0,1,3,14,10,4,8,979.032580356452,1083.64353167005,2,1,0,0,2,1,0,0,6,9,6,9,6,9,-2,2,4,-4,-4,4,3,1,8,4,10,14
2023-09-16,E0,Tottenham,Sheffield United,2,2,1,28,7,10,5,1110.06181811032,914.888191293681,1,0,0,1,1,0,0,1,10,1,10,1,10,1,1,-1,21,-21,5,-5,1,2,5,10,7,28
2023-09-16,E0,West Ham,Manchester City,0,1,3,6,29,3,15,1109.48657874458,1147.79826984893,1,2,0,0,1,2,0,0,10,12,10,12,10,12,-2,2,-23,23,-12,12,3,1,15,3,29,6
2023-09-16,E0,Newcastle,Brentford,2,1,0,9,11,2,2,962.466301882397,1050.97353831203,0,1,1,0,0,1,1,0,3,6,3,6,3,6,1,-1,-2,2,0,0,0,1,2,2,11,9
2023-09-17,E0,Bournemouth,Chelsea,1,0,0,13,14,4,6,929.454929797611,973.10770140919,0,0,1,1,0,0,2,1,2,4,2,4,2,4,0,0,-1,1,-2,2,0,0,6,4,14,13
2023-09-17,E0,Everton,Arsenal,0,0,1,8,13,1,4,870.411842010869,1098.42319393471,0,1,2,0,0,1,2,0,1,10,1,10,1,10,-1,1,-5,5,-3,3,1,0,4,1,13,8
2023-09-18,E0,Nott'm Forest,Burnley,1,1,1,14,10,4,3,1002.42936762636,879.539867102872,1,0,0,0,1,0,0,0,6,0,6,0,6,0,0,0,4,-4,1,-1,1,1,3,4,10,14
2023-09-23,E0,Crystal Palace,Fulham,1,0,0,7,10,3,5,981.861043847478,961.832744793903,1,0,0,1,1,0,0,2,7,7,7,7,7,7,0,0,-3,3,-2,2,0,0,5,3,10,7
2023-09-23,E0,Luton,Wolves,1,1,1,20,3,4,3,850.614705295771,906.892986708252,0,0,1,1,0,0,1,1,0,3,0,3,0,3,0,0,17,-17,1,-1,1,1,3,4,3,20
2023-09-23,E0,Manchester City,Nott'm Forest,2,2,0,7,10,4,3,1186.8392191156,996.994860318869,2,1,0,0,2,1,0,0,15,7,15,7,15,7,2,-2,-3,3,1,-1,0,2,3,4,10,7
2023-09-23,E0,Brentford,Everton,0,1,3,12,18,2,6,1010.99359689693,856.839853993218,0,0,0,0,3,1,3,2,6,1,6,1,6,1,-2,2,-6,6,-4,4,3,1,6,2,18,12
2023-09-23,E0,Burnley,Manchester Utd,0,0,1,12,11,4,4,884.974374410366,947.995155003386,0,0,3,2,0,0,3,2,1,6,1,6,1,6,-1,1,1,-1,0,0,1,0,4,4,11,12
2023-09-24,E0,Arsenal,Tottenham,1,2,2,13,13,6,5,1111.99518195236,1125.76491244804,1,2,0,0,3,3,0,0,13,13,13,13,13,13,0,0,0,0,1,-1,2,2,5,6,13,13
2023-09-24,E0,Brighton,Bournemouth,2,3,1,13,12,4,4,1114.68095702312,931.454702403984,1,0,0,0,1,1,0,2,12,3,12,3,12,3,2,-2,1,-1,0,0,1,3,4,4,12,13
2023-09-24,E0,Chelsea,Aston Villa,0,0,1,10,15,4,7,971.107928802817,1041.43487710214,0,0,1,1,0,0,1,1,5,9,5,9,5,9,-1,1,-5,5,-3,3,1,0,7,4,15,10
2023-09-24,E0,Liverpool,West Ham,2,3,1,22,11,7,4,1145.64593015241,1070.44562947791,2,2,0,0,2,3,0,0,13,10,13,10,13,10,2,-2,11,-11,3,-3,1,3,4,7,11,22
2023-09-24,E0,Sheffield United,Newcastle,0,0,8,9,22,1,15,899.185096955956,1002.4462432975,0,0,0,2,1,0,3,2,1,6,1,6,1,6,-8,8,-13,13,-14,14,8,0,15,1,22,9
2023-09-30,E0,Aston Villa,Brighton,2,6,1,19,11,9,3,1067.04456451417,1137.33928204085,2,2,0,0,2,2,0,0,12,12,12,15,12,15,5,-5,8,-8,6,-6,1,6,3,9,11,19
2023-09-30,E0,Bournemouth,Arsenal,0,0,4,8,15,1,8,908.796377386248,1112.62896967355,0,2,0,0,1,2,3,0,2,11,3,14,3,14,-4,4,-7,7,-7,7,4,0,8,1,15,8
2023-09-30,E0,Everton,Luton,0,1,2,23,9,5,2,918.972876349259,853.183984108131,0,0,3,3,0,0,3,3,4,1,4,1,4,1,-1,1,14,-14,3,-3,2,1,2,5,9,23
2023-09-30,E0,Manchester Utd,Crystal Palace,0,0,1,19,8,4,2,974.253558435985,980.939726898373,0,0,1,1,0,0,1,2,6,5,9,8,9,8,-1,1,11,-11,2,-2,1,0,2,4,8,19
2023-09-30,E0,Newcastle,Burnley,2,2,0,20,8,8,2,1073.8895578765,858.715970977767,1,0,0,0,1,1,0,1,6,1,9,1,9,1,2,-2,12,-12,6,-6,0,2,2,8,8,20
2023-09-30,E0,West Ham,Sheffield United,2,2,0,20,16,9,2,1035.93521191033,827.741782376957,0,0,1,2,0,0,1,2,9,1,10,1,10,1,2,-2,4,-4,7,-7,0,2,2,9,16,20
2023-09-30,E0,Wolves,Manchester City,2,2,1,3,23,1,8,904.323707895892,1208.86323196328,0,3,2,0,0,3,2,0,4,15,4,18,4,18,1,-1,-20,20,-7,7,1,2,8,1,23,3
2023-09-30,E0,Tottenham,Liverpool,2,2,1,24,12,8,4,1125.13112472685,1180.15634771998,2,2,0,0,2,3,0,0,13,15,14,16,14,16,1,-1,12,-12,4,-4,1,2,4,8,12,24
2023-10-01,E0,Nott'm Forest,Brentford,1,1,1,6,18,1,5,974.970847471183,948.860574540888,0,0,0,1,2,0,1,1,7,5,7,6,7,6,0,0,-12,12,-4,4,1,1,5,1,18,6
2023-10-02,E0,Fulham,Chelsea,0,0,2,10,11,3,4,962.754061743008,945.498241390786,1,0,0,0,1,1,0,2,5,4,8,5,8,5,-2,2,-1,1,-1,1,2,0,4,3,11,10
2023-10-03,E0,Luton,Burnley,0,1,2,18,14,3,4,891.171967989399,839.008723760744,0,0,0,1,1,0,2,2,4,1,4,1,4,1,-1,1,4,-4,-1,1,2,1,4,3,14,18
2023-10-07,E0,Luton,Tottenham,0,0,1,12,15,2,4,854.403332466836,1162.15718271668,0,0,1,0,0,4,3,1,4,13,4,17,4,17,-1,1,-3,3,-2,2,1,0,4,2,15,12
2023-10-07,E0,Burnley,Chelsea,0,1,4,10,9,3,5,875.777359283308,991.532313262935,0,1,4,0,0,2,4,0,4,7,4,8,4,8,-3,3,1,-1,-2,2,4,1,5,3,9,10
2023-10-07,E0,Everton,Bournemouth,2,3,0,25,11,8,4,880.984892467991,878.318854097398,0,0,4,1,0,0,4,3,4,2,4,3,4,3,3,-3,14,-14,4,-4,0,3,4,8,11,25
2023-10-07,E0,Fulham,Sheffield United,2,3,1,20,5,6,2,916.71998987086,807.413803309792,0,0,1,3,0,0,1,3,5,1,8,1,8,1,2,-2,15,-15,4,-4,1,3,2,6,5,20
2023-10-07,E0,Manchester Utd,Brentford,2,2,1,21,11,8,3,942.86930129874,950.060738493382,0,0,2,0,0,1,2,2,6,3,9,7,9,7,1,-1,10,-10,5,-5,1,2,3,8,11,21
2023-10-07,E0,Crystal Palace,Nott'm Forest,1,0,0,8,16,2,5,1012.32398403562,973.770683518689,0,0,0,1,2,0,1,1,8,5,11,8,11,8,0,0,-8,8,-3,3,0,0,5,2,16,8
2023-10-08,E0,Brighton,Liverpool,1,2,2,14,14,3,4,1048.58942072638,1143.13028973016,2,0,0,1,2,0,0,1,9,12,15,16,15,16,0,0,0,0,-1,1,2,2,4,3,14,14
2023-10-08,E0,West Ham,Newcastle,1,2,2,5,10,3,3,1056.2631909775,1093.59680509352,1,1,0,0,1,1,0,0,9,9,13,12,13,12,0,0,-5,5,0,0,2,2,3,3,10,5
2023-10-08,E0,Wolves,Aston Villa,1,1,1,8,18,3,4,958.873445714798,1155.79442582864,1,1,0,0,1,1,0,0,7,12,7,15,7,15,0,0,-10,10,-1,1,1,1,4,3,18,8
2023-10-08,E0,Arsenal,Manchester City,2,1,0,12,4,2,1,1143.1064929624,1154.31349414438,0,0,0,1,4,0,1,1,11,12,17,18,17,18,1,-1,8,-8,1,-1,0,1,1,2,4,12
2023-10-21,E0,Liverpool,Everton,2,2,0,26,6,6,1,1138.88088877282,935.098048800366,3,1,0,0,3,2,0,0,10,7,17,7,17,7,2,-2,20,-20,5,-5,0,2,1,6,6,26
2023-10-21,E0,Bournemouth,Wolves,0,1,2,7,20,4,7,824.205697765023,967.081343693102,0,0,1,0,0,1,4,2,2,5,3,8,3,8,-1,1,-13,13,-3,3,2,1,7,4,20,7
2023-10-21,E0,Brentford,Burnley,2,3,0,23,6,10,1,917.398477225584,838.770357627885,0,1,1,0,0,1,4,0,2,4,7,4,7,4,3,-3,17,-17,9,-9,0,3,1,10,6,23
2023-10-21,E0,Manchester City,Brighton,2,2,1,10,5,6,3,1121.28164903372,1052.83882168372,3,0,0,1,3,0,0,1,9,10,18,16,18,16,1,-1,5,-5,3,-3,1,2,3,6,5,10
2023-10-21,E0,Newcastle,Crystal Palace,2,4,0,10,17,7,3,1091.88411543219,1010.55579041794,2,1,0,0,2,1,0,0,10,8,13,12,13,12,4,-4,-7,7,4,-4,0,4,3,7,17,10
2023-10-21,E0,Nott'm Forest,Luton,1,2,2,19,13,8,4,975.538877136371,845.101140510995,0,1,0,0,3,1,2,0,6,4,9,4,9,4,0,0,6,-6,4,-4,2,2,4,8,13,19
2023-10-21,E0,Chelsea,Arsenal,1,2,2,11,13,5,3,1028.53931491836,1176.13833807305,0,3,2,0,0,3,2,0,7,13,11,20,11,20,0,0,-2,2,2,-2,2,2,3,5,13,11
2023-10-21,E0,Sheffield United,Manchester Utd,0,1,2,12,14,6,5,776.916259170491,975.531562566539,0,1,1,0,0,1,4,0,1,6,1,12,1,12,-1,1,-2,2,1,-1,2,1,5,6,14,12
2023-10-22,E0,Aston Villa,West Ham,2,4,1,15,14,7,4,1147.58652785034,1057.97588063883,3,0,0,1,3,0,0,1,10,7,16,14,16,14,3,-3,1,-1,3,-3,1,4,4,7,14,15
2023-10-23,E0,Tottenham,Fulham,2,2,0,15,10,5,3,1171.45937467252,947.21753401016,3,0,0,0,3,1,0,3,13,7,20,11,20,11,2,-2,5,-5,2,-2,0,2,3,5,10,15
2023-10-27,E0,Crystal Palace,Tottenham,0,1,2,13,10,3,1,960.881952707081,1190.38048964843,0,1,0,0,3,5,2,0,5,13,12,23,12,23,-1,1,3,-3,2,-2,2,1,1,3,10,13
2023-10-28,E0,Chelsea,Brentford,0,0,2,17,7,2,5,1034.95510228358,959.795489706105,0,0,0,1,1,0,3,3,8,4,12,10,12,10,-2,2,10,-10,-3,3,2,0,5,2,7,17
2023-10-28,E0,Arsenal,Sheffield United,2,5,0,13,2,8,0,1169.72255070783,761.446752944878,1,0,0,4,5,0,0,4,11,0,21,1,21,1,5,-5,11,-11,8,-8,0,5,0,8,2,13
2023-10-28,E0,Bournemouth,Burnley,2,2,1,13,6,6,3,804.670205045834,796.373345147364,0,0,2,1,0,0,5,1,1,3,3,4,3,4,1,-1,7,-7,3,-3,1,2,3,6,6,13
2023-10-28,E0,Wolves,Newcastle,1,2,2,11,13,6,5,986.616836412291,1141.55795314305,0,0,0,0,2,2,1,1,8,13,11,16,11,16,0,0,-2,2,1,-1,2,2,5,6,13,11
2023-10-29,E0,West Ham,Everton,0,0,1,12,10,2,4,1017.20528872733,914.370866753319,0,0,0,1,2,0,1,1,4,6,14,7,14,7,-1,1,2,-2,-2,2,1,0,4,2,10,12
2023-10-29,E0,Aston Villa,Luton,2,3,1,17,7,6,1,1188.35711976184,850.840854220037,4,0,0,0,4,2,0,1,13,5,19,5,19,5,2,-2,10,-10,5,-5,1,3,1,6,7,17
2023-10-29,E0,Brighton,Fulham,1,1,1,18,10,7,5,1027.0623416873,928.296419034249,0,0,0,1,3,0,1,4,7,7,16,11,16,11,0,0,8,-8,2,-2,1,1,5,7,10,18
2023-10-29,E0,Liverpool,Nott'm Forest,2,3,0,21,9,8,1,1159.60807081987,969.799163427328,4,0,0,0,4,1,0,2,10,4,20,10,20,10,3,-3,12,-12,7,-7,0,3,1,8,9,21
2023-10-29,E0,Manchester Utd,Manchester City,0,0,3,7,21,3,10,991.001068792152,1147.05812903015,1,0,0,2,1,0,0,2,9,9,15,21,15,21,-3,3,-14,14,-7,7,3,0,10,3,21,7
2023-11-04,E0,Fulham,Manchester Utd,0,0,1,18,12,3,5,932.726075441386,959.439006588886,1,2,0,0,1,2,0,0,5,9,12,15,12,15,-1,1,6,-6,-2,2,1,0,5,3,12,18
2023-11-04,E0,Brentford,West Ham,2,3,2,16,12,4,2,1012.99540521021,976.001108785889,1,0,0,2,1,0,0,2,7,4,13,14,13,14,1,-1,4,-4,2,-2,2,3,2,4,12,16
2023-11-04,E0,Burnley,Crystal Palace,0,0,2,17,4,5,3,765.137368956973,947.401288530519,0,0,5,1,0,0,5,1,3,5,4,12,4,12,-2,2,13,-13,2,-2,2,0,3,5,4,17
2023-11-04,E0,Everton,Brighton,1,1,1,10,7,4,2,955.575046694756,1022.63268528016,1,0,0,2,1,0,0,2,9,5,10,17,10,17,0,0,3,-3,2,-2,1,1,2,4,7,10
2023-11-04,E0,Manchester City,Bournemouth,2,6,1,21,5,8,1,1178.62019123342,835.906181236226,4,0,0,2,4,0,0,4,9,3,24,6,24,6,5,-5,16,-16,7,-7,1,6,1,8,5,21
2023-11-04,E0,Sheffield United,Wolves,2,2,1,11,10,2,3,748.566727122995,993.313948161902,0,1,2,0,0,2,5,0,0,9,1,12,1,12,1,-1,1,-1,-1,1,1,2,3,2,10,11
2023-11-04,E0,Newcastle,Arsenal,2,1,0,9,14,2,1,1134.86084139344,1182.60257652971,3,0,0,0,3,4,0,1,11,11,17,24,17,24,1,-1,-5,5,1,-1,0,1,1,2,14,9
2023-11-05,E0,Nott'm Forest,Aston Villa,2,2,0,5,13,3,3,942.410806137152,1199.35043769501,0,0,0,0,4,2,3,1,3,13,10,22,10,22,2,-2,-8,8,0,0,0,2,3,3,13,5
2023-11-05,E0,Luton,Liverpool,1,1,1,8,24,5,6,839.847536286863,1186.99642811004,0,0,2,0,0,1,4,2,4,10,5,23,5,23,0,0,-16,16,-1,1,1,1,6,5,24,8
2023-11-06,E0,Tottenham,Chelsea,0,1,4,8,17,5,8,1203.86115382499,981.755186779477,4,2,0,0,4,3,0,0,13,7,26,12,26,12,-3,3,-9,9,-3,3,4,1,8,5,17,8
2023-11-11,E0,Wolves,Tottenham,2,2,1,17,6,4,2,941.88425504237,1118.55171354406,0,2,0,0,3,6,2,0,8,12,12,25,12,26,1,-1,11,-11,2,-2,1,2,2,4,6,17
2023-11-11,E0,Arsenal,Burnley,2,3,1,16,8,6,5,1146.23286859524,742.385823975102,2,0,0,2,6,0,0,2,10,3,21,4,24,4,2,-2,8,-8,1,-1,1,3,5,6,8,16
2023-11-11,E0,Crystal Palace,Everton,0,2,3,13,8,4,4,970.152833512391,958.625381924572,0,1,1,0,0,1,3,0,7,7,12,11,15,11,-1,1,5,-5,0,0,3,2,4,4,8,13
2023-11-11,E0,Manchester Utd,Luton,2,1,0,15,10,4,4,988.98349135818,852.027494487612,0,0,1,1,0,0,1,2,9,2,15,6,18,6,1,-1,5,-5,0,0,0,1,4,4,10,15
2023-11-11,E0,Bournemouth,Newcastle,2,2,0,19,8,10,5,817.841717616042,1171.23054932791,1,0,0,0,1,3,0,2,3,11,5,17,6,20,2,-2,11,-11,5,-5,0,2,5,10,8,19
2023-11-12,E0,Aston Villa,Fulham,2,3,1,12,9,6,5,1127.91242386397,903.181590672092,5,0,0,0,5,1,0,5,10,4,22,9,22,12,2,-2,3,-3,1,-1,1,3,5,6,9,12
2023-11-12,E0,Brighton,Sheffield United,1,1,1,11,9,6,1,1019.58235005034,799.996420242527,0,0,0,5,4,0,2,5,3,3,15,4,18,4,0,0,2,-2,5,-5,1,1,1,6,9,11
2023-11-12,E0,Liverpool,Brentford,2,3,0,17,16,10,3,1174.81646990929,1041.60092332607,5,1,0,0,5,1,0,0,8,10,23,15,24,16,3,-3,1,-1,7,-7,0,3,3,10,16,17
2023-11-12,E0,West Ham,Nott'm Forest,2,3,2,16,10,6,5,947.395590670027,1013.8488199682,0,0,1,1,0,0,2,3,4,6,13,13,14,13,1,-1,6,-6,1,-1,2,3,5,6,10,16
2023-11-12,E0,Chelsea,Manchester City,1,4,4,17,15,9,10,1067.0646270604,1196.6846548536,0,1,1,0,0,1,4,0,10,9,14,24,15,27,0,0,2,-2,-1,1,4,4,10,9,15,17
2023-11-25,E0,Manchester City,Liverpool,1,1,1,16,8,5,3,1190.97777967642,1209.40704248962,5,0,0,0,5,2,0,3,10,11,22,23,28,27,0,0,8,-8,2,-2,1,1,3,5,8,16
2023-11-25,E0,Burnley,West Ham,0,1,2,11,11,5,3,734.570799904932,985.442598541756,0,0,6,3,0,0,6,3,0,4,4,13,4,17,-1,1,0,0,2,-2,2,1,3,5,11,11
2023-11-25,E0,Luton,Crystal Palace,2,2,1,8,16,3,8,832.026459532665,937.091505401627,0,1,0,0,1,1,5,0,2,4,6,12,6,15,1,-1,-8,8,-5,5,1,2,8,3,16,8
2023-11-25,E0,Newcastle,Chelsea,2,4,1,14,7,5,4,1093.65971384703,1072.77150223758,4,3,0,0,4,4,0,0,8,8,17,15,20,16,3,-3,7,-7,1,-1,1,4,4,5,7,14
2023-11-25,E0,Nott'm Forest,Brighton,0,2,3,18,11,5,5,975.801812096468,1010.63129463329,1,0,0,0,5,1,0,3,5,4,10,13,13,19,-1,1,7,-7,0,0,3,2,5,5,11,18
2023-11-25,E0,Sheffield United,Bournemouth,0,1,3,10,23,2,11,808.94747565958,895.412553096929,1,0,0,3,1,0,0,5,4,6,5,8,5,9,-2,2,-13,13,-9,9,3,1,11,2,23,10
2023-11-25,E0,Brentford,Arsenal,0,0,1,9,15,3,4,1007.01035074575,1154.04789266541,2,0,0,1,2,0,0,2,9,10,12,21,16,27,-1,1,-6,6,-1,1,1,0,4,3,15,9
2023-11-26,E0,Tottenham,Aston Villa,0,1,2,18,15,8,5,1071.55114696853,1146.79180068459,0,0,1,1,0,0,1,2,9,10,22,22,26,25,-1,1,3,-3,3,-3,2,1,5,8,15,18
2023-11-26,E0,Everton,Manchester Utd,0,0,3,24,9,6,4,991.686710035335,1008.98452631313,0,3,0,0,2,3,1,0,10,12,14,18,14,21,-3,3,15,-15,2,-2,3,0,4,6,9,24
2023-11-27,E0,Fulham,Wolves,2,3,2,12,10,6,6,884.302213851467,988.884821617905,0,0,1,1,0,0,1,1,4,8,9,15,12,15,1,-1,2,-2,0,0,2,3,6,6,10,12
2023-12-02,E0,Arsenal,Wolves,2,2,1,19,6,6,3,1173.25974520666,947.533163397827,3,0,0,2,7,0,0,2,10,7,23,12,30,15,1,-1,13,-13,3,-3,1,2,3,6,6,19
2023-12-02,E0,Brentford,Luton,2,3,1,27,7,6,1,987.798498204486,873.418740583779,0,0,1,2,0,0,1,3,9,5,11,9,16,9,2,-2,20,-20,5,-5,1,3,1,6,7,27
2023-12-02,E0,Burnley,Sheffield United,2,5,0,19,6,7,3,722.352818046635,775.784663144856,0,0,7,0,0,1,7,6,0,4,4,5,4,5,5,-5,13,-13,4,-4,0,5,3,7,6,19
2023-12-02,E0,Nott'm Forest,Everton,0,0,1,13,12,2,3,946.999023008325,939.867844961016,0,2,1,0,0,2,1,0,4,7,10,14,13,14,-1,1,1,-1,-1,1,1,0,3,2,12,13
2023-12-02,E0,Newcastle,Manchester Utd,2,1,0,22,8,4,1,1144.9167534139,1060.80339138745,5,4,0,0,5,4,0,0,10,12,20,18,23,24,1,-1,14,-14,3,-3,0,1,1,4,8,22
2023-12-03,E0,Bournemouth,Aston Villa,1,2,2,15,11,7,3,928.575365611653,1171.96821965724,2,1,0,0,2,1,0,0,9,12,11,22,12,28,0,0,4,-4,4,-4,2,2,3,7,11,15
2023-12-03,E0,Chelsea,Brighton,2,3,2,8,18,5,9,1021.51446267071,1039.43408372143,0,1,0,0,1,2,5,0,5,6,12,16,16,22,1,-1,-10,10,-4,4,2,3,9,5,18,8
2023-12-03,E0,Liverpool,Fulham,2,4,3,26,9,12,5,1208.55913865378,925.653872071545,6,0,0,1,6,0,0,6,11,4,21,11,28,15,1,-1,17,-17,7,-7,3,4,5,12,9,26
2023-12-03,E0,West Ham,Crystal Palace,1,1,1,9,9,3,2,997.660580400054,895.699224350513,1,0,0,1,1,0,0,1,6,3,13,11,20,15,0,0,0,0,1,-1,1,1,2,3,9,9
2023-12-03,E0,Manchester City,Tottenham,1,3,3,18,8,4,4,1191.82568351226,1046.37472799588,0,0,0,1,6,0,1,1,11,6,20,19,29,26,0,0,10,-10,0,0,3,3,4,4,8,18
2023-12-05,E0,Wolves,Burnley,2,1,0,7,12,4,3,933.819994766814,807.624024194979,1,0,0,3,4,0,0,3,4,3,12,6,15,7,1,-1,-5,5,1,-1,0,1,3,4,12,7
2023-12-05,E0,Luton,Arsenal,0,3,4,6,23,4,9,843.499600395428,1186.97291383768,1,1,0,0,2,1,0,0,4,12,9,23,9,33,-1,1,-17,17,-5,5,4,3,9,4,23,6
2023-12-06,E0,Brighton,Brentford,2,2,1,18,8,7,2,1005.78508757224,1017.71763839284,0,0,0,1,5,0,3,1,6,9,13,13,22,19,1,-1,10,-10,5,-5,1,2,2,7,8,18
2023-12-06,E0,Crystal Palace,Bournemouth,0,0,2,16,11,3,4,900.264407863781,938.250742015436,0,1,2,0,0,1,4,0,4,10,9,11,16,13,-2,2,5,-5,-1,1,2,0,4,3,11,16
2023-12-06,E0,Fulham,Nott'm Forest,2,5,0,14,4,6,1,915.155866370248,914.342309455804,1,0,0,2,1,0,0,4,4,3,11,7,15,13,5,-5,10,-10,5,-5,0,5,1,6,4,14
2023-12-06,E0,Sheffield United,Liverpool,0,0,2,6,15,1,8,690.513456996512,1219.05714435507,0,0,1,0,0,3,1,4,4,11,4,21,5,31,-2,2,-9,9,-7,7,2,0,8,1,15,6
2023-12-06,E0,Aston Villa,Manchester City,2,1,0,22,2,7,2,1162.29284325345,1185.49311784698,6,0,0,0,6,2,0,1,10,9,23,18,29,30,1,-1,20,-20,5,-5,0,1,2,7,2,22
2023-12-06,E0,Manchester Utd,Chelsea,2,2,1,28,13,9,3,1036.40262817175,1055.16345881989,1,0,0,1,1,0,0,1,9,7,18,15,24,19,1,-1,15,-15,6,-6,1,2,3,9,13,28
2023-12-07,E0,Everton,Newcastle,2,3,0,21,13,6,3,972.524558513537,1169.3175166296,0,0,1,1,0,0,2,3,10,10,16,23,17,26,3,-3,8,-8,3,-3,0,3,3,6,13,21
2023-12-07,E0,Tottenham,West Ham,0,1,2,23,11,7,5,1052.70729366117,993.095396886786,0,1,2,0,0,1,2,0,4,7,17,11,27,21,-1,1,12,-12,2,-2,2,1,5,7,11,23
2023-12-09,E0,Crystal Palace,Liverpool,0,1,2,8,14,4,2,861.182879230968,1223.05174438211,0,1,3,0,0,4,5,0,4,11,9,21,16,34,-1,1,-6,6,2,-2,2,1,2,4,14,8
2023-12-09,E0,Brighton,Burnley,1,1,1,29,6,11,3,1038.88368420033,786.761566410637,1,0,0,4,6,0,0,4,8,3,13,6,25,7,0,0,23,-23,8,-8,1,1,3,11,6,29
2023-12-09,E0,Manchester Utd,Bournemouth,0,0,3,20,10,3,4,1070.12888705706,977.332270648249,2,2,0,0,2,2,0,0,12,10,21,13,27,16,-3,3,10,-10,-1,1,3,0,4,3,10,20
2023-12-09,E0,Sheffield United,Brentford,2,1,0,9,10,4,4,686.518856969481,984.619041764747,0,0,2,2,0,0,2,2,4,6,4,13,5,19,1,-1,-1,1,0,0,0,1,4,4,10,9
2023-12-09,E0,Wolves,Nott'm Forest,1,1,1,10,8,4,2,954.682452551155,840.533173541885,2,0,0,3,5,0,0,5,6,3,15,6,18,13,0,0,2,-2,2,-2,1,1,2,4,8,10
2023-12-09,E0,Aston Villa,Arsenal,2,1,0,10,12,3,5,1196.42649713088,1194.75650183704,7,2,0,0,7,2,0,0,10,12,23,23,32,36,1,-1,-2,2,-2,2,0,1,5,3,12,10
2023-12-10,E0,Everton,Chelsea,2,2,0,9,16,5,4,1055.01570543903,1021.43719993459,1,0,0,2,1,0,0,2,10,7,19,14,20,19,2,-2,-7,7,1,-1,0,2,4,5,16,9
2023-12-10,E0,Fulham,West Ham,2,5,0,14,9,8,5,988.965002284167,1030.53260528426,2,2,0,0,2,2,0,0,6,10,11,14,18,24,5,-5,5,-5,3,-3,0,5,5,8,9,14
2023-12-10,E0,Luton,Manchester City,0,1,2,4,18,2,6,835.716012396069,1151.35946396956,0,0,1,1,0,0,1,2,4,6,8,15,9,30,-1,1,-14,14,-4,4,2,1,6,2,18,4
2023-12-10,E0,Tottenham,Newcastle,2,4,1,23,9,12,3,1015.27008526369,1086.82636970411,0,0,3,2,0,0,3,4,1,9,14,20,27,26,3,-3,14,-14,9,-9,1,4,3,12,9,23
2023-12-15,E0,Nott'm Forest,Tottenham,0,0,2,15,12,1,6,845.60862184952,1080.87661445175,0,0,2,0,0,1,2,2,1,4,7,16,14,30,-2,2,3,-3,-5,5,2,0,6,1,12,15
2023-12-16,E0,Chelsea,Sheffield United,2,2,0,15,6,6,1,981.805128127902,740.766103670727,1,0,0,1,2,0,0,7,4,4,14,7,19,8,2,-2,9,-9,5,-5,0,2,1,6,6,15
2023-12-16,E0,Manchester City,Crystal Palace,1,2,2,19,5,9,2,1160.30637401089,854.094763471601,0,0,0,0,7,1,2,2,6,1,15,8,33,16,0,0,14,-14,7,-7,2,2,2,9,5,19
2023-12-16,E0,Newcastle,Fulham,2,3,0,27,6,10,4,1021.21984051605,1071.75672139887,6,0,0,2,6,0,0,7,6,9,17,13,26,21,3,-3,21,-21,6,-6,0,3,4,10,6,27
2023-12-16,E0,Burnley,Everton,0,0,2,14,9,2,6,796.688071373717,1094.64777724571,1,3,0,0,1,3,0,0,4,12,7,19,8,23,-2,2,5,-5,-4,4,2,0,6,2,9,14
2023-12-17,E0,Arsenal,Brighton,2,2,0,26,6,9,1,1162.91031290326,1028.95717923726,4,0,0,1,8,0,0,1,12,8,22,11,36,26,2,-2,20,-20,8,-8,0,2,1,9,6,26
2023-12-17,E0,Brentford,Aston Villa,0,1,2,4,15,3,5,930.3717950635,1228.27268606465,1,0,0,0,1,2,0,1,3,13,13,23,19,35,-1,1,-11,11,-2,2,2,1,5,3,15,4
2023-12-17,E0,West Ham,Wolves,2,3,0,13,14,4,3,947.740886169562,949.60700424352,0,0,0,3,2,0,1,3,10,7,14,15,24,19,3,-3,-1,1,1,-1,0,3,3,4,14,13
2023-12-17,E0,Liverpool,Manchester Utd,1,0,0,34,6,8,1,1230.13986014147,1001.36917408565,7,0,0,1,7,0,0,1,13,9,21,18,37,27,0,0,28,-28,7,-7,0,0,1,8,6,34
2023-12-21,E0,Crystal Palace,Brighton,1,1,1,11,18,3,6,865.408266167981,1001.21793587522,0,0,4,2,0,0,6,2,2,7,6,11,17,26,0,0,-7,7,-3,3,1,1,6,3,18,11
2023-12-22,E0,Aston Villa,Sheffield United,1,1,1,12,5,4,2,1238.03492677228,723.24042184033,8,0,0,2,8,0,0,8,13,3,23,7,38,8,0,0,7,-7,2,-2,1,1,2,4,5,12
2023-12-23,E0,West Ham,Manchester Utd,2,2,0,12,11,5,3,1002.5653740346,1010.60652255789,1,0,0,0,3,1,0,2,10,7,14,19,27,28,2,-2,1,-1,2,-2,0,2,3,5,11,12
2023-12-23,E0,Fulham,Burnley,0,0,2,19,7,5,2,1009.34860466013,783.312265342335,3,0,0,0,3,1,0,5,9,4,13,4,21,8,-2,2,12,-12,3,-3,2,0,2,5,7,19
2023-12-23,E0,Luton,Newcastle,2,1,0,16,15,5,2,826.769102354735,1083.62795725478,0,0,2,3,0,0,2,5,3,9,5,17,9,29,1,-1,1,-1,3,-3,0,1,2,5,15,16
2023-12-23,E0,Nott'm Forest,Bournemouth,0,2,3,11,18,5,7,827.612402703735,1046.09198361966,0,3,3,0,0,3,3,0,1,13,6,16,14,19,-1,1,-7,7,-2,2,3,2,7,5,18,11
2023-12-23,E0,Tottenham,Everton,2,2,1,13,18,6,8,1098.87283359754,1108.02358327709,1,4,0,0,1,4,0,0,7,12,16,22,33,26,1,-1,-5,5,-2,2,1,2,8,6,18,13
2023-12-23,E0,Liverpool,Arsenal,1,1,1,13,13,3,2,1220.90251166923,1190.6495562653,0,0,0,1,8,0,1,1,11,12,22,22,38,39,0,0,0,0,1,-1,1,1,2,3,13,13
2023-12-24,E0,Wolves,Chelsea,2,2,1,14,16,6,5,894.78251637848,999.3308099583,0,0,0,3,6,0,1,3,4,6,12,14,19,22,1,-1,-2,2,1,-1,1,2,5,6,16,14
2023-12-26,E0,Newcastle,Nott'm Forest,0,1,3,19,15,7,6,1031.50886683223,813.444381941008,7,0,0,0,7,1,0,6,6,1,16,5,29,14,-2,2,4,-4,1,-1,3,1,6,7,15,19
2023-12-26,E0,Bournemouth,Fulham,2,3,0,16,8,4,3,1060.26000438239,940.401640964299,0,0,0,3,3,0,1,8,13,6,19,10,22,21,3,-3,8,-8,1,-1,0,3,3,4,8,16
2023-12-26,E0,Sheffield United,Luton,0,2,3,21,12,6,4,737.668991011996,878.888192777282,1,0,0,3,1,0,0,4,4,6,8,8,9,12,-1,1,9,-9,2,-2,3,2,4,6,12,21
2023-12-26,E0,Burnley,Liverpool,0,0,2,9,19,0,10,852.25922903817,1219.51282204763,0,2,1,0,0,5,1,0,7,11,7,22,11,39,-2,2,-10,10,-10,10,2,0,10,0,19,9
2023-12-26,E0,Manchester Utd,Aston Villa,2,3,2,13,10,7,4,965.734032483553,1223.60635760061,0,1,1,0,0,3,1,0,4,11,16,23,28,39,1,-1,3,-3,3,-3,2,3,4,7,10,13
2023-12-27,E0,Brentford,Wolves,0,1,4,14,11,4,5,920.60955435587,936.131283976544,0,0,1,4,0,0,1,4,3,7,12,14,19,22,-3,3,3,-3,-1,1,4,1,5,4,11,14
2023-12-27,E0,Chelsea,Crystal Palace,2,2,1,9,13,4,5,957.982042360236,871.362324699371,2,0,0,0,3,2,0,3,6,3,11,6,22,18,1,-1,-4,4,-1,1,1,2,5,4,13,9
2023-12-27,E0,Everton,Manchester City,0,1,3,7,23,2,9,1075.18096291481,1148.99287131451,2,1,0,0,2,1,0,0,12,6,19,16,26,34,-2,2,-16,16,-7,7,3,1,9,2,23,7
2023-12-28,E0,Brighton,Tottenham,2,4,2,15,19,9,3,995.263877343827,1131.71545395982,0,1,0,0,7,2,1,0,5,10,11,16,27,36,2,-2,-4,4,6,-6,2,4,3,9,19,15
2023-12-28,E0,Arsenal,West Ham,0,0,2,30,6,8,3,1192.0392458869,1047.43786410894,5,0,0,1,9,0,0,1,10,10,20,16,40,30,-2,2,24,-24,5,-5,2,0,3,8,6,30
2023-12-30,E0,Luton,Chelsea,0,2,3,15,12,6,8,898.553342011713,982.165356402906,1,0,0,4,1,0,0,4,6,6,11,13,15,25,-1,1,3,-3,-2,2,3,2,8,6,12,15
2023-12-30,E0,Aston Villa,Burnley,2,3,2,19,9,7,5,1171.43092466111,842.809168687933,0,1,0,0,9,2,1,0,10,4,20,7,39,11,1,-1,10,-10,2,-2,2,3,5,7,9,19
2023-12-30,E0,Crystal Palace,Brentford,2,3,1,13,9,6,4,847.1790106567,868.512545945553,0,0,0,3,1,0,7,3,2,3,6,12,18,19,2,-2,4,-4,2,-2,1,3,4,6,9,13
2023-12-30,E0,Manchester City,Sheffield United,2,2,0,18,4,4,2,1183.67072985993,718.003841777565,0,0,0,0,8,1,3,9,8,4,19,8,37,9,2,-2,14,-14,2,-2,0,2,2,4,4,18
2023-12-30,E0,Wolves,Everton,2,3,0,12,10,6,0,988.228292386862,1040.50310436939,1,0,0,1,7,0,0,1,10,9,14,19,25,26,3,-3,2,-2,6,-6,0,3,0,6,10,12
2023-12-30,E0,Nott'm Forest,Manchester Utd,2,2,1,8,10,2,5,881.705477705644,1017.90946542306,0,0,4,1,0,0,4,3,4,7,7,16,17,31,1,-1,-2,2,-3,3,1,2,5,2,10,8
2023-12-31,E0,Fulham,Arsenal,2,2,1,15,13,4,3,903.969962887241,1130.91395682373,0,0,1,0,0,1,1,2,6,7,10,19,21,40,1,-1,2,-2,1,-1,1,2,3,4,13,15
2023-12-31,E0,Tottenham,Bournemouth,2,3,1,12,24,6,4,1071.46739893073,1096.69168245945,2,4,0,0,2,4,0,0,9,13,13,22,36,25,2,-2,-12,12,2,-2,1,3,4,6,24,12
2024-01-01,E0,Liverpool,Newcastle,2,4,2,34,5,15,3,1228.96288239786,963.247771067594,0,0,0,4,9,0,2,6,11,3,22,13,42,29,2,-2,29,-29,12,-12,2,4,3,15,5,34
2024-01-02,E0,West Ham,Brighton,1,0,0,6,22,2,8,1108.56315317211,1055.51193237292,2,0,0,0,4,1,0,3,12,8,19,14,33,30,0,0,-16,16,-6,6,0,0,8,2,22,6
2024-01-12,E0,Burnley,Luton,1,1,1,13,14,7,5,834.421912095291,874.108992148438,0,1,2,0,0,1,2,0,4,6,7,10,11,15,0,0,-1,1,2,-2,1,1,5,7,14,13
2024-01-13,E0,Chelsea,Fulham,2,1,0,17,14,3,4,1006.60970626618,954.3321532164,3,0,0,4,4,0,0,9,9,6,16,12,28,24,1,-1,3,-3,-1,1,0,1,4,3,14,17
2024-01-13,E0,Newcastle,Manchester City,0,2,3,12,27,5,11,947.629610890673,1189.29575116336,0,2,1,0,0,2,1,0,3,10,12,19,29,40,-1,1,-15,15,-6,6,3,2,11,5,27,12
2024-01-14,E0,Everton,Aston Villa,1,0,0,10,16,2,5,977.828097373792,1179.81818125375,0,0,1,1,0,0,1,1,6,10,16,20,26,42,0,0,-6,6,-3,3,0,0,5,2,16,10
2024-01-14,E0,Manchester Utd,Tottenham,1,2,2,9,16,2,6,973.970072863223,1118.5035554142,1,0,0,1,1,0,0,1,4,12,16,13,31,39,0,0,-7,7,-4,4,2,2,6,2,16,9
2024-01-20,E0,Arsenal,Crystal Palace,2,5,0,21,12,6,5,1080.55176649458,893.726232078055,0,0,1,1,0,0,1,4,4,5,16,9,40,21,5,-5,9,-9,1,-1,0,5,5,6,12,21
2024-01-20,E0,Brentford,Nott'm Forest,2,3,2,11,12,5,3,821.965324524198,925.644870265479,0,1,2,0,0,2,2,0,0,7,9,10,19,20,1,-1,-1,1,2,-2,2,3,3,5,12,11
2024-01-21,E0,Sheffield United,West Ham,1,2,2,21,16,6,5,712.378820474137,1106.13886599233,0,1,1,0,0,1,1,0,4,10,8,20,9,34,0,0,5,-5,1,-1,2,2,5,6,16,21
2024-01-21,E0,Bournemouth,Liverpool,0,0,4,11,14,1,7,1049.65552597597,1244.58104257478,1,3,0,0,4,6,0,0,12,11,22,22,25,45,-4,4,-3,3,-6,6,4,0,7,1,14,11
2024-01-22,E0,Brighton,Wolves,1,0,0,11,8,4,3,1057.93621955269,1050.90329938246,1,1,0,0,8,1,0,0,6,10,14,16,31,28,0,0,3,-3,1,-1,0,0,3,4,8,11
2024-01-30,E0,Nott'm Forest,Arsenal,0,1,2,9,19,3,3,884.369341317557,1118.18914847372,1,0,0,1,1,0,0,3,6,7,7,19,20,40,-1,1,-10,10,0,0,2,1,3,3,19,9
2024-01-30,E0,Fulham,Everton,1,0,0,25,21,6,4,927.111082665815,986.206713467215,1,0,0,2,1,0,0,2,3,4,12,16,21,27,0,0,4,-4,2,-2,0,0,4,6,21,25
2024-01-30,E0,Luton,Brighton,2,4,0,18,9,8,2,872.289242496378,1057.61238583928,0,0,1,0,0,2,1,4,7,6,11,14,16,29,4,-4,9,-9,6,-6,0,4,2,8,9,18
2024-01-30,E0,Crystal Palace,Sheffield United,2,3,2,12,9,4,5,856.088850098905,725.373328137909,1,0,0,1,2,0,0,10,5,2,6,6,18,10,1,-1,3,-3,-1,1,2,3,5,4,9,12
2024-01-30,E0,Aston Villa,Newcastle,0,1,3,12,14,6,5,1171.43956516033,934.879179859132,1,0,0,5,10,0,0,7,8,3,21,9,43,26,-2,2,-2,2,1,-1,3,1,5,6,14,12
2024-01-31,E0,Manchester City,Burnley,2,3,1,14,8,4,3,1202.0461821949,836.241661747351,1,0,0,1,9,0,0,1,13,4,19,8,43,12,2,-2,6,-6,1,-1,1,3,3,4,8,14
2024-01-31,E0,Tottenham,Brentford,2,3,2,19,9,5,5,1112.20665965578,863.240853472119,3,0,0,4,3,0,0,4,10,3,14,9,39,22,1,-1,10,-10,0,0,2,3,5,5,9,19
2024-01-31,E0,Liverpool,Chelsea,2,4,1,28,4,13,3,1276.26815809062,1033.83077681677,1,1,0,0,10,1,0,0,11,12,24,16,47,30,3,-3,24,-24,10,-10,1,4,3,13,4,28
2024-02-01,E0,West Ham,Bournemouth,1,1,1,9,9,3,4,1093.14435832856,1017.96841046013,0,0,0,1,5,0,1,1,11,9,21,19,34,25,0,0,0,0,-1,1,1,1,4,3,9,9
2024-02-01,E0,Wolves,Manchester Utd,0,3,4,16,21,7,8,1051.22713309588,980.266968621646,2,0,0,2,8,0,0,4,10,5,17,14,29,29,-1,1,-5,5,-1,1,4,3,8,7,21,16
2024-02-03,E0,Everton,Tottenham,1,2,2,14,9,5,6,983.511203618607,1124.53347093226,0,0,0,0,1,1,2,2,2,10,14,17,28,39,0,0,5,-5,-1,1,2,2,6,5,9,14
2024-02-03,E0,Brighton,Crystal Palace,2,4,1,13,7,6,5,961.633446576843,876.587136600474,0,0,0,2,9,0,1,5,6,7,13,9,26,21,3,-3,6,-6,1,-1,1,4,5,6,7,13
2024-02-03,E0,Burnley,Fulham,1,2,2,12,15,4,7,826.721035512073,929.806592514423,0,0,0,5,1,0,3,10,4,4,8,13,12,22,0,0,-3,3,-3,3,2,2,7,4,15,12
2024-02-03,E0,Newcastle,Luton,1,4,4,19,11,6,8,1004.70437955297,968.268181758811,0,0,2,0,0,2,2,1,3,10,12,13,29,19,0,0,8,-8,-2,2,4,4,8,6,11,19
2024-02-03,E0,Sheffield United,Aston Villa,0,0,5,10,14,5,10,704.87504163634,1101.61436546649,0,0,0,0,1,1,2,2,2,5,5,18,10,40,-5,5,-4,4,-5,5,5,0,10,5,14,10
2024-02-04,E0,Bournemouth,Nott'm Forest,1,1,1,9,8,2,6,1021.37735653858,871.151473277691,0,0,1,1,0,0,1,1,7,6,20,7,25,17,0,0,1,-1,-4,4,1,1,6,2,8,9
2024-02-04,E0,Chelsea,Wolves,0,2,4,15,14,6,7,1012.17975334203,1012.78084537507,4,0,0,0,5,2,0,1,9,10,15,14,30,29,-2,2,1,-1,-1,1,4,2,7,6,14,15
2024-02-04,E0,Manchester Utd,West Ham,2,3,0,12,22,5,3,1018.71325634245,1089.73541225012,0,0,0,0,2,2,1,1,7,9,14,19,32,32,3,-3,-10,10,2,-2,0,3,3,5,22,12
2024-02-04,E0,Arsenal,Liverpool,2,3,1,15,10,7,1,1131.40701651359,1297.91918156536,1,4,0,0,1,7,0,0,7,13,19,24,40,47,2,-2,5,-5,6,-6,1,3,1,7,10,15
2024-02-05,E0,Brentford,Manchester City,0,1,3,9,25,3,15,850.914042195638,1211.56680843018,1,3,0,0,1,3,0,0,3,13,6,19,21,43,-2,2,-16,16,-12,12,3,1,15,3,25,9
2024-02-10,E0,Manchester City,Everton,2,2,0,19,5,3,1,1221.342069129,989.670905668111,2,0,0,0,10,1,0,3,15,3,21,15,43,29,2,-2,14,-14,2,-2,0,2,1,3,5,19
2024-02-10,E0,Fulham,Bournemouth,2,3,1,7,25,6,4,925.193896359721,1014.86035760041,0,0,0,0,2,1,1,2,5,5,11,18,22,26,2,-2,-18,18,2,-2,1,3,4,6,25,7
2024-02-10,E0,Liverpool,Burnley,2,3,1,25,9,10,4,1234.51636330283,831.333731666775,2,0,0,2,11,0,0,2,12,2,23,9,44,13,2,-2,16,-16,6,-6,1,3,4,10,9,25
2024-02-10,E0,Luton,Sheffield United,0,1,3,20,7,5,3,969.940006203726,691.192403513018,1,0,0,2,1,0,0,11,8,1,14,5,20,10,-2,2,13,-13,2,-2,3,1,3,5,7,20
2024-02-10,E0,Tottenham,Brighton,2,2,1,16,6,6,3,1118.37376888276,1003.07700423727,4,0,0,1,4,0,0,5,8,8,18,13,37,29,1,-1,10,-10,3,-3,1,2,3,6,6,16
2024-02-10,E0,Wolves,Brentford,0,0,2,17,9,5,6,1056.56258620322,841.138781496815,0,0,1,5,0,0,1,5,10,3,17,6,29,18,-2,2,8,-8,-1,1,2,0,6,5,9,17
2024-02-10,E0,Nott'm Forest,Newcastle,0,2,3,13,7,3,5,877.668472215853,1003.03255510806,0,1,1,0,0,1,1,0,7,4,8,10,18,30,-1,1,6,-6,-2,2,3,2,5,3,7,13
2024-02-11,E0,West Ham,Arsenal,0,0,6,5,25,1,12,1024.20928415815,1194.80983477612,0,1,0,0,6,1,2,0,6,9,16,19,29,42,-6,6,-20,20,-11,11,6,0,12,1,25,5
2024-02-11,E0,Aston Villa,Manchester Utd,0,1,2,23,17,10,5,1115.29700358981,1084.23938443442,0,1,1,0,0,1,1,0,7,10,18,14,40,32,-1,1,6,-6,5,-5,2,1,5,10,17,23
2024-02-12,E0,Crystal Palace,Chelsea,0,1,3,13,14,4,5,835.143578940047,968.398012513877,2,0,0,1,3,0,0,1,6,9,9,15,20,27,-2,2,-1,1,-1,1,3,1,5,4,14,13
2024-02-17,E0,Brentford,Liverpool,0,1,4,15,15,6,8,909.168769815115,1242.3586570225,0,0,1,1,0,0,1,1,6,12,9,23,20,44,-3,3,0,0,-2,2,4,1,8,6,15,15
2024-02-17,E0,Burnley,Arsenal,0,0,5,8,16,0,7,823.49143794711,1240.08982346242,0,2,0,0,2,2,4,0,2,12,6,19,12,42,-5,5,-8,8,-7,7,5,0,7,0,16,8
2024-02-17,E0,Fulham,Aston Villa,0,1,2,15,12,4,3,980.125544762673,1080.44408609578,1,1,0,0,3,2,0,0,8,7,14,17,25,40,-1,1,3,-3,1,-1,2,1,3,4,12,15
2024-02-17,E0,Newcastle,Bournemouth,1,2,2,17,12,5,7,1023.96240709288,959.928709197463,0,0,0,1,1,0,3,3,7,2,10,15,33,26,0,0,5,-5,-2,2,2,2,7,5,12,17
2024-02-17,E0,Nott'm Forest,West Ham,2,2,0,19,10,8,3,856.738620231033,978.92929547186,0,0,2,1,0,0,2,2,4,3,8,15,15,26,2,-2,9,-9,5,-5,0,2,3,8,10,19
2024-02-17,E0,Tottenham,Wolves,0,1,2,15,12,4,7,1140.12791961995,988.532597884921,5,1,0,0,5,3,0,0,11,7,20,17,37,29,-1,1,3,-3,-3,3,2,1,7,4,12,15
2024-02-17,E0,Manchester City,Chelsea,1,1,1,31,9,5,6,1239.63626111265,996.213597963071,3,1,0,0,11,1,0,0,15,9,23,15,43,30,0,0,22,-22,-1,1,1,1,6,5,9,31
2024-02-18,E0,Sheffield United,Brighton,0,0,5,6,24,1,10,764.229402053097,981.322853500079,0,0,1,2,0,0,3,6,4,5,8,13,12,26,-5,5,-18,18,-9,9,5,0,10,1,24,6
2024-02-18,E0,Luton,Manchester Utd,0,1,2,22,21,4,9,896.903007663648,1119.09230192845,0,2,1,0,0,2,1,0,5,10,11,17,20,35,-1,1,1,-1,-5,5,2,1,9,4,21,22
2024-02-19,E0,Everton,Crystal Palace,1,1,1,19,10,4,4,971.376713684462,807.327993490853,0,0,0,3,2,0,3,6,3,6,12,8,28,17,0,0,9,-9,0,0,1,1,4,4,10,19
2024-02-20,E0,Manchester City,Brentford,2,1,0,25,6,11,2,1229.96001397866,895.199378642439,0,1,0,0,12,1,1,0,13,6,23,6,41,19,1,-1,19,-19,9,-9,0,1,2,11,6,25
2024-02-21,E0,Liverpool,Luton,2,4,1,29,12,13,3,1256.32804819517,882.969161941685,3,0,0,0,12,3,0,2,12,5,23,11,44,20,3,-3,17,-17,10,-10,1,4,3,13,12,29
2024-02-24,E0,Aston Villa,Nott'm Forest,2,4,2,16,10,6,3,1103.45289661068,915.41468174125,0,0,2,0,0,1,2,2,7,4,17,11,40,17,2,-2,6,-6,3,-3,2,4,3,6,10,16
2024-02-24,E0,Brighton,Everton,1,1,1,23,6,7,3,1014.28255456375,964.337496008388,1,0,0,1,10,0,0,4,7,4,13,10,26,29,0,0,17,-17,4,-4,1,1,3,7,6,23
2024-02-24,E0,Crystal Palace,Burnley,2,3,0,15,2,6,0,814.367211166928,811.163730074347,0,0,1,3,0,0,1,3,4,2,9,6,18,12,3,-3,13,-13,6,-6,0,3,0,6,2,15
2024-02-24,E0,Manchester Utd,Fulham,0,1,2,21,17,9,5,1133.02614765041,957.116734247772,1,0,0,0,3,1,0,11,13,5,17,11,38,22,-1,1,4,-4,4,-4,2,1,5,9,17,21
2024-02-24,E0,Bournemouth,Manchester City,0,0,1,13,15,4,6,962.844628609695,1238.09306285972,0,4,0,0,1,4,2,0,3,13,15,26,26,41,-1,1,-2,2,-2,2,1,0,6,4,15,13
2024-02-24,E0,Arsenal,Newcastle,2,4,1,18,3,8,2,1252.41753133518,1021.04648768065,2,2,0,0,2,2,0,0,15,8,19,11,42,31,3,-3,15,-15,6,-6,1,4,2,8,3,18
2024-02-25,E0,Wolves,Sheffield United,2,1,0,13,12,2,4,1033.67163114424,731.269700989426,0,1,2,0,0,1,2,0,7,4,17,8,32,12,1,-1,1,-1,-2,2,0,1,4,2,12,13
2024-02-26,E0,West Ham,Brentford,2,4,2,17,14,6,8,920.253233961643,887.066329761383,0,0,1,1,0,0,3,1,2,3,12,6,26,19,2,-2,3,-3,-2,2,2,4,8,6,14,17
2024-03-02,E0,Brentford,Chelsea,1,2,2,14,17,5,6,847.38527876601,1005.88984509706,0,0,2,0,0,2,2,1,3,7,6,16,19,30,0,0,-3,3,-1,1,2,2,6,5,17,14
2024-03-02,E0,Everton,West Ham,0,1,3,22,12,11,5,966.621837248042,959.934284957016,0,0,0,2,3,0,4,3,4,4,8,15,27,29,-2,2,10,-10,6,-6,3,1,5,11,12,22
2024-03-02,E0,Fulham,Brighton,2,3,0,12,15,5,5,1004.06276874758,1011.99821332409,0,1,1,0,0,1,1,0,8,7,11,13,24,24,3,-3,-3,3,0,0,0,3,5,5,15,12
2024-03-02,E0,Newcastle,Wolves,2,3,0,14,12,7,3,998.268775581974,1043.22143820824,0,2,0,0,2,4,4,0,8,9,11,19,28,34,3,-3,2,-2,4,-4,0,3,3,7,12,14
2024-03-02,E0,Nott'm Forest,Liverpool,0,0,1,8,22,2,2,893.21873626998,1267.71462962053,1,1,0,0,1,1,0,0,4,12,10,23,17,44,-1,1,-14,14,0,0,1,0,2,2,22,8
2024-03-02,E0,Tottenham,Crystal Palace,2,3,1,14,4,6,1,1094.98888636062,868.396019455521,0,0,1,0,0,1,1,7,8,7,20,12,34,20,2,-2,10,-10,5,-5,1,3,1,6,4,14
2024-03-02,E0,Luton,Aston Villa,0,2,3,13,12,5,8,871.582580516331,1125.64884208195,0,2,2,0,0,3,2,0,4,9,11,17,19,40,-1,1,1,-1,-3,3,3,2,8,5,12,13
2024-03-03,E0,Burnley,Bournemouth,0,0,2,20,10,6,3,757.134921785754,951.954059777084,0,0,1,0,0,1,5,4,1,3,5,12,12,25,-2,2,10,-10,3,-3,2,0,3,6,10,20
2024-03-03,E0,Manchester City,Manchester Utd,2,3,1,27,3,8,1,1248.98363169233,1086.08011315061,1,3,0,0,13,3,0,0,13,12,26,17,41,35,2,-2,24,-24,7,-7,1,3,1,8,3,27
2024-03-04,E0,Sheffield United,Arsenal,0,0,6,4,22,0,10,721.719893925429,1275.19524343385,0,3,2,0,0,3,4,0,3,15,5,22,12,44,-6,6,-18,18,-10,10,6,0,10,0,22,4
2024-03-09,E0,Manchester Utd,Everton,2,2,0,15,23,8,6,1061.40095311603,921.920137875891,0,0,1,0,0,1,1,5,9,3,16,5,35,27,2,-2,-8,8,2,-2,0,2,6,8,23,15
2024-03-09,E0,Bournemouth,Sheffield United,1,2,2,32,13,12,9,973.509103722266,715.123803604065,0,0,1,1,0,0,3,1,5,3,12,5,28,12,0,0,19,-19,3,-3,2,2,9,12,13,32
2024-03-09,E0,Crystal Palace,Luton,1,1,1,21,8,4,2,849.674965215928,859.545348685121,1,0,0,1,1,0,0,3,4,1,11,11,17,16,0,0,13,-13,2,-2,1,1,2,4,8,21
2024-03-09,E0,Wolves,Fulham,2,2,1,8,23,3,6,981.673427031009,1059.83965128688,1,1,0,0,1,2,0,0,9,10,19,14,31,27,1,-1,-15,15,-3,3,1,2,6,3,23,8
2024-03-09,E0,Arsenal,Brentford,2,2,1,17,9,6,4,1281.79133375521,854.217159243312,3,0,0,2,3,0,0,2,15,4,22,7,44,19,1,-1,8,-8,2,-2,1,2,4,6,9,17
2024-03-10,E0,Aston Villa,Tottenham,0,0,4,10,9,1,5,1137.68607391316,1113.70994060022,1,0,0,0,1,2,0,3,12,10,17,20,40,36,-4,4,1,-1,-4,4,4,0,5,1,9,10
2024-03-10,E0,Brighton,Nott'm Forest,2,1,0,10,9,3,4,956.221330784795,886.575976956617,0,0,0,1,11,0,1,3,7,4,13,10,24,16,1,-1,1,-1,-1,1,0,1,4,3,9,10
2024-03-10,E0,West Ham,Burnley,1,2,2,22,11,4,4,1004.63598432917,735.579877840572,1,0,0,4,1,0,0,4,6,1,15,5,29,9,0,0,11,-11,0,0,2,2,4,4,11,22
2024-03-10,E0,Liverpool,Manchester City,1,1,1,19,10,6,6,1274.35738893389,1273.66279172691,4,5,0,0,13,5,0,0,12,13,25,28,47,44,0,0,9,-9,0,0,1,1,6,6,10,19
2024-03-11,E0,Chelsea,Newcastle,2,3,2,12,11,8,3,999.057964619761,1059.81678675921,0,0,1,1,0,0,1,1,5,8,17,11,31,28,1,-1,1,-1,5,-5,2,3,3,8,11,12
2024-03-13,E0,Bournemouth,Luton,2,4,3,24,8,10,4,963.40716760488,859.090922975219,0,0,0,0,1,1,4,4,5,1,10,9,29,17,1,-1,16,-16,6,-6,3,4,4,10,8,24
2024-03-16,E0,Burnley,Brentford,2,2,1,17,9,6,5,745.971621904134,849.185796225756,0,0,2,3,0,0,6,3,1,1,3,7,10,19,1,-1,8,-8,1,-1,1,2,5,6,9,17
2024-03-16,E0,Luton,Nott'm Forest,1,1,1,10,16,4,6,836.420138427715,860.905992319673,0,0,3,2,0,0,3,4,1,3,6,10,17,15,0,0,-6,6,-2,2,1,1,6,4,16,10
2024-03-16,E0,Fulham,Tottenham,2,3,0,16,14,7,5,1020.75933441938,1182.6570917839,1,1,0,0,1,3,0,0,9,10,14,20,24,36,3,-3,2,-2,2,-2,0,3,5,7,14,16
2024-03-17,E0,West Ham,Aston Villa,1,1,1,13,13,5,5,994.244240265605,1068.73892272947,0,3,0,0,2,4,1,0,7,9,13,16,29,39,0,0,0,0,0,0,1,1,5,5,13,13
2024-03-30,E0,Newcastle,West Ham,2,4,3,24,10,9,4,1022.27705025259,997.623224605482,1,1,0,0,3,1,0,0,7,8,11,11,27,30,1,-1,14,-14,5,-5,3,4,4,9,10,24
2024-03-30,E0,Bournemouth,Everton,2,2,1,11,7,4,3,986.077952152384,894.780861441909,1,0,0,1,2,0,0,6,8,2,10,5,32,24,1,-1,4,-4,1,-1,1,2,3,4,7,11
2024-03-30,E0,Chelsea,Burnley,1,2,2,33,18,13,7,1036.59770112638,787.2078745808,1,0,0,0,1,1,0,5,8,4,17,6,31,13,0,0,15,-15,6,-6,2,2,7,13,18,33
2024-03-30,E0,Nott'm Forest,Crystal Palace,1,1,1,12,10,5,3,859.780240277155,850.12939092583,0,0,1,1,0,0,1,8,4,5,8,11,15,17,0,0,2,-2,2,-2,1,1,3,5,10,12
2024-03-30,E0,Sheffield United,Fulham,1,3,3,8,24,4,9,725.225739721451,1099.00916684475,0,0,3,1,0,0,5,1,4,9,5,17,13,27,0,0,-16,16,-5,5,3,3,9,4,24,8
2024-03-30,E0,Tottenham,Luton,2,2,1,17,7,4,3,1104.40725935853,837.545890470233,1,0,0,1,1,0,0,5,9,2,17,7,33,17,1,-1,10,-10,1,-1,1,2,3,4,7,17
2024-03-30,E0,Aston Villa,Wolves,2,2,0,11,13,5,3,1065.35993838959,1020.75374389851,0,0,1,1,0,0,1,1,10,9,17,19,37,33,2,-2,-2,2,2,-2,0,2,3,5,13,11
2024-03-30,E0,Brentford,Manchester Utd,1,1,1,31,11,5,5,807.94954354909,1088.54022955001,0,0,0,1,1,0,3,1,1,9,7,19,16,35,0,0,20,-20,0,0,1,1,5,5,11,31
2024-03-31,E0,Liverpool,Brighton,2,2,1,30,9,8,3,1274.32540159302,981.891315421739,0,0,0,1,14,0,1,1,13,7,25,15,47,26,1,-1,21,-21,5,-5,1,2,3,8,9,30
2024-03-31,E0,Manchester City,Arsenal,1,0,0,12,6,1,2,1273.69477906778,1286.82269677277,2,4,0,0,14,4,0,0,11,15,26,24,45,44,0,0,6,-6,-1,1,0,0,2,1,6,12
2024-04-02,E0,Newcastle,Everton,1,1,1,18,10,6,3,1052.01015250943,871.001291941795,2,0,0,2,4,0,0,7,7,2,14,5,27,24,0,0,8,-8,3,-3,1,1,3,6,10,18
2024-04-02,E0,Nott'm Forest,Fulham,2,3,1,16,18,4,3,859.335916511764,1086.34277441758,0,0,0,0,1,1,2,2,2,10,6,15,16,27,2,-2,-2,2,1,-1,1,3,3,4,18,16
2024-04-02,E0,Bournemouth,Crystal Palace,2,1,0,11,3,6,2,1009.8575216525,850.573714691221,2,0,0,0,3,1,0,9,10,6,13,12,35,18,1,-1,8,-8,4,-4,0,1,2,6,3,11
2024-04-02,E0,Burnley,Wolves,1,1,1,13,8,6,2,797.056606254208,982.496136646022,1,0,0,2,1,0,0,2,5,9,7,16,14,30,0,0,5,-5,4,-4,1,1,2,6,8,13
2024-04-02,E0,West Ham,Tottenham,1,1,1,11,13,4,4,967.890122348639,1115.74112415347,0,0,0,1,3,0,2,1,8,9,10,20,30,33,0,0,-2,2,0,0,1,1,4,4,13,11
2024-04-03,E0,Arsenal,Luton,2,2,0,13,5,4,1,1286.21842137194,826.212025675297,4,0,0,2,4,0,0,6,13,2,25,6,44,17,2,-2,8,-8,3,-3,0,2,1,4,5,13
2024-04-03,E0,Brentford,Brighton,1,0,0,5,24,2,6,818.641813837868,971.865866601599,0,0,0,2,2,0,4,2,2,7,5,12,14,26,0,0,-19,19,-4,4,0,0,6,2,24,5
2024-04-03,E0,Manchester City,Aston Villa,2,4,1,25,8,11,3,1274.29905446862,1103.61754564208,0,0,0,0,15,5,1,1,11,10,24,17,43,37,3,-3,17,-17,8,-8,1,4,3,11,8,25
2024-04-04,E0,Liverpool,Sheffield United,2,3,1,29,8,9,3,1284.35085041316,737.892132148624,1,0,0,0,15,1,0,2,13,2,25,6,47,14,2,-2,21,-21,6,-6,1,3,3,9,8,29
2024-04-04,E0,Chelsea,Manchester Utd,2,4,3,28,19,10,5,1026.74896945297,1077.84795926123,0,0,0,0,2,1,1,2,9,7,18,17,29,33,1,-1,9,-9,5,-5,3,4,5,10,19,28
2024-04-06,E0,Crystal Palace,Manchester City,0,2,4,7,18,4,8,832.296104689663,1304.00696229638,0,0,0,0,2,6,1,1,5,11,9,24,18,43,-2,2,-11,11,-4,4,4,2,8,4,18,7
2024-04-06,E0,Aston Villa,Brentford,1,3,3,11,8,3,3,1073.90963781431,825.273570956134,1,0,0,4,1,0,0,4,7,3,16,6,37,12,0,0,3,-3,0,0,3,3,3,3,8,11
2024-04-06,E0,Everton,Burnley,2,1,0,12,6,3,1,878.656654711184,804.868336691473,0,0,1,0,0,2,5,6,2,6,6,7,22,15,1,-1,6,-6,2,-2,0,1,1,3,6,12
2024-04-06,E0,Fulham,Newcastle,0,0,1,14,12,4,5,1017.31352407036,1044.35478974005,2,0,0,2,2,0,0,2,7,7,15,15,27,27,-1,1,2,-2,-1,1,1,0,5,4,12,14
2024-04-06,E0,Luton,Bournemouth,2,2,1,19,8,9,1,820.413014566959,1028.13513165405,0,1,0,0,1,2,4,0,2,13,3,16,16,35,1,-1,11,-11,8,-8,1,2,1,9,8,19
2024-04-06,E0,Wolves,West Ham,0,1,2,14,11,7,4,974.684406208757,974.315645108142,2,0,0,1,2,0,0,1,7,6,14,10,30,31,-1,1,3,-3,3,-3,2,1,4,7,11,14
2024-04-06,E0,Brighton,Arsenal,0,0,3,10,20,2,7,965.234109483334,1292.01743248027,1,0,0,0,12,5,0,1,5,13,12,28,26,44,-3,3,-10,10,-5,5,3,0,7,2,20,10
2024-04-07,E0,Manchester Utd,Liverpool,1,2,2,9,28,5,7,1041.17521190921,1287.97017942036,1,2,0,0,1,2,0,0,4,13,17,25,33,47,0,0,-19,19,-2,2,2,2,7,5,28,9
2024-04-07,E0,Sheffield United,Chelsea,1,2,2,11,6,6,3,734.272803141419,1063.42171680499,0,0,0,0,1,3,6,2,2,9,6,18,14,31,0,0,5,-5,3,-3,2,2,3,6,6,11
2024-04-07,E0,Tottenham,Nott'm Forest,2,3,1,17,13,7,6,1109.31560139396,928.36516685898,2,0,0,0,2,1,0,5,10,5,18,9,31,16,2,-2,4,-4,1,-1,1,3,6,7,13,17
2024-04-13,E0,Newcastle,Tottenham,2,4,0,18,11,5,2,1073.86921403569,1132.19478324775,0,0,0,0,5,1,1,2,10,10,18,20,27,34,4,-4,7,-7,3,-3,0,4,2,5,11,18
2024-04-13,E0,Brentford,Sheffield United,2,2,0,9,8,5,2,835.100714142448,746.090220570101,0,0,0,1,3,0,5,3,3,3,7,6,13,12,2,-2,1,-1,3,-3,0,2,2,5,8,9
2024-04-13,E0,Burnley,Brighton,1,1,1,11,20,3,8,779.564121783965,950.8093315253,0,0,0,0,2,1,1,3,6,4,7,11,15,25,0,0,-9,9,-5,5,1,1,8,3,20,11
2024-04-13,E0,Manchester City,Luton,2,5,1,33,4,13,2,1309.45158266324,869.550096884763,1,0,0,3,16,0,0,7,11,4,24,5,43,19,4,-4,29,-29,11,-11,1,5,2,13,4,33
2024-04-13,E0,Nott'm Forest,Wolves,1,2,2,18,11,9,4,905.485985005193,942.650442068985,1,0,0,0,2,1,0,3,5,4,9,13,16,30,0,0,7,-7,5,-5,2,2,4,9,11,18
2024-04-13,E0,Bournemouth,Manchester Utd,1,2,2,20,8,5,2,978.998049336251,1050.94938176981,3,0,0,1,4,0,0,3,10,5,15,17,35,31,0,0,12,-12,3,-3,2,2,2,5,8,20
2024-04-14,E0,Liverpool,Crystal Palace,0,0,1,21,8,6,5,1278.19600955977,826.851484322806,2,0,0,1,16,0,0,10,11,2,23,9,47,15,-1,1,13,-13,1,-1,1,0,5,6,8,21
2024-04-14,E0,West Ham,Fulham,0,0,2,15,18,4,10,1006.34960924791,987.799099774722,0,0,0,1,4,0,3,3,6,4,12,14,31,27,-2,2,-3,3,-6,6,2,0,10,4,18,15
2024-04-14,E0,Arsenal,Aston Villa,0,0,2,18,11,4,2,1306.44221043831,1064.082494628,5,0,0,1,5,0,0,2,13,5,28,17,47,35,-2,2,7,-7,2,-2,2,0,2,4,11,18
2024-04-15,E0,Chelsea,Everton,2,6,0,14,10,10,2,1051.6042993763,903.960869618692,1,0,0,0,3,1,0,8,9,4,16,8,32,24,6,-6,4,-4,8,-8,0,6,2,10,10,14
2024-04-20,E0,Luton,Brentford,0,1,5,6,21,3,9,860.05188231323,867.961863750914,1,0,0,0,2,1,0,5,4,6,5,7,16,16,-4,4,-15,15,-6,6,5,1,9,3,21,6
2024-04-20,E0,Sheffield United,Burnley,0,1,4,18,16,11,9,713.229070961635,786.868152169981,0,0,0,1,2,0,7,7,3,6,6,7,11,16,-3,3,2,-2,2,-2,4,1,9,11,16,18
2024-04-20,E0,Wolves,Arsenal,0,0,2,5,24,3,9,940.945453519298,1236.1462817812,0,1,1,0,0,6,1,0,5,10,14,25,28,44,-2,2,-19,19,-6,6,2,0,9,3,24,5
2024-04-21,E0,Everton,Nott'm Forest,2,2,0,7,8,4,3,854.199322396261,907.19097355488,1,0,0,1,1,0,0,6,4,6,7,9,21,17,2,-2,-1,1,1,-1,0,2,3,4,8,7
2024-04-21,E0,Aston Villa,Bournemouth,2,3,1,14,14,4,6,1134.37842328511,982.264960592268,0,0,0,1,2,0,1,1,8,10,17,15,35,33,2,-2,0,0,-2,2,1,3,6,4,14,14
2024-04-21,E0,Crystal Palace,West Ham,2,5,2,18,4,7,1,886.418990819156,960.152539074873,0,1,1,0,0,1,2,0,5,5,9,12,18,28,3,-3,14,-14,6,-6,2,5,1,7,4,18
2024-04-21,E0,Fulham,Liverpool,0,1,3,12,14,5,7,1033.99616994776,1218.62850306342,0,0,1,0,0,3,1,1,7,8,16,20,27,44,-2,2,-2,2,-2,2,3,1,7,5,14,12
2024-04-23,E0,Arsenal,Chelsea,2,5,0,27,7,10,1,1249.70311615707,1101.36584659873,0,0,1,0,0,4,1,3,10,11,25,16,44,32,5,-5,20,-20,9,-9,0,5,1,10,7,27
2024-04-24,E0,Wolves,Bournemouth,0,0,1,15,21,4,6,927.388619143423,956.46939814605,0,0,2,2,0,0,2,2,2,7,11,15,28,30,-1,1,-6,6,-2,2,1,0,6,4,21,15
2024-04-24,E0,Crystal Palace,Newcastle,2,2,0,20,7,7,2,952.352735541301,1149.0999525599,1,1,0,0,1,1,0,0,7,10,12,18,21,30,2,-2,13,-13,5,-5,0,2,2,7,7,20
2024-04-24,E0,Everton,Liverpool,2,2,0,16,23,6,7,904.694809566608,1241.15107166385,2,1,0,0,2,4,0,0,7,10,9,23,24,46,2,-2,-7,7,-1,1,0,2,7,6,23,16
2024-04-24,E0,Manchester Utd,Sheffield United,2,4,2,25,10,13,4,1047.68247051379,670.085446149658,0,0,0,2,2,0,1,4,6,2,15,6,29,11,2,-2,15,-15,9,-9,2,4,4,13,10,25
2024-04-25,E0,Brighton,Manchester City,0,0,4,7,14,3,6,943.505301139284,1318.94979723477,0,1,1,0,0,7,1,0,5,11,12,24,25,45,-4,4,-7,7,-3,3,4,0,6,3,14,7
2024-04-27,E0,West Ham,Liverpool,1,2,2,11,28,8,8,894.218794352728,1164.48796052153,0,0,1,1,0,0,4,1,4,7,12,20,27,43,0,0,-17,17,0,0,2,2,8,8,28,11
2024-04-27,E0,Fulham,Crystal Palace,1,1,1,9,14,2,4,1011.47360134733,1018.69286563227,0,1,2,0,0,1,2,0,4,9,13,15,27,23,0,0,-5,5,-2,2,1,1,4,2,14,9
2024-04-27,E0,Manchester Utd,Burnley,1,1,1,27,16,10,7,1056.6420790591,830.011776981958,1,1,0,0,3,1,0,0,6,6,15,10,29,16,0,0,11,-11,3,-3,1,1,7,10,16,27
2024-04-27,E0,Newcastle,Sheffield United,2,5,1,20,15,7,5,1082.75982246893,661.125837604353,1,0,0,3,6,0,0,5,10,1,17,3,27,11,4,-4,5,-5,2,-2,1,5,5,7,15,20
2024-04-27,E0,Wolves,Luton,2,2,1,13,9,5,6,898.060820400069,797.017221028811,0,0,3,4,0,0,3,8,2,3,11,5,28,16,1,-1,4,-4,-1,1,1,2,6,5,9,13
2024-04-27,E0,Everton,Brentford,2,1,0,18,10,1,4,981.35792070892,930.996525035332,3,1,0,0,3,2,0,0,10,9,12,10,24,16,1,-1,8,-8,-3,3,0,1,4,1,10,18
2024-04-27,E0,Aston Villa,Chelsea,1,2,2,9,21,4,5,1160.17398573133,1057.18123400293,1,0,0,1,3,0,0,4,10,8,20,16,37,31,0,0,-12,12,-1,1,2,2,5,4,21,9
2024-04-28,E0,Bournemouth,Brighton,2,3,0,15,13,6,1,985.797196889403,930.180767429081,0,0,0,0,5,2,1,4,7,2,17,9,32,22,3,-3,2,-2,5,-5,0,3,1,6,13,15
2024-04-28,E0,Tottenham,Arsenal,0,2,3,14,9,2,3,1056.96404472354,1293.88772875288,3,2,0,0,3,7,0,0,7,12,17,25,34,44,-1,1,5,-5,-1,1,3,2,3,2,9,14
2024-04-28,E0,Nott'm Forest,Manchester City,0,0,2,14,11,2,5,856.695486384533,1332.27433094498,0,2,0,0,3,8,1,0,5,13,9,24,17,47,-2,2,3,-3,-3,3,2,0,5,2,11,14
2024-05-02,E0,Chelsea,Tottenham,2,2,0,16,19,5,3,1061.7900112275,1043.93258692258,2,0,0,1,4,0,0,3,8,7,17,16,32,34,2,-2,-3,3,2,-2,0,2,3,5,19,16
2024-05-03,E0,Luton,Everton,1,1,1,18,10,5,3,774.069882603238,1008.75168024037,0,0,1,1,0,0,1,9,3,12,5,14,16,24,0,0,8,-8,2,-2,1,1,3,5,10,18
2024-05-04,E0,Arsenal,Bournemouth,2,3,0,25,7,9,2,1306.91918655383,1031.67334524222,1,1,0,0,1,1,0,0,12,7,25,20,44,32,3,-3,18,-18,7,-7,0,3,2,9,7,25
2024-05-04,E0,Brentford,Fulham,1,0,0,7,15,3,3,903.602765503884,1011.8060129151,1,1,0,0,4,1,0,0,8,4,10,14,16,25,0,0,-8,8,0,0,0,0,3,3,15,7
2024-05-04,E0,Burnley,Newcastle,0,1,4,17,23,5,11,839.183177697003,1093.22579408865,0,0,0,1,3,0,2,1,6,10,11,17,17,27,-3,3,-6,6,-6,6,4,1,11,5,23,17
2024-05-04,E0,Sheffield United,Nott'm Forest,0,1,3,17,15,5,4,650.659865984636,851.363467991325,0,0,1,2,0,0,8,7,1,4,3,6,11,17,-2,2,2,-2,1,-1,3,1,4,5,15,17
2024-05-04,E0,Manchester City,Wolves,2,5,1,20,2,12,1,1337.60634933818,921.008158825642,2,0,0,0,17,2,0,4,15,4,26,11,49,28,4,-4,18,-18,11,-11,1,5,1,12,2,20
2024-05-05,E0,Brighton,Aston Villa,2,1,0,15,2,8,1,884.304619076261,1155.56520850676,0,1,2,0,0,1,2,0,2,8,9,18,22,35,1,-1,13,-13,7,-7,0,1,1,8,2,15
2024-05-05,E0,Chelsea,West Ham,2,5,0,25,13,14,2,1103.39542711808,904.642763817139,3,0,0,1,5,0,0,1,8,5,17,13,32,25,5,-5,12,-12,12,-12,0,5,2,14,13,25
2024-05-05,E0,Liverpool,Tottenham,2,4,2,25,11,13,6,1154.06399105712,1002.32717103199,0,0,1,2,0,0,1,4,5,4,18,13,41,33,2,-2,14,-14,7,-7,2,4,6,13,11,25
2024-05-06,E0,Crystal Palace,Manchester Utd,2,4,0,18,7,10,2,1018.36045406451,1047.47067834405,2,0,0,0,2,1,0,4,10,6,15,13,24,30,4,-4,11,-11,8,-8,0,4,2,10,7,18
2024-05-11,E0,Fulham,Manchester City,0,0,4,1,16,1,9,1006.97815562718,1348.35450548049,0,3,0,0,1,9,3,0,5,15,12,26,23,52,-4,4,-15,15,-8,8,4,0,9,1,16,1
2024-05-11,E0,Bournemouth,Brentford,0,1,2,13,11,4,5,1013.11436260185,908.430622791803,1,0,0,1,6,0,0,1,7,8,17,11,29,17,-1,1,2,-2,-1,1,2,1,5,4,11,13
2024-05-11,E0,Everton,Sheffield United,2,1,0,15,13,6,1,999.334631356421,629.650790572834,4,0,0,4,4,0,0,6,10,0,14,3,22,8,1,-1,2,-2,5,-5,0,1,1,6,13,15
2024-05-11,E0,Newcastle,Brighton,1,1,1,18,15,7,4,1113.74085643534,937.205015821204,2,0,0,1,7,0,0,5,12,4,19,9,30,22,0,0,3,-3,3,-3,1,1,4,7,15,18
2024-05-11,E0,Tottenham,Burnley,2,2,1,21,7,9,3,976.492110358529,818.668115350309,0,0,1,0,0,2,1,1,3,5,13,11,33,16,1,-1,14,-14,6,-6,1,2,3,9,7,21
2024-05-11,E0,West Ham,Luton,2,3,1,24,4,8,1,868.899491493719,783.486931487185,0,0,0,5,1,0,5,9,4,4,10,6,25,17,2,-2,20,-20,7,-7,1,3,1,8,4,24
2024-05-11,E0,Wolves,Crystal Palace,0,1,3,13,13,7,3,910.260002683334,1088.25521301987,1,0,0,0,1,2,0,1,4,13,8,15,27,27,-2,2,0,0,4,-4,3,1,3,7,13,13
2024-05-11,E0,Nott'm Forest,Chelsea,0,2,3,20,12,4,5,872.372543403127,1139.1386994415,0,0,1,0,0,1,2,5,4,10,9,19,19,35,-1,1,8,-8,-1,1,3,2,5,4,12,20
2024-05-12,E0,Manchester Utd,Arsenal,0,0,1,14,11,2,5,977.575919388684,1325.4781691942,0,3,0,0,4,8,1,0,6,12,10,25,27,47,-1,1,3,-3,-3,3,1,0,5,2,11,14
2024-05-13,E0,Aston Villa,Liverpool,1,3,3,19,14,5,7,1102.66481176182,1179.89905173059,0,0,0,0,4,1,1,2,8,7,15,18,32,41,0,0,5,-5,-2,2,3,3,7,5,14,19
2024-05-14,E0,Tottenham,Manchester City,0,0,2,10,8,5,5,994.879646662174,1364.21113025296,1,4,0,0,1,10,0,0,3,15,13,26,33,52,-2,2,2,-2,0,0,2,0,5,5,8,10
2024-05-15,E0,Brighton,Chelsea,0,1,2,12,13,2,6,944.700568954834,1150.47767702254,1,1,0,0,1,2,0,0,5,10,9,21,22,38,-1,1,-1,1,-4,4,2,1,6,2,13,12
2024-05-15,E0,Manchester Utd,Newcastle,2,3,2,17,21,8,8,969.964964994069,1106.24530330171,0,1,1,0,0,1,2,0,5,10,10,20,27,31,1,-1,-4,4,0,0,2,3,8,8,21,17
2024-05-19,E0,Arsenal,Everton,2,2,1,26,5,5,2,1333.08912358882,1006.14411828819,2,0,0,0,2,1,0,10,15,13,25,17,47,22,1,-1,21,-21,3,-3,1,2,2,5,5,26
2024-05-19,E0,Brentford,Newcastle,0,2,4,10,12,5,7,949.790799389579,1062.29985802115,0,0,0,1,5,0,1,1,10,7,13,17,20,28,-2,2,-2,2,-2,2,4,2,7,5,12,10
2024-05-19,E0,Brighton,Manchester Utd,0,0,2,17,11,3,4,929.709503751871,1013.91041027463,0,0,1,1,0,0,1,5,4,7,9,13,22,29,-2,2,6,-6,-1,1,2,0,4,3,11,17
2024-05-19,E0,Burnley,Nott'm Forest,0,1,2,20,12,3,6,800.280579046663,861.033565822091,0,1,1,0,0,1,3,0,5,4,11,9,16,19,-1,1,8,-8,-3,3,2,1,6,3,12,20
2024-05-19,E0,Chelsea,Bournemouth,2,2,1,16,22,6,5,1165.4687422255,971.754186004078,4,0,0,1,6,0,0,1,13,6,21,16,38,26,1,-1,-6,6,1,-1,1,2,5,6,22,16
2024-05-19,E0,Crystal Palace,Aston Villa,2,5,0,15,8,9,2,1111.42325541283,1106.16412775292,3,0,0,1,3,0,0,1,13,8,18,13,29,30,5,-5,7,-7,7,-7,0,5,2,9,8,15
2024-05-19,E0,Liverpool,Wolves,2,2,0,36,4,14,3,1176.39973573948,887.09196029038,1,0,0,1,1,0,0,5,8,3,16,8,41,27,2,-2,32,-32,11,-11,0,2,3,14,4,36
2024-05-19,E0,Luton,Fulham,0,2,4,15,15,6,7,750.199065724483,991.121530854712,0,0,0,0,1,2,2,1,1,5,5,9,14,23,-2,2,0,0,-1,1,4,2,7,6,15,15
2024-05-19,E0,Manchester City,West Ham,2,3,1,28,3,12,2,1373.56080570383,902.187357256421,3,0,0,2,18,0,0,2,15,4,26,10,54,25,2,-2,25,-25,10,-10,1,3,2,12,3,28
2024-05-19,E0,Sheffield United,Tottenham,0,0,3,6,18,1,9,622.841303641068,985.529971211302,0,0,2,3,0,0,9,5,0,3,3,10,8,30,-3,3,-12,12,-8,8,3,0,9,1,18,6
2022-08-05,E0,Crystal Palace,Arsenal,0,0,2,10,10,2,2,1184.28584387072,1341.54697688584,4,4,0,0,4,9,0,0,13,15,20,25,31,49,-2,2,0,0,0,0,2,0,2,2,10,10
2022-08-06,E0,Fulham,Liverpool,1,2,2,9,11,3,4,1008.65662426577,1190.34995428033,0,0,1,0,0,2,4,3,5,8,12,18,26,43,0,0,-2,2,-1,1,2,2,4,3,11,9
2022-08-06,E0,Bournemouth,Aston Villa,2,2,0,7,15,3,2,955.951348338845,1033.30153929503,0,0,1,2,0,0,1,2,6,5,13,13,23,29,2,-2,-8,8,1,-1,0,2,2,3,15,7
2022-08-06,E0,Leeds,Wolves,2,2,1,12,15,4,6,1000,873.14174174953,0,0,0,2,0,0,0,6,0,3,0,5,0,24,1,-1,-3,3,-2,2,1,2,6,4,15,12
2022-08-06,E0,Newcastle,Nott'm Forest,2,2,0,23,5,10,0,1092.43165133967,887.494350666611,0,2,0,0,8,2,1,0,10,6,20,12,31,22,2,-2,18,-18,10,-10,0,2,0,10,5,23
2022-08-06,E0,Tottenham,Southampton,2,4,1,18,10,8,2,997.558320426927,1000,0,0,1,0,0,0,1,0,6,0,13,0,30,0,3,-3,8,-8,6,-6,1,4,2,8,10,18
2022-08-06,E0,Everton,Chelsea,0,0,1,8,15,4,6,997.686264991161,1181.27157989074,5,2,0,0,5,3,0,0,10,15,17,23,22,41,-1,1,-7,7,-2,2,1,0,6,4,15,8
2022-08-07,E0,Leicester,Brentford,1,2,2,14,8,5,3,1000,919.659006071056,0,1,0,0,0,1,0,0,0,7,0,13,0,20,0,0,6,-6,2,-2,2,2,3,5,8,14
2022-08-07,E0,Manchester Utd,Brighton,0,1,2,17,15,5,4,1047.34246293693,896.277451089575,1,0,0,0,1,1,0,6,7,4,13,6,32,21,-1,1,2,-2,1,-1,2,1,4,5,15,17
2022-08-07,E0,West Ham,Manchester City,0,0,2,6,14,1,2,896.732809860285,1379.01535309997,1,5,0,0,2,11,0,0,4,15,9,28,22,54,-2,2,-8,8,-1,1,2,0,2,1,14,6
2022-08-13,E0,Aston Villa,Everton,2,2,1,12,15,4,4,979.838006632058,981.179316745869,0,0,0,1,5,0,2,11,2,7,12,17,29,22,1,-1,-3,3,0,0,1,2,4,4,15,12
2022-08-13,E0,Arsenal,Leicester,2,4,2,19,6,7,2,1366.80625941665,996.364725725011,3,0,0,0,3,0,0,0,15,1,27,1,52,1,2,-2,13,-13,5,-5,2,4,2,7,6,19
2022-08-13,E0,Brighton,Newcastle,1,0,0,13,4,7,1,941.375849974593,1113.05382223232,0,1,2,0,0,1,2,0,7,10,9,20,21,34,0,0,9,-9,6,-6,0,0,1,7,4,13
2022-08-13,E0,Manchester City,Bournemouth,2,4,0,19,3,7,1,1384.15736284761,1009.41488100182,4,0,0,2,19,0,0,2,15,6,30,13,54,26,4,-4,16,-16,6,-6,0,4,1,7,3,19
2022-08-13,E0,Southampton,Leeds,1,2,2,14,13,4,5,945.085178633021,1020.80888370682,0,0,0,0,0,0,0,0,0,3,0,3,0,3,0,0,1,-1,-1,1,2,2,5,4,13,14
2022-08-13,E0,Wolves,Fulham,1,0,0,7,9,1,3,852.332858042714,1016.33626918458,0,1,1,0,0,3,1,0,3,6,5,10,21,27,0,0,-2,2,-2,2,0,0,3,1,9,7
2022-08-13,E0,Brentford,Manchester Utd,2,4,0,13,15,7,4,923.294280346044,1002.24406405191,0,1,1,0,0,1,2,0,5,6,14,12,21,29,4,-4,-2,2,3,-3,0,4,4,7,15,13
2022-08-14,E0,Nott'm Forest,West Ham,2,1,0,13,19,6,5,866.872179773961,891.590800112646,0,0,2,3,0,0,3,3,6,4,11,8,19,19,1,-1,-6,6,1,-1,0,1,5,6,19,13
2022-08-14,E0,Chelsea,Tottenham,1,2,2,16,10,3,5,1197.77852813603,1052.47314179391,5,1,0,0,7,1,0,0,15,9,23,13,41,33,0,0,6,-6,-2,2,2,2,5,3,10,16
2022-08-15,E0,Liverpool,Crystal Palace,1,1,1,24,7,4,3,1182.67030936153,1159.02656133992,2,1,0,0,2,3,0,0,9,10,16,19,41,31,0,0,17,-17,1,-1,1,1,3,4,7,24
2022-08-20,E0,Tottenham,Wolves,2,1,0,11,20,4,3,1058.80005292302,859.370392931344,1,0,0,3,1,0,0,7,10,1,13,5,31,19,1,-1,-9,9,1,-1,0,1,3,4,20,11
2022-08-20,E0,Crystal Palace,Aston Villa,2,3,1,17,13,9,5,1160.11371844857,1011.96154524523,0,0,1,3,0,0,1,3,10,4,20,12,29,29,2,-2,4,-4,4,-4,1,3,5,9,13,17
2022-08-20,E0,Everton,Nott'm Forest,1,1,1,19,14,8,5,949.055778132692,901.145015301469,0,0,1,1,0,0,1,1,4,9,16,13,22,19,0,0,5,-5,3,-3,1,1,5,8,14,19
2022-08-20,E0,Fulham,Brentford,2,3,2,18,13,9,5,1009.29873429595,1002.20740278847,0,0,0,0,1,2,5,1,6,8,10,16,25,21,1,-1,5,-5,4,-4,2,3,5,9,13,18
2022-08-20,E0,Leicester,Southampton,0,1,2,6,9,1,3,987.068292126816,948.518196681793,0,0,0,1,1,0,1,1,1,1,1,1,1,1,-1,1,-3,3,-2,2,2,1,3,1,9,6
2022-08-20,E0,Bournemouth,Arsenal,0,0,3,6,14,1,6,996.041985355454,1376.10269301484,1,5,0,0,1,10,0,0,3,15,10,27,26,55,-3,3,-8,8,-5,5,3,0,6,1,14,6
2022-08-21,E0,Leeds,Chelsea,2,3,0,12,14,6,3,1017.37586565804,1191.45161700691,1,3,0,0,1,4,0,0,4,13,4,23,4,39,3,-3,-2,2,3,-3,0,3,3,6,14,12
2022-08-21,E0,West Ham,Brighton,0,0,2,13,11,3,2,857.317964585138,948.695647659759,0,1,1,0,0,2,1,0,3,5,8,9,18,21,-2,2,2,-2,1,-1,2,0,2,3,11,13
2022-08-21,E0,Newcastle,Manchester City,1,3,3,12,21,6,10,1105.73402454715,1397.53025849397,1,6,0,0,9,12,0,0,8,15,20,30,35,54,0,0,-9,9,-4,4,3,3,10,6,21,12
2022-08-22,E0,Manchester Utd,Liverpool,2,2,1,12,17,4,5,923.330941609488,1181.58315225287,0,0,1,0,0,3,1,4,6,9,12,14,29,39,1,-1,-5,5,-1,1,1,2,5,4,17,12
2022-08-27,E0,Southampton,Manchester Utd,0,0,1,17,11,5,6,984.05429232406,975.527440463726,0,0,0,1,1,0,1,1,4,9,4,14,4,31,-1,1,6,-6,-1,1,1,0,6,5,11,17
2022-08-27,E0,Brentford,Everton,1,1,1,19,14,5,7,970.8604478761,946.863285807603,1,0,0,2,1,0,0,12,7,4,15,14,21,22,0,0,5,-5,-2,2,1,1,7,5,14,19
2022-08-27,E0,Brighton,Leeds,2,1,0,13,10,4,2,981.277248591589,1097.15161039789,0,0,0,0,1,1,3,1,7,7,12,7,23,7,1,-1,3,-3,2,-2,0,1,2,4,10,13
2022-08-27,E0,Chelsea,Leicester,2,2,1,7,17,3,5,1111.67587226707,951.532196484549,0,0,0,1,8,0,1,1,10,1,20,1,36,1,1,-1,-10,10,-2,2,1,2,5,3,17,7
2022-08-27,E0,Liverpool,Bournemouth,2,9,0,19,5,12,2,1129.38665339864,985.042860702111,0,0,0,3,3,0,1,3,6,3,13,10,36,25,9,-9,14,-14,10,-10,0,9,2,12,5,19
2022-08-27,E0,Manchester City,Crystal Palace,2,4,2,18,2,5,2,1386.55852487321,1186.32645374858,5,0,0,0,20,4,0,1,13,10,28,23,52,32,2,-2,16,-16,3,-3,2,4,2,5,2,18
2022-08-27,E0,Arsenal,Fulham,2,2,1,22,11,8,3,1387.10181766819,1040.64568920832,4,0,0,0,4,4,0,1,15,8,27,13,55,28,1,-1,11,-11,5,-5,1,2,3,8,11,22
2022-08-28,E0,Aston Villa,West Ham,0,0,1,9,7,3,2,985.748809945232,824.736363653309,1,0,0,4,6,0,0,4,4,3,12,7,28,17,-1,1,2,-2,1,-1,1,0,2,3,7,9
2022-08-28,E0,Wolves,Newcastle,1,1,1,10,21,4,6,843.955809823017,1116.70575816791,0,0,0,0,1,2,2,1,1,8,5,18,18,36,0,0,-11,11,-2,2,1,1,6,4,21,10
2022-08-28,E0,Nott'm Forest,Tottenham,0,0,2,17,18,1,7,903.337507626558,1074.21463603135,1,0,0,0,1,2,0,1,7,10,11,13,20,33,-2,2,-1,1,-6,6,2,0,7,1,18,17
2022-08-30,E0,Crystal Palace,Brentford,1,1,1,13,9,4,3,1165.27398024875,969.757091714846,1,0,0,1,1,0,0,2,7,5,20,15,29,22,0,0,4,-4,1,-1,1,1,3,4,9,13
2022-08-30,E0,Fulham,Brighton,2,2,1,10,7,3,4,1032.97873433837,1023.57081730583,1,2,0,0,2,3,0,0,8,10,13,14,27,26,1,-1,3,-3,-1,1,1,2,4,3,7,10
2022-08-30,E0,Southampton,Chelsea,2,2,1,9,10,7,4,951.269097885048,1129.888917634,0,0,1,1,0,0,2,1,4,10,4,23,4,39,1,-1,-1,1,3,-3,1,2,4,7,10,9
2022-08-30,E0,Leeds,Everton,1,1,1,14,7,5,2,1054.85804168365,947.966641968857,2,0,0,0,2,1,0,13,7,2,7,15,7,22,0,0,7,-7,3,-3,1,1,2,5,7,14
2022-08-31,E0,Arsenal,Aston Villa,2,2,1,22,4,9,3,1394.76877253814,939.896761967,5,0,0,4,5,0,0,4,15,3,30,11,55,28,1,-1,18,-18,6,-6,1,2,3,9,4,22
2022-08-31,E0,Bournemouth,Wolves,1,0,0,5,17,2,4,919.015947158498,854.445227020937,0,0,1,4,0,0,1,8,3,2,9,5,24,19,0,0,-12,12,-2,2,0,0,4,2,17,5
2022-08-31,E0,Manchester City,Nott'm Forest,2,6,0,17,8,9,1,1407.61099837303,879.464176729776,6,0,0,0,21,1,0,2,13,7,28,11,52,20,6,-6,9,-9,8,-8,0,6,1,9,8,17
2022-08-31,E0,West Ham,Tottenham,1,1,1,14,13,4,4,870.588411631541,1098.08796692813,0,1,2,0,0,3,2,0,3,13,7,16,19,33,0,0,1,-1,0,0,1,1,4,4,13,14
2022-08-31,E0,Liverpool,Newcastle,2,2,1,23,5,6,2,1195.41356694225,1106.21634096999,1,0,0,0,4,3,0,2,8,9,16,16,36,34,1,-1,18,-18,4,-4,1,2,2,6,5,23
2022-09-01,E0,Leicester,Manchester Utd,0,0,1,10,9,2,2,933.319151117612,1008.31263490274,0,1,1,0,0,1,2,0,1,9,1,16,1,31,-1,1,1,-1,0,0,1,0,2,2,9,10
2022-09-03,E0,Everton,Liverpool,1,0,0,14,23,3,8,952.739524512504,1219.37405672744,0,0,0,1,1,0,2,5,3,8,13,16,22,39,0,0,-9,9,-5,5,0,0,8,3,23,14
2022-09-03,E0,Brentford,Leeds,2,5,2,14,17,8,6,977.917246463678,1050.08515914,0,0,0,1,2,0,1,2,6,8,13,8,20,8,3,-3,-3,3,2,-2,2,5,6,8,17,14
2022-09-03,E0,Chelsea,West Ham,2,2,1,8,6,3,3,1082.74841604874,879.786651434095,1,1,0,0,9,1,0,0,7,4,22,8,39,20,1,-1,2,-2,0,0,1,2,3,3,6,8
2022-09-03,E0,Newcastle,Crystal Palace,1,0,0,23,19,6,9,1082.2558511848,1157.11382549992,0,0,0,1,10,0,1,2,6,5,16,18,33,30,0,0,4,-4,-3,3,0,0,9,6,19,23
2022-09-03,E0,Nott'm Forest,Bournemouth,0,2,3,11,8,3,3,871.879966236286,916.076125099556,0,0,1,4,0,0,1,4,4,4,10,10,19,25,-1,1,3,-3,0,0,3,2,3,3,8,11
2022-09-03,E0,Tottenham,Fulham,2,2,1,23,9,10,3,1088.88972712558,1064.11244487631,2,0,0,1,2,0,0,2,11,8,17,13,33,29,1,-1,14,-14,7,-7,1,2,3,10,9,23
2022-09-03,E0,Wolves,Southampton,2,1,0,7,12,2,1,857.38504907988,998.409599470311,0,1,0,0,2,1,3,0,3,7,6,7,17,7,1,-1,-5,5,1,-1,0,1,1,2,12,7
2022-09-03,E0,Aston Villa,Manchester City,1,1,1,3,13,1,4,935.547311189771,1415.19520886652,0,0,1,0,0,13,1,1,3,13,8,28,25,52,0,0,-10,10,-3,3,1,1,4,1,13,3
2022-09-04,E0,Brighton,Leicester,2,5,2,23,6,11,4,992.437106767894,908.12099879255,1,0,0,2,2,0,0,2,10,1,14,1,23,1,3,-3,17,-17,7,-7,2,5,4,11,6,23
2022-09-04,E0,Manchester Utd,Arsenal,2,3,1,10,16,6,3,1033.5107872278,1399.11822331536,1,6,0,0,1,11,0,0,9,15,16,30,31,55,2,-2,-6,6,3,-3,1,3,3,6,16,10
2022-09-16,E0,Aston Villa,Southampton,2,1,0,11,7,3,1,949.644456764021,954.090016258223,0,0,0,1,1,0,2,1,4,7,6,7,26,7,1,-1,4,-4,2,-2,0,1,1,3,7,11
2022-09-16,E0,Nott'm Forest,Fulham,0,2,3,11,15,3,7,843.928767776502,1034.39065604457,0,0,2,2,0,0,2,3,4,7,10,13,19,26,-1,1,-4,4,-4,4,3,2,7,3,15,11
2022-09-17,E0,Wolves,Manchester City,0,0,3,6,16,1,7,901.704632291967,1401.09806329227,1,0,0,0,3,14,0,2,6,11,9,26,20,52,-3,3,-10,10,-6,6,3,0,7,1,16,6
2022-09-17,E0,Newcastle,Bournemouth,1,1,1,20,10,7,3,1085.65081603494,944.02732355934,0,1,0,0,11,1,2,0,4,4,14,10,31,27,0,0,10,-10,4,-4,1,1,3,7,10,20
2022-09-17,E0,Tottenham,Leicester,2,6,2,16,19,11,7,1118.61151595732,866.569380167954,3,0,0,3,3,0,0,3,11,0,20,1,33,1,4,-4,-3,3,4,-4,2,6,7,11,19,16
2022-09-18,E0,Brentford,Arsenal,0,0,3,5,13,2,7,1043.61578093153,1320.93324664314,1,0,0,1,3,0,0,1,8,12,13,27,23,52,-3,3,-8,8,-5,5,3,0,7,2,13,5
2022-09-18,E0,Everton,West Ham,2,1,0,7,14,2,4,963.066500231807,864.608741909743,0,0,0,1,2,0,3,1,4,4,11,8,23,20,1,-1,-7,7,-2,2,0,1,4,2,14,7
2022-10-01,E0,Arsenal,Tottenham,2,3,1,22,7,9,3,1339.30929232532,1143.10553994714,6,0,0,0,6,4,0,1,12,13,27,23,52,36,2,-2,15,-15,6,-6,1,3,3,9,7,22
2022-10-01,E0,Bournemouth,Brentford,1,0,0,7,13,1,4,950.210593752126,1025.23973524935,0,0,0,0,1,1,2,3,5,5,8,13,28,23,0,0,-6,6,-3,3,0,0,4,1,13,7
2022-10-01,E0,Crystal Palace,Chelsea,0,1,2,7,13,3,3,1153.71886064978,1097.92632557309,0,0,0,2,2,0,1,2,6,7,16,22,31,39,-1,1,-6,6,0,0,2,1,3,3,13,7
2022-10-01,E0,Fulham,Newcastle,0,1,4,3,19,1,10,1050.41737722344,1079.46754584216,2,0,0,1,3,0,0,3,9,4,15,12,29,31,-3,3,-16,16,-9,9,4,1,10,1,19,3
2022-10-01,E0,Liverpool,Brighton,1,3,3,15,6,7,6,1209.04708100814,1033.98872539249,2,0,0,1,5,0,0,1,8,10,17,17,37,26,0,0,9,-9,1,-1,3,3,6,7,6,15
2022-10-01,E0,Southampton,Everton,0,1,2,22,12,6,5,921.68058744115,986.233401336165,1,0,0,0,1,2,0,14,6,7,7,11,7,25,-1,1,10,-10,1,-1,2,1,5,6,12,22
2022-10-01,E0,West Ham,Wolves,2,2,0,18,15,5,4,841.441840805386,895.878859371565,0,0,0,0,1,1,3,9,4,5,7,6,20,17,2,-2,3,-3,1,-1,0,2,4,5,15,18
2022-10-02,E0,Manchester City,Manchester Utd,2,6,3,22,12,10,8,1406.92383621267,1111.69576390002,7,2,0,0,22,2,0,0,11,12,26,18,52,31,3,-3,10,-10,2,-2,3,6,8,10,12,22
2022-10-02,E0,Leeds,Aston Villa,1,0,0,9,19,1,7,984.386624672147,982.053885581095,0,0,0,5,3,0,1,5,5,4,8,8,8,26,0,0,-10,10,-6,6,0,0,7,1,19,9
2022-10-03,E0,Leicester,Nott'm Forest,2,4,0,17,10,7,3,842.075356178134,827.902046597624,0,0,2,1,0,0,3,3,0,1,1,10,1,16,4,-4,7,-7,4,-4,0,4,3,7,10,17
2022-10-08,E0,Bournemouth,Leicester,2,2,1,10,9,4,5,953.613085462409,903.94840831415,0,0,0,4,2,0,3,4,6,3,9,4,26,4,1,-1,1,-1,-1,1,1,2,5,4,9,10
2022-10-08,E0,Chelsea,Wolves,2,3,0,20,8,7,2,1135.02128818116,845.205212670734,2,0,0,1,10,0,0,10,9,5,22,6,41,14,3,-3,12,-12,5,-5,0,3,2,7,8,20
2022-10-08,E0,Manchester City,Southampton,2,4,0,21,5,8,0,1423.77787021544,895.558637995885,8,0,0,2,23,0,0,2,13,3,26,7,52,7,4,-4,16,-16,8,-8,0,4,0,8,5,21
2022-10-08,E0,Newcastle,Brentford,2,5,1,16,6,6,3,1129.45018063441,1021.83724353907,0,0,0,0,12,2,3,4,6,6,14,13,34,24,4,-4,10,-10,3,-3,1,5,3,6,6,16
2022-10-08,E0,Brighton,Tottenham,0,0,1,14,8,4,3,1041.43106476138,1121.67981836542,2,0,0,1,3,0,0,2,10,10,15,20,24,33,-1,1,6,-6,1,-1,1,0,3,4,8,14
2022-10-09,E0,Crystal Palace,Leeds,2,2,1,13,10,5,4,1116.62389804171,984.279199681243,0,0,1,2,0,0,2,3,5,5,15,9,30,9,1,-1,3,-3,1,-1,1,2,4,5,10,13
2022-10-09,E0,West Ham,Fulham,2,3,1,17,8,8,2,892.115487506216,1000.43474243119,1,1,0,0,2,1,0,0,7,6,10,14,20,26,2,-2,9,-9,6,-6,1,3,2,8,8,17
2022-10-09,E0,Arsenal,Liverpool,2,3,2,11,8,7,3,1360.73501390705,1201.60474163925,7,0,0,0,7,1,0,6,12,8,27,17,52,35,1,-1,3,-3,4,-4,2,3,3,7,8,11
2022-10-09,E0,Everton,Manchester Utd,0,1,2,11,12,2,4,1012.35535078143,1094.84172989725,1,0,0,1,3,0,0,1,9,12,13,18,27,28,-1,1,-1,1,-2,2,2,1,4,2,12,11
2022-10-10,E0,Nott'm Forest,Aston Villa,1,1,1,6,12,3,2,766.028994461608,982.161310571999,0,0,3,0,0,1,3,6,0,5,7,9,16,24,0,0,-6,6,1,-1,1,1,2,3,12,6
2022-10-14,E0,Brentford,Brighton,2,2,0,7,21,3,7,976.697830810848,1016.69355573954,0,0,1,0,0,1,1,2,5,7,10,14,23,23,2,-2,-14,14,-4,4,0,2,7,3,21,7
2022-10-15,E0,Leicester,Crystal Palace,1,0,0,14,8,5,1,876.491790191061,1136.99173780358,1,0,0,0,1,1,0,3,3,5,4,15,4,30,0,0,6,-6,4,-4,0,0,1,5,8,14
2022-10-15,E0,Fulham,Bournemouth,1,2,2,19,10,4,6,943.330170086009,981.069703585498,0,0,1,0,0,2,1,1,6,9,14,12,23,28,0,0,9,-9,-2,2,2,2,6,4,10,19
2022-10-15,E0,Wolves,Nott'm Forest,2,1,0,9,10,2,2,827.902457127254,774.87017460573,0,0,1,2,0,0,1,4,4,1,6,8,14,17,1,-1,-1,1,0,0,0,1,2,2,10,9
2022-10-15,E0,Tottenham,Everton,2,2,0,21,4,7,0,1146.41732738726,987.813031333838,4,1,0,0,4,3,0,0,10,8,23,10,33,27,2,-2,17,-17,7,-7,0,2,0,7,4,21
2022-10-16,E0,Aston Villa,Chelsea,0,0,2,18,8,7,4,973.320130427876,1152.32404372464,1,1,0,0,2,1,0,0,6,12,9,22,22,43,-2,2,10,-10,3,-3,2,0,4,7,8,18
2022-10-16,E0,Leeds,Arsenal,0,0,1,16,9,4,4,963.911359919368,1379.02416675346,0,1,0,0,4,1,2,0,2,12,9,27,9,52,-1,1,7,-7,0,0,1,0,4,4,9,16
2022-10-16,E0,Manchester Utd,Newcastle,1,0,0,15,9,2,2,1119.38404934484,1174.58959336263,2,1,0,0,2,1,0,0,12,8,21,17,31,34,0,0,6,-6,0,0,0,0,2,2,9,15
2022-10-16,E0,Southampton,West Ham,1,1,1,10,25,8,4,889.673158262726,949.220059851394,0,0,1,2,0,0,1,2,3,7,7,10,7,20,0,0,-15,15,4,-4,1,1,4,8,25,10
2022-10-16,E0,Liverpool,Manchester City,2,1,0,13,16,2,6,1183.31558879283,1429.6633499486,0,1,0,0,6,15,1,0,8,13,14,26,32,52,1,-1,-3,3,-4,4,0,1,6,2,16,13
2022-10-18,E0,Brighton,Nott'm Forest,1,0,0,19,3,7,0,967.809366793057,747.717044716003,0,0,1,3,0,0,1,5,4,1,14,5,23,17,0,0,16,-16,7,-7,0,0,0,7,3,19
2022-10-18,E0,Crystal Palace,Wolves,2,2,1,14,10,4,4,1126.83146324198,855.055587016981,1,0,0,2,1,0,0,11,6,6,13,9,31,14,1,-1,4,-4,0,0,1,2,4,4,10,14
2022-10-19,E0,Bournemouth,Southampton,0,0,1,15,9,3,3,979.338537156694,892.388855643146,1,0,0,3,3,0,0,3,9,1,13,8,26,8,-1,1,6,-6,0,0,1,0,3,3,9,15
2022-10-19,E0,Brentford,Chelsea,1,0,0,8,14,5,5,1025.58201975733,1175.39322738537,1,2,0,0,1,2,0,0,7,12,13,22,26,43,0,0,-6,6,0,0,0,0,5,5,14,8
2022-10-19,E0,Liverpool,West Ham,2,1,0,22,8,7,3,1234.83809003058,946.504362470975,1,0,0,0,7,1,0,3,8,7,16,11,32,20,1,-1,14,-14,4,-4,0,1,3,7,8,22
2022-10-19,E0,Newcastle,Everton,2,1,0,16,1,4,0,1172.0684657938,962.692581157793,1,0,0,1,13,0,0,1,9,7,15,10,35,27,1,-1,15,-15,4,-4,0,1,0,4,1,16
2022-10-19,E0,Manchester Utd,Tottenham,2,2,0,28,9,10,2,1121.90517691368,1171.53777756331,0,1,0,0,3,1,1,0,10,12,19,23,32,36,2,-2,19,-19,8,-8,0,2,2,10,9,28
2022-10-20,E0,Fulham,Aston Villa,2,3,0,18,12,8,6,945.061336514814,950.250946767147,0,0,0,0,1,2,2,7,4,6,12,9,24,22,3,-3,6,-6,2,-2,0,3,6,8,12,18
2022-10-20,E0,Leicester,Leeds,2,2,0,5,14,1,2,886.652064752662,958.53723994242,0,0,0,3,2,0,1,4,4,2,5,9,5,9,2,-2,-9,9,-1,1,0,2,2,1,14,5
2022-10-22,E0,Nott'm Forest,Liverpool,2,1,0,10,15,7,7,756.684108665458,1245.06472779451,0,0,0,1,1,0,4,7,2,8,6,16,17,34,1,-1,-5,5,0,0,0,1,7,7,15,10
2022-10-22,E0,Everton,Crystal Palace,2,3,0,9,9,6,2,947.938019909409,1137.90387893188,0,0,1,0,0,2,1,4,6,8,10,13,27,33,3,-3,0,0,4,-4,0,3,2,6,9,9
2022-10-22,E0,Manchester City,Brighton,2,3,1,10,8,4,2,1378.14084871084,958.842302843602,9,0,0,1,24,0,0,3,10,5,23,15,51,21,2,-2,2,-2,2,-2,1,3,2,4,8,10
2022-10-22,E0,Chelsea,Manchester Utd,1,1,1,6,13,2,6,1168.89216452771,1171.98576200901,3,1,0,0,11,1,0,0,13,10,20,19,43,32,0,0,-7,7,-4,4,1,1,6,2,13,6
2022-10-23,E0,Aston Villa,Brentford,2,4,0,19,12,11,3,894.904879447656,1032.08308261499,0,0,1,1,0,0,1,5,5,5,9,13,21,27,4,-4,7,-7,8,-8,0,4,3,11,12,19
2022-10-23,E0,Leeds,Fulham,0,2,3,14,11,5,5,905.732691126275,1000.4074038343,0,0,1,1,0,0,3,1,1,7,9,14,9,24,-1,1,3,-3,0,0,3,2,5,5,11,14
2022-10-23,E0,Southampton,Arsenal,1,1,1,10,12,3,3,932.234112383618,1384.39828673041,0,2,0,0,1,2,2,0,4,12,11,27,11,52,0,0,-2,2,0,0,1,1,3,3,12,10
2022-10-23,E0,Wolves,Leicester,0,0,4,21,5,5,4,843.983171327078,939.456613568807,1,0,0,5,1,0,0,5,3,7,9,7,14,8,-4,4,16,-16,1,-1,4,0,4,5,5,21
2022-10-23,E0,Tottenham,Newcastle,0,1,2,17,13,5,5,1121.45719246797,1186.82302704218,5,0,0,0,5,2,0,1,9,11,20,15,33,35,-1,1,4,-4,0,0,2,1,5,5,13,17
2022-10-24,E0,West Ham,Bournemouth,2,2,0,20,5,4,3,936.27772470705,939.493280416222,2,0,0,0,3,3,0,2,7,6,11,10,19,23,2,-2,15,-15,1,-1,0,2,3,4,5,20
2022-10-29,E0,Leicester,Manchester City,0,0,1,10,15,5,5,986.667559092352,1385.34540332424,1,0,0,1,3,0,0,1,10,12,10,23,11,53,-1,1,-5,5,0,0,1,0,5,5,15,10
2022-10-29,E0,Bournemouth,Tottenham,0,2,3,6,23,4,7,895.229766755981,1095.40756713109,0,0,1,1,0,0,1,1,5,6,10,19,20,32,-1,1,-17,17,-3,3,3,2,7,4,23,6
2022-10-29,E0,Brentford,Wolves,1,1,1,12,14,3,4,943.358195084531,796.772225803533,0,0,0,3,2,0,1,12,5,3,10,8,26,13,0,0,-2,2,-1,1,1,1,4,3,14,12
2022-10-29,E0,Brighton,Chelsea,2,4,1,19,15,9,7,951.637748230211,1169.03462619169,0,0,0,0,1,3,2,1,2,11,12,18,21,41,3,-3,4,-4,2,-2,1,4,7,9,15,19
2022-10-29,E0,Crystal Palace,Southampton,2,1,0,12,14,3,4,1056.21051951509,946.027578526386,2,1,0,0,2,1,0,0,7,5,13,11,32,12,1,-1,-2,2,-1,1,0,1,4,3,14,12
2022-10-29,E0,Newcastle,Aston Villa,2,4,0,20,3,7,0,1212.87265237906,983.629766978113,2,0,0,1,14,0,0,8,13,5,17,9,37,21,4,-4,17,-17,7,-7,0,4,0,7,3,20
2022-10-29,E0,Fulham,Everton,1,0,0,24,9,6,4,1023.89714517067,1029.6313793262,1,0,0,2,2,0,0,2,7,6,16,13,26,29,0,0,15,-15,2,-2,0,0,4,6,9,24
2022-10-29,E0,Liverpool,Leeds,0,1,2,22,14,10,6,1184.69443610978,882.242949789905,2,0,0,4,8,0,0,5,7,1,15,6,31,9,-1,1,8,-8,4,-4,2,1,6,10,14,22
2022-10-30,E0,Arsenal,Nott'm Forest,2,5,0,24,5,10,2,1370.60482058764,817.054400350184,8,0,0,0,8,1,0,6,13,5,25,6,52,19,5,-5,19,-19,8,-8,0,5,2,10,5,24
2022-10-30,E0,Manchester Utd,West Ham,2,1,0,16,13,3,5,1171.84330034503,980.541238367291,1,0,0,1,4,0,0,4,8,10,20,14,32,22,1,-1,3,-3,-2,2,0,1,5,3,13,16
2022-11-05,E0,Leeds,Bournemouth,2,4,3,18,9,4,6,936.695460248492,879.8655234426,0,0,2,1,0,0,4,3,3,4,8,10,12,20,1,-1,9,-9,-2,2,3,4,6,4,9,18
2022-11-05,E0,Manchester City,Fulham,2,2,1,16,4,5,2,1391.20396689247,1024.16119243761,10,1,0,0,25,1,0,0,12,8,23,14,53,27,1,-1,12,-12,3,-3,1,2,2,5,4,16
2022-11-05,E0,Nott'm Forest,Brentford,1,2,2,15,6,7,2,811.183571279494,936.981604964042,1,0,0,2,2,0,0,6,5,5,5,11,16,26,0,0,9,-9,5,-5,2,2,2,7,6,15
2022-11-05,E0,Wolves,Brighton,0,2,3,8,19,5,8,803.148815924023,1036.43966994418,0,0,1,2,0,0,1,4,4,4,9,14,14,23,-1,1,-11,11,-3,3,3,2,8,5,19,8
2022-11-05,E0,Everton,Leicester,0,0,2,12,22,2,8,1029.36733205926,980.808995524119,1,1,0,0,1,1,0,0,4,7,13,10,27,11,-2,2,-10,10,-6,6,2,0,8,2,22,12
2022-11-06,E0,Chelsea,Arsenal,0,0,1,5,14,1,2,1084.23270447772,1376.47564965833,0,0,0,0,12,3,1,1,8,13,17,25,40,52,-1,1,-9,9,-1,1,1,0,2,1,14,5
2022-11-06,E0,Aston Villa,Manchester Utd,2,3,1,6,8,4,3,956.424989211533,1187.81198997884,1,0,0,0,1,2,0,1,4,11,9,23,21,35,2,-2,-2,2,1,-1,1,3,3,4,8,6
2022-11-06,E0,Southampton,Newcastle,0,1,4,16,7,5,4,923.848742051095,1240.07743014565,0,1,0,0,2,3,3,0,5,13,8,19,12,37,-3,3,9,-9,1,-1,4,1,4,5,7,16
2022-11-06,E0,West Ham,Crystal Palace,0,1,2,5,15,2,6,964.572548733484,1078.38935599039,3,0,0,1,4,0,0,5,7,10,14,15,21,35,-1,1,-10,10,-4,4,2,1,6,2,15,5
2022-11-06,E0,Tottenham,Liverpool,0,1,2,14,13,5,6,1110.77181044447,1130.2419256512,0,0,1,2,0,0,1,8,9,6,19,14,32,28,-1,1,1,-1,-1,1,2,1,6,5,13,14
2022-11-12,E0,Manchester City,Brentford,0,1,2,29,10,6,8,1398.10651994839,931.428946016196,11,0,0,0,26,1,0,7,12,6,25,11,53,26,-1,1,19,-19,-2,2,2,1,8,6,10,29
2022-11-12,E0,Bournemouth,Everton,2,3,0,16,15,9,3,853.05356758251,979.419681617367,0,0,2,0,0,1,2,3,1,4,10,12,19,27,3,-3,1,-1,6,-6,0,3,3,9,15,16
2022-11-12,E0,Liverpool,Southampton,2,3,1,15,9,7,5,1160.45053661841,908.646332130251,0,0,1,1,0,0,1,1,9,5,17,8,30,12,2,-2,6,-6,2,-2,1,3,5,7,9,15
2022-11-12,E0,Nott'm Forest,Crystal Palace,2,1,0,9,8,2,0,816.73623022734,1100.26600817166,0,1,0,0,3,1,1,0,5,10,6,15,17,38,1,-1,1,-1,2,-2,0,1,0,2,8,9
2022-11-12,E0,Tottenham,Leeds,2,4,3,14,12,8,5,1080.56319947726,963.507416108582,0,1,2,0,0,1,2,0,6,6,16,8,32,15,1,-1,2,-2,3,-3,3,4,5,8,12,14
2022-11-12,E0,West Ham,Leicester,0,0,2,18,9,6,6,942.695896552214,1030.75664596602,0,2,1,0,0,2,1,0,4,10,11,13,18,14,-2,2,9,-9,0,0,2,0,6,6,9,18
2022-11-12,E0,Newcastle,Chelsea,2,1,0,10,5,3,2,1255.27984006649,1074.1979491555,3,0,0,1,15,0,0,2,13,5,21,17,37,37,1,-1,5,-5,1,-1,0,1,2,3,5,10
2022-11-12,E0,Wolves,Arsenal,0,0,2,11,14,2,4,789.898984468713,1386.51040498055,0,1,2,0,0,4,2,0,4,13,8,25,13,52,-2,2,-3,3,-2,2,2,0,4,2,14,11
2022-11-13,E0,Brighton,Aston Villa,0,1,2,7,8,2,2,1049.68950139949,1025.82233814936,1,0,0,2,2,0,0,9,7,6,14,12,26,23,-1,1,-1,1,0,0,2,1,2,2,8,7
2022-11-13,E0,Fulham,Manchester Utd,0,1,2,14,14,7,9,1017.25863938169,1118.41464104101,0,0,0,1,3,0,1,2,8,8,14,20,27,34,-1,1,0,0,-2,2,2,1,9,7,14,14
2022-12-26,E0,Brentford,Tottenham,1,2,2,9,16,5,8,991.347030725959,1102.17218411086,0,1,0,0,3,1,2,0,6,6,13,18,26,35,0,0,-7,7,-3,3,2,2,8,5,16,9
2022-12-26,E0,Crystal Palace,Fulham,0,0,3,4,23,0,11,1046.73250244011,994.320824196652,3,0,0,1,3,0,0,1,9,7,15,11,35,24,-3,3,-19,19,-11,11,3,0,11,0,23,4
2022-12-26,E0,Everton,Wolves,0,1,2,12,7,6,4,905.884997660527,787.158903388315,0,0,1,0,0,1,1,13,4,1,11,7,24,13,-1,1,5,-5,2,-2,2,1,4,6,7,12
2022-12-26,E0,Leicester,Newcastle,0,0,3,8,12,2,5,1063.73022389258,1271.96392852847,0,2,1,0,0,4,1,0,12,15,16,24,17,40,-3,3,-4,4,-3,3,3,0,5,2,12,8
2022-12-26,E0,Southampton,Brighton,0,1,3,14,7,4,4,891.973569653232,1015.49470577899,0,1,1,0,0,1,4,0,4,7,5,11,12,25,-2,2,7,-7,0,0,3,1,4,4,7,14
2022-12-26,E0,Aston Villa,Liverpool,0,1,3,12,16,6,9,1060.01713376987,1177.12329909543,2,1,0,0,2,1,0,0,9,9,15,17,23,33,-2,2,-4,4,-3,3,3,1,9,6,16,12
2022-12-26,E0,Arsenal,West Ham,2,3,1,16,8,5,4,1389.25048606095,909.722318625648,9,0,0,2,9,0,0,5,13,3,25,10,55,18,2,-2,8,-8,1,-1,1,3,4,5,8,16
2022-12-27,E0,Chelsea,Bournemouth,2,2,0,15,9,5,4,1057.51386069352,926.588251539349,0,0,1,2,0,0,2,4,2,3,14,12,37,22,2,-2,6,-6,1,-1,0,2,4,5,9,15
2022-12-27,E0,Manchester Utd,Nott'm Forest,2,3,0,17,8,8,3,1141.35245622604,870.26973595889,2,0,0,1,5,0,0,7,10,8,20,9,36,19,3,-3,9,-9,5,-5,0,3,3,8,8,17
2022-12-28,E0,Leeds,Manchester City,0,1,3,9,26,1,9,941.89843147498,1338.18843523863,1,1,0,0,1,1,0,0,6,9,8,22,15,50,-2,2,-17,17,-8,8,3,1,9,1,26,9
2022-12-30,E0,West Ham,Brentford,0,0,2,20,9,5,6,904.503020030356,996.284386440274,0,1,2,0,0,2,2,0,3,6,10,11,18,24,-2,2,11,-11,-1,1,2,0,6,5,9,20
2022-12-30,E0,Liverpool,Leicester,2,2,1,21,7,5,2,1206.73381618856,1038.45936464297,1,3,0,0,1,3,0,0,9,9,17,16,33,17,1,-1,14,-14,3,-3,1,2,2,5,7,21
2022-12-31,E0,Wolves,Manchester Utd,0,0,1,10,16,3,6,829.687323088162,1160.28344062885,0,1,3,0,0,1,3,0,4,10,7,20,16,36,-1,1,-6,6,-3,3,1,0,6,3,16,10
2022-12-31,E0,Bournemouth,Crystal Palace,0,0,2,6,15,2,6,898.517402147941,984.036493955547,1,0,0,1,1,0,0,1,3,6,9,14,19,32,-2,2,-9,9,-4,4,2,0,6,2,15,6
2022-12-31,E0,Fulham,Southampton,2,2,1,8,9,2,3,1057.01683268121,863.082976470533,0,0,1,2,0,0,2,2,7,1,14,5,27,12,1,-1,-1,1,-1,1,1,2,3,2,9,8
2022-12-31,E0,Manchester City,Everton,1,1,1,16,2,3,1,1346.31872320119,863.35657796068,0,0,1,1,0,0,1,4,12,4,22,10,50,21,0,0,14,-14,2,-2,1,1,1,3,2,16
2022-12-31,E0,Newcastle,Leeds,1,0,0,16,8,5,1,1297.23478777808,933.768143512424,4,0,0,1,16,0,0,1,15,6,26,7,40,15,0,0,8,-8,4,-4,0,0,1,5,8,16
2022-12-31,E0,Brighton,Arsenal,0,2,4,9,14,5,7,1044.38529896169,1394.46978465624,0,2,1,0,0,5,1,0,9,13,14,25,28,55,-2,2,-5,5,-2,2,4,2,7,5,14,9
2023-01-01,E0,Tottenham,Aston Villa,0,0,2,6,13,2,4,1097.23482839655,1030.40661667673,1,1,0,0,1,1,0,0,7,9,16,14,36,20,-2,2,-7,7,-2,2,2,0,4,2,13,6
2023-01-01,E0,Nott'm Forest,Chelsea,1,1,1,12,7,5,2,851.338751556083,1085.58471008493,1,0,0,2,4,0,0,3,7,4,9,17,19,39,0,0,5,-5,3,-3,1,1,2,5,7,12
2023-01-02,E0,Brentford,Liverpool,2,3,1,10,16,7,6,1028.81841217264,1224.34319567611,0,2,0,0,4,2,3,0,9,12,14,19,27,36,2,-2,-6,6,1,-1,1,3,6,7,16,10
2023-01-03,E0,Arsenal,Newcastle,1,0,0,17,8,4,1,1404.78608074772,1284.74996273571,10,3,0,0,10,5,0,0,15,13,28,26,55,38,0,0,9,-9,3,-3,0,0,1,4,8,17
2023-01-03,E0,Everton,Brighton,0,1,4,10,19,4,8,877.48758249516,1034.06900287022,0,2,2,0,0,2,2,0,2,9,8,11,19,28,-3,3,-9,9,-4,4,4,1,8,4,19,10
2023-01-03,E0,Leicester,Fulham,0,0,1,15,11,6,2,1020.84998515542,1072.80465165499,0,1,2,0,0,1,2,0,6,7,16,14,17,29,-1,1,4,-4,4,-4,1,0,2,6,11,15
2023-01-03,E0,Manchester Utd,Bournemouth,2,3,0,18,7,6,4,1168.58821227139,865.242202141549,3,0,0,3,6,0,0,5,12,3,20,8,38,16,3,-3,11,-11,2,-2,0,3,4,6,7,18
2023-01-04,E0,Southampton,Nott'm Forest,0,0,1,8,11,0,1,847.29515749675,860.742672450822,0,0,2,2,0,0,5,8,0,5,5,10,12,20,-1,1,-3,3,-1,1,1,0,1,0,11,8
2023-01-04,E0,Leeds,West Ham,1,2,2,14,15,6,2,946.25296855479,871.968994297986,0,0,1,3,0,0,1,6,7,0,8,10,16,17,0,0,-1,1,4,-4,2,2,2,6,15,14
2023-01-04,E0,Aston Villa,Wolves,1,1,1,13,10,4,3,1082.59760004644,821.382551445621,0,1,1,0,0,2,1,0,9,4,14,7,22,13,0,0,3,-3,1,-1,1,1,3,4,10,13
2023-01-04,E0,Crystal Palace,Tottenham,0,0,4,19,14,4,6,1017.31169396194,1045.04384502684,0,0,1,0,0,2,1,1,9,7,16,13,32,36,-4,4,5,-5,-2,2,4,0,6,4,14,19
2023-01-05,E0,Chelsea,Manchester City,0,0,1,8,12,2,3,1076.18078919019,1332.18771866671,1,2,0,0,1,2,0,0,4,10,15,22,37,48,-1,1,-4,4,-1,1,1,0,3,2,12,8
2023-01-12,E0,Fulham,Chelsea,2,2,1,8,20,3,10,1100.0548019187,1064.25235780035,1,0,0,0,1,1,0,4,9,4,17,12,31,34,1,-1,-12,12,-7,7,1,2,10,3,20,8
2023-01-13,E0,Aston Villa,Leeds,2,2,1,11,16,5,4,1072.41769911605,942.883256100456,0,0,0,0,1,1,2,2,10,5,14,8,23,17,1,-1,-5,5,1,-1,1,2,4,5,16,11
2023-01-14,E0,Manchester Utd,Manchester City,2,2,1,8,5,4,1,1184.78705486922,1344.11615005655,4,3,0,0,7,3,0,0,12,10,23,22,41,48,1,-1,3,-3,3,-3,1,2,1,4,5,8
2023-01-14,E0,Brighton,Liverpool,2,3,0,16,6,9,2,1065.56340939779,1158.11703090894,0,0,2,1,0,0,2,1,9,12,13,18,28,35,3,-3,10,-10,7,-7,0,3,2,9,6,16
2023-01-14,E0,Everton,Southampton,0,1,2,12,13,4,5,845.993175967585,816.533101277048,0,0,3,3,0,0,3,3,1,0,5,5,18,12,-1,1,-1,1,-1,1,2,1,5,4,13,12
2023-01-14,E0,Nott'm Forest,Leicester,2,2,0,15,6,5,1,891.504728670524,993.599834891712,0,0,0,1,5,0,1,1,8,6,13,13,20,17,2,-2,9,-9,4,-4,0,2,1,5,6,15
2023-01-14,E0,Wolves,West Ham,2,1,0,17,16,4,4,831.562452376011,875.33870675232,0,0,4,0,0,1,4,7,4,1,8,8,14,18,1,-1,1,-1,0,0,0,1,4,4,16,17
2023-01-14,E0,Brentford,Bournemouth,2,2,0,12,7,4,2,1095.04457693981,849.043359543723,1,0,0,4,5,0,0,6,11,3,16,7,29,16,2,-2,5,-5,2,-2,0,2,2,4,7,12
2023-01-15,E0,Chelsea,Crystal Palace,2,1,0,15,10,5,5,1035.53826216826,957.946452119796,0,1,1,0,0,1,1,0,4,6,9,16,31,31,1,-1,5,-5,0,0,0,1,5,5,10,15
2023-01-15,E0,Newcastle,Fulham,2,1,0,20,5,5,0,1290.06790392395,1128.76889755079,0,2,0,0,17,2,1,0,11,12,24,20,38,34,1,-1,15,-15,5,-5,0,1,0,5,5,20
2023-01-15,E0,Tottenham,Arsenal,0,0,2,17,14,7,5,1104.40908686898,1399.46813955948,0,3,1,0,0,6,1,0,7,13,16,26,36,53,-2,2,3,-3,2,-2,2,0,5,7,14,17
2023-01-18,E0,Crystal Palace,Manchester Utd,1,1,1,10,15,5,4,932.976435155862,1230.51284883265,0,2,2,0,0,2,2,0,3,15,13,23,28,44,0,0,-5,5,1,-1,1,1,4,5,15,10
2023-01-19,E0,Manchester City,Tottenham,2,4,2,16,9,6,3,1298.39035609311,1090.84289578351,0,1,0,0,1,3,2,0,7,7,19,13,45,36,2,-2,7,-7,3,-3,2,4,3,6,9,16
2023-01-21,E0,Liverpool,Chelsea,1,0,0,15,11,3,2,1089.39286718508,1060.50827913219,2,0,0,1,2,0,0,5,9,7,18,9,32,31,0,0,4,-4,1,-1,0,0,2,3,11,15
2023-01-21,E0,Bournemouth,Nott'm Forest,1,1,1,16,20,4,5,831.914836534471,947.891483774564,0,1,1,0,0,1,1,0,3,10,4,15,16,23,0,0,-4,4,-1,1,1,1,5,4,20,16
2023-01-21,E0,Leicester,Brighton,1,2,2,9,13,2,4,937.213079787672,1134.28757312165,0,3,3,0,0,3,3,0,3,9,13,16,17,30,0,0,-4,4,-2,2,2,2,4,2,13,9
2023-01-21,E0,Southampton,Aston Villa,0,0,1,8,16,5,5,851.239990173297,1093.01082918155,0,2,3,0,0,2,6,0,3,10,8,16,15,25,-1,1,-8,8,0,0,1,0,5,5,16,8
2023-01-21,E0,West Ham,Everton,2,2,0,11,5,4,2,839.32796651999,811.286287071336,0,0,3,0,0,1,3,5,1,1,5,5,15,15,2,-2,6,-6,2,-2,0,2,2,4,5,11
2023-01-21,E0,Crystal Palace,Newcastle,1,0,0,6,16,1,7,944.086629517387,1308.194416051,0,0,0,0,1,6,3,1,4,11,13,24,26,41,0,0,-10,10,-6,6,0,0,7,1,16,6
2023-01-22,E0,Leeds,Brentford,1,0,0,9,6,5,0,922.290126034959,1112.17309994907,0,2,0,0,1,3,2,0,2,13,8,19,17,29,0,0,3,-3,5,-5,0,0,0,5,6,9
2023-01-22,E0,Manchester City,Wolves,2,3,0,13,10,7,1,1318.77646476776,867.573192608342,1,0,0,0,2,3,0,1,10,7,19,11,45,17,3,-3,3,-3,6,-6,0,3,1,7,10,13
2023-01-22,E0,Arsenal,Manchester Utd,2,3,2,25,6,5,4,1413.03433064495,1219.40265447113,0,0,0,0,11,3,1,1,13,13,26,23,53,42,1,-1,19,-19,1,-1,2,3,4,5,6,25
2023-01-23,E0,Fulham,Tottenham,0,0,1,10,10,5,3,1110.64238542374,1070.45678710885,2,0,0,1,2,0,0,1,12,4,19,10,31,33,-1,1,0,0,2,-2,1,0,3,5,10,10
2023-02-03,E0,Chelsea,Fulham,1,0,0,12,10,3,4,1061.83540741452,1074.95757225343,1,0,0,1,1,0,0,1,5,9,9,16,29,30,0,0,2,-2,-1,1,0,0,4,3,10,12
2023-02-04,E0,Everton,Arsenal,2,1,0,12,15,4,3,770.960770505896,1428.84284682413,0,4,4,0,0,7,4,0,1,13,5,26,15,53,1,-1,-3,3,1,-1,0,1,3,4,15,12
2023-02-04,E0,Aston Villa,Leicester,0,2,4,19,9,4,5,1105.75510768633,945.42618569138,1,0,0,2,2,0,0,2,10,1,19,13,28,18,-2,2,10,-10,-1,1,4,2,5,4,9,19
2023-02-04,E0,Brentford,Southampton,2,3,0,14,14,4,6,1104.20649441972,838.495711668511,2,1,0,0,6,1,0,0,11,3,17,7,30,15,3,-3,0,0,-2,2,0,3,6,4,14,14
2023-02-04,E0,Brighton,Bournemouth,2,1,0,20,12,6,2,1126.07446721794,837.065843503231,1,0,0,5,1,0,0,7,10,1,17,4,31,17,1,-1,8,-8,4,-4,0,1,2,6,12,20
2023-02-04,E0,Manchester Utd,Crystal Palace,2,2,1,14,10,5,3,1203.59413829195,956.582986310116,5,0,0,1,8,0,0,1,10,5,20,11,39,24,1,-1,4,-4,2,-2,1,2,3,5,10,14
2023-02-04,E0,Wolves,Liverpool,2,3,0,12,22,6,4,860.014007228273,1088.06573890276,1,0,0,2,1,0,0,2,7,7,8,16,17,32,3,-3,-10,10,2,-2,0,3,4,6,22,12
2023-02-04,E0,Newcastle,West Ham,1,1,1,8,10,2,1,1295.69805925827,879.65348308543,1,0,0,1,18,0,0,8,9,4,24,7,39,18,0,0,-2,2,1,-1,1,1,1,2,10,8
2023-02-05,E0,Nott'm Forest,Leeds,2,1,0,6,10,2,4,942.740476805804,930.256731564306,1,0,0,1,6,0,0,3,8,3,16,9,21,18,1,-1,-4,4,-2,2,0,1,4,2,10,6
2023-02-05,E0,Tottenham,Manchester City,2,1,0,12,15,3,5,1106.14160027916,1326.33565014783,0,0,2,1,0,0,2,1,6,10,13,22,33,45,1,-1,-3,3,-2,2,0,1,5,3,15,12
2023-02-08,E0,Manchester Utd,Leeds,1,2,2,24,8,7,2,1216.03332252216,899.406032435276,6,0,0,2,9,0,0,4,10,3,22,9,42,18,0,0,16,-16,5,-5,2,2,2,7,8,24
2023-02-11,E0,West Ham,Chelsea,1,1,1,10,12,2,4,892.979596009482,1062.4394182638,1,0,0,0,1,1,0,6,5,5,8,9,19,27,0,0,-2,2,-2,2,1,1,4,2,12,10
2023-02-11,E0,Arsenal,Brentford,1,1,1,23,9,7,2,1366.26106399863,1123.62616804463,1,0,0,0,12,4,0,1,10,13,23,19,50,32,0,0,14,-14,5,-5,1,1,2,7,9,23
2023-02-11,E0,Crystal Palace,Brighton,1,1,1,6,17,1,7,944.143802079905,1136.26776705711,0,0,0,0,2,4,4,1,2,10,11,19,24,34,0,0,-11,11,-6,6,1,1,7,1,17,6
2023-02-11,E0,Fulham,Nott'm Forest,2,2,0,16,10,3,1,1074.35356140415,973.591175934834,0,0,1,0,0,2,1,1,7,11,14,18,30,24,2,-2,6,-6,2,-2,0,2,1,3,10,16
2023-02-11,E0,Leicester,Tottenham,2,4,1,15,11,7,4,1008.19856117825,1156.08215369691,0,1,0,0,1,1,4,0,4,9,13,16,20,35,3,-3,4,-4,3,-3,1,4,4,7,11,15
2023-02-11,E0,Southampton,Wolves,0,1,2,17,11,2,2,819.076038043601,945.953240548867,0,0,4,1,0,0,7,2,3,7,4,11,15,20,-1,1,6,-6,0,0,2,1,2,2,11,17
2023-02-11,E0,Bournemouth,Newcastle,1,1,1,11,15,5,7,826.87254366406,1282.37194633422,0,0,0,0,1,7,2,2,1,7,4,22,14,37,0,0,-4,4,-2,2,1,1,7,5,15,11
2023-02-12,E0,Leeds,Manchester Utd,0,0,2,16,11,6,5,910.954326355038,1204.4850286024,0,0,0,1,2,0,3,2,3,8,10,20,16,43,-2,2,5,-5,1,-1,2,0,5,6,11,16
2023-02-12,E0,Manchester City,Aston Villa,2,3,1,17,6,9,2,1276.39509673008,1042.98273219946,2,3,0,0,3,3,0,0,9,10,19,19,42,28,2,-2,11,-11,7,-7,1,3,2,9,6,17
2023-02-13,E0,Liverpool,Everton,2,2,0,15,6,6,1,1002.12650558217,833.542553331398,0,0,0,1,3,0,1,6,4,4,13,8,29,18,2,-2,9,-9,5,-5,0,2,1,6,6,15
2023-02-15,E0,Arsenal,Manchester City,0,1,3,10,9,1,6,1356.6078580718,1294.54459037018,0,0,0,2,13,0,1,2,8,9,23,19,48,42,-2,2,1,-1,-5,5,3,1,6,1,9,10
2023-02-18,E0,Aston Villa,Arsenal,0,2,4,7,20,5,5,1024.83323855936,1304.99812716101,0,0,1,1,0,0,1,1,7,7,16,20,25,45,-2,2,-13,13,0,0,4,2,5,5,20,7
2023-02-18,E0,Brentford,Crystal Palace,1,1,1,12,10,5,4,1133.27937397146,952.187774104451,3,0,0,2,7,0,0,2,11,3,20,9,30,24,0,0,2,-2,1,-1,1,1,4,5,10,12
2023-02-18,E0,Brighton,Fulham,0,0,1,21,5,7,2,1128.22379503256,1105.83671385218,2,0,0,0,2,1,0,2,11,7,20,16,32,30,-1,1,16,-16,5,-5,1,0,2,7,5,21
2023-02-18,E0,Chelsea,Southampton,0,0,1,17,8,5,5,1055.20062629461,798.268685735152,0,0,0,1,2,0,1,1,6,3,10,3,27,14,-1,1,9,-9,0,0,1,0,5,5,8,17
2023-02-18,E0,Everton,Leeds,2,1,0,15,8,6,0,809.439163703137,897.28693403902,1,0,0,0,1,1,0,5,3,2,5,7,18,15,1,-1,7,-7,6,-6,0,1,0,6,8,15
2023-02-18,E0,Nott'm Forest,Manchester City,1,1,1,4,26,1,6,942.108023486812,1346.15432128097,2,1,0,0,7,1,0,0,10,12,15,19,21,44,0,0,-22,22,-5,5,1,1,6,1,26,4
2023-02-18,E0,Wolves,Bournemouth,0,0,1,15,5,4,1,966.760592857316,840.705127243283,2,0,0,6,2,0,0,8,10,2,14,5,22,15,-1,1,10,-10,3,-3,1,0,1,4,5,15
2023-02-18,E0,Newcastle,Liverpool,0,0,2,14,13,4,7,1268.539362755,1026.22989521043,0,0,0,3,19,0,1,3,7,4,20,16,37,31,-2,2,1,-1,-3,3,2,0,7,4,13,14
2023-02-19,E0,Manchester Utd,Leicester,2,3,0,26,19,8,3,1218.15242091842,1084.63407154411,0,1,0,0,10,1,1,0,8,7,23,13,43,23,3,-3,7,-7,5,-5,0,3,3,8,19,26
2023-02-19,E0,Tottenham,West Ham,2,2,0,16,6,6,1,1079.64664333106,900.218387978675,1,0,0,0,1,1,0,9,6,6,13,6,32,20,2,-2,10,-10,5,-5,0,2,1,6,6,16
2023-02-24,E0,Fulham,Wolves,1,1,1,10,8,5,2,1139.89579132561,923.634425587803,1,1,0,0,1,1,0,0,7,9,19,13,33,22,0,0,2,-2,3,-3,1,1,2,5,8,10
2023-02-25,E0,Everton,Aston Villa,0,0,2,15,9,5,5,849.362116319358,1010.25444433439,2,0,0,1,2,0,0,1,6,6,7,16,20,25,-2,2,6,-6,0,0,2,0,5,5,9,15
2023-02-25,E0,Leeds,Southampton,2,1,0,14,8,4,2,857.363981422799,850.391846181704,0,1,1,0,0,1,4,0,2,6,4,6,12,14,1,-1,6,-6,2,-2,0,1,2,4,8,14
2023-02-25,E0,Leicester,Arsenal,0,0,1,1,10,0,2,1050.08465686736,1319.57692138597,1,1,0,0,2,1,0,0,7,7,13,20,23,45,-1,1,-9,9,-2,2,1,0,2,0,10,1
2023-02-25,E0,West Ham,Nott'm Forest,2,4,0,18,8,5,3,877.19071113286,955.259948057593,0,0,0,1,2,0,1,2,5,8,6,16,20,21,4,-4,10,-10,2,-2,0,4,3,5,8,18
2023-02-25,E0,Bournemouth,Manchester City,0,1,4,13,20,2,5,883.831294512796,1333.00239671019,0,0,0,0,2,2,3,1,5,10,8,20,18,42,-3,3,-7,7,-3,3,4,1,5,2,20,13
2023-02-25,E0,Crystal Palace,Liverpool,1,0,0,6,12,0,4,959.846074558274,1096.52178554822,0,1,0,0,3,1,5,0,4,7,7,19,22,33,0,0,-6,6,-4,4,0,0,4,0,12,6
2023-02-26,E0,Tottenham,Chelsea,2,2,0,8,10,3,2,1102.67432017687,1003.07746584805,2,0,0,0,2,2,0,7,9,6,16,10,32,27,2,-2,-2,2,1,-1,0,2,2,3,10,8
2023-03-01,E0,Arsenal,Everton,2,4,0,15,8,5,5,1330.77022613488,824.477107034021,0,0,1,2,0,0,2,7,7,6,20,7,45,19,4,-4,7,-7,0,0,0,4,5,5,8,15
2023-03-01,E0,Liverpool,Wolves,2,2,0,15,4,6,1,1090.53339919761,932.479733231002,1,0,0,0,4,2,0,1,8,7,17,14,34,22,2,-2,11,-11,5,-5,0,2,1,6,4,15
2023-03-04,E0,Manchester City,Newcastle,2,2,0,11,5,3,2,1340.6442971032,1198.2474724172,3,0,0,0,4,8,0,3,10,6,20,17,42,36,2,-2,6,-6,1,-1,0,2,2,3,5,11
2023-03-04,E0,Arsenal,Bournemouth,2,3,2,31,4,9,4,1337.40673763061,876.189394119791,1,1,0,0,1,1,0,0,10,5,20,8,45,18,1,-1,27,-27,5,-5,2,3,4,9,4,31
2023-03-04,E0,Aston Villa,Crystal Palace,2,1,0,8,3,1,0,1035.13945361973,965.834460908887,0,0,2,0,0,1,2,3,6,4,16,8,28,23,1,-1,5,-5,1,-1,0,1,0,1,3,8
2023-03-04,E0,Brighton,West Ham,2,4,0,20,3,9,2,1094.16471755913,955.948427595892,0,0,1,1,0,0,1,10,8,8,17,9,31,20,4,-4,17,-17,7,-7,0,4,2,9,3,20
2023-03-04,E0,Chelsea,Leeds,2,1,0,13,11,3,2,971.458770565301,888.721910221217,0,0,1,1,0,0,2,6,3,4,10,7,24,15,1,-1,2,-2,1,-1,0,1,2,3,11,13
2023-03-04,E0,Wolves,Tottenham,2,1,0,8,21,5,6,907.302423956958,1134.29301545963,0,0,1,1,0,0,1,1,7,12,14,16,21,34,1,-1,-13,13,-1,1,0,1,6,5,21,8
2023-03-04,E0,Southampton,Leicester,2,1,0,11,11,5,0,819.033917383286,1038.89135211845,0,0,5,1,0,0,8,1,3,7,6,10,14,23,1,-1,0,0,5,-5,0,1,0,5,11,11
2023-03-05,E0,Nott'm Forest,Everton,1,2,2,10,10,4,3,876.502231594561,817.840595538288,0,0,0,3,8,0,1,8,5,6,15,7,21,18,0,0,0,0,1,-1,2,2,3,4,10,10
2023-03-05,E0,Liverpool,Manchester Utd,2,7,0,18,8,8,4,1115.71070847165,1252.70183559517,2,1,0,0,5,1,0,0,10,10,17,23,34,43,7,-7,10,-10,4,-4,0,7,4,8,8,18
2023-03-06,E0,Brentford,Fulham,2,3,2,14,9,6,5,1125.62107351764,1131.05048368242,0,1,0,0,8,2,1,0,9,8,20,20,31,31,1,-1,5,-5,1,-1,2,3,5,6,9,14
2023-03-11,E0,Bournemouth,Liverpool,2,1,0,5,15,2,6,871.985701005724,1242.06780194016,0,0,1,0,0,2,4,1,4,13,5,17,17,34,1,-1,-10,10,-4,4,0,1,6,2,15,5
2023-03-11,E0,Everton,Brentford,2,1,0,13,12,6,4,820.516682359755,1158.12109997148,0,0,1,0,0,5,1,2,4,9,8,22,18,33,1,-1,1,-1,2,-2,0,1,4,6,12,13
2023-03-11,E0,Leeds,Brighton,1,2,2,12,14,4,2,864.201404257169,1134.2803277812,1,0,0,0,1,5,0,2,4,8,7,17,14,31,0,0,-2,2,2,-2,2,2,2,4,14,12
2023-03-11,E0,Leicester,Chelsea,0,1,3,17,12,7,6,988.972068665254,995.97927652935,0,0,1,1,0,0,1,8,6,5,7,10,23,27,-2,2,5,-5,1,-1,3,1,6,7,12,17
2023-03-11,E0,Tottenham,Nott'm Forest,2,3,1,15,9,7,5,1083.92794670646,873.826144773095,3,0,0,2,3,0,0,3,9,5,15,13,31,22,2,-2,6,-6,2,-2,1,3,5,7,9,15
2023-03-11,E0,Crystal Palace,Manchester City,0,0,1,4,14,0,4,940.134348688696,1367.46997737099,0,1,0,0,4,3,6,0,3,13,8,22,22,44,-1,1,-10,10,-4,4,1,0,4,0,14,4
2023-03-12,E0,Fulham,Arsenal,0,0,3,12,15,2,7,1098.55045722857,1341.61043074468,0,2,0,0,2,2,1,0,8,12,17,20,31,48,-3,3,-3,3,-5,5,3,0,7,2,15,12
2023-03-12,E0,Manchester Utd,Southampton,1,0,0,10,17,4,4,1126.34474212666,868.953200836484,1,0,0,1,11,0,0,1,10,6,20,9,40,14,0,0,-7,7,0,0,0,0,4,4,17,10
2023-03-12,E0,West Ham,Aston Villa,1,1,1,17,12,6,4,915.832817373815,1060.83956583992,1,1,0,0,3,1,0,0,5,6,9,16,19,31,0,0,5,-5,2,-2,1,1,4,6,12,17
2023-03-12,E0,Newcastle,Wolves,2,2,1,19,7,8,4,1171.4217921494,957.667492710122,0,0,1,1,0,0,2,2,3,7,14,14,35,21,1,-1,12,-12,4,-4,1,2,4,8,7,19
2023-03-15,E0,Brighton,Crystal Palace,2,1,0,11,11,5,3,1123.86140250995,935.096616167385,1,0,0,1,1,0,0,4,8,3,18,5,29,21,1,-1,0,0,2,-2,0,1,3,5,11,11
2023-03-15,E0,Southampton,Brentford,0,0,2,7,11,1,5,879.027565940806,1102.13863672737,1,0,0,1,1,0,0,3,7,8,10,19,15,32,-2,2,-4,4,-4,4,2,0,5,1,11,7
2023-03-17,E0,Nott'm Forest,Newcastle,0,1,2,5,15,3,4,853.669219808546,1185.89215439167,0,0,0,1,9,0,2,4,2,5,13,14,22,38,-1,1,-10,10,-1,1,2,1,4,3,15,5
2023-03-18,E0,Aston Villa,Bournemouth,2,3,0,20,10,9,3,1054.52426096186,929.190151708017,1,0,0,1,1,0,0,1,7,7,17,8,31,17,3,-3,10,-10,6,-6,0,3,3,9,10,20
2023-03-18,E0,Brentford,Leicester,1,1,1,11,14,2,1,1121.15652506212,945.998867195791,1,0,0,2,9,0,0,2,8,3,21,7,32,23,0,0,-3,3,1,-1,1,1,1,2,14,11
2023-03-18,E0,Southampton,Tottenham,1,3,3,19,17,7,3,860.009677606053,1104.08487167101,0,0,1,2,0,0,1,2,7,9,10,18,15,31,0,0,2,-2,4,-4,3,3,3,7,17,19
2023-03-18,E0,Wolves,Leeds,0,2,4,23,11,8,4,943.197130467858,874.620329528421,1,0,0,2,1,0,0,7,4,4,14,7,21,15,-2,2,12,-12,4,-4,4,2,4,8,11,23
2023-03-18,E0,Chelsea,Everton,1,2,2,20,12,7,3,1038.95247799881,876.499145603867,1,0,0,0,1,1,0,9,7,7,12,10,27,18,0,0,8,-8,4,-4,2,2,3,7,12,20
2023-03-19,E0,Arsenal,Crystal Palace,2,4,1,15,8,5,4,1363.19932984055,918.952247006822,2,0,0,2,2,0,0,5,15,2,22,5,48,21,3,-3,7,-7,1,-1,1,4,4,5,8,15
2023-04-01,E0,Manchester City,Liverpool,2,4,1,17,4,8,1,1372.5077098923,1184.86335123787,4,0,0,1,5,0,0,2,13,10,22,14,44,33,3,-3,13,-13,7,-7,1,4,1,8,4,17
2023-04-01,E0,Arsenal,Leeds,2,4,1,13,7,6,5,1371.04513308965,927.023867304306,3,1,0,0,3,1,0,0,15,7,22,9,48,17,3,-3,6,-6,1,-1,1,4,5,6,7,13
2023-04-01,E0,Bournemouth,Fulham,2,2,1,12,10,7,2,893.519191004008,1076.9615581327,1,0,0,1,1,0,0,1,6,7,8,14,16,28,1,-1,2,-2,5,-5,1,2,2,7,10,12
2023-04-01,E0,Brighton,Brentford,1,3,3,33,7,15,5,1140.00577167051,1113.71060255903,2,1,0,0,2,1,0,0,8,8,18,19,32,33,0,0,26,-26,10,-10,3,3,5,15,7,33
2023-04-01,E0,Crystal Palace,Leicester,2,2,1,31,3,9,2,911.106443757722,953.444789698881,0,0,1,0,0,1,7,3,1,1,5,8,18,24,1,-1,28,-28,7,-7,1,2,2,9,3,31
2023-04-01,E0,Nott'm Forest,Wolves,1,1,1,17,8,7,1,845.431893791827,890.793592691973,0,0,1,2,0,0,3,3,2,4,12,13,22,21,0,0,9,-9,6,-6,1,1,1,7,8,17
2023-04-01,E0,Chelsea,Aston Villa,0,0,2,27,5,8,2,1031.97262947334,1090.19522166587,0,0,0,0,2,2,1,1,7,10,13,17,25,31,-2,2,22,-22,6,-6,2,0,2,8,5,27
2023-04-02,E0,West Ham,Southampton,2,1,0,12,9,2,3,922.148122251877,869.704962670343,0,0,0,0,4,1,1,2,5,5,10,11,20,16,1,-1,3,-3,-1,1,0,1,3,2,9,12
2023-04-02,E0,Newcastle,Manchester Utd,2,2,0,22,6,6,1,1194.12948040839,1116.27037702233,1,0,0,1,1,0,0,1,7,8,14,18,40,38,2,-2,16,-16,5,-5,0,2,1,6,6,22
2023-04-03,E0,Everton,Tottenham,1,1,1,15,8,6,2,883.478994129339,1094.38958660672,1,0,0,0,1,1,0,3,5,10,11,16,16,32,0,0,7,-7,4,-4,1,1,2,6,8,15
2023-04-04,E0,Bournemouth,Brighton,0,0,2,14,16,3,6,941.00216099597,1138.79714118173,2,0,0,0,2,6,0,3,6,8,11,19,18,30,-2,2,-2,2,-3,3,2,0,6,3,16,14
2023-04-04,E0,Leeds,Nott'm Forest,2,2,1,21,13,6,1,919.168593652945,847.50908779535,0,0,0,3,2,0,1,4,7,2,9,10,17,23,1,-1,8,-8,5,-5,1,2,1,6,13,21
2023-04-04,E0,Leicester,Aston Villa,0,1,2,9,15,4,5,917.564472191699,1126.77129761481,0,1,2,0,0,3,2,0,1,13,8,19,21,33,-1,1,-6,6,-1,1,2,1,5,4,15,9
2023-04-04,E0,Chelsea,Liverpool,1,0,0,12,7,3,4,995.396553524405,1157.2186386324,0,0,1,2,0,0,2,3,7,7,13,14,22,32,0,0,5,-5,-1,1,0,0,4,3,7,12
2023-04-05,E0,Manchester Utd,Brentford,2,1,0,18,6,3,1,1082.07981342212,1114.91923304781,0,0,0,0,12,2,1,1,7,8,15,17,38,33,1,-1,12,-12,2,-2,0,1,1,3,6,18
2023-04-05,E0,West Ham,Newcastle,0,1,5,7,15,2,8,949.354281124238,1228.32004400861,1,1,0,0,5,1,0,0,7,9,13,16,23,42,-4,4,-8,8,-6,6,5,1,8,2,15,7
2023-04-08,E0,Manchester Utd,Everton,2,2,0,29,15,11,1,1117.09546056724,892.151743251993,1,0,0,0,13,2,0,10,7,6,15,12,38,17,2,-2,14,-14,10,-10,0,2,1,11,15,29
2023-04-08,E0,Aston Villa,Nott'm Forest,2,2,0,8,6,3,2,1141.53691035088,822.017148234559,2,0,0,4,2,0,0,5,13,2,19,7,35,22,2,-2,2,-2,1,-1,0,2,2,3,6,8
2023-04-08,E0,Brentford,Newcastle,0,1,2,12,10,6,4,1079.90358590269,1249.88527589746,0,2,0,0,10,2,1,0,5,12,14,18,33,42,-1,1,2,-2,2,-2,2,1,4,6,10,12
2023-04-08,E0,Fulham,West Ham,0,0,1,16,9,3,5,1029.47858814074,927.789049235383,0,0,1,2,0,0,2,11,4,7,11,12,28,20,-1,1,7,-7,-2,2,1,0,5,3,9,16
2023-04-08,E0,Leicester,Bournemouth,0,0,1,14,19,4,7,902.798859455629,919.724409573999,0,0,3,2,0,0,3,2,1,6,8,11,21,15,-1,1,-5,5,-3,3,1,0,7,4,19,14
2023-04-08,E0,Tottenham,Brighton,2,2,1,9,17,3,4,1085.71683748407,1160.0748926037,4,1,0,0,4,7,0,0,8,11,17,19,30,32,1,-1,-8,8,-1,1,1,2,4,3,17,9
2023-04-08,E0,Wolves,Chelsea,2,1,0,9,13,4,1,888.71639868845,1002.35284558514,0,1,1,0,0,1,1,0,4,8,11,11,22,20,1,-1,-4,4,3,-3,0,1,1,4,13,9
2023-04-08,E0,Southampton,Manchester City,0,1,4,4,13,1,8,842.498803797982,1400.15242249777,0,2,0,0,1,4,2,0,5,13,8,25,16,44,-3,3,-9,9,-7,7,4,1,8,1,13,4
2023-04-09,E0,Leeds,Crystal Palace,0,1,5,11,16,7,8,944.660533213736,946.986761264904,1,0,0,3,3,0,0,6,7,3,11,7,20,20,-4,4,-5,5,-1,1,5,1,8,7,16,11
2023-04-09,E0,Liverpool,Arsenal,1,2,2,21,9,6,5,1150.26234657167,1378.90040674101,3,3,0,0,6,3,0,0,7,15,15,22,33,48,0,0,12,-12,1,-1,2,2,5,6,9,21
2023-04-15,E0,Aston Villa,Newcastle,2,3,0,16,8,6,2,1153.56562302838,1267.36949064092,3,3,0,0,3,3,0,0,13,15,19,18,38,42,3,-3,8,-8,4,-4,0,3,2,6,8,16
2023-04-15,E0,Chelsea,Brighton,0,1,2,8,26,2,10,960.244449510276,1121.32894752907,0,0,0,1,1,0,3,1,5,8,10,16,19,32,-1,1,-18,18,-8,8,2,1,10,2,26,8
2023-04-15,E0,Everton,Fulham,0,1,3,15,21,7,7,873.290516352583,988.371223411676,0,0,0,2,2,0,1,2,6,1,12,8,17,28,-2,2,-6,6,0,0,3,1,7,7,21,15
2023-04-15,E0,Southampton,Crystal Palace,0,0,2,11,9,4,2,838.268575478127,1011.05782347417,0,1,1,0,0,1,3,0,2,6,8,9,15,20,-2,2,2,-2,2,-2,2,0,2,4,9,11
2023-04-15,E0,Tottenham,Bournemouth,0,2,3,24,6,8,6,1124.46278255869,950.166740830695,5,1,0,0,5,1,0,0,8,9,20,13,30,17,-1,1,18,-18,2,-2,3,2,6,8,6,24
2023-04-15,E0,Wolves,Brentford,2,2,0,11,10,9,3,930.824794763316,1062.41937115923,1,0,0,1,1,0,0,2,7,5,14,13,22,30,2,-2,1,-1,6,-6,0,2,3,9,10,11
2023-04-15,E0,Manchester City,Leicester,2,3,1,12,10,4,4,1404.38265081763,872.356528198932,5,0,0,1,6,0,0,4,15,1,25,7,44,20,2,-2,2,-2,0,0,1,3,4,4,10,12
2023-04-16,E0,West Ham,Arsenal,1,2,2,16,11,3,5,968.896413964446,1369.6671310441,0,0,1,0,0,4,1,1,7,13,15,23,20,46,0,0,5,-5,-2,2,2,2,5,3,11,16
2023-04-16,E0,Nott'm Forest,Manchester Utd,0,0,2,6,22,0,8,809.988435557061,1135.95668746665,0,0,0,2,1,0,4,2,1,7,6,17,22,40,-2,2,-16,16,-8,8,2,0,8,0,22,6
2023-04-17,E0,Leeds,Liverpool,0,1,6,13,13,3,7,880.589471004466,1159.49562226857,0,0,1,0,0,1,1,4,7,5,11,15,20,31,-5,5,0,0,-4,4,6,1,7,3,13,13
2023-04-21,E0,Arsenal,Southampton,1,3,3,25,8,6,6,1356.5645100612,814.586020017743,4,0,0,1,4,0,0,3,11,1,23,8,46,12,0,0,17,-17,0,0,3,3,6,6,8,25
2023-04-22,E0,Fulham,Leeds,2,2,1,12,10,5,2,1018.2108692977,855.847912104656,0,0,2,1,0,0,3,1,3,6,11,10,30,20,1,-1,2,-2,3,-3,1,2,2,5,10,12
2023-04-22,E0,Brentford,Aston Villa,1,1,1,6,14,5,2,1002.70153155453,1225.34671225863,0,2,1,0,0,4,2,0,2,15,10,22,29,41,0,0,-8,8,3,-3,1,1,2,5,14,6
2023-04-22,E0,Crystal Palace,Everton,1,0,0,12,10,2,5,1034.74037893456,843.450870466557,1,0,0,1,1,0,0,11,9,5,12,9,23,17,0,0,2,-2,-3,3,0,0,5,2,10,12
2023-04-22,E0,Leicester,Wolves,2,2,1,15,16,8,3,868.43766663181,990.542634368015,0,0,4,0,0,1,4,4,1,7,4,14,17,25,1,-1,-1,1,5,-5,1,2,3,8,16,15
2023-04-22,E0,Liverpool,Nott'm Forest,2,3,2,18,11,6,5,1184.23718116839,798.339839081865,0,0,0,5,7,0,1,6,5,1,18,3,31,21,1,-1,7,-7,1,-1,2,3,5,6,11,18
2023-04-23,E0,Bournemouth,West Ham,0,0,4,17,18,5,10,996.99634281686,981.99903494735,0,1,1,0,0,1,1,0,9,8,16,13,20,20,-4,4,-1,1,-5,5,4,0,10,5,18,17
2023-04-23,E0,Newcastle,Tottenham,2,6,1,25,11,8,3,1195.58840141067,1077.63318057252,2,0,0,0,2,2,0,4,12,8,17,17,41,30,5,-5,14,-14,5,-5,1,6,3,8,11,25
2023-04-25,E0,Wolves,Crystal Palace,2,2,0,9,14,3,4,947.73759066635,1026.72515677596,2,2,0,0,2,2,0,0,7,10,11,12,25,21,2,-2,-5,5,-1,1,0,2,4,3,14,9
2023-04-25,E0,Aston Villa,Fulham,2,1,0,14,1,3,0,1216.29934302839,1036.25791279564,4,1,0,0,4,1,0,0,13,6,23,14,39,30,1,-1,13,-13,3,-3,0,1,0,3,1,14
2023-04-25,E0,Leeds,Leicester,1,1,1,13,15,3,3,837.800868606722,911.242710333476,0,0,2,2,0,0,2,5,3,3,10,4,17,17,0,0,-2,2,0,0,1,1,3,3,15,13
2023-04-26,E0,Nott'm Forest,Brighton,2,3,1,12,17,5,7,792.077769909138,1139.47150733228,0,1,1,0,0,1,5,0,1,10,3,18,18,35,2,-2,-5,5,-2,2,1,3,7,5,17,12
2023-04-26,E0,Chelsea,Brentford,0,0,2,15,7,4,1,942.101889707066,1011.74890078477,0,0,1,2,0,0,4,3,2,2,9,10,18,30,-2,2,8,-8,3,-3,2,0,1,4,7,15
2023-04-26,E0,West Ham,Liverpool,0,1,2,7,20,2,4,1049.28455258908,1190.49925034111,0,1,0,0,1,2,2,0,10,8,15,18,23,34,-1,1,-13,13,-2,2,2,1,4,2,20,7
2023-04-26,E0,Manchester City,Arsenal,2,4,1,14,8,9,2,1408.30151238475,1341.9179396163,6,0,0,0,7,5,0,2,15,9,25,24,47,44,3,-3,6,-6,7,-7,1,4,2,9,8,14
2023-04-27,E0,Everton,Newcastle,0,1,4,13,15,5,8,851.466092625155,1245.37608965264,0,0,1,1,0,0,2,1,3,12,10,19,15,41,-3,3,-2,2,-3,3,4,1,8,5,15,13
2023-04-27,E0,Southampton,Bournemouth,0,0,1,11,16,2,2,829.23259046264,929.710825175127,0,2,2,0,0,2,4,0,2,9,9,15,12,20,-1,1,-5,5,0,0,1,0,2,2,16,11
2023-04-27,E0,Tottenham,Manchester Utd,1,2,2,18,17,7,8,1027.84549233055,1147.60528394185,0,1,1,0,0,1,1,0,5,10,14,20,30,40,0,0,1,-1,-1,1,2,2,8,7,17,18
2023-04-29,E0,Crystal Palace,West Ham,2,4,3,16,8,6,4,973.065054030548,1029.61905015518,0,2,0,0,2,2,1,0,10,7,11,14,18,20,1,-1,8,-8,2,-2,3,4,4,6,8,16
2023-04-29,E0,Brentford,Nott'm Forest,2,2,1,14,5,8,3,1046.93071167632,869.334874763339,0,0,0,6,1,0,3,7,4,3,12,5,32,21,1,-1,9,-9,5,-5,1,2,3,8,5,14
2023-04-29,E0,Brighton,Wolves,2,6,0,22,10,8,2,1062.21440247808,1001.39769341176,0,0,0,1,3,0,1,5,7,10,15,14,34,27,6,-6,12,-12,6,-6,0,6,2,8,10,22
2023-04-30,E0,Bournemouth,Leeds,2,4,1,12,15,7,6,952.706090309533,841.133500740598,0,0,2,2,0,0,2,2,9,4,15,11,23,15,3,-3,-3,3,1,-1,1,4,6,7,15,12
2023-04-30,E0,Fulham,Manchester City,0,1,2,4,12,1,9,1019.49984120024,1452.53886950102,1,3,0,0,1,5,0,0,6,15,13,28,27,47,-1,1,-8,8,-8,8,2,1,9,1,12,4
2023-04-30,E0,Manchester Utd,Aston Villa,2,1,0,14,7,6,1,1142.29866527242,1233.05741462378,2,0,0,0,14,5,0,1,10,13,18,26,40,42,1,-1,7,-7,5,-5,0,1,1,6,7,14
2023-04-30,E0,Newcastle,Southampton,2,3,1,22,4,5,3,1255.61147408963,806.237325328234,3,0,0,0,3,1,0,4,12,1,21,6,41,12,2,-2,18,-18,2,-2,1,3,3,5,4,22
2023-04-30,E0,Liverpool,Tottenham,2,4,3,12,10,4,7,1210.16475277502,1033.15211099997,1,0,0,1,8,0,0,5,11,5,18,15,37,28,1,-1,2,-2,-3,3,3,4,7,4,10,12
2023-05-01,E0,Leicester,Everton,1,2,2,15,23,6,8,907.9100781996,841.230708188171,1,0,0,0,1,1,0,12,4,2,5,7,18,14,0,0,-8,8,-2,2,2,2,8,6,23,15
2023-05-02,E0,Arsenal,Chelsea,2,3,1,16,7,10,4,1297.68058250003,906.920078815514,0,0,0,1,5,0,1,1,6,1,21,8,41,18,2,-2,9,-9,6,-6,1,3,4,10,7,16
2023-05-03,E0,Liverpool,Fulham,2,1,0,15,9,3,3,1227.13939139733,1014.61239331917,2,0,0,1,9,0,0,1,13,6,20,10,37,26,1,-1,6,-6,0,0,0,1,3,3,9,15
2023-05-03,E0,Manchester City,West Ham,2,3,0,16,6,7,2,1457.42631738209,992.455756238645,7,0,0,1,8,0,0,1,15,7,28,14,47,20,3,-3,10,-10,5,-5,0,3,2,7,6,16
2023-05-04,E0,Brighton,Manchester Utd,2,1,0,22,16,6,5,1130.90455523069,1182.47276636689,1,0,0,0,4,2,0,1,9,13,17,20,37,40,1,-1,6,-6,1,-1,0,1,5,6,16,22
2023-05-06,E0,Bournemouth,Chelsea,0,1,3,10,11,4,5,990.303995845296,898.551924166255,1,0,0,2,1,0,0,2,12,1,18,8,26,18,-2,2,-1,1,-1,1,3,1,5,4,11,10
2023-05-06,E0,Manchester City,Leeds,2,2,1,18,4,6,2,1464.44662759801,803.535595204834,8,0,0,3,9,0,0,3,15,1,28,8,47,15,1,-1,14,-14,4,-4,1,2,2,6,4,18
2023-05-06,E0,Tottenham,Crystal Palace,2,1,0,8,7,3,2,1016.17747237766,1010.22834794708,0,0,0,1,1,0,2,1,4,10,12,13,28,21,1,-1,1,-1,1,-1,0,1,2,3,7,8
2023-05-06,E0,Wolves,Aston Villa,2,1,0,6,16,2,3,932.707540659158,1192.88331352931,3,0,0,1,3,0,0,2,9,10,13,23,27,39,1,-1,-10,10,-1,1,0,1,3,2,16,6
2023-05-06,E0,Liverpool,Brentford,2,1,0,15,5,5,1,1241.68902401133,1063.86351144943,3,1,0,0,10,1,0,0,15,7,20,12,37,34,1,-1,10,-10,4,-4,0,1,1,5,5,15
2023-05-07,E0,Newcastle,Arsenal,0,0,2,12,10,5,6,1261.75087713568,1306.04873714929,4,0,0,1,4,0,0,3,12,6,24,21,41,41,-2,2,2,-2,-1,1,2,0,6,5,10,12
2023-05-07,E0,West Ham,Manchester Utd,2,1,0,15,19,4,4,985.435446022719,1145.75773200434,0,0,1,1,0,0,3,2,4,10,11,17,20,40,1,-1,-4,4,0,0,0,1,4,4,19,15
2023-05-08,E0,Fulham,Leicester,2,5,3,17,18,7,9,1000.06276070518,904.876533217806,0,0,1,0,0,1,1,6,6,5,7,6,26,16,2,-2,-1,1,-2,2,3,5,9,7,18,17
2023-05-08,E0,Brighton,Everton,0,1,5,23,10,5,5,1167.61958959325,844.264253169964,2,0,0,0,5,2,0,13,9,2,20,8,37,15,-4,4,13,-13,0,0,5,1,5,5,10,23
2023-05-08,E0,Nott'm Forest,Southampton,2,4,3,9,19,4,5,852.402074990227,800.097922282185,1,0,0,1,1,0,0,5,3,1,5,6,20,12,1,-1,-10,10,-1,1,3,4,5,4,19,9
2023-05-13,E0,Leeds,Newcastle,1,2,2,9,18,4,5,802.141357802662,1223.45497833315,0,1,0,0,1,1,3,0,1,9,8,24,15,38,0,0,-9,9,-1,1,2,2,5,4,18,9
2023-05-13,E0,Aston Villa,Tottenham,2,2,1,8,5,4,2,1140.58059258102,1047.62959131285,5,0,0,2,5,0,0,6,7,4,20,12,36,28,1,-1,3,-3,2,-2,1,2,2,4,5,8
2023-05-13,E0,Chelsea,Nott'm Forest,1,2,2,14,11,6,2,953.729682978662,879.620750289432,0,0,2,7,0,0,5,8,3,6,11,7,21,20,0,0,3,-3,4,-4,2,2,2,6,11,14
2023-05-13,E0,Crystal Palace,Bournemouth,2,2,0,17,5,5,0,978.776229011888,935.12623703289,1,3,0,0,3,3,0,0,7,9,13,18,21,23,2,-2,12,-12,5,-5,0,2,0,5,5,17
2023-05-13,E0,Manchester Utd,Wolves,2,2,0,27,5,9,0,1099.95738337766,985.010261607444,3,0,0,2,15,0,0,6,7,9,14,16,37,30,2,-2,22,-22,9,-9,0,2,0,9,5,27
2023-05-13,E0,Southampton,Fulham,0,0,2,5,9,1,4,772.87924698298,1032.19665955557,0,0,3,2,0,0,5,2,1,6,3,9,12,29,-2,2,-4,4,-3,3,2,0,4,1,9,5
2023-05-14,E0,Brentford,West Ham,2,2,0,24,4,10,4,1046.94717064402,1031.2357946494,1,0,0,2,2,0,0,2,7,6,12,14,31,23,2,-2,20,-20,6,-6,0,2,4,10,4,24
2023-05-14,E0,Everton,Manchester City,0,0,3,7,9,3,4,955.913414709789,1465.84086500018,0,4,2,0,0,6,3,0,5,15,11,30,18,50,-3,3,-2,2,-1,1,3,0,4,3,9,7
2023-05-14,E0,Arsenal,Brighton,0,0,3,14,12,2,6,1344.34463595182,1055.97042805342,1,0,0,1,6,0,0,1,8,9,21,17,41,34,-3,3,2,-2,-4,4,3,0,6,2,12,14
2023-05-15,E0,Leicester,Liverpool,0,0,3,4,16,4,5,872.742634367414,1258.60536481674,0,2,0,0,2,3,1,0,5,15,6,20,13,37,-3,3,-12,12,-1,1,3,0,5,4,16,4
2023-05-18,E0,Newcastle,Brighton,2,4,1,22,8,9,2,1210.05547302417,1147.6096901464,0,1,1,0,0,1,1,0,10,9,22,19,36,37,3,-3,14,-14,7,-7,1,4,2,9,8,22
2023-05-20,E0,Tottenham,Brentford,0,1,3,22,11,8,4,1023.99212519193,1088.82285520462,1,0,0,1,2,0,0,1,4,10,12,12,27,33,-2,2,11,-11,4,-4,3,1,4,8,11,22
2023-05-20,E0,Bournemouth,Manchester Utd,0,0,1,10,20,4,5,896.749852552958,1129.81217121152,0,0,1,2,0,0,1,3,6,7,15,17,23,37,-1,1,-10,10,-1,1,1,0,5,4,20,10
2023-05-20,E0,Fulham,Crystal Palace,1,2,2,11,11,4,5,1048.29320999731,1017.15261349182,1,0,0,2,1,0,0,2,6,7,12,16,29,21,0,0,0,0,-1,1,2,2,5,4,11,11
2023-05-20,E0,Liverpool,Aston Villa,1,1,1,10,6,5,3,1269.27855245545,1164.21805870194,4,0,0,2,11,0,0,3,15,7,23,22,37,39,0,0,4,-4,2,-2,1,1,3,5,6,10
2023-05-20,E0,Wolves,Everton,1,1,1,13,19,5,4,955.155473773581,950.41312484085,4,1,0,0,4,3,0,0,6,5,13,10,27,18,0,0,-6,6,1,-1,1,1,4,5,19,13
2023-05-20,E0,Nott'm Forest,Arsenal,2,1,0,6,11,2,3,882.982758511426,1252.70537385884,2,1,0,0,2,1,0,0,7,7,8,18,21,38,1,-1,-5,5,-1,1,0,1,3,2,11,6
2023-05-21,E0,West Ham,Leeds,2,3,1,19,12,9,3,989.360110088792,815.540863111642,1,0,0,4,1,0,0,4,3,2,13,8,23,15,2,-2,7,-7,6,-6,1,3,3,9,12,19
2023-05-21,E0,Brighton,Southampton,2,3,1,26,5,8,1,1102.7750517855,756.782696541245,0,0,1,2,0,0,1,6,9,1,16,2,34,12,2,-2,21,-21,7,-7,1,3,1,8,5,26
2023-05-21,E0,Manchester City,Chelsea,2,1,0,15,13,2,6,1471.34115486912,950.367674756668,9,1,0,0,10,1,0,0,15,4,30,9,50,19,1,-1,2,-2,-4,4,0,1,6,2,13,15
2023-05-22,E0,Newcastle,Leicester,1,0,0,23,1,4,1,1254.89011138507,862.069446728695,1,0,0,1,1,0,0,7,10,5,22,6,36,13,0,0,22,-22,3,-3,0,0,1,4,1,23
2023-05-24,E0,Brighton,Manchester City,1,1,1,20,13,7,4,1113.30771853455,1474.37940632674,1,5,0,0,1,7,0,0,9,15,18,30,37,52,0,0,7,-7,3,-3,1,1,4,7,13,20
2023-05-25,E0,Manchester Utd,Chelsea,2,4,1,18,14,9,5,1143.07583018794,947.329423299049,4,0,0,1,16,0,0,1,9,4,19,6,37,18,3,-3,4,-4,4,-4,1,4,5,9,14,18
2023-05-28,E0,Arsenal,Wolves,2,5,0,14,6,8,0,1195.51350271836,954.937094096423,0,0,1,3,0,0,1,7,6,7,15,14,37,28,5,-5,8,-8,8,-8,0,5,0,8,6,14
2023-05-28,E0,Aston Villa,Brighton,2,2,1,12,8,5,4,1168.91400765341,1125.74917259843,6,0,0,1,6,0,0,1,7,7,20,16,37,35,1,-1,4,-4,1,-1,1,2,4,5,8,12
2023-05-28,E0,Brentford,Manchester City,2,1,0,11,17,4,3,1124.59041443374,1461.93795226287,2,0,0,0,3,8,0,1,12,13,14,28,33,50,1,-1,-6,6,1,-1,0,1,3,4,17,11
2023-05-28,E0,Chelsea,Newcastle,1,1,1,22,13,5,4,920.636113969121,1241.91036188877,0,0,0,0,1,2,6,1,4,8,5,20,18,36,0,0,9,-9,1,-1,1,1,4,5,13,22
2023-05-28,E0,Crystal Palace,Nott'm Forest,1,1,1,16,7,4,4,1018.58286303352,940.174629651905,2,0,0,0,4,1,0,9,7,10,17,11,22,23,0,0,9,-9,0,0,1,1,4,4,7,16
2023-05-28,E0,Everton,Bournemouth,2,1,0,13,7,6,2,950.631504518008,883.486193576538,0,0,3,1,0,0,4,1,5,6,8,15,18,23,1,-1,6,-6,4,-4,0,1,2,6,7,13
2023-05-28,E0,Leeds,Tottenham,0,1,4,19,11,2,7,791.960673376851,988.224565962817,0,0,0,3,2,0,4,7,2,4,5,9,14,27,-3,3,8,-8,-5,5,4,1,7,2,11,19
2023-05-28,E0,Leicester,West Ham,2,2,1,13,16,4,3,875.049196224998,1012.94029982358,0,0,1,3,0,0,2,3,3,6,6,13,14,26,1,-1,-3,3,1,-1,1,2,3,4,16,13
2023-05-28,E0,Manchester Utd,Fulham,2,2,1,21,10,8,3,1169.76913951787,1046.86296045561,5,1,0,0,17,1,0,0,9,7,22,13,37,27,1,-1,11,-11,5,-5,1,2,3,8,10,21
2023-05-28,E0,Southampton,Liverpool,1,4,4,15,30,10,8,746.250029792197,1264.58260350399,0,3,4,0,0,4,6,0,0,13,2,24,12,38,0,0,-15,15,2,-2,4,4,8,10,30,15
2021-08-13,E0,Brentford,Arsenal,2,2,0,8,22,3,4,1180.56250145602,1225.14020780408,3,0,0,1,4,0,0,1,12,9,16,15,33,37,2,-2,-14,14,-1,1,0,2,4,3,22,8
2021-08-14,E0,Manchester Utd,Leeds,2,5,1,16,10,8,3,1190.89876599539,765.327373033551,6,0,0,5,18,0,0,5,12,1,22,5,37,14,4,-4,6,-6,5,-5,1,5,3,8,10,16
2021-08-14,E0,Burnley,Brighton,0,1,2,14,14,3,8,773.819794202143,1097.70447149356,0,0,2,2,0,0,4,2,4,7,10,16,13,32,-1,1,0,0,-5,5,2,1,8,3,14,14
2021-08-14,E0,Chelsea,Crystal Palace,2,3,0,13,4,6,1,932.285938632328,1015.03210691337,0,0,0,0,2,1,7,3,5,8,6,18,19,23,3,-3,9,-9,5,-5,0,3,1,6,4,13
2021-08-14,E0,Everton,Southampton,2,3,1,14,6,6,3,976.523053000618,760.708754280426,1,0,0,3,1,0,0,7,8,1,10,2,21,13,2,-2,8,-8,3,-3,1,3,3,6,6,14
2021-08-14,E0,Leicester,Wolves,2,1,0,9,17,5,3,919.122103529118,925.310389010702,1,0,0,4,1,0,0,8,5,4,9,14,17,27,1,-1,-8,8,2,-2,0,1,3,5,17,9
2021-08-14,E0,Watford,Aston Villa,2,3,2,13,11,7,2,1000,1196.95870875828,0,0,0,0,0,1,0,4,0,7,0,20,0,39,1,-1,2,-2,5,-5,2,3,2,7,11,13
2021-08-14,E0,Norwich,Liverpool,0,0,3,14,19,3,8,1000,1250.12387901576,0,0,0,0,0,5,0,1,0,11,0,24,0,39,-3,3,-5,5,-5,5,3,0,8,3,19,14
2021-08-15,E0,Newcastle,West Ham,0,2,4,17,8,3,9,1230.26053722556,968.867392519464,0,0,0,4,2,0,1,4,6,6,18,13,36,25,-2,2,9,-9,-6,6,4,2,9,3,8,17
2021-08-15,E0,Tottenham,Manchester City,2,1,0,13,18,3,4,1014.85786630612,1405.96586524059,0,0,1,1,0,0,1,2,6,10,11,25,27,50,1,-1,-5,5,-1,1,0,1,4,3,18,13
2021-08-21,E0,Liverpool,Burnley,2,2,0,27,9,9,3,1271.01731750733,765.231792549001,0,0,0,1,12,0,1,2,11,1,26,7,41,13,2,-2,18,-18,6,-6,0,2,3,9,9,27
2021-08-21,E0,Aston Villa,Newcastle,2,2,0,10,9,2,1,1148.54035248059,1158.48540480888,7,0,0,0,7,3,0,2,7,6,17,15,36,33,2,-2,1,-1,1,-1,0,2,1,2,9,10
2021-08-21,E0,Crystal Palace,Brentford,1,0,0,7,14,2,3,947.753232743793,1230.01659272195,0,1,0,0,5,1,1,0,5,12,15,19,22,33,0,0,-7,7,-1,1,0,0,3,2,14,7
2021-08-21,E0,Leeds,Everton,1,2,2,17,17,4,8,755.077314324668,996.174002859758,0,0,1,0,0,4,5,1,1,10,2,12,13,24,0,0,0,0,-4,4,2,2,8,4,17,17
2021-08-21,E0,Manchester City,Norwich,2,5,0,16,1,4,0,1348.06051426783,979.106561508426,10,0,0,0,11,0,0,0,7,0,22,0,47,0,5,-5,15,-15,4,-4,0,5,0,4,1,16
2021-08-21,E0,Brighton,Watford,2,2,0,13,10,3,1,1106.2924731467,1048.41835627769,0,0,0,0,2,0,1,0,7,3,16,3,34,3,2,-2,3,-3,2,-2,0,2,1,3,10,13
2021-08-22,E0,Southampton,Manchester Utd,1,1,1,8,15,3,4,741.057804421286,1201.14882470428,0,1,0,0,1,1,7,0,1,15,2,22,10,39,0,0,-7,7,-1,1,1,1,4,3,15,8
2021-08-22,E0,Wolves,Tottenham,0,0,1,25,8,6,6,892.740487119184,1072.76321727888,0,1,0,0,5,1,1,0,4,9,13,13,24,30,-1,1,17,-17,0,0,1,0,6,6,8,25
2021-08-22,E0,Arsenal,Chelsea,0,0,2,6,22,3,5,1175.68611653815,999.564812801904,1,0,0,2,1,0,0,2,6,5,12,8,34,19,-2,2,-16,16,-2,2,2,0,5,3,22,6
2021-08-23,E0,West Ham,Leicester,2,4,1,13,5,7,1,1040.64252493615,951.692005420636,2,0,0,0,2,1,0,8,9,7,13,12,28,20,3,-3,8,-8,6,-6,1,4,1,7,5,13
2021-08-28,E0,Manchester City,Arsenal,2,5,0,25,1,10,0,1363.86290800028,1111.32329595469,11,0,0,2,12,0,0,2,7,3,22,11,47,34,5,-5,24,-24,10,-10,0,5,0,10,1,25
2021-08-28,E0,Aston Villa,Brentford,1,1,1,7,9,5,2,1193.65301529779,1219.28182986403,8,0,0,0,8,2,0,1,10,13,17,20,36,33,0,0,-2,2,3,-3,1,1,2,5,9,7
2021-08-28,E0,Brighton,Everton,0,0,2,14,14,3,5,1142.91133252303,986.565969568711,1,0,0,0,3,5,0,2,10,8,19,13,34,25,-2,2,0,0,-2,2,2,0,5,3,14,14
2021-08-28,E0,Newcastle,Southampton,1,2,2,10,22,5,6,1113.37274199168,754.943189440504,0,0,1,4,0,0,2,8,5,2,15,3,32,11,0,0,-12,12,-1,1,2,2,6,5,22,10
2021-08-28,E0,Norwich,Leicester,0,1,2,14,9,4,3,963.304167775967,910.824354944969,0,0,1,1,0,0,1,9,0,7,0,12,0,19,-1,1,5,-5,1,-1,2,1,3,4,9,14
2021-08-28,E0,West Ham,Crystal Palace,1,2,2,14,9,4,2,1081.51017541181,958.487995601712,3,0,0,1,3,0,0,4,9,6,15,13,28,22,0,0,5,-5,2,-2,2,2,2,4,9,14
2021-08-28,E0,Liverpool,Chelsea,1,1,1,24,6,7,3,1275.54221830269,1063.92763338537,1,1,0,0,13,1,0,0,11,7,26,11,44,21,0,0,18,-18,4,-4,1,1,3,7,6,24
2021-08-29,E0,Burnley,Leeds,1,1,1,12,12,3,2,760.706891753645,764.685347615714,0,0,3,6,0,0,5,6,0,2,6,3,13,14,0,0,0,0,1,-1,1,1,2,3,12,12
2021-08-29,E0,Tottenham,Watford,2,1,0,15,9,8,2,1089.5226204989,1011.79949690136,1,0,0,1,1,0,0,1,9,3,13,3,33,3,1,-1,6,-6,6,-6,0,1,2,8,9,15
2021-08-29,E0,Wolves,Manchester Utd,0,0,1,15,10,6,3,875.981083899164,1187.26343968506,0,0,1,0,0,2,2,1,1,13,10,20,24,40,-1,1,5,-5,3,-3,1,0,3,6,10,15
2021-09-11,E0,Crystal Palace,Tottenham,2,3,0,18,2,4,1,963.927907412139,1114.48112769976,0,2,0,0,6,2,2,0,4,12,11,16,23,33,3,-3,16,-16,3,-3,0,3,1,4,2,18
2021-09-11,E0,Arsenal,Norwich,2,1,0,30,10,7,1,1083.29471405276,926.507026574169,0,0,1,1,0,0,1,1,3,0,10,0,33,0,1,-1,20,-20,6,-6,0,1,1,7,10,30
2021-09-11,E0,Brentford,Brighton,0,0,1,7,4,1,2,1218.10371541495,1080.55029658116,4,1,0,0,5,1,0,0,11,7,21,16,31,33,-1,1,3,-3,-1,1,1,0,2,1,4,7
2021-09-11,E0,Leicester,Manchester City,0,0,1,6,25,1,8,947.621496146767,1391.89148990221,2,0,0,2,2,0,0,3,10,7,15,22,19,50,-1,1,-19,19,-7,7,1,0,8,1,25,6
2021-09-11,E0,Manchester Utd,Newcastle,2,4,1,21,12,7,3,1196.40531092374,1100.97967757569,7,0,0,1,19,0,0,3,13,3,22,13,40,32,3,-3,9,-9,4,-4,1,4,3,7,12,21
2021-09-11,E0,Southampton,West Ham,1,0,0,11,13,3,3,767.336253856495,1076.07026360139,0,1,0,0,2,1,8,0,3,10,4,13,12,28,0,0,-2,2,0,0,0,0,3,3,13,11
2021-09-11,E0,Watford,Wolves,0,0,2,6,14,2,5,986.840989700498,866.839212660482,1,0,0,5,1,0,0,9,3,1,3,7,3,21,-2,2,-8,8,-3,3,2,0,5,2,14,6
2021-09-11,E0,Chelsea,Aston Villa,2,3,0,12,18,4,6,1072.62325191961,1194.83112974687,1,0,0,1,3,0,0,5,8,8,12,15,21,37,3,-3,-6,6,-2,2,0,3,6,4,18,12
2021-09-12,E0,Leeds,Liverpool,0,0,3,9,30,4,9,764.502140959987,1266.84659976845,0,1,0,0,1,6,6,0,2,9,4,24,14,42,-3,3,-21,21,-5,5,3,0,9,4,30,9
2021-09-13,E0,Everton,Burnley,2,3,1,14,11,6,6,1048.92700551058,760.890098409372,2,0,0,2,2,0,0,3,11,1,16,6,25,13,2,-2,3,-3,0,0,1,3,6,6,11,14
2021-09-17,E0,Newcastle,Leeds,1,1,1,17,22,7,9,1061.05998084023,758.769339329042,0,0,0,0,1,1,3,7,2,2,10,4,31,14,0,0,-5,5,-2,2,1,1,9,7,22,17
2021-09-18,E0,Wolves,Brentford,0,0,2,11,9,0,3,925.269989083276,1174.05749278937,0,0,2,0,0,3,3,2,3,8,10,20,21,30,-2,2,2,-2,-3,3,2,0,3,0,9,11
2021-09-18,E0,Burnley,Arsenal,0,0,1,18,13,3,3,746.853840862301,1101.76052508208,0,0,0,3,1,0,6,3,1,6,6,12,13,36,-1,1,5,-5,0,0,1,0,3,3,13,18
2021-09-18,E0,Liverpool,Crystal Palace,2,3,0,25,13,10,2,1272.57940139939,1040.71373598933,0,0,0,0,14,1,1,5,11,6,24,13,42,25,3,-3,12,-12,8,-8,0,3,2,10,13,25
2021-09-18,E0,Manchester City,Southampton,1,0,0,18,10,1,2,1396.49496749843,778.707541398142,12,0,0,0,13,1,0,9,9,4,22,4,50,13,0,0,8,-8,-1,1,0,0,2,1,10,18
2021-09-18,E0,Norwich,Watford,0,1,3,12,12,5,8,908.041215544856,928.410213277704,0,0,2,2,0,0,2,2,0,3,0,3,0,3,-2,2,0,0,-3,3,3,1,8,5,12,12
2021-09-18,E0,Aston Villa,Everton,2,3,0,15,11,3,1,1121.87221722855,1062.96326305765,0,1,0,0,9,6,1,0,7,13,14,18,37,28,3,-3,4,-4,2,-2,0,3,1,3,11,15
2021-09-19,E0,Brighton,Leicester,2,2,1,12,14,5,3,1124.59651920674,943.01801855055,0,1,1,0,0,1,1,0,9,9,16,12,36,16,1,-1,-2,2,2,-2,1,2,3,5,14,12
2021-09-19,E0,West Ham,Manchester Utd,0,1,2,13,17,4,10,1064.69897605974,1236.32500765919,0,1,0,0,4,3,1,0,8,13,14,22,28,42,-1,1,-4,4,-6,6,2,1,10,4,17,13
2021-09-19,E0,Tottenham,Chelsea,0,0,3,8,20,2,10,1037.69529912258,1145.58216443793,2,0,0,0,2,2,0,1,12,11,16,15,30,23,-3,3,-12,12,-8,8,3,0,10,2,20,8
2021-09-25,E0,Chelsea,Manchester City,0,0,1,5,15,0,4,1183.70448580838,1381.38305974244,2,1,0,0,4,1,0,0,13,10,18,20,26,48,-1,1,-10,10,-4,4,1,0,4,0,15,5
2021-09-25,E0,Manchester Utd,Aston Villa,0,0,1,28,7,4,3,1253.68919521177,1167.24537972472,8,0,0,2,20,0,0,6,13,7,25,14,42,40,-1,1,21,-21,1,-1,1,0,3,4,7,28
2021-09-25,E0,Everton,Norwich,2,2,0,11,10,4,2,1017.59010056148,866.751882614967,3,0,0,2,3,0,0,2,10,0,18,0,25,0,2,-2,1,-1,2,-2,0,2,2,4,10,11
2021-09-25,E0,Leeds,West Ham,0,1,2,15,20,5,7,769.991832713003,1047.33478850717,0,0,1,0,0,2,7,1,3,8,4,14,15,28,-1,1,-5,5,-2,2,2,1,7,5,20,15
2021-09-25,E0,Leicester,Burnley,1,2,2,22,9,5,3,926.369167447609,739.509144281441,0,0,1,3,0,0,1,4,6,1,11,5,16,12,0,0,13,-13,2,-2,2,2,3,5,9,22
2021-09-25,E0,Watford,Newcastle,1,1,1,15,20,4,6,969.699546207593,1049.83748745627,0,0,1,2,0,0,1,4,6,2,6,8,6,32,0,0,-5,5,-2,2,1,1,6,4,20,15
2021-09-25,E0,Brentford,Liverpool,1,3,3,12,16,4,6,1190.96601586564,1295.30584644484,0,2,1,0,0,7,1,0,8,13,20,24,32,44,0,0,-4,4,-2,2,3,3,6,4,16,12
2021-09-26,E0,Southampton,Wolves,0,0,1,18,5,6,3,793.819449154133,908.361466007016,0,1,0,0,3,1,9,0,4,3,5,7,11,21,-1,1,13,-13,3,-3,1,0,3,6,5,18
2021-09-26,E0,Arsenal,Tottenham,2,3,1,12,10,7,4,1109.10522166294,999.572977752127,1,0,0,1,1,0,0,1,6,9,15,15,36,30,2,-2,2,-2,3,-3,1,3,4,7,10,12
2021-09-27,E0,Crystal Palace,Brighton,1,1,1,8,8,3,4,1017.98729094388,1141.24537030968,1,2,0,0,7,2,0,0,5,12,13,19,24,36,0,0,0,0,-1,1,1,1,4,3,8,8
2021-10-02,E0,Manchester Utd,Everton,1,1,1,13,12,6,2,1213.88774562517,1043.51953905885,0,0,1,1,0,0,1,1,10,10,25,20,39,28,0,0,1,-1,4,-4,1,1,2,6,12,13
2021-10-02,E0,Burnley,Norwich,1,0,0,14,10,4,2,747.370597953157,840.822444117601,0,0,1,3,0,0,7,3,2,0,3,0,13,0,0,0,4,-4,2,-2,0,0,2,4,10,14
2021-10-02,E0,Chelsea,Southampton,2,3,1,20,6,9,2,1168.1716385267,772.00286670462,0,0,1,0,0,2,1,10,10,4,15,5,26,11,2,-2,14,-14,7,-7,1,3,2,9,6,20
2021-10-02,E0,Leeds,Watford,2,1,0,20,5,4,1,759.209794888911,973.325951097166,0,1,2,0,0,1,8,0,3,4,4,7,12,7,1,-1,15,-15,3,-3,0,1,1,4,5,20
2021-10-02,E0,Wolves,Newcastle,2,2,1,7,8,3,2,930.178048456528,1046.2110825667,0,0,3,0,0,1,4,5,6,3,10,9,23,33,1,-1,-1,1,1,-1,1,2,2,3,8,7
2021-10-02,E0,Brighton,Arsenal,1,0,0,21,8,2,2,1135.79585293081,1139.57688317454,1,1,0,0,1,1,0,0,10,9,17,15,36,36,0,0,13,-13,0,0,0,0,2,2,8,21
2021-10-03,E0,Crystal Palace,Leicester,1,2,2,18,9,4,5,1023.43680832275,918.507713775893,0,0,0,1,8,0,1,1,6,4,11,11,24,17,0,0,9,-9,-1,1,2,2,5,4,9,18
2021-10-03,E0,Tottenham,Aston Villa,2,2,1,17,14,8,3,969.10131624052,1207.04682931131,0,1,1,0,0,1,1,0,6,10,15,17,27,40,1,-1,3,-3,5,-5,1,2,3,8,14,17
2021-10-03,E0,West Ham,Brentford,0,1,2,18,13,5,6,1058.11682633126,1195.6316174267,0,1,1,0,0,4,2,0,8,6,17,18,28,30,-1,1,5,-5,-1,1,2,1,6,5,13,18
2021-10-03,E0,Liverpool,Manchester City,1,2,2,6,12,4,3,1290.64024488377,1396.91590702412,1,2,0,0,15,2,0,0,11,13,22,20,42,50,0,0,-6,6,1,-1,2,2,3,4,12,6
2021-10-16,E0,Watford,Liverpool,0,0,5,6,19,2,8,923.772999751767,1295.38728129231,0,0,0,0,1,8,2,1,4,9,7,20,7,40,-5,5,-13,13,-6,6,5,0,8,2,19,6
2021-10-16,E0,Aston Villa,Wolves,0,2,3,14,9,5,4,1156.01734865502,972.484717306177,1,2,0,0,10,2,0,0,7,9,17,10,37,26,-1,1,5,-5,1,-1,3,2,4,5,9,14
2021-10-16,E0,Leicester,Manchester Utd,2,4,2,22,18,11,6,923.198132205602,1206.61572303315,0,2,0,0,1,4,2,0,5,10,12,23,18,40,2,-2,4,-4,5,-5,2,4,6,11,18,22
2021-10-16,E0,Manchester City,Burnley,2,2,0,15,7,6,2,1392.16887061558,751.573346384872,0,0,0,0,14,1,1,5,11,3,18,3,48,14,2,-2,8,-8,4,-4,0,2,2,6,7,15
2021-10-16,E0,Norwich,Brighton,1,0,0,15,11,3,3,836.619695685886,1135.96996893469,0,0,3,0,0,3,3,1,1,8,1,18,1,34,0,0,4,-4,0,0,0,0,3,3,11,15
2021-10-16,E0,Southampton,Leeds,2,1,0,19,3,5,0,763.867429325398,808.76274623431,0,0,1,0,0,2,10,8,3,5,5,7,8,15,1,-1,16,-16,5,-5,0,1,0,5,3,19
2021-10-16,E0,Brentford,Chelsea,0,0,1,17,5,7,1,1215.58844850536,1176.30707590592,0,1,0,0,1,3,2,0,8,10,21,17,33,26,-1,1,12,-12,6,-6,1,0,1,7,5,17
2021-10-17,E0,Everton,West Ham,0,0,1,15,16,2,4,1050.79156165087,1038.1599952526,4,1,0,0,4,3,0,0,10,5,18,14,29,28,-1,1,-1,1,-2,2,1,0,4,2,16,15
2021-10-17,E0,Newcastle,Tottenham,0,2,3,7,14,1,4,1003.90441371705,1020.13079689682,0,0,0,2,2,0,4,2,3,6,8,15,30,27,-1,1,-7,7,-3,3,3,2,4,1,14,7
2021-10-18,E0,Arsenal,Crystal Palace,1,2,2,17,9,6,6,1139.40276717066,1018.74638989304,2,0,0,1,2,0,0,6,10,6,13,12,34,25,0,0,8,-8,0,0,2,2,6,6,9,17
2021-10-22,E0,Arsenal,Aston Villa,2,3,1,22,10,9,4,1134.05943256662,1108.52801207731,0,0,0,1,3,0,1,1,11,6,14,14,32,36,2,-2,12,-12,5,-5,1,3,4,9,10,22
2021-10-23,E0,Chelsea,Norwich,2,7,0,23,3,13,1,1211.90968665167,847.772988147255,1,0,0,0,1,1,0,4,12,2,20,2,26,2,7,-7,20,-20,12,-12,0,7,1,13,3,23
2021-10-23,E0,Crystal Palace,Newcastle,1,1,1,15,6,3,2,1024.08972449708,973.397833181891,0,0,0,1,9,0,2,6,6,2,10,5,26,27,0,0,9,-9,1,-1,1,1,2,3,6,15
2021-10-23,E0,Everton,Watford,0,2,5,15,20,4,8,1017.62866371905,908.185462118655,0,0,1,1,0,0,1,1,7,4,18,7,28,7,-3,3,-5,5,-4,4,5,2,8,4,20,15
2021-10-23,E0,Leeds,Wolves,1,1,1,18,8,4,4,772.650596943293,1019.97405388389,1,3,0,0,1,3,0,0,4,12,6,13,14,26,0,0,10,-10,0,0,1,1,4,4,8,18
2021-10-23,E0,Southampton,Burnley,1,2,2,16,9,4,5,799.979578616415,749.431203575982,1,0,0,1,1,0,0,6,5,2,8,3,10,14,0,0,7,-7,-1,1,2,2,5,4,9,16
2021-10-23,E0,Brighton,Manchester City,0,1,4,10,23,5,14,1124.81667647333,1394.31101342447,0,0,0,0,2,3,1,1,9,11,16,18,34,48,-3,3,-13,13,-9,9,4,1,14,5,23,10
2021-10-24,E0,Brentford,Leicester,0,1,2,15,10,5,6,1179.98583775961,996.560758045924,0,0,1,0,0,1,3,2,7,5,18,15,30,21,-1,1,5,-5,-1,1,2,1,6,5,10,15
2021-10-24,E0,West Ham,Tottenham,2,1,0,13,7,4,4,1071.32289318442,1050.63737743198,0,1,2,0,0,1,3,0,7,6,17,18,30,30,1,-1,6,-6,0,0,0,1,4,4,7,13
2021-10-24,E0,Manchester Utd,Liverpool,0,0,5,12,19,4,8,1133.25309719283,1310.97481892542,0,1,0,0,1,9,2,0,7,11,20,20,39,43,-5,5,-7,7,-4,4,5,0,8,4,19,12
2021-10-30,E0,Leicester,Arsenal,0,0,2,16,9,8,5,1044.04250852591,1174.69994763003,1,0,0,0,2,2,0,1,8,11,17,17,23,32,-2,2,7,-7,3,-3,2,0,5,8,9,16
2021-10-30,E0,Burnley,Brentford,2,3,1,15,12,6,5,751.742755458808,1132.50408727963,0,2,0,0,1,5,8,0,3,7,4,15,15,29,2,-2,3,-3,1,-1,1,3,5,6,12,15
2021-10-30,E0,Liverpool,Brighton,1,2,2,14,9,3,6,1350.10173179154,1105.74221545444,0,0,0,0,16,4,1,2,11,6,22,15,46,31,0,0,5,-5,-3,3,2,2,6,3,9,14
2021-10-30,E0,Manchester City,Crystal Palace,0,0,2,14,8,3,3,1413.38547444335,1021.77170177969,1,0,0,0,15,1,0,7,11,4,20,10,48,27,-2,2,6,-6,0,0,2,0,3,3,8,14
2021-10-30,E0,Newcastle,Chelsea,0,0,3,6,19,1,6,975.715855899278,1232.02909586314,0,2,1,0,0,4,5,0,3,12,5,23,25,28,-3,3,-13,13,-5,5,3,0,6,1,19,6
2021-10-30,E0,Watford,Southampton,0,0,1,10,12,4,1,979.348185500227,797.668026733589,0,0,1,1,0,0,3,11,7,5,10,9,10,11,-1,1,-2,2,3,-3,1,0,1,4,12,10
2021-10-30,E0,Tottenham,Manchester Utd,0,0,3,9,10,0,4,1020.54033587544,1094.12618432671,1,0,0,1,1,0,0,1,6,4,18,17,27,39,-3,3,-1,1,-4,4,3,0,4,0,10,9
2021-10-31,E0,Norwich,Leeds,0,1,2,14,13,3,6,827.653578935786,782.440008042865,0,0,0,1,1,0,4,9,2,5,2,7,2,12,-1,1,1,-1,-3,3,2,1,6,3,13,14
2021-10-31,E0,Aston Villa,West Ham,0,1,4,9,21,3,9,1067.8874970139,1101.41993474096,0,2,1,0,0,4,1,0,6,9,13,17,33,30,-3,3,-12,12,-6,6,4,1,9,3,21,9
2021-11-01,E0,Wolves,Everton,2,2,1,10,14,4,5,1010.18464278432,946.465940337474,1,0,0,0,1,1,0,2,10,4,13,17,27,25,1,-1,-4,4,-1,1,1,2,5,4,14,10
2021-11-05,E0,Southampton,Aston Villa,2,1,0,9,14,3,3,845.026382913705,1018.6026895032,0,0,0,2,2,0,1,2,7,3,11,10,13,30,1,-1,-5,5,0,0,0,1,3,3,14,9
2021-11-06,E0,Manchester Utd,Manchester City,0,0,2,5,16,1,5,1137.27780014214,1334.00128532952,0,1,1,0,0,4,3,0,4,10,17,20,39,45,-2,2,-11,11,-4,4,2,0,5,1,16,5
2021-11-06,E0,Brentford,Norwich,0,1,2,19,9,7,5,1053.60298688936,791.512604817429,0,0,2,1,0,0,4,5,4,2,12,2,28,2,-1,1,10,-10,2,-2,2,1,5,7,9,19
2021-11-06,E0,Chelsea,Burnley,1,1,1,25,5,4,2,1252.32733697988,830.643855849078,2,0,0,0,2,1,0,7,12,6,25,7,31,17,0,0,20,-20,2,-2,1,1,2,4,5,25
2021-11-06,E0,Crystal Palace,Wolves,2,2,0,13,4,6,2,1101.15589089352,1036.38085715312,0,0,0,0,10,4,3,1,7,13,12,16,30,30,2,-2,9,-9,4,-4,0,2,2,6,4,13
2021-11-06,E0,Brighton,Newcastle,1,1,1,14,6,5,1,1115.44578223016,955.417614782542,0,0,1,0,0,1,2,7,4,2,16,4,32,22,0,0,8,-8,4,-4,1,1,1,5,6,14
2021-11-07,E0,Arsenal,Watford,2,1,0,14,7,6,1,1202.80027085705,931.98982932011,1,1,0,0,4,1,0,0,11,4,17,10,32,10,1,-1,7,-7,5,-5,0,1,1,6,7,14
2021-11-07,E0,Everton,Tottenham,1,0,0,12,8,2,0,920.269725968674,977.388720060008,0,0,2,1,0,0,2,1,4,6,14,15,24,26,0,0,4,-4,2,-2,0,0,0,2,8,12
2021-11-07,E0,Leeds,Leicester,1,1,1,18,9,5,3,818.580982161222,1015.94218529889,0,1,0,0,2,2,1,0,7,8,10,14,15,23,0,0,9,-9,2,-2,1,1,3,5,9,18
2021-11-07,E0,West Ham,Liverpool,2,3,2,7,16,3,5,1150.70474225166,1340.39816501583,1,2,0,0,1,10,0,0,12,9,20,22,33,46,1,-1,-9,9,-2,2,2,3,5,3,16,7
2021-11-20,E0,Leicester,Chelsea,0,0,3,4,16,3,7,1007.71935911002,1238.92274946087,0,3,1,0,0,5,1,0,8,13,12,23,24,31,-3,3,-12,12,-4,4,3,0,7,3,16,4
2021-11-20,E0,Aston Villa,Brighton,2,2,0,9,6,5,2,971.825190881274,1108.55663748349,0,0,2,0,0,5,2,3,0,4,10,14,27,30,2,-2,3,-3,3,-3,0,2,2,5,6,9
2021-11-20,E0,Burnley,Crystal Palace,1,3,3,15,18,9,8,844.048443368085,1136.93024176899,1,1,0,0,2,2,0,0,6,9,8,15,15,30,0,0,-3,3,1,-1,3,3,8,9,18,15
2021-11-20,E0,Newcastle,Brentford,1,3,3,23,10,9,4,962.306759529204,1001.1952766901,0,0,2,1,0,0,6,1,2,3,5,9,20,28,0,0,13,-13,5,-5,3,3,4,9,10,23
2021-11-20,E0,Norwich,Southampton,2,2,1,8,17,4,5,843.920315016684,891.80388153563,0,1,1,0,0,1,5,0,5,10,5,14,5,16,1,-1,-9,9,-1,1,1,2,5,4,17,8
2021-11-20,E0,Watford,Manchester Utd,2,4,1,20,9,7,3,920.866432213194,1115.90048560939,0,1,2,0,0,1,4,0,3,4,7,14,10,36,3,-3,11,-11,4,-4,1,4,3,7,9,20
2021-11-20,E0,Wolves,West Ham,2,1,0,15,8,5,3,1000.60650627765,1198.62481965223,2,3,0,0,2,5,0,0,10,12,16,20,29,33,1,-1,7,-7,2,-2,0,1,3,5,8,15
2021-11-20,E0,Liverpool,Arsenal,2,4,0,19,5,9,3,1292.47808761525,1213.92366796397,0,1,0,0,17,3,2,0,8,11,19,20,45,32,4,-4,14,-14,6,-6,0,4,3,9,5,19
2021-11-21,E0,Manchester City,Everton,2,3,0,17,4,7,1,1355.37859986227,922.876707973085,0,0,1,1,0,0,1,3,10,2,23,12,45,24,3,-3,13,-13,6,-6,0,3,1,7,4,17
2021-11-21,E0,Tottenham,Leeds,2,2,1,13,18,4,7,974.781738055597,826.803808350085,0,1,1,0,0,1,1,0,7,8,13,11,26,13,1,-1,-5,5,-3,3,1,2,7,4,18,13
2021-11-27,E0,Arsenal,Newcastle,2,2,0,24,9,6,5,1163.76117477589,964.090200278826,2,0,0,0,5,2,0,8,10,3,20,6,31,21,2,-2,15,-15,1,-1,0,2,5,6,9,24
2021-11-27,E0,Crystal Palace,Aston Villa,0,1,2,8,10,3,3,1125.93208055901,1032.10363119389,1,0,0,3,11,0,0,3,9,3,15,10,28,27,-1,1,-2,2,0,0,2,1,3,3,10,8
2021-11-27,E0,Liverpool,Southampton,2,4,0,20,7,6,3,1342.64058080332,855.421354749658,1,0,0,1,18,0,0,1,10,10,19,13,45,16,4,-4,13,-13,3,-3,0,4,3,6,7,20
2021-11-27,E0,Norwich,Wolves,1,0,0,14,5,4,2,880.302841802655,1049.09665231419,1,0,0,1,1,0,0,2,7,10,8,19,8,29,0,0,9,-9,2,-2,0,0,2,4,5,14
2021-11-27,E0,Brighton,Leeds,1,0,0,20,11,4,4,1048.27819717088,807.664657494909,0,0,0,1,1,0,3,1,3,5,11,10,30,13,0,0,9,-9,0,0,0,0,4,4,11,20
2021-11-28,E0,Brentford,Everton,2,1,0,6,14,4,5,999.411835940478,914.524130592625,0,0,3,2,0,0,5,4,1,1,9,11,29,24,1,-1,-8,8,-1,1,0,1,5,4,14,6
2021-11-28,E0,Leicester,Watford,2,4,2,18,16,8,5,984.924250609163,1003.15355707482,0,0,2,1,0,0,2,1,7,6,12,10,24,13,2,-2,2,-2,3,-3,2,4,5,8,16,18
2021-11-28,E0,Manchester City,West Ham,2,2,1,19,5,9,3,1363.73117724273,1150.13467361569,1,0,0,1,1,0,0,1,12,12,23,17,45,32,1,-1,14,-14,6,-6,1,2,3,9,5,19
2021-11-28,E0,Chelsea,Manchester Utd,1,1,1,24,3,6,2,1261.71785796173,1033.61336074776,0,0,0,1,3,0,1,1,13,3,23,13,34,33,0,0,21,-21,4,-4,1,1,2,6,3,24
2021-11-30,E0,Newcastle,Norwich,1,1,1,9,16,1,6,942.986005502977,887.517219632033,0,1,0,0,1,1,7,0,3,7,5,9,18,9,0,0,-7,7,-5,5,1,1,6,1,16,9
2021-11-30,E0,Leeds,Crystal Palace,2,1,0,15,9,3,1,817.258452426796,1085.49429970502,0,0,0,0,3,3,2,1,6,8,10,14,14,25,1,-1,6,-6,2,-2,0,1,1,3,9,15
2021-12-01,E0,Southampton,Leicester,1,2,2,15,15,7,6,848.05861439802,1031.08088795117,1,0,0,0,3,3,0,1,7,7,12,12,16,27,0,0,0,0,1,-1,2,2,6,7,15,15
2021-12-01,E0,Watford,Chelsea,0,1,2,13,8,6,4,956.996919732815,1252.50098545114,1,4,0,0,1,6,0,0,6,11,10,23,13,35,-1,1,5,-5,2,-2,2,1,4,6,8,13
2021-12-01,E0,West Ham,Brighton,1,1,1,14,9,6,3,1135.65413662252,1038.68440223899,2,0,0,1,2,0,0,4,9,3,16,12,29,28,0,0,5,-5,3,-3,1,1,3,6,9,14
2021-12-01,E0,Wolves,Burnley,1,0,0,16,6,2,1,1041.88227448482,855.04660457806,3,0,0,0,3,2,0,8,8,6,20,9,27,15,0,0,10,-10,1,-1,0,0,1,2,6,16
2021-12-01,E0,Aston Villa,Manchester City,0,1,2,9,17,3,7,1072.54141204788,1378.2117142359,1,2,0,0,1,5,0,0,6,12,12,23,27,45,-1,1,-8,8,-4,4,2,1,7,3,17,9
2021-12-01,E0,Everton,Liverpool,0,1,4,8,16,2,7,890.19062925487,1350.00332115496,0,0,0,1,1,0,3,1,1,10,8,21,24,45,-3,3,-8,8,-5,5,4,1,7,2,16,8
2021-12-02,E0,Tottenham,Brentford,2,2,0,11,6,6,2,993.920888910773,1023.74533727823,1,0,0,0,1,1,0,2,7,4,13,11,26,32,2,-2,5,-5,4,-4,0,2,2,6,6,11
2021-12-02,E0,Manchester Utd,Arsenal,2,3,2,14,17,10,8,1042.83023325835,1184.86536955174,0,0,2,1,0,0,4,1,4,12,11,23,33,33,1,-1,-3,3,2,-2,2,3,8,10,17,14
2021-12-04,E0,West Ham,Chelsea,2,3,2,11,19,5,7,1131.30096641195,1262.37792089001,0,5,0,0,3,7,1,0,7,11,16,23,30,38,1,-1,-8,8,-2,2,2,3,7,5,19,11
2021-12-04,E0,Newcastle,Burnley,2,1,0,19,10,4,1,940.453057601033,862.907207461476,0,0,0,0,2,3,8,9,3,7,6,9,16,15,1,-1,9,-9,3,-3,0,1,1,4,10,19
2021-12-04,E0,Southampton,Brighton,1,1,1,14,14,4,4,855.785273682738,1043.03757244956,0,0,0,0,4,1,1,5,7,4,12,10,16,26,0,0,0,0,0,0,1,1,4,4,14,14
2021-12-04,E0,Wolves,Liverpool,0,0,1,3,17,1,5,1034.0216716014,1357.22119567505,0,1,0,0,4,1,1,0,8,10,18,21,28,45,-1,1,-14,14,-4,4,1,0,5,1,17,3
2021-12-04,E0,Watford,Manchester City,0,1,3,11,26,4,13,947.119984293948,1387.6096653943,0,3,1,0,0,6,1,0,3,12,10,23,13,45,-2,2,-15,15,-9,9,3,1,13,4,26,11
2021-12-05,E0,Leeds,Brentford,1,2,2,13,9,6,3,869.99819354341,976.132128588714,1,0,0,1,4,0,0,3,8,4,13,11,17,31,0,0,4,-4,3,-3,2,2,3,6,9,13
2021-12-05,E0,Manchester Utd,Crystal Palace,2,1,0,16,8,3,2,1087.22901035369,1032.75455858841,1,0,0,1,1,0,0,2,7,7,11,11,33,24,1,-1,8,-8,1,-1,0,1,2,3,8,16
2021-12-05,E0,Tottenham,Norwich,2,3,0,17,10,7,1,1041.53409760029,890.050167533977,2,0,0,0,2,2,0,1,7,8,13,10,29,10,3,-3,7,-7,6,-6,0,3,1,7,10,17
2021-12-05,E0,Aston Villa,Leicester,2,2,1,13,12,4,5,1063.14346088949,1023.35422866645,0,0,1,0,0,4,1,2,6,5,12,13,26,25,1,-1,1,-1,-1,1,1,2,5,4,12,13
2021-12-06,E0,Everton,Arsenal,2,2,1,11,10,5,3,882.97275473478,1140.4665924564,0,0,1,2,0,0,4,2,1,9,5,20,23,32,1,-1,1,-1,2,-2,1,2,3,5,10,11
2021-12-10,E0,Brentford,Watford,2,2,1,14,6,5,2,971.391045156119,940.682070125846,1,0,0,2,1,0,0,2,5,3,9,7,29,13,1,-1,8,-8,3,-3,1,2,2,5,6,14
2021-12-11,E0,Manchester City,Wolves,2,1,0,24,2,10,1,1394.0475795624,1025.40430117274,2,0,0,0,2,1,0,3,15,5,25,18,45,25,1,-1,22,-22,9,-9,0,1,1,10,2,24
2021-12-11,E0,Arsenal,Southampton,2,3,0,15,11,5,6,1088.31217680473,863.66042354247,3,0,0,2,6,0,0,2,6,5,17,12,32,17,3,-3,4,-4,-1,1,0,3,6,5,11,15
2021-12-11,E0,Chelsea,Leeds,2,3,2,16,12,6,5,1218.84722966197,874.739276976005,0,0,0,0,4,1,2,2,8,6,20,13,38,17,1,-1,4,-4,1,-1,2,3,5,6,12,16
2021-12-11,E0,Liverpool,Aston Villa,2,1,0,20,4,5,0,1365.83856610371,1091.49467503812,2,1,0,0,19,1,0,0,12,9,21,12,45,26,1,-1,16,-16,5,-5,0,1,0,5,4,20
2021-12-11,E0,Norwich,Manchester Utd,0,0,1,11,13,5,5,857.894423472598,1114.25244113243,0,0,0,0,2,1,1,2,8,7,10,11,10,36,-1,1,-2,2,0,0,1,0,5,5,13,11
2021-12-12,E0,Burnley,West Ham,1,0,0,9,16,1,3,837.933161614119,1174.83165763998,0,0,0,2,3,0,1,2,6,7,9,19,15,33,0,0,-7,7,-2,2,0,0,3,1,16,9
2021-12-12,E0,Leicester,Newcastle,2,4,0,8,12,5,3,995.003014517819,965.42710344839,1,0,0,1,1,0,0,9,5,6,13,8,24,16,4,-4,-4,4,2,-2,0,4,3,5,12,8
2021-12-12,E0,Crystal Palace,Everton,2,3,1,17,12,6,6,1005.73112780967,935.127170386449,0,0,1,3,0,0,1,5,4,4,11,8,24,26,2,-2,5,-5,0,0,1,3,6,6,12,17
2021-12-14,E0,Norwich,Aston Villa,0,0,2,7,17,3,6,845.985594092639,1080.55696802923,0,0,1,1,0,0,2,1,5,9,10,9,10,26,-2,2,-10,10,-3,3,2,0,6,3,17,7
2021-12-14,E0,Manchester City,Leeds,2,7,0,31,6,15,3,1400.89360123732,866.980631776581,3,0,0,1,3,0,0,3,15,5,25,13,45,17,7,-7,25,-25,12,-12,0,7,3,15,6,31
2021-12-15,E0,Brighton,Wolves,0,0,1,12,8,2,5,1035.16242258983,1018.55827949782,0,0,0,1,2,0,4,4,4,5,8,15,27,25,-1,1,4,-4,-3,3,1,0,5,2,8,12
2021-12-15,E0,Crystal Palace,Southampton,1,2,2,9,15,6,4,1040.79693162066,840.177835750777,1,0,0,3,1,0,0,3,4,2,13,12,24,17,0,0,-6,6,2,-2,2,2,4,6,15,9
2021-12-15,E0,Arsenal,West Ham,2,2,0,21,7,8,1,1111.79476459642,1162.85469708267,4,0,0,0,7,1,0,3,6,5,17,17,32,34,2,-2,14,-14,7,-7,0,2,1,8,7,21
2021-12-16,E0,Chelsea,Everton,1,1,1,23,5,10,3,1226.6058748614,900.06136657545,1,0,0,4,5,0,0,6,10,3,23,5,38,25,0,0,18,-18,7,-7,1,1,3,10,5,23
2021-12-16,E0,Liverpool,Newcastle,2,3,1,23,4,8,2,1376.7762731126,906.401845154254,3,0,0,2,20,0,0,10,15,5,23,7,45,16,2,-2,19,-19,6,-6,1,3,2,8,4,23
2021-12-18,E0,Leeds,Arsenal,0,1,4,9,21,2,12,858.854438986451,1162.05179388763,0,0,0,3,5,0,1,3,5,9,10,19,17,32,-3,3,-12,12,-10,10,4,1,12,2,21,9
2021-12-19,E0,Newcastle,Manchester City,0,0,4,5,18,1,7,900.917806061203,1409.01979402745,1,4,0,0,3,7,0,0,4,15,7,27,15,45,-4,4,-13,13,-6,6,4,0,7,1,18,5
2021-12-19,E0,Wolves,Chelsea,1,0,0,4,8,1,1,1052.08641438103,1214.84326980702,0,0,1,1,0,0,2,1,5,8,15,21,25,38,0,0,-4,4,0,0,0,0,1,1,8,4
2021-12-19,E0,Tottenham,Liverpool,1,2,2,10,18,5,6,1073.68984166167,1382.26031220566,3,2,0,0,3,2,0,0,10,15,16,25,32,45,0,0,-8,8,-1,1,2,2,6,5,18,10
2021-12-26,E0,Manchester City,Leicester,2,6,3,17,14,9,8,1415.5910618793,1054.02827281196,4,0,0,1,4,0,0,3,15,7,27,15,45,26,3,-3,3,-3,1,-1,3,6,8,9,14,17
2021-12-26,E0,Norwich,Arsenal,0,0,5,4,16,2,6,827.931947238891,1178.26244298897,0,1,2,0,0,1,3,0,2,9,9,21,10,35,-5,5,-12,12,-4,4,5,0,6,2,16,4
2021-12-26,E0,Tottenham,Crystal Palace,2,3,0,17,4,6,0,1085.05740075354,1032.46423303973,0,0,0,2,4,0,1,3,11,4,17,13,32,25,3,-3,13,-13,6,-6,0,3,0,6,4,17
2021-12-26,E0,West Ham,Southampton,0,2,3,11,11,5,6,1112.59766779146,848.510534331711,1,0,0,0,4,1,0,4,5,3,17,13,31,18,-1,1,0,0,-1,1,3,2,6,5,11,11
2021-12-26,E0,Aston Villa,Chelsea,0,1,3,8,10,1,4,1098.61061488297,1207.85210789121,1,0,0,0,1,1,0,2,9,8,12,19,29,39,-2,2,-2,2,-3,3,3,1,4,1,10,8
2021-12-26,E0,Brighton,Brentford,2,2,0,15,16,5,6,1001.63428770662,1000.56998657941,0,0,1,0,0,1,5,4,3,8,7,11,24,29,2,-2,-1,1,-1,1,0,2,6,5,16,15
2021-12-27,E0,Newcastle,Manchester Utd,1,1,1,13,13,8,4,894.34653820936,1126.16127051239,0,1,1,0,0,2,1,0,4,10,7,14,12,39,0,0,0,0,4,-4,1,1,4,8,13,13
2021-12-28,E0,Crystal Palace,Norwich,2,3,0,19,12,6,3,986.124896486195,810.551366676013,0,0,0,1,2,0,1,2,4,1,12,8,22,10,3,-3,7,-7,3,-3,0,3,3,6,12,19
2021-12-28,E0,Southampton,Tottenham,1,1,1,9,21,2,11,901.026954786417,1131.39673730708,0,0,0,0,5,1,2,2,6,13,13,20,21,35,0,0,-12,12,-9,9,1,1,11,2,21,9
2021-12-28,E0,Watford,West Ham,0,1,4,14,13,5,6,911.503128702551,1060.08124733676,0,0,2,1,0,0,2,4,3,5,6,14,13,31,-3,3,1,-1,-1,1,4,1,6,5,13,14
2021-12-28,E0,Leicester,Liverpool,2,1,0,6,21,1,4,1041.93038922399,1370.89275311379,2,0,0,0,2,3,0,1,7,13,14,23,26,43,1,-1,-15,15,-3,3,0,1,4,1,21,6
2021-12-29,E0,Chelsea,Brighton,1,1,1,11,18,5,6,1238.35706106295,1045.35755689668,0,0,0,0,6,2,1,6,8,6,19,9,42,27,0,0,-7,7,-1,1,1,1,6,5,18,11
2021-12-29,E0,Brentford,Manchester City,0,0,1,6,12,2,3,956.846717389352,1427.68894546726,2,5,0,0,2,8,0,0,7,15,8,27,29,47,-1,1,-6,6,-1,1,1,0,3,2,12,6
2021-12-30,E0,Manchester Utd,Burnley,2,3,1,18,10,6,3,1116.83093650615,849.910122171431,2,0,0,1,2,0,0,10,11,4,14,10,37,15,2,-2,8,-8,3,-3,1,3,3,6,10,18
2022-01-01,E0,Arsenal,Manchester City,0,1,2,7,15,2,2,1195.64302355185,1431.68019614487,5,6,0,0,8,9,0,0,12,15,21,30,38,50,-1,1,-8,8,0,0,2,1,2,2,15,7
2022-01-01,E0,Watford,Tottenham,0,0,1,6,21,4,9,878.966796980144,1122.11042385597,0,0,3,0,0,2,3,3,0,11,6,18,13,33,-1,1,-15,15,-5,5,1,0,9,4,21,6
2022-01-01,E0,Crystal Palace,West Ham,0,2,3,22,10,6,5,1015.22800620372,1092.61757905917,1,1,0,0,3,1,0,0,7,7,14,14,24,31,-1,1,12,-12,1,-1,3,2,5,6,10,22
2022-01-02,E0,Brentford,Aston Villa,2,2,1,10,16,4,5,952.855466711744,1068.10566171123,0,1,1,0,0,1,1,0,4,6,8,12,26,26,1,-1,-6,6,-1,1,1,2,5,4,16,10
2022-01-02,E0,Everton,Brighton,0,2,3,17,12,6,5,911.823971629825,1053.43161967277,1,0,0,0,1,3,0,7,4,6,5,9,23,25,-1,1,5,-5,1,-1,3,2,5,6,12,17
2022-01-02,E0,Leeds,Burnley,2,3,1,22,8,7,2,842.64378988511,834.380861111293,0,0,1,2,0,0,2,11,4,3,10,9,16,12,2,-2,14,-14,5,-5,1,3,2,7,8,22
2022-01-02,E0,Chelsea,Liverpool,1,2,2,15,10,6,6,1230.28299828686,1315.26573028807,0,0,0,1,7,0,2,2,9,10,17,20,42,42,0,0,5,-5,0,0,2,2,6,6,10,15
2022-01-03,E0,Manchester Utd,Wolves,0,0,1,9,19,2,6,1132.36019756629,1059.07757629684,3,1,0,0,3,1,0,0,13,5,17,13,37,26,-1,1,-10,10,-4,4,1,0,6,2,19,9
2022-01-11,E0,Southampton,Brentford,2,4,1,12,5,6,4,910.313268237527,995.097466304799,0,0,0,1,6,0,3,5,6,7,13,11,22,26,3,-3,7,-7,2,-2,1,4,4,6,5,12
2022-01-12,E0,West Ham,Norwich,2,2,0,13,7,5,3,1117.60532605197,781.448256958485,0,0,1,2,0,0,1,3,7,0,14,8,34,10,2,-2,6,-6,2,-2,0,2,3,5,7,13
2022-01-14,E0,Brighton,Crystal Palace,1,1,1,19,3,4,1,1073.06632068928,990.240259210921,1,0,0,3,1,0,0,4,8,7,12,11,27,23,0,0,16,-16,3,-3,1,1,1,4,3,19
2022-01-15,E0,Manchester City,Chelsea,2,1,0,11,4,6,1,1444.76469494562,1234.12037230658,5,1,0,0,5,2,0,0,15,7,30,17,53,40,1,-1,7,-7,5,-5,0,1,1,6,4,11
2022-01-15,E0,Newcastle,Watford,1,1,1,12,18,1,5,903.676872215602,866.302982759615,0,0,0,3,1,0,2,3,4,0,7,6,12,13,0,0,-6,6,-4,4,1,1,5,1,18,12
2022-01-15,E0,Norwich,Everton,2,2,1,14,12,3,5,770.379484740594,892.189270613319,0,0,3,0,0,1,4,7,0,4,8,5,10,23,1,-1,2,-2,-2,2,1,2,5,3,12,14
2022-01-15,E0,Wolves,Southampton,2,3,1,9,13,5,10,1097.72881070327,977.894123645037,0,1,0,0,1,2,3,0,7,8,15,13,28,24,2,-2,-4,4,-5,5,1,3,10,5,13,9
2022-01-15,E0,Aston Villa,Manchester Utd,1,2,2,13,13,9,6,1025.86366211818,1093.70896315986,0,0,1,0,0,3,1,1,6,10,12,17,25,34,0,0,0,0,3,-3,2,2,6,9,13,13
2022-01-16,E0,Liverpool,Brentford,2,3,0,27,6,13,1,1311.42835626836,927.516610897289,4,0,0,2,21,0,0,6,8,6,20,11,42,23,3,-3,21,-21,12,-12,0,3,1,13,6,27
2022-01-16,E0,West Ham,Leeds,0,2,3,15,18,5,5,1128.67409826986,885.458555422621,1,0,0,2,1,0,0,4,9,4,14,12,34,19,-1,1,-3,3,0,0,3,2,5,5,18,15
2022-01-18,E0,Brighton,Chelsea,1,1,1,10,15,2,3,1069.32269045985,1219.44854461774,0,0,0,1,2,0,1,1,8,6,12,14,28,37,0,0,-5,5,-1,1,1,1,3,2,15,10
2022-01-19,E0,Leicester,Tottenham,0,2,3,14,27,4,10,1097.5574120497,1134.7742380765,3,1,0,0,3,3,0,0,7,11,14,18,29,36,-1,1,-13,13,-6,6,3,2,10,4,27,14
2022-01-19,E0,Brentford,Manchester Utd,0,1,3,18,13,8,5,916.73479624683,1090.62368827573,1,0,0,0,1,4,0,2,3,8,11,15,20,32,-2,2,5,-5,3,-3,3,1,5,8,13,18
2022-01-21,E0,Watford,Norwich,0,0,3,15,7,4,2,868.017505894013,813.160433972959,0,0,4,3,0,0,4,4,1,3,4,8,14,13,-3,3,8,-8,2,-2,3,0,2,4,7,15
2022-01-22,E0,Everton,Aston Villa,0,0,1,15,8,1,3,849.408321380954,1028.9489370023,0,0,1,1,0,0,1,1,4,4,5,13,22,23,-1,1,7,-7,-2,2,1,0,3,1,8,15
2022-01-22,E0,Brentford,Wolves,0,1,2,11,7,1,2,893.161518029032,1127.03203666009,0,2,1,0,0,2,1,0,3,10,10,15,19,31,-1,1,4,-4,-1,1,2,1,2,1,7,11
2022-01-22,E0,Leeds,Newcastle,0,0,1,13,15,4,3,936.798945900795,901.962349081204,1,0,0,3,1,0,0,11,6,2,12,8,22,12,-1,1,-2,2,1,-1,1,0,3,4,15,13
2022-01-22,E0,Manchester Utd,West Ham,2,1,0,18,6,3,1,1114.19696649353,1077.33370779168,0,2,1,0,0,2,1,0,8,9,18,14,32,31,1,-1,12,-12,2,-2,0,1,1,3,6,18
2022-01-22,E0,Southampton,Manchester City,1,1,1,7,20,3,5,948.590897688218,1459.43652263446,1,7,0,0,7,10,0,0,8,15,10,30,24,53,0,0,-13,13,-2,2,1,1,5,3,20,7
2022-01-23,E0,Arsenal,Burnley,1,0,0,20,10,5,1,1182.5585247511,791.566095573782,0,0,1,3,0,0,1,12,12,2,18,8,35,11,0,0,10,-10,4,-4,0,0,1,5,10,20
2022-01-23,E0,Crystal Palace,Liverpool,0,1,3,8,15,5,7,993.983889440348,1322.21017091882,0,0,1,0,0,1,1,3,5,8,9,23,24,42,-2,2,-7,7,-2,2,3,1,7,5,15,8
2022-01-23,E0,Leicester,Brighton,1,1,1,15,14,5,5,1068.97215766094,1075.83584667289,0,1,1,0,0,4,1,0,6,9,11,12,28,26,0,0,1,-1,0,0,1,1,5,5,14,15
2022-01-23,E0,Chelsea,Tottenham,2,2,0,15,6,7,3,1212.9353884047,1163.35949246525,0,2,0,0,8,4,3,0,6,11,14,21,37,39,2,-2,9,-9,4,-4,0,2,3,7,6,15
2022-02-05,E0,Burnley,Watford,1,0,0,13,11,2,5,804.516936321234,804.946686433121,0,0,0,0,4,1,2,4,2,1,9,4,12,14,0,0,2,-2,-3,3,0,0,5,2,11,13
2022-02-08,E0,Newcastle,Everton,2,3,1,20,11,9,3,937.160208700312,832.614563417253,0,0,0,1,2,0,3,8,5,1,10,5,15,19,2,-2,9,-9,6,-6,1,3,3,9,11,20
2022-02-08,E0,West Ham,Watford,2,1,0,9,6,3,1,1048.71625598472,804.926895719188,0,0,1,0,0,2,1,5,9,2,14,5,30,12,1,-1,3,-3,2,-2,0,1,1,3,6,9
2022-02-08,E0,Burnley,Manchester Utd,1,1,1,9,22,3,5,804.536727035168,1142.81441830049,0,1,0,0,5,5,3,0,3,10,9,21,13,34,0,0,-13,13,-2,2,1,1,5,3,22,9
2022-02-09,E0,Manchester City,Brentford,2,2,0,15,6,7,2,1445.04227066176,879.946711368169,6,0,0,3,6,0,0,7,13,3,28,7,51,18,2,-2,9,-9,5,-5,0,2,2,7,6,15
2022-02-09,E0,Norwich,Crystal Palace,1,1,1,5,13,1,5,876.231253433851,982.465971450645,1,0,0,0,1,1,0,5,6,4,8,8,16,23,0,0,-8,8,-4,4,1,1,5,1,13,5
2022-02-09,E0,Tottenham,Southampton,0,2,3,8,23,3,10,1125.71782748744,962.985149660918,1,0,0,1,5,0,0,1,10,8,21,11,36,24,-1,1,-15,15,-7,7,3,2,10,3,23,8
2022-02-09,E0,Aston Villa,Leeds,1,3,3,12,16,4,8,1045.742694966,901.601086281687,0,1,0,0,1,1,2,0,7,6,16,11,26,22,0,0,-4,4,-4,4,3,3,8,4,16,12
2022-02-10,E0,Liverpool,Leicester,2,2,0,22,5,11,1,1333.72808890852,1069.28820110782,5,0,0,2,22,0,0,4,8,7,23,12,42,26,2,-2,17,-17,10,-10,0,2,1,11,5,22
2022-02-10,E0,Wolves,Arsenal,0,0,1,15,12,4,2,1140.24684332095,1169.60768400365,1,2,0,0,2,2,0,0,13,10,18,16,34,36,-1,1,3,-3,2,-2,1,0,2,4,12,15
2022-02-12,E0,Manchester Utd,Southampton,1,1,1,12,13,8,4,1130.80961606458,1008.96567175387,1,1,0,0,1,1,0,0,8,8,21,14,32,26,0,0,-1,1,4,-4,1,1,4,8,13,12
2022-02-12,E0,Brentford,Crystal Palace,1,0,0,9,6,2,3,876.681864928408,977.720654673888,0,0,2,0,0,2,2,6,0,5,7,9,18,23,0,0,3,-3,-1,1,0,0,3,2,6,9
2022-02-12,E0,Everton,Leeds,2,3,0,21,7,10,0,801.569598320882,907.882723964569,0,0,2,0,0,2,2,1,1,7,4,12,16,22,3,-3,14,-14,10,-10,0,3,0,10,7,21
2022-02-12,E0,Watford,Brighton,0,0,2,9,11,1,6,792.300797803274,1075.51980322601,0,0,5,0,0,5,5,1,2,7,2,13,12,24,-2,2,-2,2,-5,5,2,0,6,1,11,9
2022-02-12,E0,Norwich,Manchester City,0,0,4,8,22,3,9,880.976570210608,1448.30711710152,0,0,0,0,2,11,1,1,7,13,8,28,17,51,-4,4,-14,14,-6,6,4,0,9,3,22,8
2022-02-13,E0,Burnley,Liverpool,0,0,1,8,12,5,4,816.541529271076,1349.44070738877,0,1,0,0,6,2,4,0,3,10,7,23,14,44,-1,1,-4,4,1,-1,1,0,4,5,12,8
2022-02-13,E0,Newcastle,Aston Villa,2,1,0,10,11,2,1,968.205173796683,1039.46105728312,1,1,0,0,3,1,0,0,8,5,12,14,18,24,1,-1,-1,1,1,-1,0,1,1,2,11,10
2022-02-13,E0,Tottenham,Wolves,0,0,2,17,11,7,7,1079.73730539448,1110.94465760822,0,3,1,0,0,3,1,0,7,10,20,15,33,34,-2,2,6,-6,0,0,2,0,7,7,11,17
2022-02-13,E0,Leicester,West Ham,1,2,2,13,8,2,3,1053.57558262758,1061.34235390063,0,0,0,1,1,0,2,1,4,9,11,16,23,32,0,0,5,-5,-1,1,2,2,3,2,8,13
2022-02-15,E0,Manchester Utd,Brighton,2,2,0,19,10,7,3,1125.41774698952,1089.8861412298,0,1,0,0,2,6,1,0,9,9,19,15,30,27,2,-2,9,-9,4,-4,0,2,3,7,10,19
2022-02-19,E0,West Ham,Newcastle,1,1,1,11,14,3,3,1060.98474043322,1006.67758847384,1,1,0,0,1,1,0,0,7,11,14,15,33,20,0,0,-3,3,0,0,1,1,3,3,14,11
2022-02-19,E0,Arsenal,Brentford,2,2,1,24,6,8,2,1198.90986971638,881.207991949324,0,0,0,4,1,0,2,8,10,1,19,7,39,16,1,-1,18,-18,6,-6,1,2,2,8,6,24
2022-02-19,E0,Aston Villa,Watford,0,0,1,20,8,1,4,1000.98864260597,777.934459799485,0,0,0,1,2,0,3,6,5,2,11,2,23,12,-1,1,12,-12,-3,3,1,0,4,1,8,20
2022-02-19,E0,Brighton,Burnley,0,0,3,11,10,1,4,1050.49819050512,813.69589225578,0,0,0,0,3,1,2,13,6,3,14,6,24,14,-3,3,1,-1,-3,3,3,0,4,1,10,11
2022-02-19,E0,Crystal Palace,Chelsea,0,0,1,7,9,0,3,973.194527652972,1250.57705338251,0,0,2,0,0,1,2,2,3,6,10,14,21,37,-1,1,-2,2,-3,3,1,0,3,0,9,7
2022-02-19,E0,Liverpool,Norwich,2,3,1,29,6,8,1,1352.28634440406,876.233971476186,6,1,0,0,23,1,0,0,13,7,23,7,44,17,2,-2,23,-23,7,-7,1,3,1,8,6,29
2022-02-19,E0,Southampton,Everton,2,2,0,19,9,11,0,1014.35754082894,872.285522258646,0,0,0,2,8,0,1,9,8,3,14,7,26,18,2,-2,10,-10,11,-11,0,2,0,11,9,19
2022-02-19,E0,Manchester City,Tottenham,0,2,3,21,6,4,5,1453.04971583594,1039.80850525146,7,0,0,1,7,0,0,1,13,6,28,17,53,30,-1,1,15,-15,-1,1,3,2,5,4,6,21
2022-02-20,E0,Leeds,Manchester Utd,0,2,4,16,15,6,9,837.166800026805,1164.8056977142,0,0,1,0,0,6,1,1,7,11,11,19,21,30,-2,2,1,-1,-3,3,4,2,9,6,15,16
2022-02-20,E0,Wolves,Leicester,2,2,1,11,17,3,7,1150.87345775124,1053.933196095,0,0,1,3,0,0,1,5,12,5,17,12,37,24,1,-1,-6,6,-4,4,1,2,7,3,17,11
2022-02-23,E0,Burnley,Tottenham,2,1,0,15,12,4,2,900.539653863478,1098.38110930328,0,1,1,0,0,1,5,0,6,6,8,17,17,30,1,-1,3,-3,2,-2,0,1,2,4,12,15
2022-02-23,E0,Watford,Crystal Palace,0,1,4,8,7,1,5,828.054806712842,962.414531883521,0,0,6,0,0,3,6,7,4,3,5,10,15,21,-3,3,1,-1,-4,4,4,1,5,1,7,8
2022-02-23,E0,Liverpool,Leeds,2,6,0,23,3,15,2,1357.60472836229,825.61500872874,7,0,0,1,24,0,0,2,15,4,23,8,44,21,6,-6,20,-20,13,-13,0,6,2,15,3,23
2022-02-24,E0,Arsenal,Wolves,2,2,1,26,6,5,2,1207.76597449024,1174.16963098617,1,4,0,0,2,4,0,0,10,12,19,19,42,37,1,-1,20,-20,3,-3,1,2,2,5,6,26
2022-02-25,E0,Southampton,Norwich,2,2,0,27,8,9,1,1041.21805129784,870.915587517955,1,0,0,1,9,0,0,1,8,7,16,7,28,17,2,-2,19,-19,8,-8,0,2,1,9,8,27
2022-02-26,E0,Leeds,Tottenham,0,0,4,19,15,3,11,818.189315398034,1049.90292999345,0,0,2,1,0,0,2,1,1,3,7,14,20,30,-4,4,4,-4,-8,8,4,0,11,3,15,19
2022-02-26,E0,Brentford,Newcastle,0,0,2,6,26,1,11,872.35188717546,1009.15835441915,0,0,0,0,1,2,3,1,1,11,4,15,15,21,-2,2,-20,20,-10,10,2,0,11,1,26,6
2022-02-26,E0,Crystal Palace,Burnley,1,1,1,11,5,4,1,996.849722204983,949.017833173306,0,1,3,0,0,2,3,0,5,8,10,10,23,19,0,0,6,-6,3,-3,1,1,1,4,5,11
2022-02-26,E0,Manchester Utd,Watford,1,0,0,22,10,3,2,1176.35748901227,793.61961639138,1,1,0,0,3,1,0,0,11,4,19,5,33,12,0,0,12,-12,1,-1,0,0,2,3,10,22
2022-02-26,E0,Brighton,Aston Villa,0,0,2,12,9,1,4,963.654428897423,950.868295692612,0,0,1,1,0,0,3,1,5,5,13,11,21,23,-2,2,3,-3,-3,3,2,0,4,1,9,12
2022-02-26,E0,Everton,Manchester City,0,0,1,6,13,2,8,845.425011789743,1394.47711178413,1,1,0,0,1,12,0,0,3,10,7,25,15,50,-1,1,-7,7,-6,6,1,0,8,2,13,6
2022-02-27,E0,West Ham,Wolves,2,1,0,13,14,4,1,1058.50397448791,1145.25435996426,0,0,0,1,2,0,1,1,5,9,14,19,31,37,1,-1,-1,1,3,-3,0,1,1,4,14,13
2022-03-01,E0,Burnley,Leicester,0,0,2,9,22,2,6,951.206761319633,1030.63702286006,1,0,0,4,1,0,0,6,8,2,11,9,20,21,-2,2,-13,13,-4,4,2,0,6,2,22,9
2022-03-05,E0,Leicester,Leeds,2,1,0,7,19,4,4,1064.63908044665,791.288611789313,0,0,0,2,2,0,3,3,5,1,11,7,24,20,1,-1,-12,12,0,0,0,1,4,4,19,7
2022-03-05,E0,Aston Villa,Southampton,2,4,0,14,11,9,1,996.339209384516,1065.14890512799,0,0,1,0,0,2,4,1,7,11,11,19,23,31,4,-4,3,-3,8,-8,0,4,1,9,11,14
2022-03-05,E0,Burnley,Chelsea,0,0,4,6,11,1,5,917.204703733043,1261.35704915197,0,1,1,0,0,2,1,0,7,8,10,17,20,37,-4,4,-5,5,-4,4,4,0,5,1,11,6
2022-03-05,E0,Newcastle,Brighton,2,2,1,10,15,4,4,1036.5870083334,918.183515205519,2,0,0,1,4,0,0,1,13,4,15,13,23,20,1,-1,-5,5,0,0,1,2,4,4,15,10
2022-03-05,E0,Norwich,Brentford,0,1,3,15,10,7,6,846.984733687809,844.923233261209,0,0,1,5,0,0,2,9,4,1,7,4,17,12,-2,2,5,-5,1,-1,3,1,6,7,10,15
2022-03-05,E0,Wolves,Crystal Palace,0,0,2,12,12,5,8,1105.42635820433,994.660794058655,1,1,0,0,1,4,0,0,6,6,19,10,34,23,-2,2,0,0,-3,3,2,0,8,5,12,12
2022-03-05,E0,Liverpool,West Ham,2,1,0,22,13,5,5,1365.030421693,1098.33197624783,8,0,0,0,25,1,0,2,15,8,23,17,46,34,1,-1,9,-9,0,0,0,1,5,5,13,22
2022-03-06,E0,Watford,Arsenal,0,2,3,13,16,7,4,806.436831242655,1236.68124551216,0,3,7,0,0,3,7,0,4,10,6,22,12,42,-1,1,-3,3,3,-3,3,2,4,7,16,13
2022-03-06,E0,Manchester City,Manchester Utd,2,4,1,24,5,10,2,1397.08035750345,1163.54027416099,0,1,1,0,0,7,1,0,10,9,25,19,52,33,3,-3,19,-19,8,-8,1,4,2,10,5,24
2022-03-07,E0,Tottenham,Everton,2,5,0,14,6,7,0,1076.80363360217,842.821766070421,0,0,2,3,0,0,2,10,6,3,16,7,33,12,5,-5,8,-8,7,-7,0,5,0,7,6,14
2022-03-10,E0,Norwich,Chelsea,0,1,3,9,15,3,7,802.866890627746,1276.99276711984,0,2,2,0,0,3,3,0,1,10,7,17,16,40,-2,2,-6,6,-4,4,3,1,7,3,15,9
2022-03-10,E0,Southampton,Newcastle,0,1,2,14,8,5,4,988.035601638779,1058.08509300151,2,1,0,0,10,3,0,0,10,13,18,18,31,25,-1,1,6,-6,1,-1,2,1,4,5,8,14
2022-03-10,E0,Wolves,Watford,2,4,0,10,9,5,0,1048.04175503148,801.476266113055,0,0,1,0,0,2,1,1,6,4,16,6,31,12,4,-4,1,-1,5,-5,0,4,0,5,9,10
2022-03-10,E0,Leeds,Aston Villa,0,0,3,4,15,1,9,780.29894839943,1073.45251287372,0,1,3,0,0,1,3,0,0,7,7,14,17,23,-3,3,-11,11,-8,8,3,0,9,1,15,4
2022-03-12,E0,Brighton,Liverpool,0,0,2,8,18,3,9,896.685430537412,1376.37303633156,0,2,2,0,0,3,4,0,3,15,10,23,19,48,-2,2,-10,10,-6,6,2,0,9,3,18,8
2022-03-12,E0,Brentford,Burnley,2,2,0,13,7,4,1,889.041076321272,901.568985765164,0,0,1,0,0,3,4,1,4,7,7,10,15,19,2,-2,6,-6,3,-3,0,2,1,4,7,13
2022-03-12,E0,Manchester Utd,Tottenham,2,3,2,10,10,6,3,1140.98674948919,1107.34005814491,0,1,0,0,4,1,1,0,8,9,16,16,33,36,1,-1,0,0,3,-3,2,3,3,6,10,10
2022-03-13,E0,Chelsea,Newcastle,2,1,0,8,7,3,2,1282.36682553361,1083.71931995303,1,2,0,0,9,4,0,0,13,13,19,21,40,28,1,-1,1,-1,1,-1,0,1,2,3,7,8
2022-03-13,E0,Everton,Wolves,0,0,1,8,14,2,3,812.285341527688,1073.16748851038,0,0,1,2,0,0,1,2,3,6,4,18,12,31,-1,1,-6,6,-1,1,1,0,3,2,14,8
2022-03-13,E0,Leeds,Norwich,2,2,1,13,12,7,4,763.274046413158,797.492832213982,0,0,4,2,0,0,4,2,0,0,7,7,17,15,1,-1,1,-1,3,-3,1,2,4,7,12,13
2022-03-13,E0,Southampton,Watford,0,1,2,13,9,7,5,962.401374687251,776.350532634158,0,0,1,1,0,0,1,2,7,4,15,6,28,12,-1,1,4,-4,2,-2,2,1,5,7,9,13
2022-03-13,E0,West Ham,Aston Villa,2,2,1,11,13,4,7,1086.98936160927,1090.47741486,1,2,0,0,3,2,0,0,8,9,17,14,31,26,1,-1,-2,2,-3,3,1,2,7,4,13,11
2022-03-13,E0,Arsenal,Leicester,2,2,0,21,6,8,3,1241.64181064176,1075.62874383654,2,1,0,0,3,1,0,0,13,7,25,14,42,27,2,-2,15,-15,5,-5,0,2,3,8,6,21
2022-03-14,E0,Crystal Palace,Manchester City,1,0,0,7,18,1,4,1052.0453972315,1419.63388217525,0,2,0,0,1,13,4,0,8,12,13,25,25,52,0,0,-11,11,-3,3,0,0,4,1,18,7
2022-03-16,E0,Brighton,Tottenham,0,0,2,15,17,0,7,891.470635363719,1078.42938117484,0,0,3,1,0,0,5,1,0,9,9,15,18,33,-2,2,-2,2,-7,7,2,0,7,0,17,15
2022-03-16,E0,Arsenal,Liverpool,0,0,2,9,9,2,3,1266.00475051197,1381.58783150526,3,3,0,0,4,4,0,0,15,15,25,25,42,48,-2,2,0,0,-1,1,2,0,3,2,9,9
2022-03-17,E0,Everton,Newcastle,2,1,0,9,17,3,6,800.626882802783,1068.25198808729,0,0,2,1,0,0,2,1,3,10,4,21,9,28,1,-1,-8,8,-3,3,0,1,6,3,17,9
2022-03-18,E0,Wolves,Leeds,0,2,3,14,15,8,6,1084.82594723529,798.415561845555,1,0,0,3,1,0,0,4,6,3,18,7,33,19,-1,1,-1,1,2,-2,3,2,6,8,15,14
2022-03-19,E0,Aston Villa,Arsenal,0,0,1,8,10,1,3,1058.15616407614,1236.22201558264,1,4,0,0,1,4,0,0,9,12,14,22,26,41,-1,1,-2,2,-2,2,1,0,3,1,10,8
2022-03-20,E0,Leicester,Brentford,2,2,1,12,15,4,6,1051.26580396632,934.479437038103,1,1,0,0,3,1,0,0,7,7,11,7,26,18,1,-1,-3,3,-2,2,1,2,6,4,15,12
2022-03-20,E0,Tottenham,West Ham,2,3,1,17,6,4,1,1100.72850753299,1119.31061239313,1,0,0,1,1,0,0,3,9,8,15,17,33,31,2,-2,11,-11,3,-3,1,3,1,4,6,17
2022-04-02,E0,Liverpool,Watford,2,2,0,20,5,3,2,1411.37056643458,824.016839295062,9,1,0,0,26,1,0,0,15,4,28,8,48,12,2,-2,15,-15,1,-1,0,2,2,3,5,20
2022-04-02,E0,Brighton,Norwich,1,0,0,31,6,4,0,869.171509005568,762.351316781585,0,0,4,3,0,0,6,3,0,0,6,7,18,15,0,0,25,-25,4,-4,0,0,0,4,6,31
2022-04-02,E0,Burnley,Manchester City,0,0,2,3,18,1,6,856.130625048334,1407.07549820672,0,0,2,0,0,14,2,1,4,10,10,23,18,50,-2,2,-15,15,-5,5,2,0,6,1,18,3
2022-04-02,E0,Chelsea,Brentford,0,1,4,21,17,8,6,1297.83415739935,912.848249117145,2,0,0,1,10,0,0,1,15,6,21,7,40,18,-3,3,4,-4,2,-2,4,1,6,8,17,21
2022-04-02,E0,Leeds,Southampton,1,1,1,12,14,3,6,852.093432118304,914.735068026346,1,0,0,1,1,0,0,2,6,6,7,14,19,27,0,0,-2,2,-3,3,1,1,6,3,14,12
2022-04-02,E0,Wolves,Aston Villa,2,2,1,11,15,5,5,1031.14807696254,1041.25703541,0,0,1,1,0,0,1,1,6,9,15,14,30,26,1,-1,-4,4,0,0,1,2,5,5,15,11
2022-04-02,E0,Manchester Utd,Leicester,1,1,1,11,11,5,3,1169.89742645926,1072.89699188728,1,0,0,1,5,0,0,1,10,9,19,14,36,28,0,0,0,0,2,-2,1,1,3,5,11,11
2022-04-03,E0,West Ham,Everton,2,2,1,11,13,5,2,1073.10956522711,853.333964045809,2,0,0,4,4,0,0,11,7,3,14,6,28,11,1,-1,-2,2,3,-3,1,2,2,5,13,11
2022-04-03,E0,Tottenham,Newcastle,2,5,1,19,8,6,1,1146.92955469901,1015.54490684427,2,0,0,2,2,0,0,2,12,9,15,20,36,27,4,-4,11,-11,5,-5,1,5,1,6,8,19
2022-04-04,E0,Crystal Palace,Arsenal,2,3,0,6,12,5,3,1064.60378120003,1253.12114424878,0,5,0,0,2,5,5,0,8,12,11,22,25,43,3,-3,-6,6,2,-2,0,3,3,5,12,6
2022-04-06,E0,Burnley,Everton,2,3,2,13,16,4,4,852.599852310095,839.248073128638,0,0,3,5,0,0,3,12,1,3,9,6,18,11,1,-1,-3,3,0,0,2,3,4,4,16,13
2022-04-08,E0,Newcastle,Wolves,2,1,0,12,5,4,2,974.334273695026,1064.07888379324,3,1,0,0,5,1,0,0,6,9,19,15,27,33,1,-1,7,-7,2,-2,0,1,2,4,5,12
2022-04-09,E0,Everton,Manchester Utd,2,1,0,7,12,3,4,808.477212421078,1165.54294713877,1,0,0,1,1,0,0,1,3,8,6,19,11,34,1,-1,-5,5,-1,1,0,1,4,3,12,7
2022-04-09,E0,Arsenal,Brighton,0,1,2,20,8,4,3,1171.59908347769,864.401614065561,0,0,1,2,0,0,1,2,9,1,19,6,40,18,-1,1,12,-12,1,-1,2,1,3,4,8,20
2022-04-09,E0,Southampton,Chelsea,0,0,6,4,24,1,14,911.881171200055,1199.49285361276,0,3,2,0,0,4,2,0,4,12,12,18,25,37,-6,6,-20,20,-13,13,6,0,14,1,24,4
2022-04-09,E0,Watford,Leeds,0,0,3,8,10,1,5,821.131707332666,854.947328944595,0,1,8,0,0,1,8,0,4,7,8,8,12,19,-3,3,-2,2,-4,4,3,0,5,1,10,8
2022-04-09,E0,Aston Villa,Tottenham,0,0,4,9,11,8,5,1008.3262285793,1188.14018784826,0,1,1,0,0,1,1,0,6,12,13,18,26,39,-4,4,-2,2,3,-3,4,0,5,8,11,9
2022-04-10,E0,Brentford,West Ham,2,2,0,15,5,7,1,1011.18955290373,1087.19545614428,1,0,0,2,1,0,0,4,9,9,10,14,21,28,2,-2,10,-10,6,-6,0,2,1,7,5,15
2022-04-10,E0,Leicester,Crystal Palace,2,2,1,12,11,3,3,1077.25147120776,1146.12584197111,2,2,0,0,4,5,0,0,10,11,12,14,26,25,1,-1,1,-1,0,0,1,2,3,3,11,12
2022-04-10,E0,Norwich,Burnley,2,2,0,17,18,6,4,767.121211721592,883.370713017655,0,0,3,1,0,0,4,2,1,3,8,11,16,20,2,-2,-1,1,2,-2,0,2,4,6,18,17
2022-04-10,E0,Manchester City,Liverpool,1,2,2,11,6,5,4,1410.60627094496,1414.25569839698,1,4,0,0,1,5,0,0,10,15,23,30,53,50,0,0,5,-5,1,-1,2,2,4,5,6,11
2022-04-16,E0,Tottenham,Brighton,0,0,1,5,12,0,5,1221.95237053829,919.073930555112,3,1,0,0,3,1,0,0,12,4,21,8,41,20,-1,1,-7,7,-5,5,1,0,5,0,12,5
2022-04-16,E0,Manchester Utd,Norwich,2,3,2,20,15,9,4,1108.80722207056,825.129126143845,0,0,0,0,6,1,1,4,5,4,16,8,34,16,1,-1,5,-5,5,-5,2,3,4,9,15,20
2022-04-16,E0,Southampton,Arsenal,2,1,0,9,23,3,6,885.235034642845,1116.92676698814,0,0,3,1,0,0,3,1,1,6,12,19,22,37,1,-1,-14,14,-3,3,0,1,6,3,23,9
2022-04-16,E0,Watford,Brentford,0,1,2,17,16,4,5,771.890931892432,1064.4913972108,0,1,9,0,0,1,9,0,3,12,7,13,12,23,-1,1,1,-1,-1,1,2,1,5,4,16,17
2022-04-17,E0,Newcastle,Leicester,2,2,1,16,8,7,2,1014.42099892596,1115.51322518031,4,0,0,0,6,1,0,2,6,10,19,15,29,26,1,-1,8,-8,5,-5,1,2,2,7,8,16
2022-04-17,E0,West Ham,Burnley,1,1,1,21,9,8,1,1033.89361183721,825.362798595402,3,0,0,2,5,0,0,3,6,3,14,10,28,17,0,0,12,-12,7,-7,1,1,1,8,9,21
2022-04-19,E0,Liverpool,Manchester Utd,2,4,0,14,2,5,1,1414.0876422326,1119.26624373978,10,0,0,2,27,0,0,2,13,7,28,16,51,37,4,-4,12,-12,4,-4,0,4,1,5,2,14
2022-04-20,E0,Chelsea,Arsenal,0,2,4,11,14,2,4,1226.13899016997,1066.2735768012,0,0,1,2,0,0,1,2,12,3,20,18,37,34,-2,2,-3,3,-2,2,4,2,4,2,14,11
2022-04-20,E0,Everton,Leicester,1,1,1,13,11,3,3,865.212937489291,1074.4564434979,2,0,0,1,2,0,0,3,6,7,9,14,14,26,0,0,2,-2,0,0,1,1,3,3,11,13
2022-04-20,E0,Newcastle,Crystal Palace,2,1,0,13,10,4,2,1055.47778060836,1107.86408799857,5,0,0,1,7,0,0,1,6,8,19,13,31,22,1,-1,3,-3,2,-2,0,1,2,4,10,13
2022-04-20,E0,Manchester City,Brighton,2,3,0,17,2,5,1,1410.77432710934,973.546388540107,0,2,0,0,2,2,1,0,11,7,21,10,51,23,3,-3,15,-15,4,-4,0,3,1,5,2,17
2022-04-21,E0,Burnley,Southampton,2,2,0,16,11,6,3,833.957867646383,935.888224829789,1,0,0,0,1,1,0,3,4,4,11,14,17,25,2,-2,5,-5,3,-3,0,2,3,6,11,16
2022-04-23,E0,Arsenal,Manchester Utd,2,3,1,14,14,7,5,1128.99829788934,1099.29088787977,0,0,2,3,0,0,2,3,6,7,18,15,37,36,2,-2,0,0,2,-2,1,3,5,7,14,14
2022-04-23,E0,Leicester,Aston Villa,1,0,0,5,11,2,3,1065.83805070547,974.514045889266,3,0,0,2,5,0,0,2,8,3,15,10,26,26,0,0,-6,6,-1,1,0,0,3,2,11,5
2022-04-23,E0,Manchester City,Watford,2,5,1,21,5,8,2,1418.91947491982,761.873578217709,1,0,0,1,3,0,0,1,11,3,21,7,51,9,4,-4,16,-16,6,-6,1,5,2,8,5,21
2022-04-23,E0,Norwich,Newcastle,0,0,3,5,13,2,7,814.670104474623,1092.2665028444,1,0,0,3,1,0,0,3,4,9,5,19,13,34,-3,3,-8,8,-5,5,3,0,7,2,13,5
2022-04-23,E0,Brentford,Tottenham,1,0,0,15,9,2,0,1074.50875088552,1167.4799125533,2,2,0,0,2,2,0,0,12,12,16,21,23,38,0,0,6,-6,2,-2,0,0,0,2,9,15
2022-04-24,E0,Brighton,Southampton,1,2,2,8,18,5,5,965.401240729629,879.520571723551,0,0,0,1,1,0,7,4,7,4,7,11,22,25,0,0,-10,10,0,0,2,2,5,5,18,8
2022-04-24,E0,Burnley,Wolves,2,1,0,14,10,5,4,890.325520752621,1023.99215856231,2,0,0,1,2,0,0,1,7,9,11,15,19,30,1,-1,4,-4,1,-1,0,1,4,5,10,14
2022-04-24,E0,Chelsea,West Ham,2,1,0,26,6,5,2,1163.41426908184,1025.29854278623,0,0,2,3,0,0,2,5,9,7,19,15,36,29,1,-1,20,-20,3,-3,0,1,2,5,6,26
2022-04-24,E0,Liverpool,Everton,2,2,0,18,9,4,1,1434.06299809262,873.831330281724,11,0,0,6,28,0,0,13,13,7,28,10,51,14,2,-2,9,-9,3,-3,0,2,1,4,9,18
2022-04-25,E0,Crystal Palace,Leeds,1,0,0,17,9,7,2,1071.07536576254,904.188104384828,1,2,0,0,3,2,0,0,7,10,13,10,21,22,0,0,8,-8,5,-5,0,0,2,7,9,17
2022-04-28,E0,Manchester Utd,Chelsea,1,1,1,6,21,3,6,1059.17419440046,1183.32362237379,1,4,0,0,7,5,0,0,4,9,14,22,33,36,0,0,-15,15,-3,3,1,1,6,3,21,6
2022-04-30,E0,Newcastle,Liverpool,0,0,1,4,24,2,10,1110.61802722883,1437.41700334056,6,0,0,0,8,6,0,1,12,13,21,28,36,51,-1,1,-20,20,-8,8,1,0,10,2,24,4
2022-04-30,E0,Aston Villa,Norwich,2,2,0,21,9,6,3,978.625418763794,796.318580090185,0,0,2,1,0,0,2,5,1,4,10,4,24,12,2,-2,12,-12,3,-3,0,2,3,6,9,21
2022-04-30,E0,Southampton,Crystal Palace,0,1,2,8,14,3,5,883.396894450044,1063.93111001947,1,0,0,2,1,0,0,2,5,5,11,13,25,22,-1,1,-6,6,-2,2,2,1,5,3,14,8
2022-04-30,E0,Watford,Burnley,0,1,2,13,17,1,6,759.001368007302,934.063201439422,0,0,10,0,0,1,10,4,3,10,7,11,9,21,-1,1,-4,4,-5,5,2,1,6,1,17,13
2022-04-30,E0,Wolves,Brighton,0,0,3,11,17,1,9,980.254477875506,961.524918003136,1,0,0,1,1,0,0,1,6,8,12,8,29,22,-3,3,-6,6,-8,8,3,0,9,1,17,11
2022-04-30,E0,Leeds,Manchester City,0,0,4,7,19,2,6,911.332360127894,1421.79168513022,0,1,0,0,2,15,1,0,11,11,11,23,22,51,-4,4,-12,12,-4,4,4,0,6,2,19,7
2022-05-01,E0,Everton,Chelsea,2,1,0,9,17,4,5,870.477325033782,1177.83785041407,0,0,0,0,3,6,1,1,4,7,7,22,14,36,1,-1,-8,8,-1,1,0,1,5,4,17,9
2022-05-01,E0,Tottenham,Leicester,2,3,1,13,6,7,2,1163.29778061074,1061.72667783094,0,0,1,0,0,1,1,4,10,6,19,15,36,27,2,-2,7,-7,5,-5,1,3,2,7,6,13
2022-05-01,E0,West Ham,Arsenal,0,1,2,8,13,3,7,1005.38918949428,1169.11499136864,0,1,0,0,6,1,1,0,4,6,12,18,28,37,-1,1,-5,5,-4,4,2,1,7,3,13,8
2022-05-02,E0,Manchester Utd,Brentford,2,3,0,9,12,5,4,1064.65996636019,1078.69088282807,0,2,0,0,8,2,1,0,4,10,12,17,31,24,3,-3,-3,3,1,-1,0,3,4,5,12,9
2022-05-07,E0,Brentford,Southampton,2,3,0,18,19,5,4,1021.95826813128,866.673889285793,0,0,0,0,3,1,1,5,10,4,16,8,23,24,3,-3,-1,1,1,-1,0,3,4,5,19,18
2022-05-07,E0,Burnley,Aston Villa,0,1,3,14,12,6,7,951.178271688551,1001.3728009314,3,0,0,0,3,1,0,3,10,4,13,13,24,24,-2,2,2,-2,-1,1,3,1,7,6,12,14
2022-05-07,E0,Chelsea,Wolves,1,2,2,19,14,6,4,1123.15805723607,922.786037669,1,0,0,2,1,0,0,2,7,3,19,9,33,28,0,0,5,-5,2,-2,2,2,4,6,14,19
2022-05-07,E0,Crystal Palace,Watford,2,1,0,15,6,7,1,1080.65411518372,741.886297758172,0,0,0,2,4,0,1,2,7,0,15,4,25,9,1,-1,9,-9,6,-6,0,1,1,7,6,15
2022-05-07,E0,Brighton,Manchester Utd,2,4,0,17,15,6,5,1018.99335820964,1121.39258105698,0,0,0,4,2,0,8,4,10,7,11,12,24,31,4,-4,2,-2,1,-1,0,4,5,6,15,17
2022-05-07,E0,Liverpool,Tottenham,1,1,1,22,8,3,3,1445.88102873102,1194.68703559261,12,0,0,0,29,3,0,1,13,10,28,22,51,36,0,0,14,-14,0,0,1,1,3,3,8,22
2022-05-08,E0,Arsenal,Leeds,2,2,1,19,3,9,2,1187.06055094996,904.84520780428,1,0,0,0,1,3,0,1,9,8,18,11,40,19,1,-1,16,-16,7,-7,1,2,2,9,3,19
2022-05-08,E0,Leicester,Everton,0,1,2,16,10,9,4,1030.33742284907,925.15711821178,0,0,0,7,6,0,1,14,5,7,15,10,24,17,-1,1,6,-6,5,-5,2,1,4,9,10,16
2022-05-08,E0,Norwich,West Ham,0,0,4,8,13,2,5,773.571197922582,987.443629912951,0,0,1,4,0,0,1,6,4,4,4,11,11,25,-4,4,-5,5,-3,3,4,0,5,2,13,8
2022-05-08,E0,Manchester City,Newcastle,2,5,0,21,7,9,3,1428.27883745384,1102.15400183838,2,1,0,0,4,1,0,0,13,12,23,18,51,33,5,-5,14,-14,6,-6,0,5,3,9,7,21
2022-05-10,E0,Aston Villa,Liverpool,0,1,2,9,17,4,6,1038.93796240946,1435.9808575971,1,1,0,0,1,7,0,0,7,11,16,26,27,49,-1,1,-8,8,-2,2,2,1,6,4,17,9
2022-05-11,E0,Leeds,Chelsea,0,0,3,5,17,0,4,894.312301519039,1114.83365392325,0,0,1,1,0,0,2,2,5,5,11,17,18,34,-3,3,-12,12,-4,4,3,0,4,0,17,5
2022-05-11,E0,Leicester,Norwich,2,3,0,20,9,8,5,988.935441535102,744.418396555128,0,0,1,2,0,0,2,6,2,3,12,4,23,11,3,-3,11,-11,3,-3,0,3,5,8,9,20
2022-05-11,E0,Watford,Everton,1,0,0,6,16,0,5,733.915610779754,966.559099525749,0,1,11,0,0,1,11,0,0,10,4,13,9,20,0,0,-10,10,-5,5,0,0,5,0,16,6
2022-05-11,E0,Wolves,Manchester City,0,1,5,7,16,3,5,931.110440981822,1447.91322343305,0,2,1,0,0,16,1,0,4,13,10,23,29,51,-4,4,-9,9,-2,2,5,1,5,3,16,7
2022-05-12,E0,Tottenham,Arsenal,2,3,0,16,8,6,4,1204.58720672653,1197.5934572352,1,2,0,0,1,2,0,0,8,12,20,18,36,43,3,-3,8,-8,2,-2,0,3,4,6,8,16
2022-05-15,E0,Tottenham,Burnley,2,1,0,21,8,8,1,1258.02124914671,913.613110210489,2,1,0,0,2,2,0,0,8,10,20,13,36,23,1,-1,13,-13,7,-7,0,1,1,8,8,21
2022-05-15,E0,Aston Villa,Crystal Palace,1,1,1,13,16,4,4,1033.02911523971,1088.62480216214,0,1,1,0,0,1,1,0,7,7,13,18,24,28,0,0,-3,3,0,0,1,1,4,4,16,13
2022-05-15,E0,Leeds,Brighton,1,1,1,19,16,5,6,870.388630967397,1101.97516745565,0,1,2,0,0,1,3,0,4,10,11,14,18,27,0,0,3,-3,-1,1,1,1,6,5,16,19
2022-05-15,E0,Watford,Leicester,0,1,5,13,13,5,7,743.271096821,1010.3794741681,0,0,0,1,1,0,12,5,1,5,4,12,10,26,-4,4,0,0,-2,2,5,1,7,5,13,13
2022-05-15,E0,West Ham,Manchester City,1,2,2,6,31,2,8,1016.5964312804,1454.17906252213,0,3,1,0,0,17,2,0,4,15,13,26,27,51,0,0,-25,25,-6,6,2,2,8,2,31,6
2022-05-15,E0,Wolves,Norwich,1,1,1,17,11,4,2,924.844601892738,722.974363922127,0,0,2,3,0,0,2,7,1,0,10,4,29,11,0,0,6,-6,2,-2,1,1,2,4,11,17
2022-05-15,E0,Everton,Brentford,0,2,3,10,18,5,7,957.203613484502,1053.62018253824,1,0,0,1,4,0,0,1,8,10,14,19,18,23,-1,1,-8,8,-2,2,3,2,7,5,18,10
2022-05-16,E0,Newcastle,Arsenal,2,2,0,16,11,4,2,1082.51961585917,1144.15941481502,0,0,1,1,0,0,1,1,9,12,15,15,33,40,2,-2,5,-5,2,-2,0,2,2,4,11,16
2022-05-17,E0,Southampton,Liverpool,0,1,2,4,24,2,5,835.011974878833,1441.88970476685,0,2,1,0,0,8,1,0,4,13,5,26,24,49,-1,1,-20,20,-3,3,2,1,5,2,24,4
2022-05-19,E0,Everton,Crystal Palace,2,3,2,12,7,6,5,933.862756485458,1086.08615704198,0,0,1,0,0,2,1,1,7,8,14,16,18,26,1,-1,5,-5,1,-1,2,3,5,6,7,12
2022-05-19,E0,Aston Villa,Burnley,1,1,1,22,10,9,5,1035.56776035987,905.866239007923,0,0,0,1,1,0,2,1,8,9,11,13,25,23,0,0,12,-12,4,-4,1,1,5,9,10,22
2022-05-19,E0,Chelsea,Leicester,1,1,1,20,2,7,1,1138.75732447489,1033.1986137757,0,1,0,0,2,1,1,0,8,7,17,15,34,26,0,0,18,-18,6,-6,1,1,1,7,2,20
2022-05-22,E0,Arsenal,Everton,2,5,1,26,6,9,2,1092.60148040275,979.049849700369,2,0,0,0,2,2,0,1,9,10,15,14,37,20,4,-4,20,-20,7,-7,1,5,2,9,6,26
2022-05-22,E0,Brentford,Leeds,0,1,2,14,14,5,6,1076.96103953729,879.712027126852,1,0,0,1,4,0,0,2,10,2,22,12,26,19,-1,1,0,0,-1,1,2,1,6,5,14,14
2022-05-22,E0,Brighton,West Ham,2,3,1,18,7,7,2,1092.6517712962,1030.21109188077,1,1,0,0,3,1,0,0,8,5,15,11,25,28,2,-2,11,-11,5,-5,1,3,2,7,7,18
2022-05-22,E0,Burnley,Newcastle,0,1,2,12,8,5,6,911.576389380465,1134.07755027143,0,0,1,1,0,0,1,1,7,9,14,15,24,36,-1,1,4,-4,-1,1,2,1,6,5,8,12
2022-05-22,E0,Chelsea,Watford,2,2,1,19,8,8,3,1134.04041700261,720.451957213408,0,0,0,3,3,0,2,3,6,1,15,4,34,10,1,-1,11,-11,5,-5,1,2,3,8,8,19
2022-05-22,E0,Crystal Palace,Manchester Utd,2,1,0,6,10,3,4,1040.89906382707,1038.41077181097,1,0,0,5,5,0,0,5,8,4,15,11,25,30,1,-1,-4,4,-1,1,0,1,4,3,10,6
2022-05-22,E0,Leicester,Southampton,2,4,1,12,7,6,2,1037.91552124797,833.12406263691,1,0,0,1,1,0,0,6,7,1,13,5,27,23,3,-3,5,-5,4,-4,1,4,2,6,7,12
2022-05-22,E0,Liverpool,Wolves,2,3,1,29,7,8,5,1443.77761700877,916.469992161974,0,0,0,0,30,1,1,3,13,2,26,11,49,27,2,-2,22,-22,3,-3,1,3,5,8,7,29
2022-05-22,E0,Manchester City,Aston Villa,2,3,2,24,4,5,2,1440.56440192177,1029.85760998733,3,1,0,0,5,2,0,0,13,8,24,9,49,23,1,-1,20,-20,3,-3,2,3,2,5,4,24
2022-05-22,E0,Norwich,Tottenham,0,0,5,9,19,0,13,731.348973652891,1265.76812034928,0,0,2,0,0,4,2,2,1,11,5,23,12,38,-5,5,-10,10,-13,13,5,0,13,0,19,9
2020-09-12,E0,Fulham,Arsenal,0,0,3,5,13,2,6,1025.73333397809,1136.74292542954,0,0,0,2,2,0,1,2,7,9,13,15,24,37,-3,3,-8,8,-4,4,3,0,6,2,13,5
2020-09-12,E0,Crystal Palace,Southampton,2,1,0,5,9,3,5,1072.66988758127,807.466440872812,2,0,0,2,6,0,0,7,10,1,15,5,28,20,1,-1,-4,4,-2,2,0,1,5,3,9,5
2020-09-12,E0,Liverpool,Leeds,2,4,3,22,6,6,3,1447.7994335,928.150074291979,1,1,0,0,31,1,0,0,13,4,26,15,51,22,1,-1,16,-16,3,-3,3,4,3,6,6,22
2020-09-12,E0,West Ham,Newcastle,0,0,2,15,15,3,2,994.151730981535,1147.99183730587,0,1,0,0,1,1,3,0,4,9,11,18,28,39,-2,2,0,0,1,-1,2,0,2,3,15,15
2020-09-13,E0,West Brom,Leicester,0,0,3,7,13,1,7,1000,1063.57314301207,0,0,0,0,0,2,0,1,0,10,0,15,0,27,-3,3,-6,6,-6,6,3,0,7,1,13,7
2020-09-13,E0,Tottenham,Everton,0,0,1,9,15,5,4,1272.29230300362,934.908404673585,3,0,0,1,3,0,0,2,13,7,23,14,38,20,-1,1,-6,6,1,-1,1,0,4,5,15,9
2020-09-14,E0,Brighton,Chelsea,0,1,3,13,10,3,5,1128.71113219543,1139.45789224467,2,1,0,0,4,1,0,0,11,8,18,15,27,36,-2,2,3,-3,-2,2,3,1,5,3,10,13
2020-09-14,E0,Sheffield United,Wolves,0,0,2,9,11,2,4,610.812954425443,912.448175670747,0,0,3,1,0,0,10,4,0,2,2,8,7,26,-2,2,-2,2,-2,2,2,0,4,2,11,9
2020-09-19,E0,Everton,West Brom,2,5,2,17,6,7,4,990.881961114993,955.336611384743,1,0,0,0,1,0,0,0,7,0,17,0,23,0,3,-3,11,-11,3,-3,2,5,4,7,6,17
2020-09-19,E0,Leeds,Fulham,2,4,3,10,14,7,6,925.089687658472,988.055544142661,0,0,0,1,1,0,4,1,4,7,12,13,19,21,1,-1,-4,4,1,-1,3,4,6,7,14,10
2020-09-19,E0,Manchester Utd,Crystal Palace,0,1,3,13,14,4,5,1006.63994805677,1084.09303901918,1,0,0,1,9,0,0,2,4,10,11,17,27,28,-2,2,-1,1,-1,1,3,1,5,4,14,13
2020-09-19,E0,Arsenal,West Ham,2,2,1,7,14,3,3,1174.42071526496,968.536788398679,3,0,0,1,3,0,0,1,9,4,18,8,37,25,1,-1,-7,7,0,0,1,2,3,3,14,7
2020-09-20,E0,Southampton,Tottenham,0,2,5,14,9,7,6,796.043289434901,1216.31874656221,0,1,2,0,0,5,2,0,0,10,5,20,19,35,-3,3,5,-5,1,-1,5,2,6,7,9,14
2020-09-20,E0,Newcastle,Brighton,0,0,3,6,13,0,6,1173.60677988873,1086.20967069933,1,0,0,0,1,2,0,1,9,10,21,18,41,24,-3,3,-7,7,-6,6,3,0,6,0,13,6
2020-09-20,E0,Chelsea,Liverpool,0,0,2,5,18,3,6,1181.95935374077,1450.85982013351,1,3,0,0,4,9,0,0,11,13,18,26,36,54,-2,2,-13,13,-3,3,2,0,6,3,18,5
2020-09-20,E0,Leicester,Burnley,2,4,2,14,16,6,5,1108.23653162733,897.66210234603,2,0,0,0,2,1,0,2,13,4,15,14,30,23,2,-2,-2,2,1,-1,2,4,5,6,16,14
2020-09-21,E0,Aston Villa,Sheffield United,2,1,0,18,4,2,1,1024.35730672912,597.675238039604,0,0,0,5,2,0,3,7,5,0,9,1,23,7,1,-1,14,-14,1,-1,0,1,1,2,4,18
2020-09-21,E0,Wolves,Manchester City,0,1,3,10,14,1,9,925.585892056586,1446.06470517997,0,0,0,0,1,18,3,1,5,13,8,24,26,49,-2,2,-4,4,-8,8,3,1,9,1,14,10
2020-09-26,E0,Brighton,Manchester Utd,0,2,3,18,7,5,3,1154.17644848677,972.400610055543,0,0,1,6,0,0,1,6,10,4,20,8,26,27,-1,1,11,-11,2,-2,3,2,3,5,7,18
2020-09-26,E0,Crystal Palace,Everton,0,1,2,8,10,1,5,1118.33237702041,1039.85393557208,3,1,0,0,7,1,0,0,10,9,17,17,31,26,-1,1,-2,2,-4,4,2,1,5,1,10,8
2020-09-26,E0,West Brom,Chelsea,1,3,3,9,22,3,10,906.364636927655,1166.57519455863,0,2,1,0,0,2,1,0,0,10,0,15,0,35,0,0,-13,13,-7,7,3,3,10,3,22,9
2020-09-26,E0,Burnley,Southampton,0,0,1,10,5,2,1,877.547384252891,787.131434662961,0,0,2,3,0,0,2,8,1,0,11,4,22,16,-1,1,5,-5,1,-1,1,0,1,2,5,10
2020-09-27,E0,Sheffield United,Leeds,0,0,1,14,17,4,9,592.620016765642,962.826388245795,0,0,4,1,0,0,11,1,0,7,1,12,7,19,-1,1,-3,3,-5,5,1,0,9,4,17,14
2020-09-27,E0,Tottenham,Newcastle,1,1,1,23,6,12,1,1225.23060133415,1105.64000210129,0,2,1,0,0,2,1,0,12,9,20,21,38,40,0,0,17,-17,11,-11,1,1,1,12,6,23
2020-09-27,E0,Manchester City,Leicester,0,2,5,16,7,5,7,1450.24009143535,1128.35124972046,4,1,0,0,6,3,0,0,13,13,26,18,49,32,-3,3,9,-9,-2,2,5,2,7,5,7,16
2020-09-27,E0,West Ham,Wolves,2,4,0,15,11,7,2,953.552780846887,921.410505801213,0,1,1,0,0,1,4,0,4,4,8,8,22,23,4,-4,4,-4,5,-5,0,4,2,7,11,15
2020-09-28,E0,Fulham,Aston Villa,0,0,3,16,12,3,5,950.318843555337,1029.41252800308,0,0,1,1,0,0,2,1,4,5,10,12,21,26,-3,3,4,-4,-2,2,3,0,5,3,12,16
2020-09-28,E0,Liverpool,Arsenal,2,3,1,21,4,8,3,1466.24397931565,1189.40472281675,2,1,0,0,32,1,0,0,15,9,26,21,56,40,2,-2,17,-17,5,-5,1,3,3,8,4,21
2020-10-03,E0,Chelsea,Crystal Palace,2,4,0,17,4,6,0,1156.42287707489,1079.22471712096,0,1,1,0,0,1,1,0,8,9,16,17,35,30,4,-4,13,-13,6,-6,0,4,0,6,4,17
2020-10-03,E0,Everton,Brighton,2,4,2,11,11,6,3,1078.96159547152,1106.81131072803,2,1,0,0,2,3,0,0,12,7,19,17,29,25,2,-2,0,0,3,-3,2,4,3,6,11,11
2020-10-03,E0,Leeds,Manchester City,1,1,1,12,23,7,2,969.617593682057,1355.95801155098,1,1,0,0,2,19,0,0,10,10,14,23,22,46,0,0,-11,11,5,-5,1,1,2,7,23,12
2020-10-03,E0,Newcastle,Burnley,2,3,1,10,7,5,3,1110.93968513592,837.402803476065,0,0,1,1,0,0,1,3,10,1,19,11,38,21,2,-2,3,-3,2,-2,1,3,3,5,7,10
2020-10-04,E0,Leicester,West Ham,0,0,3,4,14,0,6,1222.63332960483,1012.10532363633,3,0,0,2,3,0,0,2,13,4,20,8,35,22,-3,3,-10,10,-6,6,3,0,6,0,14,4
2020-10-04,E0,Southampton,West Brom,2,2,0,13,5,7,2,827.276015439787,916.516954411401,0,0,3,1,0,0,3,1,3,1,7,1,19,1,2,-2,8,-8,5,-5,0,2,2,7,5,13
2020-10-04,E0,Arsenal,Sheffield United,2,2,1,6,6,5,2,1174.59173174412,585.82881132938,4,0,0,6,4,0,0,8,9,0,21,0,39,6,1,-1,0,0,3,-3,1,2,2,5,6,6
2020-10-04,E0,Wolves,Fulham,2,1,0,14,10,5,2,862.857963011767,907.991264526336,0,0,1,2,0,0,4,2,4,1,5,7,20,21,1,-1,4,-4,3,-3,0,1,2,5,10,14
2020-10-04,E0,Manchester Utd,Tottenham,0,1,6,5,22,2,8,1019.76574781428,1219.93091829953,0,2,1,0,0,6,1,0,6,10,10,18,29,39,-5,5,-17,17,-6,6,6,1,8,2,22,5
2020-10-04,E0,Aston Villa,Liverpool,2,7,2,18,14,11,8,1071.74010703208,1481.05697038828,1,4,0,0,3,10,0,0,8,15,15,28,28,56,5,-5,4,-4,3,-3,2,7,8,11,14,18
2020-10-17,E0,Everton,Liverpool,1,2,2,11,22,5,8,1126.32723896201,1345.90195513187,3,0,0,1,3,0,0,1,12,12,22,25,29,53,0,0,-11,11,-3,3,2,2,8,5,22,11
2020-10-17,E0,Chelsea,Southampton,1,3,3,11,13,5,6,1206.82492692636,882.157358261291,1,1,0,0,1,1,0,0,10,6,16,7,38,21,0,0,-2,2,-1,1,3,3,6,5,13,11
2020-10-17,E0,Manchester City,Arsenal,2,1,0,13,11,5,3,1343.08184904048,1176.68036919541,0,0,1,1,0,0,1,1,8,12,23,21,44,39,1,-1,2,-2,2,-2,0,1,3,5,11,13
2020-10-17,E0,Newcastle,Manchester Utd,0,1,4,7,28,4,14,1125.98819193356,984.242435818566,1,1,0,0,1,1,0,0,10,3,19,10,38,26,-3,3,-21,21,-10,10,4,1,14,4,28,7
2020-10-18,E0,Sheffield United,Fulham,1,1,1,10,15,6,6,583.740173878088,871.857559905293,0,0,5,3,0,0,12,3,0,0,0,7,6,20,0,0,-5,5,0,0,1,1,6,6,15,10
2020-10-18,E0,Crystal Palace,Brighton,1,1,1,1,20,1,3,1028.82266726949,1059.44566723755,0,0,1,1,0,0,1,1,9,6,17,14,30,24,0,0,-19,19,-2,2,1,1,3,1,20,1
2020-10-18,E0,Tottenham,West Ham,1,3,3,11,13,6,4,1255.45423029524,1096.15316544024,0,1,0,0,1,1,2,0,10,6,21,11,42,25,0,0,-2,2,2,-2,3,3,4,6,13,11
2020-10-18,E0,Leicester,Aston Villa,0,0,1,11,10,5,4,1138.58548780093,1206.89512228849,0,1,1,0,0,1,1,0,12,10,19,18,34,28,-1,1,1,-1,1,-1,1,0,4,5,10,11
2020-10-19,E0,West Brom,Burnley,1,0,0,13,9,6,4,861.635611589897,822.354296678417,0,0,0,2,1,0,2,4,1,1,1,10,1,21,0,0,4,-4,2,-2,0,0,4,6,9,13
2020-10-19,E0,Leeds,Wolves,0,0,1,13,7,2,3,982.49375619255,898.99166763281,0,0,0,1,3,0,1,1,10,6,12,8,22,23,-1,1,6,-6,-1,1,1,0,3,2,7,13
2020-10-23,E0,Aston Villa,Leeds,0,0,3,12,27,4,9,1232.68340666881,942.947666871185,2,1,0,0,4,1,0,0,12,7,20,11,30,22,-3,3,-15,15,-5,5,3,0,9,4,27,12
2020-10-24,E0,West Ham,Manchester City,1,1,1,6,14,2,7,1103.01500903297,1360.82918151066,1,0,0,0,1,20,0,1,7,10,11,23,26,44,0,0,-8,8,-5,5,1,1,7,2,14,6
2020-10-24,E0,Fulham,Crystal Palace,0,1,2,16,14,3,10,860.976231447534,1030.22926794534,0,0,2,1,0,0,3,1,1,7,8,17,18,30,-1,1,2,-2,-7,7,2,1,10,3,14,16
2020-10-24,E0,Manchester Utd,Chelsea,1,0,0,14,6,4,1,1059.86432655965,1195.10220040676,0,0,2,0,0,3,2,1,6,8,10,16,26,38,0,0,8,-8,3,-3,0,0,1,4,6,14
2020-10-24,E0,Liverpool,Sheffield United,2,2,1,17,13,5,2,1336.95125450624,594.621502335847,3,0,0,7,33,0,0,9,10,1,23,1,51,7,1,-1,4,-4,3,-3,1,2,2,5,13,17
2020-10-25,E0,Southampton,Everton,2,2,0,12,6,6,2,893.880084780887,1135.27793958764,1,2,0,0,1,2,0,0,7,13,8,20,19,30,2,-2,6,-6,4,-4,0,2,2,6,6,12
2020-10-25,E0,Wolves,Newcastle,1,1,1,16,5,3,2,938.537756954175,1050.36630119248,1,0,0,0,1,3,0,1,9,7,11,16,23,35,0,0,11,-11,1,-1,1,1,2,3,5,16
2020-10-25,E0,Arsenal,Leicester,0,0,1,12,6,4,2,1158.93303672524,1112.79720342061,5,2,0,0,5,4,0,0,9,9,18,19,36,34,-1,1,6,-6,2,-2,1,0,2,4,6,12
2020-10-26,E0,Brighton,West Brom,1,1,1,5,9,3,3,1058.03906656169,859.834308839979,0,0,2,2,0,0,2,2,4,2,15,2,22,2,0,0,-4,4,0,0,1,1,3,3,9,5
2020-10-26,E0,Burnley,Tottenham,0,0,1,13,9,4,3,824.155599428335,1248.59238670251,0,3,3,0,0,7,3,0,1,8,8,21,19,40,-1,1,4,-4,1,-1,1,0,3,4,9,13
2020-10-30,E0,Wolves,Crystal Palace,2,2,0,15,11,5,2,943.516883061707,1047.76683533791,0,1,0,0,2,1,1,0,7,7,12,17,21,32,2,-2,4,-4,3,-3,0,2,2,5,11,15
2020-10-31,E0,Sheffield United,Manchester City,0,0,1,5,16,1,8,593.741782194512,1350.74307870188,0,0,0,0,1,21,13,2,1,8,1,21,4,44,-1,1,-11,11,-7,7,1,0,8,1,16,5
2020-10-31,E0,Burnley,Chelsea,0,0,3,5,14,0,9,819.039872547944,1189.17084145702,0,0,4,0,0,4,4,2,1,6,5,17,16,36,-3,3,-9,9,-9,9,3,0,9,0,14,5
2020-10-31,E0,Liverpool,West Ham,2,2,1,9,4,5,3,1337.83097464757,1113.10111184174,4,0,0,0,34,2,0,1,10,8,23,12,51,24,1,-1,5,-5,2,-2,1,2,3,5,4,9
2020-11-01,E0,Aston Villa,Southampton,0,3,4,19,9,10,4,1140.92970554417,964.098588954584,0,0,1,0,0,2,1,1,12,10,17,10,30,21,-1,1,10,-10,6,-6,4,3,4,10,9,19
2020-11-01,E0,Newcastle,Everton,2,2,1,11,15,4,4,1045.38717508495,1065.05943541394,0,0,1,1,0,0,1,1,5,10,14,17,35,30,1,-1,-4,4,0,0,1,2,4,4,15,11
2020-11-01,E0,Manchester Utd,Arsenal,0,0,1,8,7,2,2,1065.7956855094,1122.70857041999,0,0,0,2,1,0,3,2,7,6,11,15,26,33,-1,1,1,-1,0,0,1,0,2,2,7,8
2020-11-01,E0,Tottenham,Brighton,2,2,1,9,6,3,2,1253.7081135829,1049.78768925569,0,0,0,0,2,1,3,2,11,5,21,15,43,23,1,-1,3,-3,1,-1,1,2,2,3,6,9
2020-11-02,E0,Fulham,West Brom,2,2,0,13,10,6,1,843.438664054968,868.085686145981,0,0,3,0,0,1,4,3,1,3,8,3,15,3,2,-2,3,-3,5,-5,0,2,1,6,10,13
2020-11-02,E0,Leeds,Leicester,0,1,4,11,10,4,8,1034.70136799583,1149.02166972586,0,3,1,0,0,5,2,0,10,9,14,22,25,34,-3,3,1,-1,-4,4,4,1,8,4,10,11
2020-11-06,E0,Brighton,Burnley,1,0,0,19,4,3,1,1034.67358226702,807.462404532676,0,0,0,0,1,1,3,5,2,1,12,2,23,15,0,0,15,-15,2,-2,0,0,1,3,4,19
2020-11-06,E0,Southampton,Newcastle,2,2,0,15,4,8,2,1011.11091410848,1079.19712341792,2,0,0,0,2,4,0,2,13,8,13,17,21,35,2,-2,11,-11,6,-6,0,2,2,8,4,15
2020-11-07,E0,Everton,Manchester Utd,0,1,3,7,13,1,5,1031.24948708097,1038.99116835209,0,2,0,0,4,2,1,0,7,7,16,11,30,25,-2,2,-6,6,-4,4,3,1,5,1,13,7
2020-11-07,E0,Crystal Palace,Leeds,2,4,1,10,9,6,3,991.130713232196,997.492179190424,0,2,0,0,1,2,2,0,4,7,14,14,32,25,3,-3,1,-1,3,-3,1,4,3,6,9,10
2020-11-07,E0,Chelsea,Sheffield United,2,4,1,20,6,9,3,1200.74830947228,592.932407886687,0,0,0,8,2,0,1,10,9,1,19,1,36,4,3,-3,14,-14,6,-6,1,4,3,9,6,20
2020-11-07,E0,West Ham,Fulham,2,1,0,16,13,7,3,1099.32602021965,890.402325538988,0,0,0,0,2,1,1,4,8,4,12,8,23,17,1,-1,3,-3,4,-4,0,1,3,7,13,16
2020-11-08,E0,West Brom,Tottenham,0,0,1,12,19,2,5,821.122024661961,1268.82222057157,0,4,0,0,2,8,3,0,3,11,3,23,3,43,-1,1,-7,7,-3,3,1,0,5,2,19,12
2020-11-08,E0,Leicester,Wolves,2,1,0,10,7,3,2,1186.23085853127,1000.15300516742,0,1,2,0,0,1,2,0,9,10,22,14,34,24,1,-1,3,-3,1,-1,0,1,2,3,7,10
2020-11-08,E0,Manchester City,Liverpool,1,1,1,7,10,2,3,1351.55245300971,1351.60606626966,1,0,0,0,1,1,0,2,8,10,21,25,44,51,0,0,-3,3,-1,1,1,1,3,2,10,7
2020-11-08,E0,Arsenal,Aston Villa,0,0,3,13,15,2,6,1149.51308757731,1093.91738039027,0,2,1,0,0,2,1,0,6,9,15,14,33,30,-3,3,-2,2,-4,4,3,0,6,2,15,13
2020-11-21,E0,Newcastle,Chelsea,0,0,2,8,14,1,3,1026.85317918812,1203.94870460533,1,1,0,0,1,5,0,0,7,11,17,19,32,36,-2,2,-6,6,-2,2,2,0,3,1,14,8
2020-11-21,E0,Aston Villa,Brighton,0,1,2,15,7,4,3,1157.10125142101,1025.48423787278,0,0,2,1,0,0,2,3,9,3,17,10,30,24,-1,1,8,-8,1,-1,2,1,3,4,7,15
2020-11-21,E0,Tottenham,Manchester City,2,2,0,4,22,2,5,1273.3420468082,1351.55492199155,1,1,0,0,3,22,0,0,13,9,23,19,43,42,2,-2,-18,18,-3,3,0,2,5,2,22,4
2020-11-21,E0,Manchester Utd,West Brom,2,1,0,17,7,7,2,1081.87169729251,816.602198425327,0,0,1,1,0,0,4,4,7,2,13,3,25,3,1,-1,10,-10,5,-5,0,1,2,7,7,17
2020-11-22,E0,Fulham,Everton,0,2,3,14,9,6,7,875.618191423999,988.368958140547,1,0,0,2,1,0,0,2,4,4,5,16,17,30,-1,1,5,-5,-1,1,3,2,7,6,9,14
2020-11-22,E0,Sheffield United,West Ham,0,0,1,9,15,5,3,589.732012753639,1114.11015433464,0,0,1,1,0,0,14,2,1,8,1,12,4,25,-1,1,-6,6,2,-2,1,0,3,5,15,9
2020-11-22,E0,Leeds,Arsenal,1,0,0,25,9,4,2,941.962234780002,1086.32921654657,0,1,2,0,0,1,3,0,4,6,14,15,25,30,0,0,16,-16,2,-2,0,0,2,4,9,25
2020-11-22,E0,Liverpool,Leicester,2,3,0,24,11,13,4,1351.60359728782,1202.56266039472,5,4,0,0,35,6,0,0,8,9,23,22,49,37,3,-3,13,-13,9,-9,0,3,4,13,11,24
2020-11-23,E0,Burnley,Crystal Palace,2,1,0,10,15,4,5,816.651748926915,1046.66065764262,0,0,5,1,0,0,5,1,2,7,3,16,16,32,1,-1,-5,5,-1,1,0,1,5,4,15,10
2020-11-23,E0,Wolves,Southampton,1,1,1,20,7,9,2,983.821203303965,1063.45485833827,1,1,0,0,3,3,0,0,10,13,14,16,24,21,0,0,13,-13,7,-7,1,1,2,9,7,20
2020-11-27,E0,Crystal Palace,Newcastle,0,0,2,12,14,3,7,996.110085350565,1003.59673365645,1,0,0,1,2,0,0,3,7,4,16,14,31,29,-2,2,-2,2,-4,4,2,0,7,3,14,12
2020-11-28,E0,Brighton,Liverpool,1,1,1,11,6,3,2,1069.0581876744,1384.07913834218,0,0,0,0,2,2,4,3,6,11,12,23,27,49,0,0,5,-5,1,-1,1,1,2,3,6,11
2020-11-28,E0,Manchester City,Burnley,2,5,0,19,9,6,1,1297.98777129877,867.202321218968,0,0,0,0,2,2,1,6,8,5,16,6,42,19,5,-5,10,-10,5,-5,0,5,1,6,9,19
2020-11-28,E0,Everton,Leeds,0,0,1,15,23,8,7,1010.33405538272,948.252649285239,0,0,1,1,0,0,2,1,4,4,16,14,30,26,-1,1,-8,8,1,-1,1,0,7,8,23,15
2020-11-28,E0,West Brom,Sheffield United,2,1,0,17,21,6,5,805.182614702226,586.7499801819,0,0,1,9,0,0,4,11,2,1,3,1,3,4,1,-1,-4,4,1,-1,0,1,5,6,21,17
2020-11-29,E0,Southampton,Manchester Utd,0,2,3,10,15,5,6,1059.8504909352,1093.29128101561,3,3,0,0,3,3,0,0,11,10,17,13,22,25,-1,1,-5,5,-1,1,3,2,6,5,15,10
2020-11-29,E0,Chelsea,Tottenham,1,0,0,13,5,3,1,1227.20515013701,1326.90919750099,1,5,0,0,3,9,0,0,11,13,21,23,36,46,0,0,8,-8,2,-2,0,0,1,3,5,13
2020-11-29,E0,Arsenal,Wolves,0,1,2,13,11,2,5,1080.03880204133,987.42557070704,0,0,2,1,0,0,2,1,4,8,16,14,31,25,-1,1,2,-2,-3,3,2,1,5,2,11,13
2020-11-30,E0,Leicester,Fulham,0,1,2,16,10,3,5,1170.08711934036,853.65309418183,1,0,0,1,1,0,0,5,9,4,21,4,34,17,-1,1,6,-6,-2,2,2,1,5,3,10,16
2020-11-30,E0,West Ham,Aston Villa,2,2,1,6,16,2,6,1117.09218690638,1113.52730161939,1,3,0,0,3,3,0,0,8,6,14,16,25,27,1,-1,-10,10,-4,4,1,2,6,2,16,6
2020-12-05,E0,Burnley,Everton,1,1,1,8,13,3,6,855.766653356466,972.676233489783,1,1,0,0,1,1,0,0,4,3,5,16,19,30,0,0,-5,5,-3,3,1,1,6,3,13,8
2020-12-05,E0,Manchester City,Fulham,2,2,0,16,6,6,1,1309.42343916127,908.741151328387,1,1,0,0,3,1,0,0,8,6,18,7,42,20,2,-2,10,-10,5,-5,0,2,1,6,6,16
2020-12-05,E0,West Ham,Manchester Utd,0,1,3,19,15,6,6,1148.76386035948,1122.22074651487,2,4,0,0,4,4,0,0,10,10,17,16,28,27,-2,2,4,-4,0,0,3,1,6,6,15,19
2020-12-05,E0,Chelsea,Leeds,2,3,1,23,8,11,3,1231.67466752913,985.910471178173,0,1,0,0,4,1,1,0,11,7,19,14,34,29,2,-2,15,-15,8,-8,1,3,3,11,8,23
2020-12-06,E0,West Brom,Crystal Palace,0,1,5,9,18,4,6,819.353616918167,953.197378452437,1,0,0,2,1,0,0,2,4,6,6,13,6,28,-4,4,-9,9,-2,2,5,1,6,4,18,9
2020-12-06,E0,Sheffield United,Leicester,0,1,2,4,13,1,4,572.578977965959,1114.9990621938,0,0,2,1,0,0,15,1,0,9,1,18,3,33,-1,1,-9,9,-3,3,2,1,4,1,13,4
2020-12-06,E0,Tottenham,Arsenal,2,2,0,6,11,3,2,1322.43968010887,1039.70526070244,2,0,0,0,4,2,0,1,13,4,21,13,44,28,2,-2,-5,5,1,-1,0,2,2,3,11,6
2020-12-06,E0,Liverpool,Wolves,2,4,0,11,9,6,3,1372.56640041456,1027.75911204594,6,1,0,0,36,1,0,0,11,8,21,17,47,25,4,-4,2,-2,3,-3,0,4,3,6,9,11
2020-12-07,E0,Brighton,Southampton,0,1,2,12,10,4,3,1080.57092560202,1030.92102543594,0,0,0,0,3,4,5,1,6,10,10,17,28,22,-1,1,2,-2,1,-1,2,1,3,4,10,12
2020-12-11,E0,Leeds,West Ham,0,1,2,13,19,7,8,968.763133742614,1101.56214556704,0,1,0,0,1,1,4,0,4,9,14,17,26,25,-1,1,-6,6,-1,1,2,1,8,7,19,13
2020-12-12,E0,Wolves,Aston Villa,0,0,1,16,13,7,2,1012.17512449157,1081.85562816629,0,0,0,1,4,0,1,1,7,3,14,15,22,24,-1,1,3,-3,5,-5,1,0,2,7,13,16
2020-12-12,E0,Newcastle,West Brom,2,2,1,12,13,7,3,1046.50944055457,778.538978350719,0,0,1,2,0,0,1,5,7,3,14,6,32,6,1,-1,-1,1,4,-4,1,2,3,7,13,12
2020-12-12,E0,Manchester Utd,Manchester City,1,0,0,11,9,2,2,1169.42246130731,1317.36912556576,1,0,0,1,1,0,0,1,12,10,19,18,30,42,0,0,2,-2,0,0,0,0,2,2,9,11
2020-12-12,E0,Everton,Chelsea,2,1,0,9,10,4,3,967.48674960199,1248.82200496468,0,2,2,0,0,6,3,0,4,13,14,19,31,37,1,-1,-1,1,1,-1,0,1,3,4,10,9
2020-12-13,E0,Southampton,Sheffield United,2,3,0,16,3,6,0,1067.46307373039,569.878701060044,0,0,1,10,0,0,1,12,10,0,20,1,25,2,3,-3,13,-13,6,-6,0,3,0,6,3,16
2020-12-13,E0,Crystal Palace,Tottenham,1,1,1,16,14,5,6,994.012017019885,1336.83956084491,0,0,1,0,0,10,1,1,6,13,13,24,30,44,0,0,2,-2,-1,1,1,1,6,5,14,16
2020-12-13,E0,Fulham,Liverpool,1,1,1,10,12,5,6,900.795464923902,1388.15038796893,0,0,1,0,0,3,1,4,6,11,7,21,20,47,0,0,-2,2,-1,1,1,1,6,5,12,10
2020-12-13,E0,Arsenal,Burnley,0,0,1,18,10,6,2,1025.30537996639,860.956137244259,0,0,3,1,0,0,3,7,4,5,10,6,28,20,-1,1,8,-8,4,-4,1,0,2,6,10,18
2020-12-13,E0,Leicester,Brighton,2,3,0,15,12,6,4,1117.69933909972,1044.02887730757,0,1,1,0,0,1,1,0,9,5,18,10,33,28,3,-3,3,-3,2,-2,0,3,4,6,12,15
2020-12-15,E0,Wolves,Chelsea,2,2,1,12,13,4,3,986.508250532682,1195.3995666738,0,0,1,1,0,0,2,1,4,10,14,19,22,34,1,-1,-1,1,1,-1,1,2,3,4,13,12
2020-12-15,E0,Manchester City,West Brom,1,1,1,26,5,7,1,1310.93990829621,767.264536942398,2,0,0,3,4,0,0,6,8,3,16,6,42,6,0,0,21,-21,6,-6,1,1,1,7,5,26
2020-12-16,E0,Arsenal,Southampton,1,1,1,9,13,4,3,979.204631455322,1073.34654206042,0,1,4,0,0,5,4,0,1,10,7,23,28,27,0,0,-4,4,1,-1,1,1,3,4,13,9
2020-12-16,E0,Leeds,Newcastle,2,5,2,25,10,10,4,948.431591453363,1057.78388196289,0,1,1,0,0,1,5,0,4,9,11,14,23,35,3,-3,15,-15,6,-6,2,5,4,10,10,25
2020-12-16,E0,Leicester,Everton,0,0,2,14,11,2,6,1160.8382534737,1020.90918789287,1,0,0,0,1,2,0,1,9,7,18,14,36,31,-2,2,3,-3,-4,4,2,0,6,2,11,14
2020-12-16,E0,Fulham,Brighton,1,0,0,9,9,4,4,914.970476405923,1000.88996293359,0,0,0,1,1,0,2,1,4,5,8,7,18,27,0,0,0,0,0,0,0,0,4,4,9,9
2020-12-16,E0,Liverpool,Tottenham,2,2,1,17,8,11,2,1373.97537648691,1324.74408041026,7,0,0,0,37,11,0,2,9,11,19,22,45,42,1,-1,9,-9,9,-9,1,2,2,11,8,17
2020-12-16,E0,West Ham,Crystal Palace,1,1,1,9,8,2,2,1121.89368785629,1006.10749745454,0,1,1,0,0,1,1,0,12,7,20,11,28,28,0,0,1,-1,0,0,1,1,2,2,8,9
2020-12-17,E0,Aston Villa,Burnley,1,0,0,27,6,7,4,1107.52250212518,907.056885755331,0,1,3,0,0,1,3,0,6,8,18,9,27,20,0,0,21,-21,3,-3,0,0,4,7,6,27
2020-12-17,E0,Sheffield United,Manchester Utd,0,2,3,12,14,6,8,563.995232730018,1175.85167857685,0,5,3,0,0,5,16,0,0,13,1,20,2,28,-1,1,-2,2,-2,2,3,2,8,6,14,12
2020-12-19,E0,Crystal Palace,Liverpool,0,0,7,5,14,3,8,1011.25064122233,1401.47111274475,0,0,0,0,1,4,2,5,5,11,12,19,29,47,-7,7,-9,9,-5,5,7,0,8,3,14,5
2020-12-19,E0,Southampton,Manchester City,0,0,1,9,11,3,5,1069.11422306682,1296.28073311011,1,0,0,0,1,1,0,2,8,8,21,17,28,40,-1,1,-2,2,-2,2,1,0,5,3,11,9
2020-12-19,E0,Everton,Arsenal,2,2,1,9,13,2,2,1081.53348522068,983.436950448923,1,0,0,1,1,0,0,2,10,2,14,8,33,29,1,-1,-4,4,0,0,1,2,2,2,13,9
2020-12-19,E0,Newcastle,Fulham,1,1,1,12,11,5,4,986.634101318605,918.848481776148,1,0,0,1,1,0,0,1,6,5,14,9,35,16,0,0,1,-1,1,-1,1,1,4,5,11,12
2020-12-20,E0,Brighton,Sheffield United,1,1,1,21,5,5,3,997.011957563363,562.159129412293,0,0,1,11,0,0,6,13,5,0,8,1,25,1,0,0,16,-16,2,-2,1,1,3,5,5,21
2020-12-20,E0,Tottenham,Leicester,0,0,2,8,17,3,4,1297.24834415241,1100.21395614589,3,1,0,0,5,1,0,0,8,6,21,15,39,35,-2,2,-9,9,-1,1,2,0,4,3,17,8
2020-12-20,E0,Manchester Utd,Leeds,2,6,2,26,17,14,3,1177.68778189458,1019.58137209765,0,0,0,1,2,0,1,1,13,7,20,11,30,25,4,-4,9,-9,11,-11,2,6,3,14,17,26
2020-12-20,E0,West Brom,Aston Villa,0,0,3,1,19,1,10,781.9237121285,1099.19495569788,0,1,1,0,0,1,1,0,4,7,6,16,7,28,-3,3,-18,18,-9,9,3,0,10,1,19,1
2020-12-21,E0,Burnley,Wolves,2,2,1,10,15,4,3,915.384432182628,1035.72199729659,0,0,0,1,2,0,1,1,8,7,10,17,21,22,1,-1,-5,5,1,-1,1,2,3,4,15,10
2020-12-21,E0,Chelsea,West Ham,2,3,0,11,6,7,0,1146.1858199099,1116.7505440885,1,2,0,0,5,2,0,0,7,10,18,18,34,26,3,-3,5,-5,7,-7,0,3,0,7,6,11
2020-12-26,E0,Leicester,Manchester Utd,1,2,2,10,9,2,4,1166.5807991803,1214.7089145691,0,6,1,0,0,6,1,0,9,13,18,23,37,33,0,0,1,-1,-2,2,2,2,4,2,9,10
2020-12-26,E0,Aston Villa,Crystal Palace,2,3,0,21,13,10,6,1114.31901668333,993.667945670908,0,0,0,0,1,2,4,1,7,5,16,12,31,29,3,-3,8,-8,4,-4,0,3,6,10,13,21
2020-12-26,E0,Fulham,Southampton,1,0,0,10,3,1,2,921.931110333865,1055.49015466292,0,0,0,0,2,6,3,1,6,7,10,18,17,25,0,0,7,-7,-1,1,0,0,2,1,3,10
2020-12-26,E0,Arsenal,Chelsea,2,3,1,15,19,7,3,960.239305614064,1196.10843656336,0,0,0,2,1,0,5,2,1,7,5,18,26,34,2,-2,-4,4,4,-4,1,3,3,7,19,15
2020-12-26,E0,Manchester City,Newcastle,2,2,0,11,7,6,2,1309.90480151401,983.551472760889,0,0,0,1,5,0,1,1,11,7,19,14,42,33,2,-2,4,-4,4,-4,0,2,2,6,7,11
2020-12-26,E0,Sheffield United,Everton,0,0,1,10,7,2,3,575.738868079499,1104.73113005554,0,1,4,0,0,3,17,0,1,10,2,14,2,36,-1,1,3,-3,-1,1,1,0,3,2,7,10
2020-12-27,E0,Leeds,Burnley,2,1,0,11,14,4,6,982.560239423126,958.045004594972,1,0,0,0,1,2,0,1,6,8,10,13,22,23,1,-1,-3,3,-2,2,0,1,6,4,14,11
2020-12-27,E0,West Ham,Brighton,1,2,2,11,13,4,4,1066.82792743504,983.432218896157,0,0,0,0,1,1,2,2,7,3,15,9,26,23,0,0,-2,2,0,0,2,2,4,4,13,11
2020-12-27,E0,Liverpool,West Brom,1,1,1,17,5,2,3,1419.05380829618,766.799651143054,8,0,0,0,38,1,0,7,11,4,22,6,47,7,0,0,12,-12,-1,1,1,1,3,2,5,17
2020-12-27,E0,Wolves,Tottenham,1,1,1,11,6,6,3,993.061424884245,1230.881501118,1,0,0,1,1,0,0,3,6,5,14,18,22,39,0,0,5,-5,3,-3,1,1,3,6,6,11
2020-12-28,E0,Crystal Palace,Leicester,1,1,1,4,17,1,3,957.346895644816,1168.78311216555,0,2,1,0,0,2,3,0,5,10,11,19,28,38,0,0,-13,13,-2,2,1,1,3,1,17,4
2020-12-28,E0,Chelsea,Aston Villa,1,1,1,16,10,5,2,1126.33997215981,1150.64006670942,2,2,0,0,6,2,0,0,6,10,17,16,33,34,0,0,6,-6,3,-3,1,1,2,5,10,16
2020-12-29,E0,Brighton,Arsenal,0,0,1,13,11,2,3,987.200636668611,1030.00777001761,0,0,0,2,1,0,7,3,3,4,9,8,24,26,-1,1,2,-2,-1,1,1,0,3,2,11,13
2020-12-29,E0,Burnley,Sheffield United,2,1,0,5,7,3,3,928.299201351847,572.831447838826,1,0,0,0,3,1,0,14,8,1,12,1,20,2,1,-1,-2,2,0,0,0,1,3,3,7,5
2020-12-29,E0,Southampton,West Ham,1,0,0,8,8,3,3,1049.62560302191,1063.05950966259,0,0,1,1,0,0,1,1,8,5,18,15,26,26,0,0,0,0,0,0,0,0,3,3,8,8
2020-12-29,E0,West Brom,Leeds,0,0,5,4,14,1,6,782.067727508696,1012.30604266625,0,0,2,2,0,0,2,2,2,6,6,13,8,24,-5,5,-10,10,-5,5,5,0,6,1,14,4
2020-12-29,E0,Manchester Utd,Wolves,2,1,0,11,9,3,5,1212.50660158386,1002.57243062549,1,0,0,2,3,0,0,2,11,4,21,12,31,23,1,-1,2,-2,-2,2,0,1,5,3,9,11
2020-12-30,E0,Newcastle,Liverpool,1,0,0,8,11,2,4,971.925250220149,1403.78573193053,0,1,0,0,2,5,1,0,7,11,11,22,30,45,0,0,-3,3,-2,2,0,0,4,2,11,8
2021-01-01,E0,Everton,West Ham,0,0,1,10,11,2,5,1107.63855029621,1062.44116352149,2,0,0,0,2,1,0,2,13,6,16,15,36,27,-1,1,-1,1,-3,3,1,0,5,2,11,10
2021-01-01,E0,Manchester Utd,Aston Villa,2,2,1,19,5,9,5,1227.22470853572,1149.52282717129,2,0,0,0,4,3,0,1,11,11,23,14,34,34,1,-1,14,-14,4,-4,1,2,5,9,5,19
2021-01-02,E0,Tottenham,Leeds,2,3,0,20,18,7,5,1221.37049537675,1043.36801498462,0,1,1,0,0,1,1,0,5,9,18,13,39,27,3,-3,2,-2,2,-2,0,3,5,7,18,20
2021-01-02,E0,Crystal Palace,Sheffield United,2,2,0,9,7,4,2,966.036724584736,565.50772453278,0,0,0,1,1,0,4,15,3,1,9,1,26,2,2,-2,2,-2,2,-2,0,2,2,4,7,9
2021-01-02,E0,Brighton,Wolves,1,3,3,13,11,4,4,959.123489234536,987.854323673633,0,0,1,3,0,0,8,3,3,4,8,11,23,23,0,0,2,-2,0,0,3,3,4,4,11,13
2021-01-02,E0,West Brom,Arsenal,0,0,4,7,21,3,12,751.00575519033,1058.08491745168,0,1,3,0,0,1,3,0,2,7,5,11,8,26,-4,4,-14,14,-9,9,4,0,12,3,21,7
2021-01-03,E0,Newcastle,Leicester,0,1,2,8,9,2,3,985.466169412046,1160.09328322563,0,0,0,0,3,3,2,1,5,8,12,17,28,39,-1,1,-1,1,-1,1,2,1,3,2,9,8
2021-01-03,E0,Chelsea,Manchester City,0,1,3,9,18,2,6,1127.45721169794,1321.53102405475,0,1,0,0,7,2,1,0,4,11,17,19,34,42,-2,2,-9,9,-4,4,3,1,6,2,18,9
2021-01-04,E0,Southampton,Liverpool,2,1,0,7,17,3,1,1050.24394916301,1390.24481273864,0,0,0,0,1,6,2,1,6,9,16,20,26,43,1,-1,-10,10,2,-2,0,1,1,3,17,7
2021-01-12,E0,Sheffield United,Newcastle,2,1,0,17,7,4,3,557.555659700335,968.319704954986,0,0,5,2,0,0,18,2,1,2,1,11,2,25,1,-1,10,-10,1,-1,0,1,3,4,7,17
2021-01-12,E0,Burnley,Manchester Utd,0,0,1,11,13,0,7,935.622924657894,1252.18507750971,2,0,0,0,4,7,0,1,10,13,15,26,20,37,-1,1,-2,2,-7,7,1,0,7,0,13,11
2021-01-12,E0,Wolves,Everton,0,1,2,12,5,3,3,986.534227550213,1071.49904183761,0,2,0,0,2,4,1,0,5,12,9,16,23,33,-1,1,7,-7,0,0,2,1,3,3,5,12
2021-01-13,E0,Manchester City,Brighton,2,1,0,16,5,6,1,1343.15589859607,960.443585357956,1,0,0,0,6,2,0,3,11,4,21,9,42,21,1,-1,11,-11,5,-5,0,1,1,6,5,16
2021-01-13,E0,Tottenham,Fulham,1,1,1,15,15,6,4,1250.17624118916,927.795661974869,1,0,0,0,1,1,0,2,5,4,18,10,39,18,0,0,0,0,2,-2,1,1,4,6,15,15
2021-01-14,E0,Arsenal,Crystal Palace,1,0,0,11,12,4,2,1076.89782476227,973.988789417181,1,0,0,1,2,0,0,2,10,5,11,12,26,26,0,0,-1,1,2,-2,0,0,2,4,12,11
2021-01-16,E0,Wolves,West Brom,0,2,3,23,12,6,5,962.207420214283,732.192847879738,0,0,1,0,0,2,2,8,2,2,9,5,23,8,-1,1,11,-11,1,-1,3,2,5,6,12,23
2021-01-16,E0,Leeds,Brighton,0,0,1,7,7,2,2,1014.56226917221,954.077171587871,2,0,0,1,2,0,0,4,9,3,13,8,27,18,-1,1,0,0,0,0,1,0,2,2,7,7
2021-01-16,E0,West Ham,Burnley,2,1,0,15,10,4,2,1098.58067198009,926.716638112061,0,0,0,1,2,0,3,2,6,7,18,15,30,17,1,-1,5,-5,2,-2,0,1,2,4,10,15
2021-01-16,E0,Fulham,Chelsea,0,0,1,10,21,3,6,939.469369306094,1105.83233715662,0,0,0,3,3,0,4,3,5,4,11,14,19,33,-1,1,-11,11,-3,3,1,0,6,3,21,10
2021-01-16,E0,Leicester,Southampton,2,2,0,16,8,5,3,1177.23974768268,1106.32266007871,0,0,0,0,1,7,2,2,8,6,17,16,39,29,2,-2,8,-8,2,-2,0,2,3,5,8,16
2021-01-17,E0,Sheffield United,Tottenham,0,1,3,15,14,5,5,616.057013193675,1238.50253385793,1,0,0,0,1,1,0,4,4,5,4,16,5,39,-2,2,1,-1,0,0,3,1,5,5,14,15
2021-01-17,E0,Liverpool,Manchester Utd,1,0,0,17,8,3,4,1334.16610182294,1261.09136405554,0,1,0,0,39,8,1,0,8,13,17,26,42,39,0,0,9,-9,-1,1,0,0,4,3,8,17
2021-01-17,E0,Manchester City,Crystal Palace,2,4,0,13,2,6,0,1349.52231236615,978.594030994874,2,0,0,0,7,1,0,3,13,5,21,10,42,26,4,-4,11,-11,6,-6,0,4,0,6,2,13
2021-01-18,E0,Arsenal,Newcastle,2,3,0,20,4,6,1,1072.29258318458,909.818351461647,0,0,0,3,3,0,1,3,10,2,12,8,27,25,3,-3,16,-16,5,-5,0,3,1,6,4,20
2021-01-19,E0,West Ham,West Brom,2,2,1,14,6,6,2,1115.927529686,782.743766506102,1,1,0,0,3,3,0,0,8,4,18,8,30,11,1,-1,8,-8,4,-4,1,2,2,6,6,14
2021-01-19,E0,Leicester,Chelsea,2,2,0,8,9,6,5,1212.26761960159,1123.58251319104,1,1,0,0,2,1,0,0,11,7,17,14,39,33,2,-2,-1,1,1,-1,0,2,5,6,9,8
2021-01-20,E0,Manchester City,Aston Villa,2,2,0,28,11,9,4,1363.16069003645,1124.5624581973,3,0,0,1,8,0,0,2,15,8,23,14,42,31,2,-2,17,-17,5,-5,0,2,4,9,11,28
2021-01-20,E0,Fulham,Manchester Utd,0,1,2,12,15,5,5,921.719193271674,1264.40782032171,0,0,1,0,0,9,5,1,4,11,8,24,16,37,-1,1,-3,3,0,0,2,1,5,5,15,12
2021-01-21,E0,Liverpool,Burnley,0,0,1,27,6,6,4,1330.84964555677,909.369780406148,0,0,0,2,40,0,2,3,6,6,17,14,40,17,-1,1,21,-21,2,-2,1,0,4,6,6,27
2021-01-23,E0,Aston Villa,Newcastle,2,2,0,14,7,5,1,1106.838902951,879.078304466476,1,0,0,4,2,0,0,4,7,1,14,8,28,25,2,-2,7,-7,4,-4,0,2,1,5,7,14
2021-01-26,E0,Crystal Palace,West Ham,0,2,3,6,17,3,7,964.955653324575,1124.12524072372,1,1,0,0,2,2,0,0,5,11,10,18,26,32,-1,1,-11,11,-4,4,3,2,7,3,17,6
2021-01-26,E0,Newcastle,Leeds,0,1,2,22,9,5,2,860.456043878151,977.046991401832,0,0,1,1,0,0,3,1,1,6,8,13,22,27,-1,1,13,-13,3,-3,2,1,2,5,9,22
2021-01-26,E0,Southampton,Arsenal,0,1,3,13,9,5,5,1071.2947881598,1103.03263017975,1,2,0,0,2,2,0,0,5,13,13,14,29,30,-2,2,4,-4,0,0,3,1,5,5,9,13
2021-01-26,E0,West Brom,Manchester City,0,0,5,4,18,1,7,774.546055468384,1380.88424528276,0,2,4,0,0,3,4,0,4,15,8,26,11,42,-5,5,-14,14,-6,6,5,0,7,1,18,4
2021-01-27,E0,Burnley,Aston Villa,2,3,2,10,18,5,10,968.173361961575,1125.46116353932,0,0,1,2,0,0,1,3,6,7,14,14,20,31,1,-1,-8,8,-5,5,2,3,10,5,18,10
2021-01-27,E0,Chelsea,Wolves,1,0,0,14,4,5,0,1090.68286234587,911.656501587919,0,0,1,0,0,1,2,4,4,2,11,8,32,22,0,0,10,-10,5,-5,0,0,0,5,4,14
2021-01-27,E0,Brighton,Fulham,1,0,0,16,10,5,3,991.592449358252,913.904669783683,0,0,0,0,1,2,9,3,5,3,8,8,20,13,0,0,6,-6,2,-2,0,0,3,5,10,16
2021-01-27,E0,Everton,Leicester,1,1,1,8,19,2,6,1095.82584917354,1245.16727044676,0,1,1,0,0,4,1,0,12,11,19,20,35,41,0,0,-11,11,-4,4,1,1,6,2,19,8
2021-01-27,E0,Manchester Utd,Sheffield United,0,1,2,16,5,4,3,1272.2223438097,613.685328720204,3,0,0,2,5,0,0,16,13,3,24,4,40,5,-1,1,11,-11,1,-1,2,1,3,4,5,16
2021-01-28,E0,Tottenham,Liverpool,0,1,3,3,14,2,7,1240.8742183314,1272.04606400134,0,0,0,1,2,0,1,2,8,3,16,14,39,37,-2,2,-11,11,-5,5,3,1,7,2,14,3
2021-01-30,E0,Everton,Newcastle,0,0,2,11,13,3,3,1102.30883935086,838.808743967355,0,0,0,5,1,0,2,5,10,0,20,5,36,19,-2,2,-2,2,0,0,2,0,3,3,13,11
2021-01-30,E0,Crystal Palace,Wolves,2,1,0,11,6,2,4,946.669456633528,919.241275114022,0,0,1,0,0,2,1,5,5,2,10,6,23,23,1,-1,5,-5,-2,2,0,1,4,2,6,11
2021-01-30,E0,Manchester City,Sheffield United,2,1,0,10,4,5,1,1385.26217800276,676.27233051685,4,1,0,0,9,1,0,0,15,6,26,7,44,8,1,-1,6,-6,4,-4,0,1,1,5,4,10
2021-01-30,E0,West Brom,Fulham,1,2,2,5,12,3,7,770.168122748386,917.423867307966,0,0,5,0,0,3,5,4,3,3,5,9,11,13,0,0,-7,7,-4,4,2,2,7,3,12,5
2021-01-30,E0,Arsenal,Manchester Utd,1,0,0,17,14,3,3,1142.89501185256,1209.63534201306,1,1,0,0,4,10,0,0,13,10,17,21,30,40,0,0,3,-3,0,0,0,0,3,3,14,17
2021-01-30,E0,Southampton,Aston Villa,0,0,1,20,8,5,4,1031.43240648699,1079.88917505647,0,0,1,3,0,0,1,4,5,4,12,14,29,30,-1,1,12,-12,1,-1,1,0,4,5,8,20
2021-01-31,E0,Chelsea,Burnley,2,2,0,19,1,8,0,1083.09808881977,1013.74535044442,0,1,0,0,1,1,3,0,5,9,11,17,30,22,2,-2,18,-18,8,-8,0,2,0,8,1,19
2021-01-31,E0,Leicester,Leeds,0,1,3,18,8,8,7,1238.68428026944,998.694291312629,2,1,0,0,3,1,0,0,11,9,21,15,39,29,-2,2,10,-10,1,-1,3,1,7,8,8,18
2021-01-31,E0,West Ham,Liverpool,0,1,3,8,14,2,5,1142.41143741477,1311.97931029257,2,1,0,0,4,1,0,0,13,5,18,16,35,37,-2,2,-6,6,-3,3,3,1,5,2,14,8
2021-01-31,E0,Brighton,Tottenham,2,1,0,16,8,5,4,988.07325183397,1200.94097204017,0,1,0,0,2,2,10,0,5,8,8,13,18,36,1,-1,8,-8,1,-1,0,1,4,5,8,16
2021-02-02,E0,Sheffield United,West Brom,2,2,1,14,8,6,4,675.209575630716,776.570638160542,0,0,1,1,0,0,1,1,6,4,7,6,8,12,1,-1,6,-6,2,-2,1,2,4,6,8,14
2021-02-02,E0,Wolves,Arsenal,2,2,1,11,9,7,3,889.762269002917,1145.93126314863,0,3,2,0,0,3,3,0,2,11,6,18,20,28,1,-1,2,-2,4,-4,1,2,3,7,9,11
2021-02-02,E0,Manchester Utd,Southampton,2,9,0,24,3,14,1,1206.59909071699,1003.86672516148,0,0,1,1,0,0,1,3,8,4,21,12,41,29,9,-9,21,-21,13,-13,0,9,1,14,3,24
2021-02-02,E0,Newcastle,Crystal Palace,0,1,2,21,6,5,3,910.741463833316,976.148462744632,0,0,2,1,0,0,4,4,3,7,5,10,19,23,-1,1,15,-15,2,-2,2,1,3,5,6,21
2021-02-03,E0,Burnley,Manchester City,0,0,2,2,17,0,6,978.527840457303,1386.32493288889,1,3,0,0,1,4,0,0,6,15,16,26,22,44,-2,2,-15,15,-6,6,2,0,6,0,17,2
2021-02-03,E0,Fulham,Leicester,0,0,2,8,9,1,5,911.021351895809,1168.57956688536,0,0,2,0,0,5,6,1,3,10,7,18,14,36,-2,2,-1,1,-4,4,2,0,5,1,9,8
2021-02-03,E0,Leeds,Everton,0,1,2,16,10,7,6,1068.79900469672,1030.3761194849,0,3,1,0,0,5,1,0,9,7,15,17,29,33,-1,1,6,-6,1,-1,2,1,6,7,10,16
2021-02-03,E0,Aston Villa,West Ham,0,1,3,9,20,2,10,1107.45485638198,1118.40692633308,2,2,0,0,3,3,0,0,6,12,17,18,32,35,-2,2,-11,11,-8,8,3,1,10,2,20,9
2021-02-03,E0,Liverpool,Brighton,0,0,1,11,13,1,4,1335.98382137427,1037.54565686994,0,1,1,0,0,1,3,0,7,8,16,11,37,21,-1,1,-2,2,-3,3,1,0,4,1,13,11
2021-02-04,E0,Tottenham,Chelsea,0,0,1,7,18,2,2,1151.4685670042,1118.31559880689,0,0,1,1,0,0,2,1,7,7,12,11,33,30,-1,1,-11,11,0,0,1,0,2,2,18,7
2021-02-06,E0,Aston Villa,Arsenal,2,1,0,12,14,8,3,1064.97928638513,1093.85064302944,0,0,1,1,0,0,1,1,6,8,14,18,32,25,1,-1,-2,2,5,-5,0,1,3,8,14,12
2021-02-06,E0,Burnley,Brighton,1,1,1,20,10,7,2,970.873179262079,1091.80897585295,0,2,1,0,0,2,1,0,6,10,13,14,22,21,0,0,10,-10,5,-5,1,1,2,7,10,20
2021-02-06,E0,Newcastle,Southampton,2,3,2,6,14,4,5,884.695498696535,952.213277982169,0,0,3,2,0,0,5,4,3,3,5,9,19,29,1,-1,-8,8,-1,1,2,3,5,4,14,6
2021-02-06,E0,Fulham,West Ham,1,0,0,20,8,2,1,894.791281898373,1160.88249632993,0,3,3,0,0,4,7,0,2,12,7,18,14,38,0,0,12,-12,1,-1,0,0,1,2,8,20
2021-02-06,E0,Manchester Utd,Everton,1,3,3,14,6,5,3,1258.2525378963,1065.90064123302,1,4,0,0,1,6,0,0,8,7,21,20,41,36,0,0,8,-8,2,-2,3,3,3,5,6,14
2021-02-07,E0,Tottenham,West Brom,2,2,0,13,4,6,1,1116.42429988319,735.491084138677,0,0,2,2,0,0,3,2,4,4,9,6,33,12,2,-2,9,-9,5,-5,0,2,1,6,4,13
2021-02-07,E0,Wolves,Leicester,1,0,0,13,13,1,3,941.842889122108,1184.80963688279,1,1,0,0,1,6,0,0,4,10,9,18,23,36,0,0,0,0,-2,2,0,0,3,1,13,13
2021-02-07,E0,Liverpool,Manchester City,0,1,4,8,8,3,5,1281.72050239126,1393.97959408411,0,4,2,0,0,5,4,0,7,15,15,28,34,44,-3,3,0,0,-2,2,4,1,5,3,8,8
2021-02-07,E0,Sheffield United,Chelsea,0,1,2,8,9,3,3,716.289129652582,1153.3598659279,1,1,0,0,1,1,0,0,9,10,10,14,11,33,-1,1,-1,1,0,0,2,1,3,3,9,8
2021-02-08,E0,Leeds,Crystal Palace,2,2,0,17,8,7,3,1033.2744829486,1002.19442788141,0,1,2,0,0,1,2,0,6,7,15,12,29,23,2,-2,9,-9,4,-4,0,2,3,7,8,17
2021-02-13,E0,Leicester,Liverpool,2,3,1,11,15,6,4,1175.14671701114,1244.21989648978,0,2,1,0,0,2,1,0,8,6,19,12,34,31,2,-2,-4,4,2,-2,1,3,4,6,15,11
2021-02-13,E0,Crystal Palace,Burnley,0,0,3,13,16,3,4,962.249687145699,976.227943413215,1,0,0,1,1,0,0,1,6,7,11,13,23,23,-3,3,-3,3,-1,1,3,0,4,3,16,13
2021-02-13,E0,Manchester City,Tottenham,2,3,0,15,7,6,3,1431.4801999856,1125.23059390146,5,0,0,1,10,0,0,1,15,6,30,11,47,33,3,-3,8,-8,3,-3,0,3,3,6,7,15
2021-02-13,E0,Brighton,Aston Villa,1,0,0,26,4,9,1,1086.45421170181,1099.63233267251,1,1,0,0,3,1,0,0,11,9,14,16,22,32,0,0,22,-22,8,-8,0,0,1,9,4,26
2021-02-14,E0,Southampton,Wolves,0,1,2,7,10,3,4,914.071777688268,951.505808993758,0,0,2,1,0,0,2,6,0,5,6,7,29,24,-1,1,-3,3,-1,1,2,1,4,3,10,7
2021-02-14,E0,West Brom,Manchester Utd,1,1,1,7,10,3,7,726.684790120405,1250.20072490416,0,0,0,0,1,11,6,1,1,8,5,19,11,42,0,0,-3,3,-4,4,1,1,7,3,10,7
2021-02-14,E0,Arsenal,Leeds,2,4,2,13,9,5,5,1059.19759674206,1073.21922368431,0,2,0,0,5,2,1,0,7,9,17,18,25,29,2,-2,4,-4,0,0,2,4,5,5,9,13
2021-02-14,E0,Everton,Fulham,0,0,2,7,12,2,3,1073.95245422515,905.103645489687,0,0,1,0,0,4,3,5,8,3,20,7,34,15,-2,2,-5,5,-1,1,2,0,3,2,12,7
2021-02-15,E0,West Ham,Sheffield United,2,3,0,13,8,9,5,1150.57013273861,711.505424645071,0,0,1,1,0,0,1,1,10,6,18,10,36,11,3,-3,5,-5,4,-4,0,3,5,9,8,13
2021-02-15,E0,Chelsea,Newcastle,2,2,0,18,10,5,4,1158.14357093541,922.836998990437,1,1,0,0,2,1,0,0,10,6,17,7,35,21,2,-2,8,-8,1,-1,0,2,4,5,10,18
2021-02-17,E0,Burnley,Fulham,1,1,1,8,8,3,3,1028.56677048868,968.742133384323,0,1,0,0,1,5,2,0,7,6,13,9,26,18,0,0,0,0,0,0,1,1,3,3,8,8
2021-02-17,E0,Everton,Manchester City,0,1,3,3,16,2,7,1010.31396633052,1447.44985411863,0,5,2,0,0,6,4,0,5,15,17,30,31,49,-2,2,-13,13,-5,5,3,1,7,2,16,3
2021-02-19,E0,Wolves,Leeds,2,1,0,15,18,5,7,980.071287163701,1027.59258274675,0,0,0,1,2,0,1,1,8,9,10,15,24,26,1,-1,-3,3,-2,2,0,1,7,5,18,15
2021-02-20,E0,Southampton,Chelsea,1,1,1,4,9,1,3,885.506299518325,1176.13661364909,0,2,3,0,0,2,3,0,0,13,5,17,26,35,0,0,-5,5,-2,2,1,1,3,1,9,4
2021-02-20,E0,Burnley,West Brom,1,0,0,6,10,1,3,1025.83865307099,741.186702444029,0,0,0,3,2,0,3,3,5,2,14,6,26,12,0,0,-4,4,-2,2,0,0,3,1,10,6
2021-02-20,E0,Liverpool,Everton,0,0,2,15,9,6,6,1191.75609558339,1003.75993147722,0,0,3,0,0,7,5,1,6,4,9,14,31,28,-2,2,6,-6,0,0,2,0,6,6,9,15
2021-02-20,E0,Fulham,Sheffield United,2,1,0,15,4,7,2,971.470250802009,703.439608629222,0,0,0,2,1,0,8,2,6,6,9,9,19,11,1,-1,11,-11,5,-5,0,1,2,7,4,15
2021-02-21,E0,West Ham,Tottenham,2,2,1,4,20,4,4,1158.63594875446,1109.26093976843,1,0,0,2,1,0,0,2,10,3,21,11,36,32,1,-1,-16,16,0,0,1,2,4,4,20,4
2021-02-21,E0,Aston Villa,Leicester,0,1,2,11,16,2,7,1099.02574863614,1227.61051791753,1,0,0,0,1,7,0,1,7,8,14,19,30,37,-1,1,-5,5,-5,5,2,1,7,2,16,11
2021-02-21,E0,Arsenal,Manchester City,0,0,1,7,15,1,3,1104.82423767963,1454.00388897193,1,6,0,0,6,7,0,0,7,15,20,30,25,49,-1,1,-8,8,-2,2,1,0,3,1,15,7
2021-02-21,E0,Manchester Utd,Newcastle,2,3,1,15,10,7,6,1235.69881258054,904.84395627675,0,0,0,1,2,0,1,1,6,6,19,7,40,18,2,-2,5,-5,1,-1,1,3,6,7,10,15
2021-02-22,E0,Brighton,Crystal Palace,0,1,2,25,3,5,2,1087.06079573818,909.910860070236,0,0,0,1,4,0,1,1,9,6,14,11,23,23,-1,1,22,-22,3,-3,2,1,2,5,3,25
2021-02-23,E0,Leeds,Southampton,2,3,0,11,13,7,5,991.242801178375,896.449522927079,1,0,0,3,1,0,0,5,6,1,15,6,25,24,3,-3,-2,2,2,-2,0,3,5,7,13,11
2021-02-27,E0,Manchester City,West Ham,2,2,1,10,9,3,3,1461.56567115082,1186.11871157248,6,0,0,0,11,5,0,1,15,10,30,23,51,38,1,-1,1,-1,0,0,1,2,3,3,9,10
2021-02-27,E0,West Brom,Brighton,2,1,0,6,15,2,6,751.981670822349,1040.02557885227,0,0,0,0,2,3,7,1,3,8,6,13,12,22,1,-1,-9,9,-4,4,0,1,6,2,15,6
2021-02-27,E0,Leeds,Aston Villa,0,0,1,13,9,3,4,1031.25466767207,1078.35619043555,2,0,0,0,2,2,0,1,6,7,15,11,28,27,-1,1,4,-4,-1,1,1,0,4,3,9,13
2021-02-27,E0,Newcastle,Wolves,1,1,1,19,14,7,4,893.476591609759,1016.42106873208,1,1,0,0,1,1,0,0,6,10,6,12,18,24,0,0,5,-5,3,-3,1,1,4,7,14,19
2021-02-28,E0,Crystal Palace,Fulham,1,0,0,3,16,0,4,956.946076956152,982.741474883481,0,0,1,0,0,6,1,1,9,8,14,11,25,21,0,0,-13,13,-4,4,0,0,4,0,16,3
2021-02-28,E0,Leicester,Arsenal,0,1,3,8,12,3,4,1248.28007611811,1097.26245550074,1,0,0,2,1,0,0,2,10,4,21,17,40,25,-2,2,-4,4,-1,1,3,1,4,3,12,8
2021-02-28,E0,Tottenham,Burnley,2,4,0,16,10,7,3,1081.77817695041,1015.04368469267,1,1,0,0,1,1,0,0,3,6,11,12,29,27,4,-4,6,-6,4,-4,0,4,3,7,10,16
2021-02-28,E0,Chelsea,Manchester Utd,1,0,0,18,11,6,4,1165.19339024034,1247.06617724753,2,0,0,0,3,12,0,2,13,9,18,19,35,42,0,0,7,-7,2,-2,0,0,4,6,11,18
2021-02-28,E0,Sheffield United,Liverpool,0,0,2,8,16,2,8,692.168384547751,1126.24081850438,0,0,1,1,0,0,1,1,3,3,9,8,10,30,-2,2,-8,8,-6,6,2,0,8,2,16,8
2021-03-01,E0,Everton,Southampton,2,1,0,7,9,1,1,1069.27520855623,856.437656433381,0,0,3,4,0,0,5,6,7,1,14,5,28,23,1,-1,-2,2,0,0,0,1,1,1,9,7
2021-03-02,E0,Manchester City,Wolves,2,4,1,22,6,10,1,1472.4459159324,1010.98432186045,7,0,0,0,12,2,0,1,15,11,30,13,51,24,3,-3,16,-16,9,-9,1,4,1,10,6,22
2021-03-03,E0,Burnley,Leicester,1,1,1,12,15,7,4,962.78015383398,1186.47542039068,0,1,0,0,3,8,4,0,6,10,12,20,27,37,0,0,-3,3,3,-3,1,1,4,7,15,12
2021-03-03,E0,Sheffield United,Aston Villa,2,1,0,9,16,2,4,685.50660219089,1106.04436321465,0,1,2,0,0,3,2,0,3,7,9,13,10,27,1,-1,-7,7,-2,2,0,1,4,2,16,9
2021-03-03,E0,Crystal Palace,Manchester Utd,1,0,0,8,11,2,1,958.131820990331,1243.3640701736,0,0,0,0,1,13,2,3,7,9,14,17,23,43,0,0,-3,3,1,-1,0,0,1,2,11,8
2021-03-04,E0,Fulham,Tottenham,0,0,1,11,9,3,2,981.555730849302,1134.0417078091,1,0,0,3,2,0,0,3,9,6,11,13,22,31,-1,1,2,-2,1,-1,1,0,2,3,9,11
2021-03-04,E0,West Brom,Everton,0,0,1,11,11,3,3,805.740689731312,1083.80475381737,1,1,0,0,3,8,0,0,5,7,9,14,14,30,-1,1,0,0,0,0,1,0,3,3,11,11
2021-03-04,E0,Liverpool,Chelsea,0,0,1,7,11,1,5,1132.90260086124,1168.89549731427,0,0,4,0,0,3,6,1,3,11,10,18,30,35,-1,1,-4,4,-4,4,1,0,5,1,11,7
2021-03-06,E0,Burnley,Arsenal,1,1,1,9,15,5,3,971.860362742676,1159.06711122817,0,1,0,0,4,1,5,0,6,6,13,17,27,28,0,0,-6,6,2,-2,1,1,3,5,15,9
2021-03-06,E0,Sheffield United,Southampton,0,0,2,8,15,2,5,744.284231857267,841.908111172238,1,0,0,5,1,0,0,7,3,1,12,4,13,20,-2,2,-7,7,-3,3,2,0,5,2,15,8
2021-03-06,E0,Aston Villa,Wolves,1,0,0,9,10,1,2,1047.26673354828,1003.83016134271,0,0,1,1,0,0,1,2,7,8,13,12,27,21,0,0,-1,1,-1,1,0,0,2,1,10,9
2021-03-06,E0,Brighton,Leicester,0,1,2,7,8,2,4,986.266559943304,1177.39521148198,0,0,1,0,0,9,2,1,5,8,13,18,21,35,-1,1,-1,1,-2,2,2,1,4,2,8,7
2021-03-07,E0,West Brom,Newcastle,1,0,0,13,9,3,5,794.995817188046,898.913338481379,0,0,1,2,0,0,1,2,5,4,9,7,14,18,0,0,4,-4,-2,2,0,0,5,3,9,13
2021-03-07,E0,Liverpool,Fulham,0,0,1,16,10,3,3,1104.20586060132,962.762894943873,0,0,5,0,0,7,7,2,3,8,10,11,27,19,-1,1,6,-6,0,0,1,0,3,3,10,16
2021-03-07,E0,Manchester City,Manchester Utd,0,0,2,23,8,6,6,1479.60007645015,1232.55455912011,8,0,0,0,13,14,0,4,15,7,30,15,53,41,-2,2,15,-15,0,0,2,0,6,6,8,23
2021-03-07,E0,Tottenham,Crystal Palace,2,4,1,12,5,5,1,1152.83454371453,968.94133204382,2,1,0,0,2,1,0,0,9,5,13,12,31,24,3,-3,7,-7,4,-4,1,4,1,5,5,12
2021-03-08,E0,Chelsea,Everton,2,2,0,19,7,9,1,1197.59223757419,1094.54962636064,0,2,0,0,4,9,1,0,11,9,21,17,35,33,2,-2,12,-12,8,-8,0,2,1,9,7,19
2021-03-08,E0,West Ham,Leeds,2,2,0,16,17,5,2,1175.2384667909,1003.56649489297,2,0,0,2,2,0,0,2,10,6,22,12,37,25,2,-2,-1,1,3,-3,0,2,2,5,17,16
2021-03-10,E0,Manchester City,Southampton,2,5,2,17,11,10,6,1408.9306544322,873.756826861458,0,1,1,0,0,1,1,0,12,4,27,4,53,20,3,-3,6,-6,4,-4,2,5,6,10,11,17
2021-03-12,E0,Newcastle,Aston Villa,1,1,1,12,15,3,6,894.265537601512,1045.27676252094,0,0,0,1,2,0,1,1,5,5,8,14,16,28,0,0,-3,3,-3,3,1,1,6,3,15,12
2021-03-13,E0,Leeds,Chelsea,1,0,0,7,15,4,8,979.772583632438,1228.81095973054,0,1,1,0,0,4,1,0,3,11,12,21,25,35,0,0,-8,8,-4,4,0,0,8,4,15,7
2021-03-13,E0,Crystal Palace,West Brom,2,1,0,6,12,4,1,940.848619726477,799.643618067914,0,0,0,0,2,1,3,4,5,6,11,7,21,15,1,-1,-6,6,3,-3,0,1,1,4,12,6
2021-03-13,E0,Everton,Burnley,0,1,2,14,14,4,5,1063.33090420429,979.733923008201,1,0,0,1,1,0,0,1,9,4,14,11,33,25,-1,1,0,0,-1,1,2,1,5,4,14,14
2021-03-13,E0,Fulham,Manchester City,0,0,3,3,8,0,7,1007.11528856815,1413.71962721767,0,7,1,0,0,8,1,0,8,12,14,27,22,53,-3,3,-5,5,-7,7,3,0,7,0,8,3
2021-03-14,E0,Southampton,Brighton,0,1,2,9,8,4,6,868.967854075986,970.285904192427,0,0,0,1,1,0,4,2,4,2,4,12,17,21,-1,1,1,-1,-2,2,2,1,6,4,8,9
2021-03-14,E0,Leicester,Sheffield United,2,5,0,19,1,10,0,1193.37586723286,712.435516168048,0,0,1,3,0,0,1,3,10,3,18,9,35,13,5,-5,18,-18,10,-10,0,5,0,10,1,19
2021-03-14,E0,Arsenal,Tottenham,2,2,1,13,6,3,3,1151.19355096264,1180.92725603187,0,1,1,0,0,1,1,0,7,9,15,15,26,31,1,-1,7,-7,0,0,1,2,3,3,6,13
2021-03-14,E0,Manchester Utd,West Ham,2,1,0,15,7,4,0,1303.22398113806,1199.03237805143,1,0,0,1,3,0,0,2,9,10,17,22,41,40,1,-1,8,-8,4,-4,0,1,0,4,7,15
2021-03-15,E0,Wolves,Liverpool,0,0,1,10,12,5,4,1005.82013237004,1059.85346697704,1,1,0,0,3,1,0,0,8,3,13,9,22,26,-1,1,-2,2,1,-1,1,0,4,5,12,10
2021-03-19,E0,Fulham,Leeds,0,1,2,13,13,6,4,997.537836669869,989.611256554252,0,0,2,3,0,0,2,3,7,4,13,13,22,26,-1,1,0,0,2,-2,2,1,4,6,13,13
2021-03-20,E0,Brighton,Newcastle,2,3,0,11,3,6,1,993.209992955829,900.812674944112,0,0,2,0,0,1,3,3,4,3,15,9,23,17,3,-3,8,-8,5,-5,0,3,1,6,3,11
2021-03-21,E0,West Ham,Arsenal,1,3,3,15,16,5,7,1176.35108822333,1185.92546014072,3,0,0,0,3,2,0,1,9,10,19,17,37,29,0,0,-1,1,-2,2,3,3,7,5,16,15
2021-03-21,E0,Aston Villa,Tottenham,0,0,2,8,9,1,3,1038.72962517834,1146.19534685379,0,0,0,1,1,0,2,1,5,9,12,12,26,28,-2,2,-1,1,-2,2,2,0,3,1,9,8
2021-04-03,E0,Chelsea,West Brom,0,2,5,18,14,8,7,1218.97228680872,779.977355265666,1,0,0,1,5,0,0,5,9,5,22,7,33,15,-3,3,4,-4,1,-1,5,2,7,8,14,18
2021-04-03,E0,Leeds,Sheffield United,2,2,1,23,9,8,1,1022.34119492215,703.698278038121,0,0,0,4,1,0,2,4,7,3,13,9,28,13,1,-1,14,-14,7,-7,1,2,1,8,9,23
2021-04-03,E0,Leicester,Manchester City,0,0,2,5,11,2,4,1202.11310536279,1423.29707911595,1,8,0,0,1,9,0,0,10,12,18,27,38,53,-2,2,-6,6,-2,2,2,0,4,2,11,5
2021-04-03,E0,Arsenal,Liverpool,0,0,3,3,16,2,7,1185.48465559672,1086.91655132639,1,2,0,0,1,2,0,0,8,6,15,12,29,26,-3,3,-13,13,-5,5,3,0,7,2,16,3
2021-04-04,E0,Southampton,Burnley,2,3,2,24,7,9,5,846.043765312584,1019.28826571485,0,1,1,0,0,1,5,0,3,6,4,11,16,28,1,-1,17,-17,4,-4,2,3,5,9,7,24
2021-04-04,E0,Newcastle,Tottenham,1,2,2,22,11,6,5,860.450775277068,1176.90399705746,0,1,0,0,3,1,2,0,3,12,9,15,17,28,0,0,11,-11,1,-1,2,2,5,6,11,22
2021-04-04,E0,Aston Villa,Fulham,2,3,1,14,15,4,7,1008.02097497468,964.807898301969,0,1,1,0,0,8,3,0,5,4,12,12,26,19,2,-2,-1,1,-3,3,1,3,7,4,15,14
2021-04-04,E0,Manchester Utd,Brighton,2,2,1,15,5,7,3,1325.90527096616,1033.57189262287,2,1,0,0,4,1,0,0,11,6,17,15,41,23,1,-1,10,-10,4,-4,1,2,3,7,5,15
2021-04-05,E0,Everton,Crystal Palace,1,1,1,15,13,7,6,1023.77656149765,960.514882528726,0,0,1,1,0,0,1,1,9,8,13,14,33,24,0,0,2,-2,1,-1,1,1,6,7,13,15
2021-04-05,E0,Wolves,West Ham,0,2,3,20,9,5,6,978.757048020688,1176.79189276733,0,0,1,2,0,0,1,3,5,7,13,17,21,35,-1,1,11,-11,-1,1,3,2,6,5,9,20
2021-04-09,E0,Fulham,Wolves,0,0,1,14,7,3,3,926.377213920043,963.248312297626,0,0,3,0,0,1,3,3,3,2,12,12,19,18,-1,1,7,-7,0,0,1,0,3,3,7,14
2021-04-10,E0,Manchester City,Leeds,0,1,2,29,2,7,2,1442.48071552984,1031.15604507479,1,1,0,0,1,1,0,0,12,7,27,13,55,28,-1,1,27,-27,5,-5,2,1,2,7,2,29
2021-04-10,E0,Liverpool,Aston Villa,2,2,1,23,9,10,5,1156.51673739476,1046.4516593566,0,0,6,0,0,1,8,2,9,5,12,12,28,29,1,-1,14,-14,5,-5,1,2,5,10,9,23
2021-04-10,E0,Crystal Palace,Chelsea,0,1,4,1,23,1,10,963.396416110047,1117.97791357577,1,0,0,0,3,5,0,1,6,8,15,21,25,32,-3,3,-22,22,-9,9,4,1,10,1,23,1
2021-04-11,E0,Burnley,Newcastle,0,1,2,24,10,4,5,972.534820957982,871.995227671934,0,0,0,1,5,0,6,4,5,4,11,10,27,15,-1,1,14,-14,-1,1,2,1,5,4,10,24
2021-04-11,E0,West Ham,Leicester,2,3,2,4,15,4,5,1192.3006284904,1182.9294689489,0,1,0,0,4,10,1,0,7,7,17,17,35,38,1,-1,-11,11,-1,1,2,3,5,4,15,4
2021-04-11,E0,Tottenham,Manchester Utd,0,1,3,12,12,3,7,1165.35954466259,1335.93562229371,3,1,0,0,3,15,0,0,10,11,16,20,28,41,-2,2,0,0,-4,4,3,1,7,3,12,12
2021-04-11,E0,Sheffield United,Arsenal,0,0,3,7,14,2,5,694.883427885483,1115.88446952835,0,0,1,0,0,3,1,2,3,8,6,12,13,29,-3,3,-7,7,-3,3,3,0,5,2,14,7
2021-04-12,E0,West Brom,Southampton,2,3,0,15,14,6,4,880.971728498615,892.797210069449,0,0,0,1,1,0,2,1,7,6,10,7,15,19,3,-3,1,-1,2,-2,0,3,4,6,14,15
2021-04-12,E0,Brighton,Everton,1,0,0,23,8,3,1,1023.54154129532,1020.89502791632,1,0,0,1,1,0,0,1,6,7,14,14,22,31,0,0,15,-15,2,-2,0,0,1,3,8,23
2021-04-16,E0,Everton,Tottenham,1,2,2,18,12,7,3,1021.01690200427,1141.45608990293,0,0,0,0,1,2,2,1,5,7,12,16,32,25,0,0,6,-6,4,-4,2,2,3,7,12,18
2021-04-17,E0,Newcastle,West Ham,2,3,2,16,16,8,6,913.005166112556,1223.43772204693,0,1,0,0,4,1,3,0,6,10,10,20,15,38,1,-1,0,0,2,-2,2,3,6,8,16,16
2021-04-17,E0,Wolves,Sheffield United,2,1,0,10,8,5,2,991.865050113398,686.005694889443,0,0,2,5,0,0,2,5,4,3,15,6,21,13,1,-1,2,-2,3,-3,0,1,2,5,8,10
2021-04-18,E0,Arsenal,Fulham,1,1,1,18,3,5,1,1124.76220252439,897.760476104271,0,0,1,1,0,0,1,1,8,3,14,11,32,18,0,0,15,-15,4,-4,1,1,1,5,3,18
2021-04-18,E0,Manchester Utd,Burnley,2,3,1,17,10,9,3,1359.83907705337,931.52488251736,3,0,0,1,5,0,0,1,13,5,22,11,43,24,2,-2,7,-7,6,-6,1,3,3,9,10,17
2021-04-19,E0,Leeds,Liverpool,1,1,1,12,17,5,7,1089.67359762391,1178.70540793575,1,3,0,0,2,3,0,0,10,9,16,12,31,28,0,0,-5,5,-2,2,1,1,7,5,17,12
2021-04-20,E0,Chelsea,Brighton,1,0,0,7,11,4,2,1149.73082200502,1023.41966720738,0,0,1,1,0,0,1,1,10,7,21,12,32,23,0,0,-4,4,2,-2,0,0,2,4,11,7
2021-04-21,E0,Tottenham,Southampton,2,2,1,12,10,3,5,1136.12164359519,836.410268407262,0,0,1,2,0,0,1,2,5,6,14,7,25,16,1,-1,2,-2,-2,2,1,2,5,3,10,12
2021-04-21,E0,Aston Villa,Manchester City,0,1,2,8,13,3,3,1024.26298881562,1383.96316298073,1,9,0,0,1,10,0,0,5,9,12,24,26,54,-1,1,-5,5,0,0,2,1,3,3,13,8
2021-04-22,E0,Leicester,West Brom,2,3,0,17,4,7,1,1151.79237539236,937.358670160802,0,1,1,0,0,1,1,0,7,7,17,12,35,18,3,-3,13,-13,6,-6,0,3,1,7,4,17
2021-04-23,E0,Arsenal,Everton,0,0,1,14,8,3,1,1115.57932426765,1026.35134831201,0,0,0,0,1,1,2,2,8,3,15,12,33,32,-1,1,6,-6,2,-2,1,0,1,3,8,14
2021-04-24,E0,Liverpool,Newcastle,1,1,1,22,7,9,4,1174.69279053535,967.824895243632,1,1,0,0,1,1,0,0,10,8,13,13,28,18,0,0,15,-15,5,-5,1,1,4,9,7,22
2021-04-24,E0,West Ham,Chelsea,0,0,1,9,17,2,6,1168.61799291585,1144.15738957118,1,1,0,0,5,6,0,0,7,8,17,19,35,33,-1,1,-8,8,-4,4,1,0,6,2,17,9
2021-04-24,E0,Sheffield United,Brighton,2,1,0,7,17,3,4,676.616466102506,1028.99309964122,0,0,2,0,0,1,2,2,0,8,3,10,13,24,1,-1,-10,10,-1,1,0,1,4,3,17,7
2021-04-25,E0,Wolves,Burnley,0,0,4,12,14,2,7,1001.25427890034,924.656162369315,1,0,0,2,1,0,0,2,7,4,15,10,24,23,-4,4,-2,2,-5,5,4,0,7,2,14,12
2021-04-25,E0,Leeds,Manchester Utd,1,0,0,6,16,3,4,1093.6862150243,1366.70779720141,0,2,0,0,3,16,1,0,11,15,14,22,32,43,0,0,-10,10,-1,1,0,0,4,3,16,6
2021-04-25,E0,Aston Villa,West Brom,1,2,2,24,10,11,4,1017.09580209148,912.774103195634,0,0,1,1,0,0,1,1,4,7,9,12,25,18,0,0,14,-14,7,-7,2,2,4,11,10,24
2021-04-26,E0,Leicester,Crystal Palace,2,2,1,13,4,5,2,1176.37694235753,931.643507680802,1,0,0,0,1,1,0,2,9,5,17,12,35,22,1,-1,9,-9,3,-3,1,2,2,5,4,13
2021-04-30,E0,Southampton,Leicester,1,1,1,5,23,3,9,826.733938533577,1188.94805090809,1,0,0,1,1,0,0,1,3,9,7,19,13,38,0,0,-18,18,-6,6,1,1,9,3,23,5
2021-05-01,E0,Crystal Palace,Manchester City,0,0,2,9,20,4,3,919.072399130238,1391.13034970487,0,10,1,0,0,11,1,0,4,12,9,24,21,54,-2,2,-11,11,1,-1,2,0,3,4,20,9
2021-05-01,E0,Brighton,Leeds,2,2,0,17,11,5,2,972.433022147304,1104.18276135797,0,2,0,0,2,2,1,0,5,11,9,15,23,30,2,-2,6,-6,3,-3,0,2,2,5,11,17
2021-05-01,E0,Chelsea,Fulham,2,2,0,9,10,5,3,1178.40657949613,906.943354361017,0,0,0,0,1,1,2,2,8,1,19,9,36,18,2,-2,-1,1,2,-2,0,2,3,5,10,9
2021-05-01,E0,Everton,Aston Villa,0,1,2,16,13,3,5,1066.39351188206,1012.43096453678,0,0,0,1,2,0,3,3,6,4,15,9,32,23,-1,1,3,-3,-2,2,2,1,5,3,13,16
2021-05-02,E0,Newcastle,Arsenal,0,0,2,5,19,1,5,976.365343206806,1075.5371606976,1,1,0,0,5,4,0,0,8,5,11,15,18,32,-2,2,-14,14,-4,4,2,0,5,1,19,5
2021-05-02,E0,Tottenham,Sheffield United,2,4,0,20,8,11,1,1145.79797346887,733.176543596421,1,0,0,6,1,0,0,6,8,3,17,6,28,16,4,-4,12,-12,10,-10,0,4,1,11,8,20
2021-05-03,E0,West Brom,Wolves,1,1,1,10,20,4,10,917.438940750328,922.756585334,1,1,0,0,2,2,0,0,7,6,13,14,18,21,0,0,-10,10,-6,6,1,1,10,4,20,10
2021-05-03,E0,Burnley,West Ham,0,1,2,8,22,3,4,1003.15385593565,1134.36880299091,0,0,1,1,0,0,7,1,6,7,10,16,23,34,-1,1,-14,14,-1,1,2,1,4,3,22,8
2021-05-07,E0,Leicester,Newcastle,0,2,4,25,14,9,6,1176.48585023804,944.697155886766,2,0,0,0,2,2,0,1,7,8,17,11,36,18,-2,2,11,-11,3,-3,4,2,6,9,14,25
2021-05-08,E0,Leeds,Tottenham,2,3,1,16,11,7,3,1044.44789938889,1156.77383981674,0,0,0,0,4,3,2,2,8,8,15,20,30,31,2,-2,5,-5,4,-4,1,3,3,7,11,16
2021-05-08,E0,Sheffield United,Crystal Palace,0,0,2,7,21,0,8,722.200677248552,913.637973097038,1,0,0,1,1,0,0,3,3,4,6,9,15,20,-2,2,-14,14,-8,8,2,0,8,0,21,7
2021-05-08,E0,Manchester City,Chelsea,0,1,2,16,12,4,5,1396.56477573807,1193.60448517632,0,2,1,0,0,7,1,0,12,10,24,19,54,36,-1,1,4,-4,-1,1,2,1,5,4,12,16
2021-05-08,E0,Liverpool,Southampton,2,2,0,14,12,6,6,1166.15234257217,839.196139203634,0,0,0,3,2,0,1,3,11,4,14,8,26,13,2,-2,2,-2,0,0,0,2,6,6,12,14
2021-05-09,E0,Wolves,Brighton,2,2,1,16,5,6,3,922.511717871264,1032.16788411638,0,0,1,1,0,0,1,3,7,5,12,11,22,25,1,-1,11,-11,3,-3,1,2,3,6,5,16
2021-05-09,E0,Aston Villa,Manchester Utd,0,1,3,11,18,5,7,1049.36151542203,1356.21125086775,0,0,0,0,1,17,2,1,7,13,12,22,23,41,-2,2,-7,7,-2,2,3,1,7,5,18,11
2021-05-09,E0,West Ham,Everton,0,0,1,11,9,0,3,1154.82705398104,1029.46296099681,0,1,1,0,0,2,1,0,9,6,16,15,37,29,-1,1,2,-2,-3,3,1,0,3,0,9,11
2021-05-09,E0,Arsenal,West Brom,2,3,1,15,12,7,1,1107.20534801764,917.683808213064,0,0,1,0,0,1,3,2,7,8,15,13,35,19,2,-2,3,-3,6,-6,1,3,1,7,12,15
2021-05-10,E0,Fulham,Burnley,0,0,2,21,14,3,5,891.745448680822,982.695604945517,0,1,4,0,0,1,4,0,1,3,8,9,17,23,-2,2,7,-7,-2,2,2,0,5,3,14,21
2021-05-11,E0,Manchester Utd,Leicester,0,1,2,4,12,1,3,1369.01718871661,1107.05501236646,4,0,0,0,6,1,0,2,13,7,24,14,43,35,-1,1,-8,8,-2,2,2,1,3,1,12,4
2021-05-11,E0,Southampton,Crystal Palace,2,3,1,13,11,6,4,827.6048720679,935.511085713391,0,1,0,0,2,1,1,0,4,4,7,12,13,23,2,-2,2,-2,2,-2,1,3,4,6,11,13
2021-05-12,E0,Chelsea,Arsenal,0,0,1,19,5,5,2,1242.42647740524,1129.26002596256,1,2,0,0,2,5,0,0,13,10,21,18,39,35,-1,1,14,-14,3,-3,1,0,2,5,5,19
2021-05-13,E0,Aston Villa,Everton,1,0,0,13,15,2,5,1036.55557757317,1072.53310983026,0,2,1,0,0,3,3,0,4,8,9,15,22,29,0,0,-2,2,-3,3,0,0,5,2,15,13
2021-05-13,E0,Manchester Utd,Liverpool,0,2,4,18,17,3,8,1316.6164858017,1177.74360970791,0,0,1,0,0,4,1,1,10,11,21,17,40,26,-2,2,1,-1,-5,5,4,2,8,3,17,18
2021-05-14,E0,Newcastle,Manchester City,0,3,4,11,15,5,6,1014.12799375834,1347.74278350915,0,11,1,0,0,12,1,0,10,9,14,21,20,51,-1,1,-4,4,-1,1,4,3,6,5,15,11
2021-05-15,E0,Burnley,Leeds,0,0,4,16,16,4,6,1015.32762209544,1102.01048730405,0,0,2,1,0,0,8,1,6,8,11,15,23,30,-4,4,0,0,-2,2,4,0,6,4,16,16
2021-05-15,E0,Southampton,Fulham,2,3,1,11,10,7,3,884.662044939619,859.113431530901,1,0,0,1,3,0,0,3,4,1,10,5,15,16,2,-2,1,-1,4,-4,1,3,3,7,10,11
2021-05-15,E0,Brighton,West Ham,1,1,1,10,15,2,3,990.390688655706,1111.75690514759,1,1,0,0,3,1,0,0,5,6,11,13,24,36,0,0,-5,5,-1,1,1,1,3,2,15,10
2021-05-16,E0,Crystal Palace,Aston Villa,2,3,2,23,19,8,5,878.453912841672,1038.20650743212,0,1,2,0,0,1,2,0,3,5,9,10,23,23,1,-1,4,-4,3,-3,2,3,5,8,19,23
2021-05-16,E0,Tottenham,Wolves,2,2,0,24,15,13,3,1099.21125190159,964.28891333194,2,0,0,0,2,3,0,1,7,10,17,12,30,24,2,-2,9,-9,10,-10,0,2,3,13,15,24
2021-05-16,E0,West Brom,Liverpool,0,1,2,10,26,3,6,895.629130268149,1238.25393535542,0,1,0,0,3,5,1,0,5,11,12,20,18,28,-1,1,-16,16,-3,3,2,1,6,3,26,10
2021-05-16,E0,Everton,Sheffield United,0,0,1,16,10,6,3,1070.88217997131,700.327564632199,0,0,1,7,0,0,4,7,8,3,13,6,27,15,-1,1,6,-6,3,-3,1,0,3,6,10,16
2021-05-18,E0,Manchester Utd,Fulham,1,1,1,13,8,6,5,1256.10616015419,818.475075084874,0,0,2,2,0,0,2,4,7,1,20,4,37,15,0,0,5,-5,1,-1,1,1,5,6,8,13
2021-05-18,E0,Southampton,Leeds,0,0,2,18,15,3,7,925.300401385646,1150.74617045623,2,1,0,0,4,1,0,0,7,8,13,18,17,30,-2,2,3,-3,-4,4,2,0,7,3,15,18
2021-05-18,E0,Brighton,Manchester City,2,3,2,19,8,6,4,995.76304694032,1355.92277618408,0,12,0,0,4,13,1,0,5,9,12,21,25,51,1,-1,11,-11,2,-2,2,3,4,6,8,19
2021-05-18,E0,Chelsea,Leicester,2,2,1,17,7,6,3,1200.35706664277,1159.45571528137,0,1,1,0,0,2,1,0,10,10,20,17,38,37,1,-1,10,-10,3,-3,1,2,3,6,7,17
2021-05-19,E0,Everton,Wolves,2,1,0,14,9,4,3,1013.66122562182,936.655381455019,0,0,2,1,0,0,5,2,7,7,10,11,27,24,1,-1,5,-5,1,-1,0,1,3,4,9,14
2021-05-19,E0,Newcastle,Sheffield United,2,1,0,16,11,5,1,1005.94800108342,757.548518981689,0,1,2,0,0,1,2,0,7,6,13,9,20,18,1,-1,5,-5,4,-4,0,1,1,5,11,16
2021-05-19,E0,Tottenham,Aston Villa,0,1,2,10,20,4,4,1126.84478377851,992.448900728572,3,0,0,1,3,0,0,1,10,5,17,9,30,23,-1,1,-10,10,0,0,2,1,4,4,20,10
2021-05-19,E0,Crystal Palace,Arsenal,0,1,3,12,6,6,3,924.211519545217,1171.32943672502,1,3,0,0,1,6,0,0,6,10,11,18,25,35,-2,2,6,-6,3,-3,3,1,3,6,6,12
2021-05-19,E0,Burnley,Liverpool,0,0,3,10,20,4,3,966.591938943254,1246.07097961064,0,2,3,0,0,6,9,0,6,11,11,20,23,30,-3,3,-10,10,1,-1,3,0,3,4,20,10
2021-05-19,E0,West Brom,West Ham,0,1,3,14,21,4,9,887.812086012932,1106.38454686297,0,0,1,0,0,2,2,1,2,4,9,14,18,36,-2,2,-7,7,-5,5,3,1,9,4,21,14
2021-05-23,E0,Arsenal,Brighton,2,2,0,16,5,5,1,1188.36952790908,1052.61267980442,1,0,0,2,1,0,0,4,12,7,20,15,35,27,2,-2,11,-11,4,-4,0,2,1,5,5,16
2021-05-23,E0,Aston Villa,Chelsea,2,2,1,6,23,3,7,1036.24466579583,1228.60721981767,0,3,0,0,1,8,4,0,7,12,11,20,23,41,1,-1,-17,17,-4,4,1,2,7,3,23,6
2021-05-23,E0,Fulham,Newcastle,0,0,2,14,10,0,4,832.090351342796,1018.30729054903,0,1,5,0,0,3,5,0,2,7,5,15,16,23,-2,2,4,-4,-4,4,2,0,4,0,10,14
2021-05-23,E0,Leeds,West Brom,2,3,1,17,14,9,5,1169.56464397202,868.402179668167,1,0,0,1,5,0,0,3,10,2,21,9,33,18,2,-2,3,-3,4,-4,1,3,5,9,14,17
2021-05-23,E0,Leicester,Tottenham,0,2,4,10,11,6,4,1131.20556210647,1083.04901871125,0,0,1,1,0,0,1,3,7,9,16,14,34,29,-2,2,-1,1,2,-2,4,2,4,6,11,10
2021-05-23,E0,Liverpool,Crystal Palace,2,2,0,19,5,5,4,1264.25768099365,907.171428361156,1,0,0,1,3,0,0,1,13,6,23,10,33,22,2,-2,14,-14,1,-1,0,2,4,5,5,19
2021-05-23,E0,Manchester City,Everton,2,5,0,21,8,11,3,1299.07314331998,1038.68262633411,0,0,2,0,0,4,2,1,9,7,18,13,48,27,5,-5,13,-13,8,-8,0,5,3,11,8,21
2021-05-23,E0,Sheffield United,Burnley,2,1,0,12,10,3,3,745.189229516072,948.405237560241,0,2,1,0,0,2,1,0,6,6,6,10,18,23,1,-1,2,-2,0,0,0,1,3,3,10,12
2021-05-23,E0,West Ham,Southampton,2,3,0,14,17,7,5,1125.79445320774,906.481927869859,0,0,2,4,0,0,2,4,7,7,14,10,36,14,3,-3,-3,3,2,-2,0,3,5,7,17,14
2021-05-23,E0,Wolves,Manchester Utd,0,1,2,14,9,4,4,911.633980742727,1242.49088389627,1,1,0,0,1,18,0,0,4,5,11,20,23,35,-1,1,5,-5,0,0,2,1,4,4,9,14
2019-08-09,E0,Liverpool,Norwich,2,4,1,15,12,7,5,1274.21269469656,724.824790998552,2,0,0,0,4,1,0,8,15,1,26,5,35,12,3,-3,3,-3,2,-2,1,4,5,7,12,15
2019-08-10,E0,West Ham,Manchester City,0,0,5,5,14,3,9,1149.84833482189,1326.08934826772,1,0,0,1,1,0,0,1,10,9,17,21,36,48,-5,5,-9,9,-6,6,5,0,9,3,14,5
2019-08-10,E0,Bournemouth,Sheffield United,1,1,1,13,8,3,3,857.594645093928,794.028258949299,0,0,2,1,0,0,2,1,3,6,12,9,23,18,0,0,5,-5,0,0,1,1,3,3,8,13
2019-08-10,E0,Burnley,Southampton,2,3,0,10,11,4,3,899.566208127013,882.428046255713,0,0,4,5,0,0,10,5,3,6,9,10,20,14,3,-3,-1,1,1,-1,0,3,3,4,11,10
2019-08-10,E0,Crystal Palace,Everton,1,0,0,6,10,2,3,897.216414658245,1011.66642138638,0,0,1,1,0,0,1,2,6,7,10,13,21,26,0,0,-4,4,-1,1,0,0,3,2,10,6
2019-08-10,E0,Watford,Brighton,0,0,3,11,5,3,3,715.034481971347,1025.06999356065,0,0,1,3,0,0,13,5,1,7,4,12,10,27,-3,3,6,-6,0,0,3,0,3,3,5,11
2019-08-10,E0,Tottenham,Aston Villa,2,3,1,31,7,7,4,1132.94691984824,1084.34902476408,0,1,1,0,0,1,1,0,9,7,17,14,29,26,2,-2,24,-24,3,-3,1,3,4,7,7,31
2019-08-11,E0,Leicester,Wolves,1,0,0,15,8,1,2,1081.30766096948,903.340052454266,0,0,2,2,0,0,2,3,4,4,13,10,31,23,0,0,7,-7,-1,1,0,0,2,1,8,15
2019-08-11,E0,Newcastle,Arsenal,0,0,1,9,8,2,2,1040.67750539837,1215.91221415285,1,4,0,0,1,7,0,0,9,15,17,20,26,37,-1,1,1,-1,0,0,1,0,2,2,8,9
2019-08-11,E0,Manchester Utd,Chelsea,2,4,0,11,18,5,7,1250.78481218473,1180.50286084942,0,0,0,1,1,0,3,1,7,9,20,17,37,38,4,-4,-7,7,-2,2,0,4,7,5,18,11
2019-08-17,E0,Arsenal,Burnley,2,2,1,16,18,9,5,1233.01480998834,951.410070244653,2,0,0,1,2,0,0,1,15,6,22,9,37,20,1,-1,-2,2,4,-4,1,2,5,9,18,16
2019-08-17,E0,Aston Villa,Bournemouth,0,1,2,22,12,7,4,1046.5863363617,854.699536506536,1,0,0,2,2,0,0,2,7,1,11,13,23,24,-1,1,10,-10,3,-3,2,1,4,7,12,22
2019-08-17,E0,Brighton,West Ham,1,1,1,16,8,4,3,1040.7448584856,1110.47561584534,1,1,0,0,5,3,0,0,7,7,12,16,27,33,0,0,8,-8,1,-1,1,1,3,4,8,16
2019-08-17,E0,Everton,Watford,2,1,0,12,8,2,2,1006.57852104502,699.359617046394,1,0,0,4,1,0,0,4,5,1,13,1,27,9,1,-1,4,-4,0,0,0,1,2,2,8,12
2019-08-17,E0,Norwich,Newcastle,2,3,1,15,10,8,3,720.396787129754,1023.57490956288,0,2,3,0,0,4,3,0,1,9,5,17,12,26,2,-2,5,-5,5,-5,1,3,3,8,10,15
2019-08-17,E0,Southampton,Liverpool,0,1,2,14,15,3,6,830.584184138072,1278.64069856536,0,3,1,0,0,7,1,0,6,15,10,26,14,38,-1,1,-1,1,-3,3,2,1,6,3,15,14
2019-08-17,E0,Manchester City,Tottenham,1,2,2,30,3,10,2,1365.46206724426,1170.70960825063,1,1,0,0,1,1,0,0,9,9,21,17,48,32,0,0,27,-27,8,-8,2,2,2,10,3,30
2019-08-18,E0,Sheffield United,Crystal Palace,2,1,0,15,6,3,4,796.923367536692,902.304314999602,1,0,0,2,1,0,0,2,7,4,10,8,19,22,1,-1,9,-9,-1,1,0,1,4,3,6,15
2019-08-18,E0,Chelsea,Leicester,1,1,1,14,12,5,3,1128.8729687245,1073.76074251419,1,0,0,1,1,0,0,1,6,4,16,11,38,29,0,0,2,-2,2,-2,1,1,3,5,12,14
2019-08-19,E0,Wolves,Manchester Utd,1,1,1,6,9,2,2,910.88697090955,1302.41470430965,0,2,1,0,0,19,1,0,4,7,11,20,24,37,0,0,-3,3,0,0,1,1,2,2,9,6
2019-08-23,E0,Aston Villa,Everton,2,2,0,7,12,3,1,998.514720502875,1015.90522142054,0,0,1,0,0,1,1,3,6,7,11,15,23,27,2,-2,-5,5,2,-2,0,2,1,3,12,7
2019-08-24,E0,Norwich,Chelsea,0,2,3,6,23,5,8,795.073206487836,1126.35603207789,1,0,0,2,1,0,0,2,4,4,7,17,15,38,-1,1,-17,17,-3,3,3,2,8,5,23,6
2019-08-24,E0,Brighton,Southampton,0,0,2,12,12,3,4,1043.91364506395,826.072966364335,0,0,0,6,6,0,1,6,8,3,13,7,27,14,-2,2,0,0,-1,1,2,0,4,3,12,12
2019-08-24,E0,Manchester Utd,Crystal Palace,0,1,2,22,5,3,3,1289.45537359411,860.885451949181,1,0,0,3,2,0,0,3,8,4,18,7,38,22,-1,1,17,-17,0,0,2,1,3,3,5,22
2019-08-24,E0,Sheffield United,Leicester,0,1,2,8,10,3,2,838.342230587112,1076.2776791608,2,0,0,0,2,1,0,2,10,5,13,12,19,29,-1,1,-2,2,1,-1,2,1,2,3,10,8
2019-08-24,E0,Watford,West Ham,0,1,3,23,16,3,10,690.032916670877,1107.30682926699,0,0,2,0,0,4,14,1,1,8,1,14,9,31,-2,2,7,-7,-7,7,3,1,10,3,16,23
2019-08-24,E0,Liverpool,Arsenal,2,3,1,25,9,5,3,1283.1519163391,1243.57868202493,3,5,0,0,5,8,0,0,15,15,26,25,38,37,2,-2,16,-16,2,-2,1,3,3,5,9,25
2019-08-25,E0,Bournemouth,Manchester City,0,1,3,10,19,7,5,902.771152365357,1357.32798827419,0,1,0,0,1,1,3,0,4,10,13,19,26,46,-2,2,-9,9,2,-2,3,1,5,7,19,10
2019-08-25,E0,Tottenham,Newcastle,0,0,1,17,8,2,3,1178.8436872207,948.8984902048,1,0,0,1,1,0,0,1,10,6,17,16,33,26,-1,1,9,-9,-1,1,1,0,3,2,8,17
2019-08-25,E0,Wolves,Burnley,1,1,1,17,13,2,4,923.846301625093,940.846198208059,0,0,0,2,1,0,2,2,2,3,12,9,24,20,0,0,4,-4,-2,2,1,1,4,2,13,17
2019-08-31,E0,Southampton,Manchester Utd,1,1,1,10,21,2,8,894.314550492812,1230.46022826587,0,0,2,0,0,20,2,1,3,8,10,15,17,37,0,0,-11,11,-6,6,1,1,8,2,21,10
2019-08-31,E0,Chelsea,Sheffield United,1,2,2,13,8,5,2,1134.6322766068,825.371112068252,0,0,0,0,2,1,1,2,7,7,17,13,38,19,0,0,5,-5,3,-3,2,2,2,5,8,13
2019-08-31,E0,Crystal Palace,Aston Villa,2,1,0,22,10,5,2,919.880597277418,1044.56575122693,0,0,0,1,1,0,2,1,4,9,10,14,22,23,1,-1,12,-12,3,-3,0,1,2,5,10,22
2019-08-31,E0,Leicester,Bournemouth,2,3,1,13,8,5,2,1089.24879767966,896.79992200603,0,1,0,0,1,1,3,0,5,4,15,10,32,26,2,-2,5,-5,3,-3,1,3,2,5,8,13
2019-08-31,E0,Manchester City,Brighton,2,4,0,15,6,6,2,1363.29921863351,975.672060935475,0,1,0,0,2,1,1,0,10,7,19,12,46,24,4,-4,9,-9,4,-4,0,4,2,6,6,15
2019-08-31,E0,Newcastle,Watford,1,1,1,13,13,5,3,999.445166030215,682.750915351193,0,0,1,5,0,0,1,5,9,0,16,1,26,8,0,0,0,0,2,-2,1,1,3,5,13,13
2019-08-31,E0,West Ham,Norwich,2,2,0,18,8,8,3,1114.58883058668,786.796961958927,0,0,1,1,0,0,1,9,10,4,14,4,34,12,2,-2,10,-10,5,-5,0,2,3,8,8,18
2019-08-31,E0,Burnley,Liverpool,0,0,3,7,15,2,7,940.063948203345,1322.03560219267,1,4,0,0,1,8,0,0,4,15,10,26,21,38,-3,3,-8,8,-5,5,3,0,7,2,15,7
2019-09-01,E0,Everton,Wolves,2,3,2,15,8,6,5,969.85419069648,924.628551629808,2,0,0,0,2,1,0,4,7,3,14,10,26,25,1,-1,7,-7,1,-1,2,3,5,6,8,15
2019-09-01,E0,Arsenal,Tottenham,1,2,2,26,13,8,9,1204.69499617136,1128.29701139529,3,0,0,0,3,2,0,1,12,7,22,17,36,33,0,0,13,-13,-1,1,2,2,9,8,13,26
2019-09-14,E0,Liverpool,Newcastle,2,3,1,21,8,9,1,1332.92641226077,987.895395092476,4,1,0,0,6,1,0,0,15,7,28,14,41,27,2,-2,13,-13,8,-8,1,3,1,9,8,21
2019-09-14,E0,Brighton,Burnley,1,1,1,14,7,5,1,963.16244359803,929.173138135243,0,0,1,0,0,1,2,3,4,4,11,10,21,20,0,0,7,-7,4,-4,1,1,1,5,7,14
2019-09-14,E0,Manchester Utd,Leicester,2,1,0,10,9,5,3,1218.49853475349,1111.02644167901,0,1,1,0,0,2,1,0,8,8,13,15,35,32,1,-1,1,-1,2,-2,0,1,3,5,9,10
2019-09-14,E0,Sheffield United,Southampton,0,0,1,17,11,4,7,836.754400982342,906.276244005193,0,1,1,0,0,1,1,0,8,4,14,11,17,18,-1,1,6,-6,-3,3,1,0,7,4,11,17
2019-09-14,E0,Tottenham,Crystal Palace,2,4,0,13,11,5,6,1131.75963925937,962.895659994821,0,1,1,0,0,1,1,0,8,7,17,13,31,22,4,-4,2,-2,-1,1,0,4,6,5,11,13
2019-09-14,E0,Wolves,Chelsea,0,2,5,11,15,4,6,896.770618649877,1123.24898769271,0,1,0,0,2,1,3,0,3,5,7,17,22,36,-3,3,-4,4,-2,2,5,2,6,4,15,11
2019-09-14,E0,Norwich,Manchester City,2,3,2,7,25,3,8,775.254000334574,1375.80883597096,0,2,1,0,0,2,1,0,3,13,4,22,9,46,1,-1,-18,18,-5,5,2,3,8,3,25,7
2019-09-15,E0,Bournemouth,Everton,2,3,1,13,14,6,5,875.022278006675,997.712123676411,0,0,1,1,0,0,4,4,4,7,10,14,25,29,2,-2,-1,1,1,-1,1,3,5,6,14,13
2019-09-15,E0,Watford,Arsenal,1,2,2,31,10,7,4,694.300686288933,1201.23236830728,0,0,3,1,0,0,15,1,1,10,2,22,9,37,0,0,21,-21,3,-3,2,2,4,7,10,31
2019-09-16,E0,Aston Villa,West Ham,1,0,0,10,13,5,1,1001.55068850953,1126.13179221103,1,1,0,0,1,5,0,0,6,10,13,17,22,34,0,0,-3,3,4,-4,0,0,1,5,13,10
2019-09-20,E0,Southampton,Bournemouth,0,1,3,25,6,6,3,931.957160042527,933.754130454876,0,0,0,1,1,0,3,1,7,7,13,10,21,25,-2,2,19,-19,3,-3,3,1,3,6,6,25
2019-09-21,E0,Leicester,Tottenham,2,2,1,16,11,7,4,1088.62090696423,1167.16790992372,1,0,0,0,2,3,0,2,8,8,12,17,31,34,1,-1,5,-5,3,-3,1,2,4,7,11,16
2019-09-21,E0,Burnley,Norwich,2,2,0,13,11,6,2,930.73342906617,837.298245483851,0,0,1,2,0,0,1,10,5,6,8,7,18,11,2,-2,2,-2,4,-4,0,2,2,6,11,13
2019-09-21,E0,Everton,Sheffield United,0,0,2,16,2,3,1,938.980271228209,811.073484945007,3,0,0,0,3,2,0,3,7,5,14,11,29,17,-2,2,14,-14,2,-2,2,0,1,3,2,16
2019-09-21,E0,Manchester City,Watford,2,8,0,28,5,11,4,1313.76459082168,708.660225082547,1,0,0,0,3,1,0,6,10,2,19,3,43,10,8,-8,23,-23,7,-7,0,8,4,11,5,28
2019-09-21,E0,Newcastle,Brighton,1,0,0,11,16,4,3,977.311332580863,961.602152667103,0,0,0,1,1,0,2,1,4,5,13,12,24,21,0,0,-5,5,1,-1,0,0,3,4,16,11
2019-09-22,E0,Crystal Palace,Wolves,1,1,1,13,14,4,4,927.487389330471,873.481202740469,1,0,0,1,2,0,0,5,7,3,13,7,22,21,0,0,-1,1,0,0,1,1,4,4,14,13
2019-09-22,E0,West Ham,Manchester Utd,2,2,0,8,9,6,3,1120.62848522129,1240.90406946828,1,0,0,0,1,21,0,2,8,8,18,15,34,37,2,-2,-1,1,3,-3,0,2,3,6,9,8
2019-09-22,E0,Arsenal,Aston Villa,2,3,2,21,14,6,9,1186.87282951366,1007.05399549927,0,0,0,2,4,0,1,2,8,4,23,11,38,23,1,-1,7,-7,-3,3,2,3,9,6,14,21
2019-09-22,E0,Chelsea,Liverpool,0,1,2,13,6,2,3,1146.53840360212,1343.51047477238,0,5,0,0,3,9,2,0,8,15,17,30,36,44,-1,1,7,-7,-1,1,2,1,3,2,6,13
2019-09-28,E0,Sheffield United,Liverpool,0,0,1,12,16,2,4,870.385140892621,1359.09121177025,0,6,2,0,0,10,2,0,7,15,14,30,20,47,-1,1,-4,4,-2,2,1,0,4,2,16,12
2019-09-28,E0,Aston Villa,Burnley,1,2,2,16,10,3,3,990.280068487343,963.07284688841,0,0,0,0,2,2,1,4,4,5,11,11,20,20,0,0,6,-6,0,0,2,2,3,3,10,16
2019-09-28,E0,Bournemouth,West Ham,1,2,2,13,17,5,6,977.3849146657,1179.09000070573,1,0,0,0,1,6,0,1,9,11,10,18,28,34,0,0,-4,4,-1,1,2,2,6,5,17,13
2019-09-28,E0,Chelsea,Brighton,2,2,0,24,8,10,1,1130.95766660426,962.325094551731,0,0,1,0,0,1,3,2,8,3,14,10,33,21,2,-2,16,-16,9,-9,0,2,1,10,8,24
2019-09-28,E0,Crystal Palace,Norwich,2,2,0,15,10,3,3,925.020151974825,804.958827661611,0,0,0,3,3,0,1,11,7,6,11,7,23,11,2,-2,5,-5,0,0,0,2,3,3,10,15
2019-09-28,E0,Tottenham,Southampton,2,2,1,9,14,4,6,1128.05424707575,888.326375831704,1,2,0,0,1,2,0,0,5,7,14,13,34,20,1,-1,-5,5,-2,2,1,2,6,4,14,9
2019-09-28,E0,Wolves,Watford,2,2,0,6,14,2,5,875.948440096115,702.675044087775,0,0,1,1,0,0,4,7,3,2,7,3,19,7,2,-2,-8,8,-3,3,0,2,5,2,14,6
2019-09-28,E0,Everton,Manchester City,0,1,3,12,20,8,9,879.668615280596,1319.74977181645,0,0,1,1,0,0,1,1,6,10,11,19,26,43,-2,2,-8,8,-1,1,3,1,9,8,20,12
2019-09-29,E0,Leicester,Newcastle,2,5,0,13,3,5,0,1127.7345698122,976.588390696235,2,0,0,1,3,0,0,1,10,5,14,14,31,25,5,-5,10,-10,5,-5,0,5,0,5,3,13
2019-09-30,E0,Manchester Utd,Arsenal,1,1,1,16,10,4,5,1182.44255398384,1203.64675652559,1,0,0,0,1,1,0,2,5,8,12,23,36,38,0,0,6,-6,-1,1,1,1,5,4,10,16
2019-10-05,E0,Brighton,Tottenham,2,3,0,17,8,6,3,938.226596880025,1140.9189817967,0,0,0,1,1,0,3,3,2,7,10,17,21,34,3,-3,9,-9,3,-3,0,3,3,6,8,17
2019-10-05,E0,Burnley,Everton,2,1,0,9,11,3,2,964.323230901435,873.216658460988,1,0,0,2,1,0,0,5,6,3,9,10,20,23,1,-1,-2,2,1,-1,0,1,2,3,11,9
2019-10-05,E0,Liverpool,Leicester,2,2,1,18,2,8,1,1362.71451099087,1171.41972418478,5,0,0,1,7,0,0,1,15,12,30,17,50,31,1,-1,16,-16,7,-7,1,2,1,8,2,18
2019-10-05,E0,Norwich,Aston Villa,0,1,5,21,22,5,12,775.681054499982,989.029684474317,1,0,0,3,1,0,0,3,3,5,7,11,11,21,-4,4,-1,1,-7,7,5,1,12,5,22,21
2019-10-05,E0,Watford,Sheffield United,1,0,0,8,9,2,3,679.040640200001,866.761841672,0,1,0,0,1,3,16,0,2,4,3,14,7,20,0,0,-1,1,-1,1,0,0,3,2,9,8
2019-10-05,E0,West Ham,Crystal Palace,0,1,2,9,7,4,4,1170.72091425617,954.297925136454,2,0,0,1,2,0,0,1,11,10,19,14,32,23,-1,1,2,-2,0,0,2,1,4,4,7,9
2019-10-06,E0,Arsenal,Bournemouth,2,1,0,12,10,2,2,1202.67147749645,985.754001115261,1,1,0,0,5,1,0,0,6,7,21,11,39,29,1,-1,2,-2,0,0,0,1,2,2,10,12
2019-10-06,E0,Manchester City,Wolves,0,0,2,18,7,2,2,1326.20172863606,899.58284398389,2,0,0,0,4,1,0,6,12,5,22,7,43,19,-2,2,11,-11,0,0,2,0,2,2,7,18
2019-10-06,E0,Southampton,Chelsea,0,1,4,10,13,3,7,875.46164111075,1155.05616427596,0,2,1,0,0,2,4,0,7,10,10,14,20,35,-3,3,-3,3,-4,4,4,1,7,3,13,10
2019-10-06,E0,Newcastle,Manchester Utd,2,1,0,12,12,2,3,932.903236323658,1183.41783301298,0,0,0,1,2,0,3,3,5,5,11,13,25,34,1,-1,0,0,-1,1,0,1,3,2,12,12
2019-10-19,E0,Everton,West Ham,2,2,0,19,8,10,4,849.420697253453,1121.01996508672,0,0,2,0,0,7,2,2,3,8,10,18,20,32,2,-2,11,-11,6,-6,0,2,4,10,8,19
2019-10-19,E0,Aston Villa,Brighton,2,2,1,24,20,8,5,1018.25058060905,1021.39431520841,0,0,0,1,3,0,2,3,5,5,14,12,23,24,1,-1,4,-4,3,-3,1,2,5,8,20,24
2019-10-19,E0,Bournemouth,Norwich,1,0,0,11,10,2,1,971.486533813824,746.460158365248,0,0,0,4,2,0,1,12,7,3,11,7,26,11,0,0,1,-1,1,-1,0,0,1,2,10,11
2019-10-19,E0,Chelsea,Newcastle,2,1,0,16,5,8,0,1173.23279395556,984.664914793273,1,0,0,2,1,0,0,2,10,5,17,14,37,27,1,-1,11,-11,8,-8,0,1,0,8,5,16
2019-10-19,E0,Leicester,Burnley,2,2,1,19,13,3,4,1155.45053265092,988.11919210897,3,0,0,0,4,3,0,5,9,8,14,12,31,23,1,-1,6,-6,-1,1,1,2,4,3,13,19
2019-10-19,E0,Tottenham,Watford,1,1,1,12,7,2,2,1057.75126346832,686.932141697757,2,0,0,2,2,0,0,8,7,3,14,3,31,7,0,0,5,-5,0,0,1,1,2,2,7,12
2019-10-19,E0,Wolves,Southampton,1,1,1,4,14,1,5,980.367322376091,857.285011431147,1,0,0,1,1,0,0,1,7,4,10,7,21,20,0,0,-10,10,-4,4,1,1,5,1,14,4
2019-10-19,E0,Crystal Palace,Manchester City,0,0,2,7,21,2,10,1003.99887430591,1245.41725024386,1,1,0,0,4,1,0,0,10,9,14,19,25,40,-2,2,-14,14,-8,8,2,0,10,2,21,7
2019-10-20,E0,Manchester Utd,Liverpool,1,1,1,7,10,2,4,1131.65615454336,1378.68370252473,0,7,0,0,2,11,1,0,5,15,13,30,33,50,0,0,-3,3,-2,2,1,1,4,2,10,7
2019-10-21,E0,Sheffield United,Arsenal,2,1,0,8,9,2,3,858.870340174244,1216.93894479789,0,0,3,0,0,2,3,3,5,9,12,21,21,39,1,-1,-1,1,-1,1,0,1,3,2,9,8
2019-10-25,E0,Southampton,Leicester,0,0,9,6,25,3,15,862.727372136211,1173.12929339805,0,0,2,2,0,0,5,2,4,9,8,17,18,33,-9,9,-19,19,-12,12,9,0,15,3,25,6
2019-10-26,E0,Manchester City,Aston Villa,2,3,0,25,11,9,5,1262.91232758958,1050.54012136419,0,1,1,0,0,1,1,0,9,8,22,14,40,25,3,-3,14,-14,4,-4,0,3,5,9,11,25
2019-10-26,E0,Brighton,Everton,2,3,2,8,10,4,6,989.104774453275,921.947864797396,1,0,0,3,2,0,0,6,5,3,9,10,24,23,1,-1,-2,2,-2,2,2,3,6,4,10,8
2019-10-26,E0,Watford,Bournemouth,1,0,0,7,15,3,5,699.547230402347,962.364858339802,0,0,0,1,2,0,17,1,3,8,4,12,8,27,0,0,-8,8,-2,2,0,0,5,3,15,7
2019-10-26,E0,West Ham,Sheffield United,1,1,1,12,10,4,4,1048.49279754277,915.643158935034,0,0,1,0,0,4,1,1,5,7,15,15,29,21,0,0,2,-2,0,0,1,1,4,4,10,12
2019-10-26,E0,Burnley,Chelsea,0,2,4,13,16,5,7,970.440431361847,1189.39085027565,2,3,0,0,2,3,0,0,8,12,12,17,22,37,-2,2,-3,3,-2,2,4,2,7,5,16,13
2019-10-27,E0,Newcastle,Wolves,1,1,1,13,13,2,5,968.506858473191,974.924961671027,1,1,0,0,3,2,0,0,4,8,11,11,26,22,0,0,0,0,-3,3,1,1,5,2,13,13
2019-10-27,E0,Arsenal,Crystal Palace,1,2,2,15,10,6,4,1160.1661260371,986.503796960193,2,1,0,0,6,1,0,0,8,7,18,14,38,24,0,0,5,-5,2,-2,2,2,4,6,10,15
2019-10-27,E0,Liverpool,Tottenham,2,2,1,21,11,13,4,1368.90282172517,1045.13617476373,6,0,0,2,8,0,0,4,13,7,28,15,51,29,1,-1,10,-10,9,-9,1,2,4,13,11,21
2019-10-27,E0,Norwich,Manchester Utd,0,1,3,10,21,3,11,755.581833839271,1141.43703534292,0,0,1,2,0,0,1,4,4,5,7,13,12,33,-2,2,-11,11,-8,8,3,1,11,3,21,10
2019-11-02,E0,Bournemouth,Manchester Utd,2,1,0,12,15,6,4,952.141160053713,1150.02139619528,0,1,0,0,3,1,2,0,6,5,13,13,25,33,1,-1,-3,3,2,-2,0,1,4,6,15,12
2019-11-02,E0,Arsenal,Wolves,1,1,1,10,25,4,8,1152.7742604116,974.629430711328,0,0,0,0,7,3,1,1,8,9,16,12,36,22,0,0,-15,15,-4,4,1,1,8,4,25,10
2019-11-02,E0,Aston Villa,Liverpool,0,1,2,5,25,2,6,1025.72883830265,1377.4958766566,1,0,0,0,4,12,0,1,7,13,11,28,25,54,-1,1,-20,20,-4,4,2,1,6,2,25,5
2019-11-02,E0,Brighton,Norwich,2,2,0,21,7,5,0,1014.99529358809,746.997472986911,2,0,0,0,3,1,0,13,7,1,12,7,24,12,2,-2,14,-14,5,-5,0,2,0,5,7,21
2019-11-02,E0,Manchester City,Southampton,2,2,1,26,3,4,3,1287.72361065111,831.511819735562,1,0,0,0,1,1,0,2,12,1,22,8,43,18,1,-1,23,-23,1,-1,1,2,3,4,3,26
2019-11-02,E0,Sheffield United,Burnley,2,3,0,13,6,6,0,921.479409138747,951.063390412262,1,0,0,1,1,0,0,6,8,7,13,12,22,21,3,-3,7,-7,6,-6,0,3,0,6,6,13
2019-11-02,E0,West Ham,Newcastle,0,2,3,16,12,6,9,1042.65654733906,968.802389432891,0,0,0,3,1,0,2,3,5,5,13,9,30,26,-1,1,4,-4,-3,3,3,2,9,6,12,16
2019-11-02,E0,Watford,Chelsea,0,1,2,12,16,3,10,709.770928688436,1208.76789122523,0,4,0,0,3,4,18,0,3,12,5,20,9,37,-1,1,-4,4,-7,7,2,1,10,3,16,12
2019-11-03,E0,Crystal Palace,Leicester,0,0,2,12,14,3,5,993.895662585686,1204.34484579869,0,1,1,0,0,1,1,0,8,12,15,20,25,33,-2,2,-2,2,-2,2,2,0,5,3,14,12
2019-11-03,E0,Everton,Tottenham,1,1,1,7,4,3,2,896.057345662579,1036.5431198323,1,0,0,3,1,0,0,5,3,4,10,12,23,29,0,0,3,-3,1,-1,1,1,2,3,4,7
2019-11-08,E0,Norwich,Watford,0,0,2,17,12,5,2,731.547285692147,706.344880244491,0,0,2,0,0,1,2,9,1,3,7,5,12,6,-2,2,5,-5,3,-3,2,0,2,5,12,17
2019-11-09,E0,Chelsea,Crystal Palace,2,2,0,23,3,5,1,1212.19393966917,973.769765736462,2,0,0,0,2,2,0,1,15,7,23,14,39,22,2,-2,20,-20,4,-4,0,2,1,5,3,23
2019-11-09,E0,Burnley,West Ham,2,3,0,14,7,12,4,891.899644709522,1003.95496390092,0,0,1,1,0,0,1,3,4,2,9,13,18,29,3,-3,7,-7,8,-8,0,3,4,12,7,14
2019-11-09,E0,Newcastle,Bournemouth,2,2,1,20,16,9,3,1007.50397287103,1000.62196391678,0,0,0,0,4,1,1,2,7,6,12,15,29,28,1,-1,4,-4,6,-6,1,2,3,9,16,20
2019-11-09,E0,Southampton,Everton,0,1,2,4,24,3,5,827.19352995618,902.195990543855,0,0,3,4,0,0,6,7,1,4,8,10,18,23,-1,1,-20,20,-2,2,2,1,5,3,24,4
2019-11-09,E0,Tottenham,Sheffield United,1,1,1,17,14,5,4,1030.40447495102,980.643154841487,0,0,0,0,3,5,1,2,5,8,10,15,27,25,0,0,3,-3,1,-1,1,1,4,5,14,17
2019-11-09,E0,Leicester,Arsenal,2,2,0,19,8,7,1,1224.47074264792,1145.22099791536,4,0,0,1,5,0,0,4,12,6,22,14,33,36,2,-2,11,-11,6,-6,0,2,1,7,8,19
2019-11-10,E0,Manchester Utd,Brighton,2,3,1,21,6,11,2,1101.54059233221,1030.44548088286,0,0,0,2,3,0,2,4,5,9,10,12,30,24,2,-2,15,-15,9,-9,1,3,2,11,6,21
2019-11-10,E0,Wolves,Aston Villa,2,2,1,17,13,5,4,982.182693207574,1018.26581215495,0,0,0,1,2,0,1,1,9,7,12,11,23,22,1,-1,4,-4,1,-1,1,2,4,5,13,17
2019-11-10,E0,Liverpool,Manchester City,2,3,1,12,18,5,3,1384.9589028043,1292.04190043049,7,2,0,0,9,2,0,0,13,12,28,22,54,43,2,-2,-6,6,2,-2,1,3,3,5,18,12
2019-11-23,E0,West Ham,Tottenham,0,2,3,11,15,4,6,932.421248550702,1028.128423329,0,0,1,0,0,1,3,6,1,3,12,10,26,27,-1,1,-4,4,-2,2,3,2,6,4,15,11
2019-11-23,E0,Arsenal,Southampton,1,2,2,12,21,5,6,1111.19730143636,801.996167065641,0,0,0,1,8,0,2,3,5,1,11,8,36,15,0,0,-9,9,-1,1,2,2,6,5,21,12
2019-11-23,E0,Bournemouth,Wolves,0,1,2,9,17,2,7,969.255737479475,1017.49417397848,1,0,0,0,4,4,0,2,5,9,12,14,25,26,-1,1,-8,8,-5,5,2,1,7,2,17,9
2019-11-23,E0,Brighton,Leicester,0,0,2,7,19,0,9,995.439168242639,1258.49443912691,3,2,0,0,4,2,0,0,9,12,11,24,24,36,-2,2,-12,12,-9,9,2,0,9,0,19,7
2019-11-23,E0,Crystal Palace,Liverpool,0,1,2,16,12,6,4,956.032036200167,1417.35924407755,0,1,2,0,0,13,2,0,4,13,14,28,21,54,-1,1,4,-4,2,-2,2,1,4,6,12,16
2019-11-23,E0,Everton,Norwich,0,0,2,18,13,7,5,927.393353434394,684.513876437368,0,0,0,1,2,0,1,14,7,1,10,4,25,11,-2,2,5,-5,2,-2,2,0,5,7,13,18
2019-11-23,E0,Watford,Burnley,0,0,3,15,11,4,5,753.37828949927,963.433360059739,0,0,1,2,0,0,19,7,6,6,8,12,9,21,-3,3,4,-4,-1,1,3,0,5,4,11,15
2019-11-23,E0,Manchester City,Chelsea,2,2,1,15,11,4,2,1259.64155915724,1229.93166920547,2,5,0,0,2,5,0,0,9,15,21,25,40,42,1,-1,4,-4,2,-2,1,2,2,4,11,15
2019-11-24,E0,Sheffield United,Manchester Utd,1,3,3,12,11,8,5,982.919206463514,1136.54690497243,2,0,0,1,2,0,0,1,9,7,13,12,26,30,0,0,1,-1,3,-3,3,3,5,8,11,12
2019-11-25,E0,Aston Villa,Newcastle,2,2,0,17,11,8,5,982.95433138405,1038.87019930833,0,1,1,0,0,1,1,0,6,10,11,15,22,31,2,-2,6,-6,3,-3,0,2,5,8,11,17
2019-11-30,E0,Newcastle,Manchester City,1,2,2,6,24,3,9,988.014504338386,1288.9118274585,1,0,0,1,5,0,0,1,7,12,12,21,28,40,0,0,-18,18,-6,6,2,2,9,3,24,6
2019-11-30,E0,Burnley,Crystal Palace,0,0,2,15,7,4,2,988.501229099349,951.83082632588,1,0,0,1,1,0,0,2,6,1,14,11,24,21,-2,2,8,-8,2,-2,2,0,2,4,7,15
2019-11-30,E0,Chelsea,West Ham,0,0,1,19,5,6,4,1200.66140090421,909.019804776808,3,0,0,2,3,0,0,4,12,1,22,9,39,23,-1,1,14,-14,2,-2,1,0,4,6,5,19
2019-11-30,E0,Liverpool,Brighton,2,2,1,15,12,7,5,1421.56045395184,979.623483397263,8,0,0,3,10,0,0,5,13,6,28,11,54,23,1,-1,3,-3,2,-2,1,2,5,7,12,15
2019-11-30,E0,Tottenham,Bournemouth,2,3,2,15,20,5,6,1051.52986710289,941.670331454108,0,0,0,1,4,0,2,3,6,5,13,12,30,22,1,-1,-5,5,-1,1,2,3,6,5,20,15
2019-11-30,E0,Southampton,Watford,2,2,1,11,6,6,3,813.378090620385,728.310420459661,0,1,4,0,0,2,7,0,2,5,6,8,16,9,1,-1,5,-5,3,-3,1,2,3,6,6,11
2019-12-01,E0,Norwich,Arsenal,1,2,2,15,16,8,7,754.851535611056,1099.81537788162,0,0,3,2,0,0,3,5,4,3,7,12,11,34,0,0,-1,1,1,-1,2,2,7,8,16,15
2019-12-01,E0,Wolves,Sheffield United,1,1,1,13,9,3,4,1045.07958000384,989.566351265003,1,0,0,0,3,6,0,3,9,9,16,14,26,27,0,0,4,-4,-1,1,1,1,4,3,9,13
2019-12-01,E0,Leicester,Everton,2,2,1,16,11,6,3,1274.31012397229,857.055694260706,5,1,0,0,6,1,0,0,15,7,24,10,39,24,1,-1,5,-5,3,-3,1,2,3,6,11,16
2019-12-01,E0,Manchester Utd,Aston Villa,1,2,2,16,9,6,3,1129.89976017094,1033.810026354,1,0,0,2,4,0,0,2,8,6,13,11,28,25,0,0,7,-7,3,-3,2,2,3,6,9,16
2019-12-03,E0,Crystal Palace,Bournemouth,2,1,0,7,6,2,3,1000.30032362568,919.464506292643,0,0,3,2,0,0,3,4,4,4,11,12,24,22,1,-1,1,-1,-1,1,0,1,3,2,6,7
2019-12-03,E0,Burnley,Manchester City,0,1,4,4,17,2,8,940.031731799548,1277.72202342381,0,0,1,0,0,1,1,2,6,10,14,19,24,41,-3,3,-13,13,-6,6,4,1,8,2,17,4
2019-12-04,E0,Chelsea,Aston Villa,2,2,1,25,9,9,3,1146.72548130156,1038.12564509667,0,0,1,0,0,1,1,3,9,4,21,12,38,25,1,-1,16,-16,6,-6,1,2,3,9,9,25
2019-12-04,E0,Leicester,Watford,2,2,0,12,4,6,1,1279.62386462768,703.992541166157,6,0,0,1,7,0,0,1,15,4,24,7,39,9,2,-2,8,-8,5,-5,0,2,1,6,4,12
2019-12-04,E0,Manchester Utd,Tottenham,2,2,1,12,8,7,5,1125.58414142827,1073.73569226436,0,1,0,0,5,2,1,0,8,8,13,15,26,32,1,-1,4,-4,2,-2,1,2,5,7,8,12
2019-12-04,E0,Southampton,Norwich,2,2,1,14,10,5,3,837.695969913889,766.98897766354,1,1,0,0,1,1,0,0,4,4,8,8,19,12,1,-1,4,-4,2,-2,1,2,3,5,10,14
2019-12-04,E0,Wolves,West Ham,2,2,0,13,6,7,3,1042.54463676587,962.955724379457,0,1,0,0,4,1,1,0,9,4,17,9,24,26,2,-2,7,-7,4,-4,0,2,3,7,6,13
2019-12-04,E0,Liverpool,Everton,2,5,2,11,12,5,4,1426.22163997278,851.741953605314,9,0,0,1,11,0,0,1,15,4,28,7,56,21,3,-3,-1,1,1,-1,2,5,4,5,12,11
2019-12-05,E0,Sheffield United,Newcastle,0,0,2,13,6,6,4,992.101294502971,999.204308373077,0,0,0,1,3,0,1,1,7,8,14,12,28,26,-2,2,7,-7,2,-2,2,0,4,6,6,13
2019-12-05,E0,Arsenal,Brighton,0,1,2,12,20,5,9,1087.67793582913,974.962297376321,0,0,0,4,9,0,3,6,4,6,12,11,34,22,-1,1,-8,8,-4,4,2,1,9,5,20,12
2019-12-07,E0,Everton,Chelsea,2,3,1,13,15,7,4,847.888443664106,1169.03657670877,0,0,1,1,0,0,2,1,4,9,7,21,21,38,2,-2,-2,2,3,-3,1,3,4,7,15,13
2019-12-07,E0,Bournemouth,Liverpool,0,0,3,3,21,0,9,894.778263085267,1430.07514991399,0,2,1,0,0,14,1,0,3,15,9,28,19,58,-3,3,-18,18,-9,9,3,0,9,0,21,3
2019-12-07,E0,Tottenham,Burnley,2,5,0,13,7,7,1,1046.47597413011,926.374855201172,1,1,0,0,5,1,0,0,8,6,12,13,29,21,5,-5,6,-6,6,-6,0,5,1,7,7,13
2019-12-07,E0,Watford,Crystal Palace,1,0,0,13,3,3,0,700.913073607371,1024.98656683306,0,1,2,0,0,1,20,0,3,6,6,14,9,27,0,0,10,-10,3,-3,0,0,0,3,3,13
2019-12-07,E0,Manchester City,Manchester Utd,0,1,2,22,11,5,7,1291.37890002219,1152.84385956252,3,0,0,0,3,1,0,2,10,8,22,13,41,28,-1,1,11,-11,-2,2,2,1,7,5,11,22
2019-12-08,E0,Aston Villa,Leicester,0,1,4,15,23,2,8,1015.81454968946,1282.70333218647,1,3,0,0,1,3,0,0,4,15,11,27,22,39,-3,3,-8,8,-6,6,4,1,8,2,23,15
2019-12-08,E0,Newcastle,Southampton,2,2,1,12,19,6,4,1042.16542100868,863.272057235681,0,0,0,0,6,1,1,4,10,7,15,8,28,21,1,-1,-7,7,2,-2,1,2,4,6,19,12
2019-12-08,E0,Norwich,Sheffield United,0,1,2,14,9,4,3,741.412890341747,949.140181867371,0,0,0,0,1,7,4,4,4,6,5,14,12,25,-1,1,5,-5,1,-1,2,1,3,4,9,14
2019-12-08,E0,Brighton,Wolves,1,2,2,13,13,4,5,1016.99428277865,1076.52768074552,0,1,1,0,0,5,1,0,6,11,13,20,25,27,0,0,0,0,-1,1,2,2,5,4,13,13
2019-12-09,E0,West Ham,Arsenal,0,1,3,11,10,4,3,928.972680399812,1045.6459504268,0,0,2,0,0,1,4,6,3,3,8,11,26,34,-2,2,1,-1,1,-1,3,1,3,4,10,11
2019-12-14,E0,Liverpool,Watford,2,2,0,16,8,6,2,1434.86088026811,712.623112094802,10,0,0,2,12,0,0,2,15,4,28,7,58,10,2,-2,8,-8,4,-4,0,2,2,6,8,16
2019-12-14,E0,Burnley,Newcastle,2,1,0,7,9,4,0,876.994412803282,1059.00537243015,0,1,2,0,0,1,2,0,6,10,10,17,21,31,1,-1,-2,2,4,-4,0,1,0,4,9,7
2019-12-14,E0,Chelsea,Bournemouth,0,0,1,18,11,5,2,1093.25309305911,889.992532731146,1,0,0,3,1,0,0,5,6,0,21,6,35,16,-1,1,7,-7,3,-3,1,0,2,5,11,18
2019-12-14,E0,Leicester,Norwich,1,1,1,18,10,5,3,1302.01500307351,726.550312557801,7,0,0,1,8,0,0,1,15,4,27,5,41,12,0,0,8,-8,2,-2,1,1,3,5,10,18
2019-12-14,E0,Sheffield United,Aston Villa,2,2,0,7,8,3,0,964.002759651317,996.502878802412,0,0,1,1,0,0,2,4,6,4,14,11,28,22,2,-2,-1,1,3,-3,0,2,0,3,8,7
2019-12-14,E0,Southampton,West Ham,0,0,1,11,11,2,4,846.432105814207,899.313264696069,2,0,0,1,2,0,0,1,7,3,8,5,21,23,-1,1,0,0,-2,2,1,0,4,2,11,11
2019-12-15,E0,Manchester Utd,Everton,1,1,1,24,8,8,3,1196.96759809218,923.671927313769,1,0,0,2,6,0,0,2,11,6,16,10,28,21,0,0,16,-16,5,-5,1,1,3,8,8,24
2019-12-15,E0,Wolves,Tottenham,0,1,2,18,9,5,5,1073.81258731877,1095.856416528,1,0,0,1,5,0,0,1,11,10,20,15,27,29,-1,1,9,-9,0,0,2,1,5,5,9,18
2019-12-15,E0,Arsenal,Manchester City,0,0,3,6,14,1,7,1075.30536613055,1247.25516149253,0,1,1,0,0,2,4,0,5,7,11,19,34,38,-3,3,-8,8,-6,6,3,0,7,1,14,6
2019-12-16,E0,Crystal Palace,Brighton,1,1,1,11,15,4,10,1013.27652834562,1019.7093762054,1,1,0,0,1,1,0,0,7,4,14,13,25,23,0,0,-4,4,-6,6,1,1,10,4,15,11
2019-12-21,E0,Everton,Arsenal,1,0,0,9,6,0,2,934.175659800804,1045.75500880165,1,1,0,0,1,2,0,0,4,5,11,10,21,31,0,0,3,-3,-2,2,0,0,2,0,6,9
2019-12-21,E0,Aston Villa,Southampton,0,1,3,19,17,6,8,948.554618102028,819.265375351211,0,0,1,1,0,0,1,5,4,7,10,8,21,18,-2,2,2,-2,-2,2,3,1,8,6,17,19
2019-12-21,E0,Bournemouth,Burnley,0,0,1,3,2,0,1,938.834529115669,924.376207852337,0,0,2,1,0,0,2,1,3,6,8,12,19,21,-1,1,1,-1,-1,1,1,0,1,0,2,3
2019-12-21,E0,Brighton,Sheffield United,0,0,1,9,7,2,2,1019.41316646112,1011.9510203517,0,1,0,0,1,8,2,0,5,8,14,17,24,31,-1,1,2,-2,0,0,1,0,2,2,7,9
2019-12-21,E0,Newcastle,Crystal Palace,2,1,0,8,16,3,4,1011.6235773811,1013.57273808991,1,0,0,0,7,2,0,1,7,8,17,12,28,26,1,-1,-8,8,-1,1,0,1,4,3,16,8
2019-12-21,E0,Norwich,Wolves,0,1,2,13,14,7,4,741.425830512075,1043.84017902432,0,0,1,0,0,6,5,1,5,8,6,17,13,24,-1,1,-1,1,3,-3,2,1,4,7,14,13
2019-12-21,E0,Manchester City,Leicester,2,3,1,23,5,12,2,1276.80551882143,1287.13948511924,0,4,1,0,0,4,1,0,10,13,19,25,41,42,2,-2,18,-18,10,-10,1,3,2,12,5,23
2019-12-22,E0,Watford,Manchester Utd,2,2,0,11,17,3,8,711.271854279351,1186.46386560514,0,1,0,0,1,2,21,0,1,9,7,16,10,29,2,-2,-6,6,-5,5,0,2,8,3,17,11
2019-12-22,E0,Tottenham,Chelsea,0,0,2,5,13,1,3,1125.82882482244,1044.41109667459,2,0,0,2,6,0,0,2,12,3,15,18,32,32,-2,2,-8,8,-2,2,2,0,3,1,13,5
2019-12-26,E0,Tottenham,Brighton,2,2,1,11,11,5,5,1071.87774117294,986.725983066928,0,0,1,0,0,2,1,1,9,5,15,11,29,23,1,-1,0,0,0,0,1,2,5,5,11,11
2019-12-26,E0,Aston Villa,Norwich,2,1,0,11,16,2,6,889.090334061061,731.876604243264,0,0,2,0,0,1,2,2,1,2,7,6,21,13,1,-1,-5,5,-4,4,0,1,6,2,16,11
2019-12-26,E0,Bournemouth,Arsenal,1,1,1,12,17,4,2,905.503636687662,1040.78624951883,0,0,3,0,0,3,3,1,3,5,8,8,19,29,0,0,-5,5,2,-2,1,1,2,4,17,12
2019-12-26,E0,Chelsea,Southampton,0,0,2,10,5,3,3,1098.36218032409,878.729659392177,0,1,1,0,0,1,1,0,6,9,18,11,35,18,-2,2,5,-5,0,0,2,0,3,3,5,10
2019-12-26,E0,Crystal Palace,West Ham,2,2,1,13,10,4,2,981.393215637634,926.479995159065,0,1,0,0,2,1,1,0,8,6,9,7,23,26,1,-1,3,-3,2,-2,1,2,2,4,10,13
2019-12-26,E0,Everton,Burnley,2,1,0,21,6,5,0,939.144419083622,957.707100280345,0,1,0,0,2,1,1,0,5,6,12,12,22,24,1,-1,15,-15,5,-5,0,1,0,5,6,21
2019-12-26,E0,Sheffield United,Watford,1,1,1,16,5,4,2,1044.63820374589,793.643909484893,1,0,0,3,1,0,0,3,10,4,19,9,31,12,0,0,11,-11,2,-2,1,1,2,4,5,16
2019-12-26,E0,Manchester Utd,Newcastle,2,4,1,22,7,10,2,1104.0918103996,1043.80309983337,0,0,0,1,7,0,1,1,8,10,16,17,29,31,3,-3,15,-15,8,-8,1,4,2,10,7,22
2019-12-26,E0,Leicester,Liverpool,0,0,4,3,15,0,6,1241.97777056343,1436.21213808356,0,3,0,0,9,15,1,0,10,15,25,28,39,58,-4,4,-12,12,-6,6,4,0,6,0,15,3
2019-12-27,E0,Wolves,Manchester City,2,3,2,20,7,8,3,1053.38940529313,1321.96723337724,0,2,1,0,0,3,1,0,8,10,17,22,27,41,1,-1,13,-13,5,-5,2,3,3,8,7,20
2019-12-28,E0,Brighton,Bournemouth,2,2,0,16,10,6,2,962.415401789153,911.436772719561,0,1,1,0,0,1,3,0,5,4,11,8,20,20,2,-2,6,-6,4,-4,0,2,2,6,10,16
2019-12-28,E0,Newcastle,Everton,0,1,2,20,22,5,9,998.640246677328,972.852480282615,2,0,0,0,8,1,0,3,9,8,17,12,28,22,-1,1,-2,2,-4,4,2,1,9,5,22,20
2019-12-28,E0,Southampton,Crystal Palace,1,1,1,14,5,5,2,947.127065812848,1008.37721948691,0,0,1,1,0,0,1,2,9,8,13,12,21,26,0,0,9,-9,3,-3,1,1,2,5,5,14
2019-12-28,E0,Watford,Aston Villa,2,3,0,20,11,6,2,803.538403132914,907.523941145286,1,0,0,2,2,0,0,5,5,3,9,7,13,21,3,-3,9,-9,4,-4,0,3,2,6,11,20
2019-12-28,E0,Norwich,Tottenham,1,2,2,5,15,2,7,713.44299715904,1096.18832245071,0,1,2,0,0,1,6,0,1,9,5,17,12,32,0,0,-10,10,-5,5,2,2,7,2,15,5
2019-12-28,E0,West Ham,Leicester,0,1,2,14,13,4,8,899.495991309791,1210.19545517363,0,0,3,1,0,0,5,1,6,7,7,22,25,39,-1,1,1,-1,-4,4,2,1,8,4,13,14
2019-12-28,E0,Burnley,Manchester Utd,0,0,2,8,14,1,5,923.999039081352,1149.25466355564,1,0,0,1,1,0,0,1,6,10,12,18,24,31,-2,2,-6,6,-4,4,2,0,5,1,14,8
2019-12-29,E0,Arsenal,Chelsea,0,1,2,7,13,2,4,1034.85311348693,1029.96477390342,0,1,2,0,0,1,5,0,5,6,9,15,27,32,-1,1,-6,6,-2,2,2,1,4,2,13,7
2019-12-29,E0,Liverpool,Wolves,2,1,0,10,10,3,2,1467.99445347336,1106.14740161489,11,1,0,0,13,7,0,0,15,10,28,19,58,30,1,-1,0,0,1,-1,0,1,2,3,10,10
2019-12-29,E0,Manchester City,Sheffield United,2,2,0,16,8,4,0,1269.20923705549,1034.74371009787,1,2,0,0,1,9,0,0,9,10,19,17,41,32,2,-2,8,-8,4,-4,0,2,0,4,8,16
2020-01-01,E0,Brighton,Chelsea,1,1,1,16,16,5,5,999.883653505742,1062.41497691082,1,2,0,0,1,2,0,0,5,6,11,15,23,35,0,0,0,0,0,0,1,1,5,5,16,16
2020-01-01,E0,Burnley,Aston Villa,0,1,2,20,11,1,6,905.164381652757,837.141822346131,0,0,1,3,0,0,1,6,6,3,12,7,24,18,-1,1,9,-9,-5,5,2,1,6,1,11,20
2020-01-01,E0,Newcastle,Leicester,0,0,3,5,17,2,10,964.269457639865,1219.36365091743,0,1,1,0,0,1,1,0,6,7,16,22,25,42,-3,3,-12,12,-8,8,3,0,10,2,17,5
2020-01-01,E0,Southampton,Tottenham,2,1,0,12,11,3,5,949.918877225286,1083.37098463783,0,0,0,0,1,2,2,1,7,10,14,18,22,30,1,-1,1,-1,-2,2,0,1,5,3,11,12
2020-01-01,E0,Watford,Wolves,2,2,1,9,16,3,4,873.920521932068,1099.05849435365,2,0,0,1,3,0,0,1,8,7,11,18,16,30,1,-1,-7,7,-1,1,1,2,4,3,16,9
2020-01-01,E0,Manchester City,Everton,2,2,1,16,7,7,2,1287.27162157217,1007.22326932008,2,1,0,0,2,2,0,0,9,11,19,15,41,25,1,-1,9,-9,5,-5,1,2,2,7,7,16
2020-01-01,E0,Norwich,Crystal Palace,1,1,1,15,12,4,3,726.260334971919,1005.58540807447,0,0,0,0,1,1,7,3,2,6,6,12,13,27,0,0,3,-3,1,-1,1,1,3,4,12,15
2020-01-01,E0,West Ham,Bournemouth,2,4,0,14,3,7,2,890.327795565991,873.968521002973,0,0,4,1,0,0,6,1,3,4,7,7,22,20,4,-4,11,-11,5,-5,0,4,2,7,3,14
2020-01-01,E0,Arsenal,Manchester Utd,2,2,0,10,10,4,4,1002.40291047953,1168.08932098424,0,1,3,0,0,1,6,0,5,10,8,18,24,31,2,-2,0,0,0,0,0,2,4,4,10,10
2020-01-02,E0,Liverpool,Sheffield United,2,2,0,19,3,7,2,1475.08336073459,1016.68132558119,12,0,0,1,14,0,0,1,15,10,30,16,58,29,2,-2,16,-16,5,-5,0,2,2,7,3,19
2020-01-10,E0,Sheffield United,West Ham,2,1,0,13,7,3,2,1010.83209788683,951.795797650703,0,0,0,1,2,0,1,1,7,6,13,9,28,22,1,-1,6,-6,1,-1,0,1,2,3,7,13
2020-01-11,E0,Crystal Palace,Arsenal,1,1,1,6,7,3,4,994.925471641434,1065.72210535176,1,0,0,0,3,4,0,2,6,5,13,10,27,24,0,0,-1,1,-1,1,1,1,4,3,7,6
2020-01-11,E0,Chelsea,Burnley,2,3,0,18,7,8,2,1059.565998817,866.978114400263,0,0,2,1,0,0,2,1,7,6,13,12,36,21,3,-3,11,-11,6,-6,0,3,2,8,7,18
2020-01-11,E0,Everton,Brighton,2,1,0,14,9,6,2,996.580137322745,1002.73263159956,1,0,0,1,3,0,0,2,8,5,14,9,24,21,1,-1,5,-5,4,-4,0,1,2,6,9,14
2020-01-11,E0,Leicester,Southampton,0,1,2,5,16,5,10,1239.77807798738,993.639453514476,0,2,1,0,0,2,2,0,7,10,22,17,44,25,-1,1,-11,11,-5,5,2,1,10,5,16,5
2020-01-11,E0,Manchester Utd,Norwich,2,4,0,13,8,6,3,1104.770126112,736.920271404956,1,0,0,1,8,0,0,3,7,3,18,7,28,14,4,-4,5,-5,3,-3,0,4,3,6,8,13
2020-01-11,E0,Wolves,Newcastle,1,1,1,9,5,4,1,1048.80820691412,943.855030569923,1,0,0,2,1,0,0,2,6,3,17,13,29,25,0,0,4,-4,3,-3,1,1,1,4,5,9
2020-01-11,E0,Tottenham,Liverpool,0,0,1,14,13,4,7,1039.65040834865,1480.93258842894,1,4,0,0,1,16,0,0,7,15,17,30,27,58,-1,1,1,-1,-3,3,1,0,7,4,13,14
2020-01-12,E0,Bournemouth,Watford,0,0,3,10,18,1,6,812.50051891826,924.170809371605,0,0,0,0,1,1,4,4,4,10,4,14,19,19,-3,3,-8,8,-5,5,3,0,6,1,18,10
2020-01-12,E0,Aston Villa,Manchester City,0,1,6,7,22,1,12,875.328089598626,1297.9147535695,1,0,0,1,1,0,0,1,6,12,10,19,21,41,-5,5,-15,15,-11,11,6,1,12,1,22,7
2020-01-18,E0,Watford,Tottenham,1,0,0,15,17,2,5,961.754860216453,1034.97290636563,3,0,0,1,4,0,0,2,13,4,14,16,22,26,0,0,-2,2,-3,3,0,0,5,2,17,15
2020-01-18,E0,Arsenal,Sheffield United,1,1,1,11,12,4,4,1062.50618743806,1037.44638779495,1,0,0,2,1,0,0,2,6,7,11,15,22,28,0,0,-1,1,0,0,1,1,4,4,12,11
2020-01-18,E0,Brighton,Aston Villa,1,1,1,10,8,2,3,970.166025160295,863.384375324609,0,1,0,0,2,1,1,0,4,6,9,10,20,21,0,0,2,-2,-1,1,1,1,3,2,8,10
2020-01-18,E0,Manchester City,Crystal Palace,1,2,2,25,5,6,3,1309.85846784352,998.141389555137,3,0,0,0,3,2,0,4,12,6,22,14,43,28,0,0,20,-20,3,-3,2,2,3,6,5,25
2020-01-18,E0,Norwich,Bournemouth,2,1,0,16,6,5,3,723.064245666364,774.916468073413,0,0,0,2,2,0,8,2,2,1,7,4,11,16,1,-1,10,-10,2,-2,0,1,3,5,6,16
2020-01-18,E0,Southampton,Wolves,0,2,3,11,8,5,4,1045.14985741252,1044.11677480272,1,0,0,2,2,0,0,2,13,7,20,15,28,29,-1,1,3,-3,1,-1,3,2,4,5,8,11
2020-01-18,E0,West Ham,Everton,1,1,1,12,11,6,3,925.181507742587,1029.14674376201,1,0,0,1,1,0,0,1,6,10,9,14,22,24,0,0,1,-1,3,-3,1,1,3,6,11,12
2020-01-18,E0,Newcastle,Chelsea,2,1,0,7,19,2,4,948.546462681322,1086.6275562559,0,0,2,0,0,3,2,1,4,10,11,13,26,38,1,-1,-12,12,-2,2,0,1,4,2,19,7
2020-01-19,E0,Burnley,Leicester,2,2,1,8,18,5,8,839.916556961362,1188.26767408933,0,2,2,0,0,2,2,0,3,6,9,19,21,43,1,-1,-10,10,-3,3,1,2,8,5,18,8
2020-01-19,E0,Liverpool,Manchester Utd,2,2,0,16,9,5,4,1485.61009041196,1118.62615185059,13,0,0,1,15,0,0,1,15,9,30,18,58,30,2,-2,7,-7,1,-1,0,2,4,5,9,16
2020-01-21,E0,Aston Villa,Watford,2,2,1,16,8,5,2,868.152653015876,965.077631989655,0,1,1,0,0,2,1,0,7,11,8,15,19,23,1,-1,8,-8,3,-3,1,2,2,5,8,16
2020-01-21,E0,Bournemouth,Brighton,2,3,1,11,21,3,8,738.175846305711,965.397747469028,0,0,1,2,0,0,5,3,1,5,4,10,16,21,2,-2,-10,10,-5,5,1,3,8,3,21,11
2020-01-21,E0,Crystal Palace,Southampton,0,0,2,6,15,0,6,1009.58024986693,1013.05470726825,0,3,0,0,4,3,1,0,7,10,15,19,26,25,-2,2,-9,9,-6,6,2,0,6,0,15,6
2020-01-21,E0,Everton,Newcastle,1,2,2,17,8,8,2,1024.49693103663,992.63437486174,2,0,0,0,4,1,0,3,10,4,15,14,25,26,0,0,9,-9,6,-6,2,2,2,8,8,17
2020-01-21,E0,Sheffield United,Manchester City,0,0,1,4,18,1,5,1038.59843708914,1298.41960753172,1,1,0,0,3,1,0,0,5,10,15,20,29,41,-1,1,-14,14,-4,4,1,0,5,1,18,4
2020-01-21,E0,Chelsea,Arsenal,1,2,2,19,2,8,2,1042.53964407548,1061.35413814386,1,0,0,0,1,5,0,3,7,6,13,11,35,23,0,0,17,-17,6,-6,2,2,2,8,2,19
2020-01-22,E0,Leicester,West Ham,2,4,1,19,6,8,2,1131.86131837061,929.831320467972,0,0,2,2,0,0,3,2,6,4,16,10,40,22,3,-3,13,-13,6,-6,1,4,2,8,6,19
2020-01-22,E0,Tottenham,Norwich,2,2,1,14,12,3,2,1031.65013459243,759.804867434066,0,0,1,2,0,0,1,4,5,5,14,7,27,14,1,-1,2,-2,1,-1,1,2,2,3,12,14
2020-01-22,E0,Manchester Utd,Burnley,0,0,2,24,5,7,2,1109.16299498282,896.322912680087,2,0,0,2,9,0,0,2,9,3,17,9,30,23,-2,2,19,-19,5,-5,2,0,2,7,5,24
2020-01-23,E0,Wolves,Liverpool,0,1,2,10,13,3,6,1076.21192494698,1495.07324727974,0,5,0,0,2,17,1,0,7,15,15,30,31,58,-1,1,-3,3,-3,3,2,1,6,3,13,10
2020-01-29,E0,West Ham,Liverpool,0,0,2,7,13,4,5,903.860478191105,1500.34209020101,0,6,0,0,2,18,1,0,4,15,10,30,19,58,-2,2,-6,6,-1,1,2,0,5,4,13,7
2020-02-01,E0,Leicester,Chelsea,1,2,2,14,7,4,3,1157.83216064748,1043.40523759764,1,0,0,1,1,0,0,2,9,8,16,14,40,35,0,0,7,-7,1,-1,2,2,3,4,7,14
2020-02-01,E0,Bournemouth,Aston Villa,2,2,1,16,18,6,5,807.223293718286,908.855176313054,1,0,0,0,1,2,0,1,3,7,7,10,19,22,1,-1,-2,2,1,-1,1,2,5,6,18,16
2020-02-01,E0,Crystal Palace,Sheffield United,0,0,1,13,10,3,3,966.161206220213,1026.88163228728,0,0,1,0,0,1,2,3,4,4,12,14,23,28,-1,1,3,-3,0,0,1,0,3,3,10,13
2020-02-01,E0,Liverpool,Southampton,2,4,0,16,17,9,4,1503.0841555082,1056.47375091497,14,4,0,0,16,4,0,0,15,10,30,19,58,27,4,-4,-1,1,5,-5,0,4,4,9,17,16
2020-02-01,E0,Newcastle,Norwich,1,0,0,15,19,5,4,994.097600032314,748.736108922841,1,0,0,3,1,0,0,5,5,5,14,6,26,14,0,0,-4,4,1,-1,0,0,4,5,19,15
2020-02-01,E0,Watford,Everton,0,2,3,11,12,2,5,924.375108692477,1023.03370586606,0,0,0,0,5,1,1,2,10,8,15,16,22,23,-1,1,-1,1,-3,3,3,2,5,2,12,11
2020-02-01,E0,West Ham,Brighton,1,3,3,12,19,6,6,901.118412883922,896.350300056454,0,0,1,3,0,0,2,4,4,5,7,10,16,21,0,0,-7,7,0,0,3,3,6,6,19,12
2020-02-01,E0,Manchester Utd,Wolves,1,0,0,15,14,5,3,1041.36101118285,1070.94308202571,0,1,1,0,0,1,1,0,6,4,16,14,29,31,0,0,1,-1,2,-2,0,0,3,5,14,15
2020-02-02,E0,Burnley,Arsenal,1,0,0,15,13,2,2,964.12489648005,1060.4885446217,1,0,0,0,1,6,0,4,6,6,12,11,26,23,0,0,2,-2,0,0,0,0,2,2,13,15
2020-02-02,E0,Tottenham,Manchester City,2,2,0,3,18,3,5,1042.71889310365,1310.13641233358,1,2,0,0,1,2,0,0,5,13,14,22,29,41,2,-2,-15,15,-2,2,0,2,5,3,18,3
2020-02-08,E0,Everton,Crystal Palace,2,3,1,14,10,8,2,1046.18352120666,939.697512236363,0,0,0,0,5,3,1,5,8,3,19,9,26,23,2,-2,4,-4,6,-6,1,3,2,8,10,14
2020-02-08,E0,Brighton,Watford,1,1,1,10,5,2,2,896.569865982583,901.225293351872,0,0,0,1,3,0,2,1,3,7,8,15,21,21,0,0,5,-5,0,0,1,1,2,2,5,10
2020-02-09,E0,Sheffield United,Bournemouth,2,2,1,16,10,6,2,1053.34532627113,848.325778012658,0,0,1,3,0,0,1,3,7,6,17,10,31,19,1,-1,6,-6,4,-4,1,2,2,6,10,16
2020-02-14,E0,Wolves,Leicester,1,0,0,15,9,3,3,1069.58405981367,1152.74521587406,0,0,1,1,0,0,2,1,5,7,12,14,32,41,0,0,6,-6,0,0,0,0,3,3,9,15
2020-02-15,E0,Southampton,Burnley,0,1,2,10,9,2,6,1047.30980090411,968.452209241978,0,1,1,0,0,1,1,0,9,7,16,13,24,26,-1,1,1,-1,-4,4,2,1,6,2,9,10
2020-02-15,E0,Norwich,Liverpool,0,0,1,5,17,1,6,758.468795631736,1512.24810551906,1,7,0,0,3,19,0,0,5,15,7,30,12,58,-1,1,-12,12,-5,5,1,0,6,1,17,5
2020-02-16,E0,Aston Villa,Tottenham,0,2,3,18,23,4,10,867.752692018682,1114.94137555049,1,0,0,0,1,1,0,3,7,7,10,17,21,29,-1,1,-5,5,-6,6,3,2,10,4,23,18
2020-02-16,E0,Arsenal,Newcastle,2,4,0,15,10,7,2,1056.16123185978,984.36491332342,0,0,0,0,2,2,1,4,7,6,12,12,23,27,4,-4,5,-5,5,-5,0,4,2,7,10,15
2020-02-17,E0,Chelsea,Manchester Utd,0,0,2,17,9,1,3,1048.49218237106,1042.72003339489,0,0,0,2,2,0,1,2,6,4,12,14,33,27,-2,2,8,-8,-2,2,2,0,3,1,9,17
2020-02-19,E0,Manchester City,West Ham,2,2,0,20,3,7,0,1237.91392988674,900.898846957793,0,0,0,3,4,0,1,3,10,2,19,8,41,16,2,-2,17,-17,7,-7,0,2,0,7,3,20
2020-02-22,E0,Chelsea,Tottenham,2,2,1,17,5,7,3,1003.90599931908,1127.37032149415,0,1,1,0,0,2,2,0,5,10,12,17,33,32,1,-1,12,-12,4,-4,1,2,3,7,5,17
2020-02-22,E0,Burnley,Bournemouth,2,3,0,16,12,10,4,1007.59305928693,833.284593700875,0,0,0,4,2,0,1,4,10,6,16,10,26,16,3,-3,4,-4,6,-6,0,3,4,10,12,16
2020-02-22,E0,Crystal Palace,Newcastle,2,1,0,18,8,9,2,908.87621199966,933.004735763539,0,0,2,1,0,0,3,5,2,6,8,9,22,26,1,-1,10,-10,7,-7,0,1,2,9,8,18
2020-02-22,E0,Sheffield United,Brighton,1,1,1,14,8,3,2,1068.38651058291,896.784243505923,1,0,0,0,1,1,0,5,10,3,17,8,31,21,0,0,6,-6,1,-1,1,1,2,3,8,14
2020-02-22,E0,Southampton,Aston Villa,2,2,0,28,4,9,1,1008.16895085916,855.323746075026,0,0,2,1,0,0,2,2,6,4,16,10,24,21,2,-2,24,-24,8,-8,0,2,1,9,4,28
2020-02-22,E0,Leicester,Manchester City,0,0,1,10,18,3,7,1148.98700207433,1248.93501899747,0,0,0,1,2,0,1,1,5,10,12,22,39,41,-1,1,-8,8,-4,4,1,0,7,3,18,10
2020-02-23,E0,Manchester Utd,Watford,2,3,0,21,7,9,2,1087.30621644687,901.010915828533,0,0,0,0,1,1,2,2,7,5,14,15,30,22,3,-3,14,-14,7,-7,0,3,2,9,7,21
2020-02-23,E0,Wolves,Norwich,2,3,0,19,6,6,4,1073.3422736134,757.644464739416,0,0,0,0,1,1,3,6,6,4,12,7,32,12,3,-3,13,-13,2,-2,0,3,4,6,6,19
2020-02-23,E0,Arsenal,Everton,2,3,2,9,17,4,5,1107.52140941966,1077.00482144336,1,1,0,0,3,2,0,0,7,11,12,19,23,29,1,-1,-8,8,-1,1,2,3,5,4,17,9
2020-02-24,E0,Liverpool,West Ham,2,3,2,25,7,7,4,1513.07243641138,889.877757847062,15,0,0,4,17,0,0,4,15,2,30,8,58,13,1,-1,18,-18,3,-3,2,3,4,7,7,25
2020-02-28,E0,Norwich,Leicester,2,1,0,11,19,6,4,742.40202825083,1125.94674977209,0,0,1,0,0,1,1,2,4,5,6,11,12,36,1,-1,-8,8,2,-2,0,1,4,6,19,11
2020-02-29,E0,Brighton,Crystal Palace,0,0,1,24,12,8,3,904.101284238906,943.094965331409,0,0,0,1,4,0,3,6,4,4,8,10,22,22,-1,1,12,-12,5,-5,1,0,3,8,12,24
2020-02-29,E0,Bournemouth,Chelsea,1,2,2,9,23,5,6,804.025837689733,1046.82182275611,2,0,0,0,2,1,0,3,6,5,7,15,15,33,0,0,-14,14,-1,1,2,2,6,5,23,9
2020-02-29,E0,Newcastle,Burnley,1,0,0,21,8,4,1,898.785982431789,1036.85181529807,0,2,0,0,2,2,1,0,5,13,9,16,26,28,0,0,13,-13,3,-3,0,0,1,4,8,21
2020-02-29,E0,West Ham,Southampton,2,3,1,14,10,7,2,888.154542763944,1033.88787688965,0,0,0,1,1,0,3,1,1,6,5,19,12,27,2,-2,4,-4,5,-5,1,3,2,7,10,14
2020-02-29,E0,Watford,Liverpool,2,3,0,14,7,5,1,873.205629955908,1514.7956514945,0,8,1,0,0,20,2,0,2,15,15,30,22,58,3,-3,7,-7,4,-4,0,3,1,5,7,14
2020-03-01,E0,Everton,Manchester Utd,1,1,1,16,14,5,5,1047.80829737431,1115.11150231949,1,1,0,0,6,1,0,0,8,7,18,16,29,32,0,0,2,-2,0,0,1,1,5,5,14,16
2020-03-01,E0,Tottenham,Wolves,0,2,3,13,14,5,4,1084.45449805712,1088.58471010199,2,0,0,0,2,2,0,1,10,8,14,15,29,32,-1,1,-1,1,1,-1,3,2,4,5,14,13
2020-03-07,E0,Liverpool,Bournemouth,2,2,1,14,6,6,4,1408.38111956735,813.683760405703,16,0,0,5,18,0,0,5,12,7,27,8,55,16,1,-1,8,-8,2,-2,1,2,4,6,6,14
2020-03-07,E0,Arsenal,West Ham,2,1,0,9,14,2,6,1136.71793348871,949.40041561808,2,0,0,5,4,0,0,5,9,4,15,8,25,15,1,-1,-5,5,-4,4,0,1,6,2,14,9
2020-03-07,E0,Crystal Palace,Watford,2,1,0,10,10,3,4,971.518518541871,979.62016188306,1,0,0,1,1,0,0,3,6,4,13,15,22,24,1,-1,0,0,-1,1,0,1,4,3,10,10
2020-03-07,E0,Sheffield United,Norwich,2,1,0,10,12,4,5,1061.06946984993,800.063033321609,0,0,0,1,2,0,1,7,8,4,15,9,32,15,1,-1,-2,2,-1,1,0,1,5,4,12,10
2020-03-07,E0,Southampton,Newcastle,0,0,1,6,14,3,7,972.642004035516,904.829336012419,1,0,0,2,1,0,0,6,6,3,16,7,27,24,-1,1,-8,8,-4,4,1,0,7,3,14,6
2020-03-07,E0,Wolves,Brighton,1,0,0,11,7,1,1,1120.20432143293,875.677731028445,1,0,0,0,2,2,0,6,8,3,15,8,32,19,0,0,4,-4,0,0,0,0,1,1,7,11
2020-03-07,E0,Burnley,Tottenham,1,1,1,21,13,8,2,1030.80846171744,1052.83488672617,1,0,0,1,3,0,0,1,11,9,14,14,26,29,0,0,8,-8,6,-6,1,1,2,8,13,21
2020-03-08,E0,Chelsea,Everton,2,4,0,17,3,11,1,1037.16390004014,1050.86952885644,1,0,0,1,1,0,0,1,6,8,13,18,31,30,4,-4,14,-14,10,-10,0,4,1,11,3,17
2020-03-08,E0,Manchester Utd,Manchester City,2,2,0,12,7,6,2,1112.05027083737,1271.97527129971,1,1,0,0,2,1,0,0,8,10,17,22,33,41,2,-2,5,-5,4,-4,0,2,2,6,7,12
2020-03-09,E0,Leicester,Aston Villa,2,4,0,15,4,7,1,1068.28574470131,829.604820044531,0,0,1,2,0,0,2,3,5,4,11,10,36,20,4,-4,11,-11,6,-6,0,4,1,7,4,15
2020-06-17,E0,Aston Villa,Sheffield United,1,0,0,14,5,6,1,803.548068141951,1072.72110834196,0,1,1,0,0,2,1,0,3,10,10,15,17,34,0,0,9,-9,5,-5,0,0,1,6,5,14
2020-06-17,E0,Manchester City,Arsenal,2,3,0,20,3,12,0,1209.24442085676,1152.96308250682,1,0,0,0,5,7,0,5,9,11,19,17,41,25,3,-3,17,-17,12,-12,0,3,0,12,3,20
2020-06-19,E0,Norwich,Southampton,0,0,3,9,22,1,9,788.411394829575,934.474348173221,1,0,0,2,1,0,0,2,4,3,9,13,14,26,-3,3,-13,13,-8,8,3,0,9,1,22,9
2020-06-19,E0,Tottenham,Manchester Utd,1,1,1,10,12,3,6,1051.82188915117,1174.78112128032,0,0,1,0,0,2,1,1,7,11,12,17,29,35,0,0,-2,2,-3,3,1,1,6,3,12,10
2020-06-20,E0,Watford,Leicester,1,1,1,8,15,4,2,946.874108172441,1094.34249660389,1,0,0,1,1,0,0,3,4,5,14,14,23,36,0,0,-7,7,2,-2,1,1,2,4,15,8
2020-06-20,E0,Brighton,Arsenal,2,2,1,9,13,5,6,885.386160488594,1107.18863444147,0,0,1,1,0,0,4,6,4,10,9,16,20,25,1,-1,-4,4,-1,1,1,2,6,5,13,9
2020-06-20,E0,West Ham,Wolves,0,0,2,7,10,2,6,933.155266599972,1110.49589197278,1,1,0,0,2,3,0,0,4,9,8,13,15,32,-2,2,-3,3,-4,4,2,0,6,2,10,7
2020-06-20,E0,Bournemouth,Crystal Palace,0,0,2,12,7,1,2,811.663053973029,1004.26457225249,0,1,0,0,3,1,1,0,4,9,7,13,15,25,-2,2,5,-5,-1,1,2,0,2,1,7,12
2020-06-21,E0,Newcastle,Sheffield United,2,3,0,12,7,8,1,942.996991874714,1062.32625151272,0,0,0,0,3,3,2,1,5,11,10,15,27,32,3,-3,5,-5,7,-7,0,3,1,8,7,12
2020-06-21,E0,Aston Villa,Chelsea,0,1,2,8,19,4,5,813.942924971195,1104.21002081758,0,0,0,0,1,2,2,4,1,8,8,16,15,31,-1,1,-11,11,-1,1,2,1,5,4,19,8
2020-06-21,E0,Everton,Liverpool,1,0,0,9,10,3,3,983.823408079004,1410.40182600002,0,0,0,1,7,0,1,1,7,12,15,27,27,57,0,0,-1,1,0,0,0,0,3,3,10,9
2020-06-22,E0,Manchester City,Burnley,2,5,0,19,1,7,0,1255.01886892211,1031.82145929244,2,0,0,0,6,3,0,1,9,9,22,15,41,27,5,-5,18,-18,7,-7,0,5,0,7,1,19
2020-06-23,E0,Leicester,Brighton,1,0,0,11,10,2,2,1087.93175864418,935.428027809064,1,0,0,0,1,3,0,7,5,6,12,9,34,20,0,0,1,-1,0,0,0,0,2,2,10,11
2020-06-23,E0,Tottenham,West Ham,2,2,0,15,10,4,2,1057.2592370518,909.922925973247,0,0,0,6,1,0,2,6,5,3,12,5,30,14,2,-2,5,-5,2,-2,0,2,2,4,10,15
2020-06-24,E0,Manchester Utd,Sheffield United,2,3,0,15,4,6,1,1169.34377337969,989.768673263234,2,0,0,1,3,0,0,2,11,8,15,15,33,31,3,-3,11,-11,5,-5,0,3,1,6,4,15
2020-06-24,E0,Newcastle,Aston Villa,1,1,1,13,14,3,2,1015.5545701242,803.81155468044,1,0,0,3,4,0,0,4,7,1,13,8,29,15,0,0,-1,1,1,-1,1,1,2,3,14,13
2020-06-24,E0,Norwich,Everton,0,0,1,9,12,1,5,755.543559039618,997.294408088194,0,0,1,2,0,0,1,2,3,5,8,13,14,28,-1,1,-3,3,-4,4,1,0,5,1,12,9
2020-06-24,E0,Wolves,Bournemouth,2,1,0,10,4,2,0,1133.72823259951,789.89979147856,0,0,0,6,3,0,1,6,11,1,16,7,34,14,1,-1,6,-6,2,-2,0,1,0,2,4,10
2020-06-24,E0,Liverpool,Crystal Palace,2,4,0,21,3,7,0,1396.93082599083,1026.02783474696,17,2,0,0,19,2,0,0,10,12,25,15,55,27,4,-4,18,-18,7,-7,0,4,0,7,3,21
2020-06-25,E0,Burnley,Watford,2,1,0,9,10,5,4,999.753121279664,953.284846132148,0,0,0,2,4,0,1,4,8,5,15,12,27,23,1,-1,-1,1,1,-1,0,1,4,5,10,9
2020-06-25,E0,Southampton,Arsenal,0,0,2,12,10,3,5,967.342183963177,1057.146767121,0,0,1,2,0,0,1,7,6,9,15,16,29,24,-2,2,2,-2,-2,2,2,0,5,3,10,12
2020-06-25,E0,Chelsea,Manchester City,2,2,1,15,11,10,2,1114.34139110833,1287.08720693489,2,0,0,1,2,0,0,1,10,12,16,22,31,41,1,-1,4,-4,8,-8,1,2,2,10,11,15
2020-06-27,E0,Aston Villa,Wolves,0,0,1,11,9,1,2,812.511339893993,1141.49785475271,0,2,1,0,0,4,3,0,2,13,6,19,16,36,-1,1,2,-2,-1,1,1,0,2,1,9,11
2020-06-28,E0,Watford,Southampton,0,1,3,8,11,0,7,925.539394029962,934.574918517371,0,1,0,0,2,1,1,0,4,6,9,12,23,29,-2,2,-3,3,-7,7,3,1,7,0,11,8
2020-06-29,E0,Crystal Palace,Burnley,0,0,1,17,8,4,4,1012.38768138182,1027.49857338185,2,0,0,1,2,0,0,2,12,8,14,18,27,30,-1,1,9,-9,0,0,1,0,4,4,8,17
2020-06-30,E0,Brighton,Manchester Utd,0,0,3,8,12,2,6,942.032288168067,1197.95803350241,1,0,0,0,1,3,0,2,6,11,9,18,18,36,-3,3,-4,4,-4,4,3,0,6,2,12,8
2020-07-01,E0,Arsenal,Norwich,2,4,0,13,8,8,2,1089.9140325668,742.798106015196,3,0,0,2,5,0,0,8,9,3,16,7,26,14,4,-4,5,-5,6,-6,0,4,2,8,8,13
2020-07-01,E0,Bournemouth,Newcastle,0,1,4,12,12,1,7,782.130169325356,1006.85478491065,0,1,1,0,0,1,2,0,1,8,7,14,11,27,-3,3,0,0,-6,6,4,1,7,1,12,12
2020-07-01,E0,Everton,Leicester,2,2,1,7,15,2,3,1010.03986111262,1081.32749828518,0,0,0,0,8,1,2,4,5,5,16,10,30,32,1,-1,-8,8,-1,1,1,2,3,2,15,7
2020-07-01,E0,West Ham,Chelsea,2,3,2,10,17,4,6,883.62379097137,1161.05864451134,0,1,1,0,0,3,1,0,3,13,5,18,14,31,1,-1,-7,7,-2,2,2,3,6,4,17,10
2020-07-02,E0,Sheffield United,Tottenham,2,3,1,7,9,5,2,961.154413140518,1083.55837205367,1,0,0,0,3,1,0,2,5,5,15,15,28,32,2,-2,-2,2,3,-3,1,3,2,5,9,7
2020-07-02,E0,Manchester City,Liverpool,2,4,0,14,11,6,3,1240.36995353188,1410.57097935597,3,0,0,0,7,1,0,2,9,10,19,25,38,55,4,-4,3,-3,3,-3,0,4,3,6,11,14
2020-07-04,E0,Norwich,Brighton,0,0,1,12,8,1,2,727.39528921399,921.697170771503,0,0,2,0,0,4,2,8,3,5,7,9,14,18,-1,1,4,-4,-1,1,1,0,2,1,8,12
2020-07-04,E0,Leicester,Crystal Palace,2,3,0,15,7,4,1,1042.85227868451,981.778569073143,0,0,0,1,2,0,1,1,5,9,10,13,29,27,3,-3,8,-8,3,-3,0,3,1,4,7,15
2020-07-04,E0,Manchester Utd,Bournemouth,2,5,2,19,7,10,3,1218.29315089897,758.655309228194,3,0,0,7,4,0,0,7,11,1,18,7,36,11,3,-3,12,-12,7,-7,2,5,3,10,7,19
2020-07-04,E0,Wolves,Arsenal,0,0,2,10,8,1,5,1149.86982022242,1105.31684936801,1,1,0,0,4,1,0,0,13,9,21,18,36,29,-2,2,2,-2,-4,4,2,0,5,1,8,10
2020-07-04,E0,Chelsea,Watford,2,3,0,21,7,9,3,1107.8359403141,882.8220946261,3,0,0,3,3,0,0,5,10,4,15,6,28,20,3,-3,14,-14,6,-6,0,3,3,9,7,21
2020-07-05,E0,Burnley,Sheffield United,1,1,1,9,10,4,3,1058.10768569053,1019.85431943341,1,0,0,2,5,0,0,3,8,7,21,15,30,30,0,0,-1,1,1,-1,1,1,3,4,10,9
2020-07-05,E0,Newcastle,West Ham,1,2,2,11,17,4,7,1030.32964500781,936.846495168603,0,0,0,7,5,0,1,7,11,6,16,7,27,17,0,0,-6,6,-3,3,2,2,7,4,17,11
2020-07-05,E0,Liverpool,Aston Villa,2,2,0,6,9,4,3,1316.77600809148,804.139374424287,18,0,0,0,20,1,0,5,7,2,22,6,52,16,2,-2,-3,3,1,-1,0,2,3,4,9,6
2020-07-05,E0,Southampton,Manchester City,2,1,0,8,26,4,6,977.292217921232,1334.16492479637,0,0,2,2,0,0,2,2,6,9,12,19,32,41,1,-1,-18,18,-2,2,0,1,6,4,26,8
2020-07-06,E0,Tottenham,Everton,2,1,0,12,11,2,3,1024.85846576079,1048.51508071328,1,1,0,0,2,1,0,0,5,8,15,16,31,30,1,-1,1,-1,-1,1,0,1,3,2,11,12
2020-07-07,E0,Crystal Palace,Chelsea,0,2,3,13,14,4,6,936.735241772123,1131.28014320303,0,0,1,1,0,0,1,1,6,12,12,18,27,31,-1,1,-1,1,-2,2,3,2,6,4,14,13
2020-07-07,E0,Watford,Norwich,2,2,1,9,12,4,3,859.377891737177,711.6326527612,0,0,1,3,0,0,2,9,1,0,5,4,20,11,1,-1,-3,3,1,-1,1,2,3,4,12,9
2020-07-07,E0,Arsenal,Leicester,1,1,1,11,13,7,5,1154.76786902888,1087.89560598553,4,0,0,1,6,0,0,5,9,8,20,13,31,29,0,0,-2,2,2,-2,1,1,5,7,13,11
2020-07-08,E0,Manchester City,Newcastle,2,5,0,23,6,9,1,1277.43635837715,1026.1255544848,4,2,0,0,8,2,0,0,9,11,18,14,38,28,5,-5,17,-17,8,-8,0,5,1,9,6,23
2020-07-08,E0,Sheffield United,Wolves,2,1,0,7,6,3,1,1021.6088679604,1100.41880056155,2,3,0,0,4,5,0,0,5,10,15,18,30,33,1,-1,1,-1,2,-2,0,1,1,3,6,7
2020-07-08,E0,West Ham,Burnley,0,0,1,21,8,5,4,941.050585691611,1056.35313716353,1,1,0,0,1,1,0,0,4,8,8,19,18,28,-1,1,13,-13,1,-1,1,0,4,5,8,21
2020-07-08,E0,Brighton,Liverpool,0,1,3,12,19,2,8,937.459807224292,1321.13462317187,0,0,1,1,0,0,1,3,8,10,11,22,21,52,-2,2,-7,7,-6,6,3,1,8,2,19,12
2020-07-09,E0,Bournemouth,Tottenham,1,0,0,9,9,2,0,751.430647616183,1059.0339595919,0,0,2,1,0,0,3,3,0,8,7,17,11,31,0,0,0,0,2,-2,0,0,0,2,9,9
2020-07-09,E0,Everton,Southampton,1,1,1,11,17,4,4,1014.33958688217,1034.02078434045,1,2,0,0,9,2,0,0,7,9,15,15,30,34,0,0,-6,6,0,0,1,1,4,4,17,11
2020-07-09,E0,Aston Villa,Manchester Utd,0,0,3,9,14,1,6,799.780759343896,1225.51781251098,0,1,2,0,0,4,4,0,2,13,5,21,13,38,-3,3,-5,5,-5,5,3,0,6,1,14,9
2020-07-11,E0,Norwich,West Ham,0,0,4,11,19,2,7,692.475527199462,919.296913298103,0,0,3,0,0,1,3,8,0,4,4,8,10,15,-4,4,-8,8,-5,5,4,0,7,2,19,11
2020-07-11,E0,Watford,Newcastle,2,2,1,17,8,5,4,878.535017298915,997.935913163599,1,0,0,1,1,0,0,1,4,8,8,13,23,27,1,-1,9,-9,1,-1,1,2,4,5,8,17
2020-07-11,E0,Liverpool,Burnley,1,1,1,23,6,9,2,1329.81667618796,1078.10680955704,19,2,0,0,21,2,0,0,10,10,22,19,52,31,0,0,17,-17,7,-7,1,1,2,9,6,23
2020-07-11,E0,Sheffield United,Chelsea,2,3,0,9,15,4,4,1060.7455469013,1147.02616559669,3,1,0,0,5,1,0,0,7,12,18,20,32,34,3,-3,-6,6,0,0,0,3,4,4,15,9
2020-07-11,E0,Brighton,Manchester City,0,0,5,3,26,0,8,928.777754208202,1305.62599969835,0,0,2,3,0,0,2,3,7,9,11,18,21,40,-5,5,-23,23,-8,8,5,0,8,0,26,3
2020-07-12,E0,Wolves,Everton,2,3,0,14,6,7,2,1061.28212162065,1015.24497130141,0,0,1,1,0,0,1,1,9,8,18,15,32,31,3,-3,8,-8,5,-5,0,3,2,7,6,14
2020-07-12,E0,Aston Villa,Crystal Palace,2,2,0,12,9,9,5,791.122833717833,920.989219378461,0,0,3,2,0,0,5,2,1,3,2,12,12,24,2,-2,3,-3,4,-4,0,2,5,9,9,12
2020-07-12,E0,Tottenham,Arsenal,2,2,1,15,13,9,4,1047.68850130062,1151.72576121472,2,2,0,0,3,2,0,0,8,10,15,20,29,31,1,-1,2,-2,5,-5,1,2,4,9,13,15
2020-07-12,E0,Bournemouth,Leicester,2,4,1,10,13,4,5,762.776105907454,1090.93771379969,0,0,0,0,1,1,4,6,1,6,5,11,12,27,3,-3,-3,3,-1,1,1,4,5,4,13,10
2020-07-13,E0,Manchester Utd,Southampton,1,2,2,8,9,4,5,1234.17573813705,1033.11539992122,4,0,0,0,5,3,0,1,13,10,24,13,40,32,0,0,-1,1,-1,1,2,2,5,4,9,8
2020-07-14,E0,Chelsea,Norwich,2,1,0,22,2,6,0,1079.22411891122,664.970297557143,4,0,0,4,4,0,0,10,9,0,19,3,31,10,1,-1,20,-20,6,-6,0,1,0,6,2,22
2020-07-15,E0,Burnley,Wolves,1,1,1,9,14,1,5,1088.02162841259,1108.62997079138,0,0,0,1,6,0,1,1,11,9,19,20,32,32,0,0,-5,5,-4,4,1,1,5,1,14,9
2020-07-15,E0,Manchester City,Bournemouth,2,2,1,8,15,4,3,1320.79834158897,857.513538472758,5,0,0,8,9,0,0,8,9,4,21,5,40,15,1,-1,-7,7,1,-1,1,2,3,4,15,8
2020-07-15,E0,Newcastle,Tottenham,0,1,3,22,8,6,5,955.352105283535,1088.99419977951,0,0,0,0,6,1,2,4,5,10,12,15,24,32,-2,2,14,-14,1,-1,3,1,5,6,8,22
2020-07-15,E0,Arsenal,Liverpool,2,2,1,3,24,2,8,1110.42006273583,1319.90185733242,0,1,0,0,7,1,1,0,10,10,19,20,31,50,1,-1,-21,21,-6,6,1,2,8,2,24,3
2020-07-16,E0,Everton,Aston Villa,1,1,1,9,15,1,1,967.897122130672,850.650708848139,0,0,0,1,10,0,1,6,7,4,12,5,31,15,0,0,-6,6,0,0,1,1,1,1,15,9
2020-07-16,E0,Leicester,Sheffield United,2,2,0,15,5,7,1,996.200281234391,1128.54759358677,1,0,0,0,3,1,0,4,5,10,10,18,24,35,2,-2,10,-10,6,-6,0,2,1,7,5,15
2020-07-16,E0,Crystal Palace,Manchester Utd,0,0,2,13,17,5,5,861.461344248155,1225.82824069367,0,2,2,0,0,5,2,0,0,13,12,24,21,38,-2,2,-4,4,0,0,2,0,5,5,17,13
2020-07-16,E0,Southampton,Brighton,1,1,1,21,10,6,2,1041.46289736459,913.60541231758,1,1,0,0,1,5,0,0,8,4,14,10,30,18,0,0,11,-11,4,-4,1,1,2,6,10,21
2020-07-17,E0,West Ham,Watford,2,3,1,10,14,4,3,946.802142940422,921.118825178979,0,0,1,4,0,0,1,6,7,6,10,11,18,26,2,-2,-4,4,1,-1,1,3,3,4,14,10
2020-07-18,E0,Norwich,Burnley,0,0,2,6,23,2,8,659.571785338184,1088.96956619057,0,0,4,0,0,3,4,1,0,9,3,17,10,33,-2,2,-17,17,-6,6,2,0,8,2,23,6
2020-07-19,E0,Bournemouth,Southampton,0,0,2,11,16,3,8,853.356347609068,1035.82699184902,1,0,0,0,2,4,0,2,4,9,5,15,15,31,-2,2,-5,5,-5,5,2,0,8,3,16,11
2020-07-19,E0,Tottenham,Leicester,2,3,0,7,24,3,6,1116.76741431887,1056.00064939526,3,0,0,1,4,0,0,7,10,7,15,12,32,24,3,-3,-17,17,-3,3,0,3,6,3,24,7
2020-07-20,E0,Brighton,Newcastle,1,0,0,11,12,3,1,919.241317833155,927.578890744179,0,0,3,2,0,0,3,2,4,4,10,12,18,21,0,0,-1,1,2,-2,0,0,1,3,12,11
2020-07-20,E0,Sheffield United,Everton,0,0,1,8,5,0,2,1068.7472254259,962.693762677898,4,0,0,2,6,0,0,2,10,5,15,10,32,29,-1,1,3,-3,-2,2,1,0,2,0,5,8
2020-07-20,E0,Wolves,Crystal Palace,2,2,0,11,7,5,3,1107.6820330134,851.870252756572,1,0,0,3,1,0,0,3,7,0,20,12,32,20,2,-2,4,-4,2,-2,0,2,3,5,7,11
2020-07-21,E0,Watford,Manchester City,0,0,4,2,26,0,10,880.497380684013,1324.95553245266,2,1,0,0,2,1,0,0,6,12,10,21,25,43,-4,4,-24,24,-10,10,4,0,10,0,26,2
2020-07-21,E0,Aston Villa,Arsenal,2,1,0,8,7,3,0,855.854068300913,1159.67242192393,1,0,0,1,1,0,0,1,4,10,6,19,16,31,1,-1,1,-1,3,-3,0,1,0,3,7,8
2020-07-22,E0,Manchester Utd,West Ham,1,1,1,11,12,4,3,1235.41933218525,987.423587435387,0,1,0,0,6,2,1,0,13,10,24,13,38,21,0,0,-1,1,1,-1,1,1,3,4,12,11
2020-07-22,E0,Liverpool,Chelsea,2,5,3,10,10,7,5,1270.64949814433,1084.62263113018,0,0,0,1,22,0,1,1,7,9,17,22,47,34,2,-2,0,0,2,-2,3,5,5,7,10,10
2020-07-26,E0,Arsenal,Watford,2,3,2,13,19,5,6,1105.15617179967,871.227398014392,1,0,0,5,8,0,0,7,7,6,16,10,31,25,1,-1,-6,6,-1,1,2,3,6,5,19,13
2020-07-26,E0,Burnley,Brighton,0,1,2,13,14,2,4,1095.79890059518,919.625203567433,0,0,0,0,7,6,2,1,9,5,17,10,33,18,-1,1,-1,1,-2,2,2,1,4,2,14,13
2020-07-26,E0,Chelsea,Wolves,2,2,0,11,5,3,1,1062.23417739609,1124.04549908144,5,0,0,0,5,1,0,2,9,7,19,20,34,35,2,-2,6,-6,2,-2,0,2,1,3,5,11
2020-07-26,E0,Crystal Palace,Tottenham,1,1,1,13,7,2,2,835.506786688532,1161.85746663771,0,1,3,0,0,2,3,0,0,13,9,18,19,32,0,0,6,-6,0,0,1,1,2,2,7,13
2020-07-26,E0,Everton,Bournemouth,0,1,3,13,13,5,7,1004.16916809133,830.62484873944,0,0,0,9,11,0,2,9,5,4,13,5,31,12,-2,2,0,0,-2,2,3,1,7,5,13,13
2020-07-26,E0,Leicester,Manchester Utd,0,0,2,14,7,3,3,1010.91059707642,1225.61057376805,2,3,0,0,4,6,0,0,7,11,12,22,23,38,-2,2,7,-7,0,0,2,0,3,3,7,14
2020-07-26,E0,Manchester City,Norwich,2,5,0,31,5,10,4,1334.22551512228,652.742450933571,6,0,0,5,10,0,0,11,12,0,21,3,43,9,5,-5,26,-26,6,-6,0,5,4,10,5,31
2020-07-26,E0,Newcastle,Liverpool,0,1,3,3,14,2,6,927.195005009901,1293.03795187841,0,0,1,1,0,0,3,1,2,10,13,17,22,47,-2,2,-11,11,-4,4,3,1,6,2,14,3
2020-07-26,E0,Southampton,Sheffield United,2,3,1,13,5,4,3,1058.55849071865,1027.27182001246,0,0,0,1,2,0,1,5,9,7,15,14,34,29,2,-2,8,-8,1,-1,1,3,3,4,5,13
2020-07-26,E0,West Ham,Aston Villa,1,1,1,10,13,1,4,997.232345852592,910.370318425172,1,0,0,0,1,1,0,7,8,7,14,9,19,19,0,0,-3,3,-3,3,1,1,4,1,13,10
2018-08-10,E0,Manchester Utd,Leicester,2,2,1,8,13,6,4,1245.35950921528,991.161661629193,0,0,0,2,7,0,2,8,11,4,24,12,41,23,1,-1,-5,5,2,-2,1,2,4,6,13,8
2018-08-11,E0,Bournemouth,Cardiff,2,2,0,12,10,4,1,894.732598957021,1000,0,0,1,0,0,0,1,0,7,0,7,0,15,0,2,-2,2,-2,3,-3,0,2,1,4,10,12
2018-08-11,E0,Fulham,Crystal Palace,0,0,2,15,10,6,9,809.720136493455,847.265288187913,0,0,6,4,0,0,6,4,1,1,2,7,16,20,-2,2,5,-5,-3,3,2,0,9,6,10,15
2018-08-11,E0,Huddersfield,Chelsea,0,0,3,6,13,1,4,1000,1113.81309425776,0,0,0,2,0,0,0,2,0,9,0,21,0,34,-3,3,-7,7,-3,3,3,0,4,1,13,6
2018-08-11,E0,Newcastle,Tottenham,0,1,2,15,15,2,5,917.676255995276,1150.09896513833,0,0,2,0,0,3,4,1,1,11,12,19,19,33,-1,1,0,0,-3,3,2,1,5,2,15,15
2018-08-11,E0,Watford,Brighton,2,2,0,19,6,5,0,858.016107486204,966.590262684106,0,1,1,0,0,7,1,0,6,5,7,13,22,21,2,-2,13,-13,5,-5,0,2,0,5,6,19
2018-08-11,E0,Wolves,Everton,1,2,2,11,6,4,5,1072.46658221977,940.061417873752,2,1,0,0,2,1,0,0,7,5,17,12,32,30,0,0,5,-5,-1,1,2,2,5,4,6,11
2018-08-12,E0,Arsenal,Manchester City,0,0,2,9,17,3,8,1118.36746232785,1337.0959177667,2,2,0,0,9,2,0,0,7,15,16,24,33,43,-2,2,-8,8,-5,5,2,0,8,3,17,9
2018-08-12,E0,Liverpool,West Ham,2,4,0,18,5,8,2,1302.55670089304,993.31351171366,1,0,0,0,23,3,0,1,10,8,20,12,47,20,4,-4,13,-13,6,-6,0,4,2,8,5,18
2018-08-12,E0,Southampton,Burnley,1,0,0,18,16,3,6,1098.47735885224,1048.83384147851,1,1,0,0,3,4,0,0,9,8,18,16,34,30,0,0,2,-2,-3,3,0,0,6,3,16,18
2018-08-18,E0,Cardiff,Newcastle,1,0,0,12,12,1,6,943.246446637945,904.373840834371,0,0,0,0,0,1,0,3,0,1,0,9,0,19,0,0,0,0,-5,5,0,0,6,1,12,12
2018-08-18,E0,Chelsea,Arsenal,2,3,2,24,15,11,6,1151.09389170541,1098.97112534779,6,0,0,2,6,0,0,2,9,6,21,16,37,32,1,-1,9,-9,5,-5,2,3,6,11,15,24
2018-08-18,E0,Everton,Southampton,2,2,1,13,15,7,4,945.879914460939,1096.20662272233,0,1,1,0,0,5,3,0,5,9,13,19,28,32,1,-1,-2,2,3,-3,1,2,4,7,15,13
2018-08-18,E0,Leicester,Wolves,2,2,0,6,11,2,3,979.131830991523,1066.64808563259,0,0,1,1,0,0,1,3,3,8,9,17,23,30,2,-2,-5,5,-1,1,0,2,3,2,11,6
2018-08-18,E0,Tottenham,Fulham,2,3,1,25,10,11,3,1163.40138029923,770.58356922713,4,0,0,0,5,1,0,5,13,1,21,2,33,15,2,-2,15,-15,8,-8,1,3,3,11,10,25
2018-08-18,E0,West Ham,Bournemouth,0,1,2,11,12,5,5,974.699901601045,951.486152319076,0,1,0,0,2,1,1,0,8,9,12,10,20,17,-1,1,-1,1,0,0,2,1,5,5,12,11
2018-08-19,E0,Brighton,Manchester Utd,2,3,2,6,9,3,3,909.456455662948,1257.38933985295,0,4,0,0,1,7,4,0,5,11,12,24,21,41,1,-1,-3,3,0,0,2,3,3,3,9,6
2018-08-19,E0,Burnley,Watford,0,1,3,8,9,3,6,1051.10457760841,915.149914507362,0,0,1,6,0,0,3,8,6,6,16,10,31,24,-2,2,-1,1,-3,3,3,1,6,3,9,8
2018-08-19,E0,Manchester City,Huddersfield,2,6,1,32,5,14,1,1356.49225474676,962.71920255235,7,0,0,0,11,0,0,0,15,0,24,0,46,0,5,-5,27,-27,13,-13,1,6,1,14,5,32
2018-08-20,E0,Crystal Palace,Liverpool,0,0,2,8,16,2,6,886.401855454238,1321.17031100565,0,1,0,0,1,1,4,0,4,10,7,20,20,47,-2,2,-8,8,-4,4,2,0,6,2,16,8
2018-08-25,E0,Arsenal,West Ham,2,3,1,17,13,10,5,1071.7361154481,940.56501217965,0,0,1,1,0,0,1,2,6,5,16,12,32,17,2,-2,4,-4,5,-5,1,3,5,10,13,17
2018-08-25,E0,Bournemouth,Everton,1,2,2,17,11,5,3,985.62104174047,990.921657114146,1,0,0,0,1,2,0,1,9,8,13,15,20,28,0,0,6,-6,2,-2,2,2,3,5,11,17
2018-08-25,E0,Huddersfield,Cardiff,1,0,0,5,14,1,4,948.823054347148,941.46372953314,0,0,1,1,0,0,1,1,0,1,0,1,0,1,0,0,-9,9,-3,3,0,0,4,1,14,5
2018-08-25,E0,Liverpool,Brighton,2,1,0,22,6,8,2,1327.80747112521,965.846683736779,2,0,0,1,24,0,0,1,12,8,22,12,47,21,1,-1,16,-16,6,-6,0,1,2,8,6,22
2018-08-25,E0,Southampton,Leicester,0,1,2,11,8,5,5,1051.16488006912,1033.80896426899,0,0,0,3,4,0,1,9,8,6,16,11,31,23,-1,1,3,-3,0,0,2,1,5,5,8,11
2018-08-25,E0,Wolves,Manchester City,1,1,1,11,18,2,6,1011.97095235512,1370.38840295196,0,3,0,0,3,3,1,0,5,15,14,24,30,46,0,0,-7,7,-4,4,1,1,6,2,18,11
2018-08-26,E0,Fulham,Burnley,2,4,2,25,12,12,2,762.304634011043,990.910517199332,0,0,7,0,0,5,7,1,1,5,2,16,14,31,2,-2,13,-13,10,-10,2,4,2,12,12,25
2018-08-26,E0,Newcastle,Chelsea,0,1,2,6,15,2,3,906.156557939176,1178.3289016051,0,1,3,0,0,1,5,0,2,12,7,21,20,37,-1,1,-9,9,-1,1,2,1,3,2,15,6
2018-08-26,E0,Watford,Crystal Palace,2,2,1,13,9,5,3,975.343974916444,879.764695334677,1,1,0,0,1,1,0,0,6,4,12,4,24,19,1,-1,4,-4,2,-2,1,2,3,5,9,13
2018-08-27,E0,Manchester Utd,Tottenham,0,0,3,23,9,5,5,1200.99911177912,1171.68031551532,1,1,0,0,8,4,0,0,10,13,23,23,38,35,-3,3,14,-14,0,0,3,0,5,5,9,23
2018-09-01,E0,Brighton,Fulham,1,2,2,15,10,5,5,958.761902553436,831.468885187005,1,0,0,1,2,0,0,6,7,4,11,5,20,17,0,0,5,-5,0,0,2,2,5,5,10,15
2018-09-01,E0,Chelsea,Bournemouth,2,2,0,24,8,6,1,1189.38043474488,985.865125162198,7,2,0,0,7,2,0,0,12,10,21,14,39,21,2,-2,16,-16,5,-5,0,2,1,6,8,24
2018-09-01,E0,Crystal Palace,Southampton,0,0,2,20,19,6,6,856.352321410359,1017.5676695073,0,0,1,1,0,0,5,1,4,7,4,16,18,28,-2,2,1,-1,0,0,2,0,6,6,19,20
2018-09-01,E0,Everton,Huddersfield,1,1,1,11,9,1,6,990.677573692418,948.484195592031,1,0,0,1,1,0,0,1,8,1,13,1,29,1,0,0,2,-2,-5,5,1,1,6,1,9,11
2018-09-01,E0,Leicester,Liverpool,0,1,2,12,10,5,4,1067.4061748308,1334.89225230855,1,2,0,0,1,2,0,0,6,15,13,22,23,47,-1,1,2,-2,1,-1,2,1,4,5,10,12
2018-09-01,E0,Manchester City,Newcastle,2,2,1,24,3,8,2,1357.99556149425,895.105024799395,8,0,0,0,12,2,0,4,13,2,25,6,44,20,1,-1,21,-21,6,-6,1,2,2,8,3,24
2018-09-01,E0,West Ham,Wolves,0,0,1,13,15,3,6,912.521130019508,1024.36379381284,0,0,1,2,0,0,2,4,2,5,12,12,17,31,-1,1,-2,2,-3,3,1,0,6,3,15,13
2018-09-02,E0,Burnley,Manchester Utd,0,0,2,9,21,2,9,921.74626602337,1141.87669041546,0,0,2,1,0,0,4,1,4,7,13,20,31,38,-2,2,-12,12,-7,7,2,0,9,2,21,9
2018-09-02,E0,Cardiff,Arsenal,0,2,3,14,17,3,11,941.802588288259,1099.77999760824,0,0,0,3,1,0,1,3,2,6,2,16,2,32,-1,1,-3,3,-8,8,3,2,11,3,17,14
2018-09-02,E0,Watford,Tottenham,2,2,1,7,11,3,2,998.756348840762,1230.80273687898,2,2,0,0,2,5,0,0,9,13,15,23,24,38,1,-1,-4,4,1,-1,1,2,2,3,11,7
2018-09-15,E0,Bournemouth,Leicester,2,4,2,10,14,5,8,965.113555590263,1056.10581106851,0,1,0,0,2,1,1,0,10,6,14,13,21,23,2,-2,-4,4,-3,3,2,4,8,5,14,10
2018-09-15,E0,Chelsea,Cardiff,2,4,1,18,6,7,2,1210.13200431682,923.426622882922,8,0,0,0,8,1,0,2,15,2,24,2,39,2,3,-3,12,-12,5,-5,1,4,2,7,6,18
2018-09-15,E0,Huddersfield,Crystal Palace,0,0,1,15,7,2,2,950.417776161319,831.500443682867,0,0,0,1,1,0,2,1,2,4,2,4,2,17,-1,1,8,-8,0,0,1,0,2,2,7,15
2018-09-15,E0,Manchester City,Fulham,2,3,0,28,9,9,3,1362.16158328471,837.082008302905,9,0,0,0,13,1,0,7,13,4,25,6,44,17,3,-3,19,-19,6,-6,0,3,3,9,9,28
2018-09-15,E0,Newcastle,Arsenal,0,1,2,4,12,2,2,890.939003008931,1118.15596301358,0,1,4,0,0,1,6,0,1,9,3,16,19,34,-1,1,-8,8,0,0,2,1,2,2,12,4
2018-09-15,E0,Tottenham,Liverpool,0,1,2,11,17,3,10,1180.12799365657,1346.19261607085,5,3,0,0,6,3,0,0,10,15,23,25,38,47,-1,1,-6,6,-7,7,2,1,10,3,17,11
2018-09-15,E0,Watford,Manchester Utd,0,1,2,14,9,5,6,1049.43109206317,1161.15138051949,3,1,0,0,3,1,0,0,12,9,18,20,24,38,-1,1,5,-5,-1,1,2,1,6,5,9,14
2018-09-16,E0,Everton,West Ham,0,1,3,16,9,4,4,988.74399312313,890.480556739,0,0,0,2,2,0,1,3,6,1,11,9,27,16,-2,2,7,-7,0,0,3,1,4,4,9,16
2018-09-16,E0,Wolves,Burnley,2,1,0,30,7,7,2,1046.40436709335,902.47157591934,0,0,0,1,4,0,2,2,5,1,12,10,33,31,1,-1,23,-23,5,-5,0,1,2,7,7,30
2018-09-17,E0,Southampton,Brighton,1,2,2,14,12,5,4,1042.4195472348,953.148779437536,0,0,1,2,0,0,2,2,7,7,16,12,28,21,0,0,2,-2,1,-1,2,2,4,5,12,14
2018-09-22,E0,Brighton,Tottenham,0,1,2,8,16,4,7,957.171707336029,1162.35577953659,0,0,0,1,3,0,1,1,5,9,10,20,21,37,-1,1,-8,8,-3,3,2,1,7,4,16,8
2018-09-22,E0,Burnley,Bournemouth,2,4,0,12,19,5,5,883.018579123078,1020.20174046487,0,0,3,1,0,0,5,1,1,10,9,17,28,24,4,-4,-7,7,0,0,0,4,5,5,19,12
2018-09-22,E0,Cardiff,Manchester City,0,0,5,2,21,2,10,905.861592515578,1367.22377479484,0,0,1,0,0,4,2,1,2,13,2,28,2,46,-5,5,-19,19,-8,8,5,0,10,2,21,2
2018-09-22,E0,Crystal Palace,Newcastle,1,0,0,16,6,4,3,874.044567551452,877.318048688526,0,0,2,1,0,0,6,5,6,1,7,2,19,16,0,0,10,-10,1,-1,0,0,3,4,6,16
2018-09-22,E0,Fulham,Watford,1,1,1,15,11,3,6,832.019816792779,1027.38033826996,1,1,0,0,1,1,0,0,4,12,5,18,14,23,0,0,4,-4,-3,3,1,1,6,3,11,15
2018-09-22,E0,Leicester,Huddersfield,2,3,1,18,9,8,2,1001.0176261939,907.873652292734,0,0,1,0,0,1,1,2,6,2,10,2,23,2,2,-2,9,-9,6,-6,1,3,2,8,9,18
2018-09-22,E0,Liverpool,Southampton,2,3,0,12,7,4,1,1363.96483019084,1038.3966193363,3,1,0,0,25,1,0,0,15,5,25,14,47,29,3,-3,5,-5,3,-3,0,3,1,4,7,12
2018-09-22,E0,Manchester Utd,Wolves,1,1,1,15,11,6,8,1183.2021343127,1065.85736388961,0,1,1,0,0,1,1,0,9,8,20,15,41,33,0,0,4,-4,-2,2,1,1,8,6,11,15
2018-09-23,E0,Arsenal,Everton,2,2,0,9,9,5,6,1131.77691733399,932.802830605502,1,0,0,0,1,3,0,2,9,6,16,11,36,26,2,-2,0,0,-1,1,0,2,6,5,9,9
2018-09-23,E0,West Ham,Chelsea,1,0,0,6,17,1,6,946.421719256629,1227.69703468416,0,2,2,0,0,2,3,0,3,15,11,24,19,42,0,0,-11,11,-5,5,0,0,6,1,17,6
2018-09-29,E0,Arsenal,Watford,2,2,0,9,13,2,4,1152.94547122993,1019.22551266997,2,0,0,0,2,2,0,1,12,10,18,16,38,24,2,-2,-4,4,-2,2,0,2,4,2,13,9
2018-09-29,E0,Chelsea,Liverpool,1,1,1,10,13,4,6,1216.98733896495,1378.47738645948,9,4,0,0,9,4,0,0,13,15,22,25,42,47,0,0,-3,3,-2,2,1,1,6,4,13,10
2018-09-29,E0,Everton,Fulham,2,3,0,19,6,6,0,911.634276709553,840.174642392763,0,0,1,1,0,0,2,8,5,5,10,6,25,14,3,-3,13,-13,6,-6,0,3,0,6,6,19
2018-09-29,E0,Huddersfield,Tottenham,0,0,2,9,10,5,6,875.500002308252,1177.38606931186,0,1,1,0,0,1,3,0,2,9,2,22,2,37,-2,2,-1,1,-1,1,2,0,6,5,10,9
2018-09-29,E0,Manchester City,Brighton,2,2,0,28,4,8,1,1376.93493145423,942.141417560759,10,0,0,0,14,1,0,3,13,5,28,10,46,21,2,-2,24,-24,7,-7,0,2,1,8,4,28
2018-09-29,E0,Newcastle,Leicester,0,0,2,6,12,1,5,877.167303771723,1033.39127617838,0,0,5,1,0,0,7,1,2,9,3,12,16,23,-2,2,-6,6,-4,4,2,0,5,1,12,6
2018-09-29,E0,West Ham,Manchester Utd,2,3,1,8,9,3,4,957.131414975844,1177.99472476746,0,2,0,0,1,2,4,0,4,7,12,18,20,42,2,-2,-1,1,-1,1,1,3,4,3,9,8
2018-09-29,E0,Wolves,Southampton,2,2,0,14,17,6,6,1071.06477343485,1023.88406306765,1,0,0,1,5,0,0,1,8,4,16,13,34,26,2,-2,-3,3,0,0,0,2,6,6,17,14
2018-09-30,E0,Cardiff,Burnley,0,1,2,19,3,5,2,896.150435856188,971.744257352448,0,0,2,2,0,0,3,3,2,3,2,9,2,28,-1,1,16,-16,3,-3,2,1,2,5,3,19
2018-10-01,E0,Bournemouth,Crystal Palace,2,2,1,11,10,5,2,931.476062235499,874.195312468255,1,1,0,0,3,1,0,0,7,4,16,8,21,20,1,-1,1,-1,3,-3,1,2,2,5,10,11
2018-10-05,E0,Brighton,West Ham,2,1,0,9,17,4,4,935.505142337012,1025.63533384987,0,1,1,0,0,1,2,0,2,7,10,12,20,22,1,-1,-8,8,0,0,0,1,4,4,17,9
2018-10-06,E0,Burnley,Huddersfield,1,1,1,6,19,3,2,996.88963415509,862.3784070565,1,0,0,1,1,0,0,3,6,2,11,2,30,2,0,0,-13,13,1,-1,1,1,2,3,19,6
2018-10-06,E0,Crystal Palace,Wolves,0,0,1,11,7,4,2,847.423778101676,1109.00299998558,0,0,0,0,1,2,7,1,4,11,8,16,20,36,-1,1,4,-4,2,-2,1,0,2,4,7,11
2018-10-06,E0,Leicester,Everton,0,1,2,8,17,2,8,1058.75807403126,955.105482253867,1,0,0,1,1,0,0,3,9,5,15,13,25,25,-1,1,-9,9,-6,6,2,1,8,2,17,8
2018-10-06,E0,Manchester Utd,Newcastle,2,3,2,18,13,10,8,1109.49080589343,851.800505918848,0,0,0,0,1,1,2,6,7,1,17,3,41,15,1,-1,5,-5,2,-2,2,3,8,10,13,18
2018-10-06,E0,Tottenham,Cardiff,2,1,0,19,8,7,6,1190.50766456361,871.005059053546,0,0,1,1,0,0,1,3,9,1,22,2,37,2,1,-1,11,-11,1,-1,0,1,6,7,8,19
2018-10-06,E0,Watford,Bournemouth,0,0,4,14,10,2,7,991.460804408409,958.247596602077,0,0,1,2,0,0,1,2,7,7,13,16,24,21,-4,4,4,-4,-5,5,4,0,7,2,10,14
2018-10-07,E0,Fulham,Arsenal,0,1,5,21,9,4,7,796.703436848449,1180.7101794915,0,2,0,0,2,2,1,0,5,15,6,21,11,40,-4,4,12,-12,-3,3,5,1,7,4,9,21
2018-10-07,E0,Liverpool,Manchester City,1,0,0,7,6,2,2,1371.53350010882,1383.57120667798,4,1,0,0,26,5,0,0,13,13,25,28,45,49,0,0,1,-1,0,0,0,0,2,2,6,7
2018-10-07,E0,Southampton,Chelsea,0,0,3,15,21,6,6,985.94583651692,1223.93122531561,0,0,0,0,1,3,3,1,4,11,12,23,26,42,-3,3,-6,6,0,0,3,0,6,6,21,15
2018-10-20,E0,Bournemouth,Southampton,1,0,0,10,8,2,4,1028.89798874521,963.846659533154,2,0,0,2,4,0,0,2,9,4,19,11,24,26,0,0,2,-2,-2,2,0,0,4,2,8,10
2018-10-20,E0,Cardiff,Fulham,2,4,2,22,9,5,4,862.227755904362,783.956404614829,0,0,3,2,0,0,4,9,0,2,2,6,2,10,2,-2,13,-13,1,-1,2,4,4,5,9,22
2018-10-20,E0,Chelsea,Manchester Utd,1,2,2,21,7,6,4,1246.03040229938,1121.32547715201,0,0,0,1,10,0,1,1,11,10,23,17,45,41,0,0,14,-14,2,-2,2,2,4,6,7,21
2018-10-20,E0,Huddersfield,Liverpool,0,0,1,13,11,1,2,868.280879057498,1372.08763526602,0,0,2,0,0,5,4,1,2,11,3,26,3,43,-1,1,2,-2,-1,1,1,0,2,1,11,13
2018-10-20,E0,Manchester City,Burnley,2,5,0,24,5,10,0,1383.01707152078,990.987162154092,11,1,0,0,15,1,0,0,13,7,26,11,47,28,5,-5,19,-19,10,-10,0,5,0,10,5,24
2018-10-20,E0,Newcastle,Brighton,0,0,1,27,8,6,2,839.965834660269,975.625103624355,0,0,6,1,0,0,8,4,1,5,3,12,15,22,-1,1,19,-19,4,-4,1,0,2,6,8,27
2018-10-20,E0,West Ham,Tottenham,0,0,1,13,10,4,2,985.515372562524,1199.28496771279,1,2,0,0,2,2,0,0,7,9,9,22,22,37,-1,1,3,-3,2,-2,1,0,2,4,10,13
2018-10-20,E0,Wolves,Watford,0,0,2,10,9,1,3,1120.62324768468,920.810412265277,2,0,0,1,6,0,0,2,13,4,18,13,38,23,-2,2,1,-1,-2,2,2,0,3,1,9,10
2018-10-21,E0,Everton,Crystal Palace,2,2,0,20,7,4,3,996.378737180314,835.803530402578,1,0,0,1,1,0,0,1,7,4,15,8,25,20,2,-2,13,-13,1,-1,0,2,3,4,7,20
2018-10-22,E0,Arsenal,Leicester,2,3,1,19,8,6,2,1193.45721172512,1017.48481910481,3,1,0,0,3,1,0,0,15,6,21,12,40,24,2,-2,11,-11,4,-4,1,3,2,6,8,19
2018-10-27,E0,Brighton,Wolves,2,1,0,2,25,1,7,995.72892262443,1053.9991216292,1,1,0,0,1,3,0,0,7,10,14,15,24,35,1,-1,-23,23,-6,6,0,1,7,1,25,2
2018-10-27,E0,Fulham,Bournemouth,0,0,3,11,12,1,5,749.815338783282,1025.93678647324,0,1,1,0,0,1,2,0,1,10,5,20,10,25,-3,3,-1,1,-4,4,3,0,5,1,12,11
2018-10-27,E0,Leicester,West Ham,1,1,1,21,11,7,3,994.11771228867,971.045996326069,0,0,1,1,0,0,1,1,6,7,12,8,24,22,0,0,10,-10,4,-4,1,1,3,7,11,21
2018-10-27,E0,Liverpool,Cardiff,2,4,1,19,2,7,1,1375.42500516981,896.368821735909,0,0,0,2,27,0,1,4,11,3,26,5,43,5,3,-3,17,-17,6,-6,1,4,1,7,2,19
2018-10-27,E0,Southampton,Newcastle,1,0,0,22,6,4,0,966.807861805121,819.862015660194,0,0,1,1,0,0,4,7,2,1,9,2,24,15,0,0,16,-16,4,-4,0,0,0,4,6,22
2018-10-27,E0,Watford,Huddersfield,2,3,0,12,13,6,7,987.434538320759,864.943509153701,0,0,2,0,0,1,2,4,4,1,16,3,26,3,3,-3,-1,1,-1,1,0,3,7,6,13,12
2018-10-28,E0,Burnley,Chelsea,0,0,4,7,24,1,8,976.964154874612,1240.522068342,0,1,0,0,2,4,1,0,7,9,8,24,25,43,-4,4,-17,17,-7,7,4,0,8,1,24,7
2018-10-28,E0,Crystal Palace,Arsenal,1,2,2,16,7,3,2,810.885968656993,1216.82431854126,0,3,1,0,0,3,8,0,4,15,8,24,17,40,0,0,9,-9,1,-1,2,2,2,3,7,16
2018-10-28,E0,Manchester Utd,Everton,2,2,1,14,14,10,6,1126.83381110939,1021.2962989259,1,1,0,0,2,1,0,0,8,9,17,15,39,28,1,-1,0,0,4,-4,1,2,6,10,14,14
2018-10-29,E0,Tottenham,Manchester City,0,0,1,4,13,1,6,1213.75434394925,1397.04007880026,1,0,0,0,1,6,0,1,12,13,22,26,40,47,-1,1,-9,9,-5,5,1,0,6,1,13,4
2018-11-03,E0,Arsenal,Liverpool,1,1,1,12,13,4,4,1203.64426113422,1381.93116851189,4,1,0,0,4,6,0,0,13,11,22,26,38,46,0,0,-1,1,0,0,1,1,4,4,13,12
2018-11-03,E0,Bournemouth,Manchester Utd,0,1,2,18,18,7,8,1044.41827173283,1149.4017789625,0,0,0,0,5,1,1,2,10,8,20,17,27,41,-1,1,0,0,-1,1,2,1,8,7,18,18
2018-11-03,E0,Cardiff,Leicester,0,0,1,11,13,2,5,889.862658393834,993.056779518306,1,0,0,1,1,0,0,1,3,7,5,13,5,25,-1,1,-2,2,-3,3,1,0,5,2,13,11
2018-11-03,E0,Everton,Brighton,2,3,1,14,5,3,3,998.728331072789,1033.04604554395,2,1,0,0,2,1,0,0,9,9,15,14,27,27,2,-2,9,-9,0,0,1,3,3,3,5,14
2018-11-03,E0,Newcastle,Watford,2,1,0,10,16,2,1,826.252540657638,1023.49945950513,0,1,7,0,0,1,9,0,2,7,3,19,15,26,1,-1,-6,6,1,-1,0,1,1,2,16,10
2018-11-03,E0,West Ham,Burnley,2,4,2,22,6,10,3,972.106929096432,953.758592105049,0,0,1,1,0,0,1,1,5,7,8,8,20,24,2,-2,16,-16,7,-7,2,4,3,10,6,22
2018-11-03,E0,Wolves,Tottenham,0,2,3,16,10,7,8,1016.68199870968,1197.22626243346,0,3,1,0,0,3,1,0,7,12,15,21,32,40,-1,1,6,-6,-1,1,3,2,8,7,10,16
2018-11-04,E0,Chelsea,Crystal Palace,2,3,1,15,7,6,2,1263.72763111156,824.066026064025,0,0,0,2,11,0,2,2,9,2,24,8,45,15,2,-2,8,-8,4,-4,1,3,2,6,7,15
2018-11-04,E0,Manchester City,Southampton,2,6,1,18,12,8,6,1413.56816031605,960.417336807677,12,0,0,0,16,1,0,3,13,2,26,7,50,25,5,-5,6,-6,2,-2,1,6,6,8,12,18
2018-11-05,E0,Huddersfield,Fulham,2,1,0,10,7,2,1,828.878587969331,731.333853523694,0,0,3,3,0,0,5,10,1,1,3,5,3,7,1,-1,3,-3,1,-1,0,1,1,2,7,10
2018-11-10,E0,Cardiff,Brighton,2,2,1,20,7,6,3,867.097217943521,984.87045447534,0,0,1,1,0,0,1,1,3,9,5,14,5,26,1,-1,13,-13,3,-3,1,2,3,6,7,20
2018-11-10,E0,Crystal Palace,Tottenham,0,0,1,11,11,4,2,817.599618206845,1213.94855306813,0,4,0,0,1,4,9,0,1,12,5,21,12,42,-1,1,0,0,2,-2,1,0,2,4,11,11
2018-11-10,E0,Huddersfield,West Ham,1,1,1,15,12,7,5,852.123230461613,1013.65054385751,1,0,0,0,1,1,0,2,4,7,6,11,6,23,0,0,3,-3,2,-2,1,1,5,7,12,15
2018-11-10,E0,Leicester,Burnley,1,0,0,22,6,5,1,1015.82221996862,912.21497734397,0,0,0,2,1,0,2,2,7,4,16,7,25,23,0,0,16,-16,4,-4,0,0,1,5,6,22
2018-11-10,E0,Newcastle,Bournemouth,2,2,1,18,14,6,4,874.690445879821,1021.80368929091,1,2,0,0,1,2,0,0,4,10,6,17,15,27,1,-1,4,-4,2,-2,1,2,4,6,14,18
2018-11-10,E0,Southampton,Watford,1,1,1,14,12,4,6,950.268368812366,975.061554282947,0,0,0,1,1,0,5,1,2,6,6,16,25,26,0,0,2,-2,-2,2,1,1,6,4,12,14
2018-11-11,E0,Arsenal,Wolves,1,1,1,10,12,3,5,1211.20260742257,999.959708075009,0,0,0,1,5,0,1,1,11,6,23,14,39,31,0,0,-2,2,-2,2,1,1,5,3,12,10
2018-11-11,E0,Chelsea,Everton,1,0,0,15,6,4,1,1270.19403896874,1046.9039221414,1,0,0,1,12,0,0,1,11,12,24,17,45,30,0,0,9,-9,3,-3,0,0,1,4,6,15
2018-11-11,E0,Liverpool,Fulham,2,2,0,20,8,7,3,1374.37282222354,708.089211031413,1,0,0,4,28,0,0,11,9,0,24,5,44,7,2,-2,12,-12,4,-4,0,2,3,7,8,20
2018-11-11,E0,Manchester City,Manchester Utd,2,3,1,17,6,5,1,1423.71712831136,1172.01636140442,13,1,0,0,17,2,0,0,13,10,26,17,50,41,2,-2,11,-11,4,-4,1,3,1,5,6,17
2018-11-24,E0,Brighton,Leicester,1,1,1,14,8,3,3,942.420366558072,1011.18750560372,2,1,0,0,2,1,0,0,9,5,11,14,23,25,0,0,6,-6,0,0,1,1,3,3,8,14
2018-11-24,E0,Everton,Cardiff,2,1,0,16,7,8,1,1055.97147399376,909.547305860789,3,0,0,3,3,0,0,5,10,6,15,7,30,8,1,-1,9,-9,7,-7,0,1,1,8,7,16
2018-11-24,E0,Fulham,Southampton,2,3,2,10,19,5,8,706.235301380481,951.408203052434,0,0,2,1,0,0,3,4,0,3,5,7,7,23,1,-1,-9,9,-3,3,2,3,8,5,19,10
2018-11-24,E0,Manchester Utd,Crystal Palace,1,0,0,12,13,5,2,1155.33555691398,811.669311003824,2,0,0,3,3,0,0,3,10,1,17,5,40,9,0,0,-1,1,3,-3,0,0,2,5,13,12
2018-11-24,E0,Tottenham,Chelsea,2,3,1,18,13,9,2,1219.87886027115,1261.12648711638,0,2,1,0,0,5,1,0,12,11,21,22,44,43,2,-2,5,-5,7,-7,1,3,2,9,13,18
2018-11-24,E0,Watford,Liverpool,0,0,3,5,10,1,7,973.921720042879,1376.22673187447,1,0,0,0,1,7,0,1,7,11,14,24,26,46,-3,3,-5,5,-6,6,3,0,7,1,10,5
2018-11-24,E0,West Ham,Manchester City,0,0,4,9,9,1,6,1006.70526465162,1440.3979328018,1,1,0,0,1,7,0,0,5,13,12,26,24,50,-4,4,0,0,-5,5,4,0,6,1,9,9
2018-11-25,E0,Bournemouth,Arsenal,0,1,2,11,20,5,4,977.009683490696,1202.51905694064,0,0,1,0,0,4,2,1,7,9,14,24,27,40,-1,1,-9,9,1,-1,2,1,4,5,20,11
2018-11-25,E0,Wolves,Huddersfield,0,0,2,12,14,3,6,1008.64325855694,859.068509667504,0,0,2,1,0,0,2,5,4,5,15,7,29,7,-2,2,-2,2,-3,3,2,0,6,3,14,12
2018-11-26,E0,Burnley,Newcastle,0,1,2,14,17,4,3,916.849691708872,919.484451680033,0,0,1,0,0,1,2,8,2,7,8,8,24,15,-1,1,-3,3,1,-1,2,1,3,4,17,14
2018-11-30,E0,Cardiff,Wolves,2,2,1,17,15,3,4,890.287948317737,946.990497624737,1,0,0,0,1,1,0,2,6,1,6,14,8,26,1,-1,2,-2,-1,1,1,2,4,3,15,17
2018-12-01,E0,Crystal Palace,Burnley,2,2,0,29,4,9,0,823.781312001688,885.092357418422,0,0,1,0,0,1,10,3,2,1,6,8,10,21,2,-2,25,-25,9,-9,0,2,0,9,4,29
2018-12-01,E0,Huddersfield,Brighton,0,1,2,7,14,2,6,920.721270599711,945.546494141268,0,0,0,2,2,0,1,2,7,7,9,12,10,23,-1,1,-7,7,-4,4,2,1,6,2,14,7
2018-12-01,E0,Leicester,Watford,2,2,0,7,8,3,0,1008.06137802052,964.125834560522,0,0,0,0,2,1,3,2,6,7,12,11,25,26,2,-2,-1,1,3,-3,0,2,0,3,8,7
2018-12-01,E0,Manchester City,Bournemouth,2,3,1,16,4,6,1,1450.2154592146,963.283037665842,14,0,0,1,18,0,0,1,15,4,28,13,53,27,2,-2,12,-12,5,-5,1,3,1,6,4,16
2018-12-01,E0,Newcastle,West Ham,0,0,3,16,7,4,4,951.241785970483,996.887738238823,2,0,0,0,2,2,0,3,10,5,11,12,17,24,-3,3,9,-9,0,0,3,0,4,4,7,16
2018-12-01,E0,Southampton,Manchester Utd,1,2,2,16,11,6,5,899.953775824977,1143.22355591612,0,0,0,1,2,0,6,1,3,8,7,18,23,38,0,0,5,-5,1,-1,2,2,5,6,11,16
2018-12-02,E0,Arsenal,Tottenham,2,4,2,22,11,7,6,1216.24570276549,1268.9189388694,0,5,0,0,6,5,2,0,9,12,24,21,40,44,2,-2,11,-11,1,-1,2,4,6,7,11,22
2018-12-02,E0,Chelsea,Fulham,2,2,0,16,9,9,4,1212.08640851813,757.689728607938,0,0,0,5,13,0,1,12,8,3,19,5,40,10,2,-2,7,-7,5,-5,0,2,4,9,9,16
2018-12-02,E0,Liverpool,Everton,2,1,0,16,9,3,3,1386.02261735683,1075.23083153681,2,0,0,0,29,1,0,2,13,10,24,17,46,30,1,-1,7,-7,0,0,0,1,3,3,9,16
2018-12-04,E0,Bournemouth,Huddersfield,2,2,1,6,23,2,6,958.269074489707,891.003874900296,0,1,2,0,0,1,3,0,3,7,13,8,27,10,1,-1,-17,17,-4,4,1,2,6,2,23,6
2018-12-04,E0,Brighton,Crystal Palace,2,3,1,9,18,3,5,975.263889840682,875.299019691658,0,0,0,0,3,1,1,4,7,5,14,9,26,13,2,-2,-9,9,-2,2,1,3,5,3,18,9
2018-12-04,E0,Watford,Manchester City,0,1,2,11,15,7,7,925.784929251773,1455.22942239074,0,2,1,0,0,8,1,0,4,15,8,28,26,53,-1,1,-4,4,0,0,2,1,7,7,15,11
2018-12-04,E0,West Ham,Cardiff,2,3,1,17,9,11,5,1044.2959310921,927.464567353566,0,0,1,4,0,0,1,6,8,6,15,9,24,11,2,-2,8,-8,6,-6,1,3,5,11,9,17
2018-12-05,E0,Burnley,Liverpool,0,1,3,10,18,6,12,833.574649728452,1395.18663946248,0,1,2,0,0,8,3,0,1,13,8,24,18,49,-2,2,-8,8,-6,6,3,1,12,6,18,10
2018-12-05,E0,Everton,Newcastle,1,1,1,19,8,3,5,1066.06680943117,903.833593117202,4,1,0,0,4,2,0,0,7,10,16,11,27,14,0,0,11,-11,-2,2,1,1,5,3,8,19
2018-12-05,E0,Fulham,Leicester,1,1,1,25,13,7,5,751.713365895199,1046.40228332927,1,0,0,0,1,2,0,1,3,9,4,15,10,28,0,0,12,-12,2,-2,1,1,5,7,13,25
2018-12-05,E0,Manchester Utd,Arsenal,1,2,2,10,9,7,4,1133.55177548515,1266.7019109395,0,1,0,0,4,5,1,0,8,9,16,24,36,40,0,0,1,-1,3,-3,2,2,4,7,9,10
2018-12-05,E0,Tottenham,Southampton,2,3,1,13,18,8,5,1218.46273069538,909.625556255951,1,0,0,2,1,0,0,5,9,3,21,5,44,21,2,-2,-5,5,3,-3,1,3,5,8,18,13
2018-12-05,E0,Wolves,Chelsea,2,2,1,6,17,2,3,909.813878588908,1218.06277123087,0,0,3,1,0,0,3,1,1,10,11,19,23,43,1,-1,-11,11,-1,1,1,2,3,2,17,6
2018-12-08,E0,Arsenal,Huddersfield,2,1,0,14,6,2,0,1260.85366738421,865.122965507857,1,0,0,1,7,0,0,1,9,7,22,8,38,10,1,-1,8,-8,2,-2,0,1,0,2,6,14
2018-12-08,E0,Bournemouth,Liverpool,0,0,4,8,10,2,4,984.149983882145,1398.51510741627,1,2,0,0,1,9,0,0,3,13,13,24,30,49,-4,4,-2,2,-2,2,4,0,4,2,10,8
2018-12-08,E0,Burnley,Brighton,2,1,0,14,14,4,1,830.246181774657,1006.8397599965,0,1,3,0,0,1,4,0,1,7,8,16,17,26,1,-1,0,0,3,-3,0,1,1,4,14,14
2018-12-08,E0,Cardiff,Southampton,2,1,0,13,12,4,1,897.823014041701,896.944230878335,2,0,0,3,2,0,0,6,6,2,9,4,11,18,1,-1,1,-1,3,-3,0,1,1,4,12,13
2018-12-08,E0,Chelsea,Manchester City,2,2,0,8,14,5,4,1163.34233059228,1458.12962626438,1,3,0,0,14,9,0,0,7,15,16,28,40,56,2,-2,-6,6,1,-1,0,2,4,5,14,8
2018-12-08,E0,Leicester,Tottenham,0,0,2,11,7,3,2,1035.36037973125,1231.144056073,1,0,0,1,3,0,0,1,9,12,16,24,26,44,-2,2,4,-4,1,-1,2,0,2,3,7,11
2018-12-08,E0,Manchester Utd,Fulham,2,4,1,20,10,11,4,1139.40001904044,762.755269493223,0,0,0,6,5,0,2,13,6,4,14,5,34,10,3,-3,10,-10,7,-7,1,4,4,11,10,20
2018-12-08,E0,West Ham,Crystal Palace,2,3,2,13,8,6,4,1073.93748440397,843.72314953584,1,0,0,1,1,0,0,5,10,4,15,6,26,13,1,-1,5,-5,2,-2,2,3,4,6,8,13
2018-12-09,E0,Newcastle,Wolves,0,1,2,12,13,4,6,910.805231731258,964.534319227495,0,0,1,1,0,0,1,3,10,4,12,11,14,26,-1,1,-1,1,-2,2,2,1,6,4,13,12
2018-12-10,E0,Everton,Watford,1,2,2,12,15,5,3,1059.09517081711,922.884725378131,0,0,0,1,5,0,1,3,8,1,17,8,28,26,0,0,-3,3,2,-2,2,2,3,5,15,12
2018-12-15,E0,Crystal Palace,Leicester,2,1,0,8,12,1,2,830.286279595842,1013.89547879237,1,0,0,0,1,3,0,2,4,6,5,13,13,25,1,-1,-4,4,-1,1,0,1,2,1,12,8
2018-12-15,E0,Fulham,West Ham,0,0,2,16,6,4,3,751.560140318624,1087.37435434397,0,1,0,0,2,3,1,0,4,10,4,17,10,29,-2,2,10,-10,1,-1,2,0,3,4,6,16
2018-12-15,E0,Huddersfield,Newcastle,0,0,1,15,8,5,5,859.173481149352,883.714788479426,0,0,1,0,0,3,2,1,4,7,8,11,10,14,-1,1,7,-7,0,0,1,0,5,5,8,15
2018-12-15,E0,Manchester City,Everton,2,3,1,13,9,5,2,1383.99853109488,1053.12521854887,15,0,0,1,19,0,0,3,12,6,25,18,53,28,2,-2,4,-4,3,-3,1,3,2,5,9,13
2018-12-15,E0,Tottenham,Burnley,2,1,0,15,4,3,0,1252.60895701187,877.241438465601,2,0,0,1,2,0,0,4,12,4,24,8,46,17,1,-1,11,-11,3,-3,0,1,0,3,4,15
2018-12-15,E0,Watford,Cardiff,2,3,2,17,10,8,3,928.854677646374,929.742075293827,0,0,2,5,0,0,2,7,2,9,8,12,24,14,1,-1,7,-7,5,-5,2,3,3,8,10,17
2018-12-15,E0,Wolves,Bournemouth,2,2,0,9,13,3,3,991.624762479327,973.27449564907,1,0,0,2,1,0,0,2,7,3,13,13,29,29,2,-2,-4,4,0,0,0,2,3,3,13,9
2018-12-16,E0,Brighton,Chelsea,0,1,2,6,10,2,3,959.844503305556,1237.47342576178,1,0,0,2,4,0,0,2,7,7,16,18,26,40,-1,1,-4,4,-1,1,2,1,3,2,10,6
2018-12-16,E0,Liverpool,Manchester Utd,2,3,1,36,6,11,2,1409.39059564935,1150.59514821503,3,0,0,0,30,1,0,2,15,6,24,16,49,34,2,-2,30,-30,9,-9,1,3,2,11,6,36
2018-12-16,E0,Southampton,Arsenal,2,3,2,12,13,7,4,865.025169626209,1266.80315174272,0,0,0,0,3,6,7,1,2,11,4,22,17,40,1,-1,-1,1,3,-3,2,3,4,7,13,12
2018-12-21,E0,Wolves,Liverpool,0,0,2,11,15,5,6,1033.1681343105,1425.52667312098,2,3,0,0,2,10,0,0,9,15,13,26,29,51,-2,2,-4,4,-1,1,2,0,6,5,15,11
2018-12-22,E0,Arsenal,Burnley,2,3,1,10,7,6,2,1208.56742480374,870.628490310792,2,0,0,2,8,0,0,5,10,3,19,5,40,16,2,-2,3,-3,4,-4,1,3,2,6,7,10
2018-12-22,E0,Bournemouth,Brighton,2,2,0,14,10,3,5,931.731123817901,949.077216199821,0,0,1,1,0,0,1,1,3,7,10,16,26,26,2,-2,4,-4,-2,2,0,2,5,3,10,14
2018-12-22,E0,Cardiff,Manchester Utd,0,1,5,9,17,3,9,897.660343127773,1134.4590707434,3,0,0,1,3,0,0,3,6,6,12,16,14,33,-4,4,-8,8,-6,6,5,1,9,3,17,9
2018-12-22,E0,Chelsea,Leicester,0,0,1,17,8,5,3,1248.24071286751,966.400742927113,2,0,0,1,15,0,0,3,9,5,20,10,43,25,-1,1,9,-9,2,-2,1,0,3,5,8,17
2018-12-22,E0,Huddersfield,Southampton,0,1,3,16,13,5,6,829.430067343443,923.260896565191,0,0,2,4,0,0,3,7,3,4,8,7,10,19,-2,2,3,-3,-1,1,3,1,6,5,13,16
2018-12-22,E0,Manchester City,Crystal Palace,0,2,3,19,5,5,3,1395.36484461458,877.781015461102,16,0,0,2,20,0,0,6,12,7,25,8,53,16,-1,1,14,-14,2,-2,3,2,3,5,5,19
2018-12-22,E0,Newcastle,Fulham,1,0,0,9,4,0,2,913.458202285335,740.472265029646,0,0,2,7,0,0,2,14,7,4,14,4,17,10,0,0,5,-5,-2,2,0,0,2,0,4,9
2018-12-22,E0,West Ham,Watford,0,0,2,18,11,7,5,1098.46222963295,960.936409812428,2,0,0,0,2,1,0,4,12,4,17,11,29,24,-2,2,7,-7,2,-2,2,0,5,7,11,18
2018-12-23,E0,Everton,Tottenham,0,2,6,10,17,3,8,1041.75890502917,1259.22190516668,0,1,0,0,6,1,2,0,5,12,15,24,28,46,-4,4,-7,7,-5,5,6,2,8,3,17,10
2018-12-26,E0,Brighton,Arsenal,1,1,1,12,7,3,4,903.031777284988,1219.53736872238,0,0,1,1,0,0,1,2,6,10,13,19,25,40,0,0,5,-5,-1,1,1,1,4,3,7,12
2018-12-26,E0,Burnley,Everton,0,1,5,11,13,4,6,859.658546392154,1013.06985262328,1,0,0,2,1,0,0,4,3,2,4,12,15,27,-4,4,-2,2,-2,2,5,1,6,4,13,11
2018-12-26,E0,Crystal Palace,Cardiff,1,0,0,31,9,5,4,938.685793542084,871.377567231619,2,0,0,6,2,0,0,8,9,6,11,12,19,14,0,0,22,-22,1,-1,0,0,4,5,9,31
2018-12-26,E0,Fulham,Wolves,1,1,1,11,14,9,5,747.839607959913,1024.8693559684,0,1,1,0,0,1,2,0,2,9,5,10,11,28,0,0,-3,3,4,-4,1,1,5,9,14,11
2018-12-26,E0,Leicester,Manchester City,2,2,1,10,11,5,4,1019.84880884495,1334.4600665336,0,0,1,1,0,0,1,1,7,9,13,24,25,50,1,-1,-1,1,1,-1,1,2,4,5,11,10
2018-12-26,E0,Liverpool,Newcastle,2,4,0,16,6,8,2,1433.82545146307,906.090859355068,4,1,0,0,31,4,0,0,15,5,28,15,54,18,4,-4,10,-10,6,-6,0,4,2,8,6,16
2018-12-26,E0,Manchester Utd,Huddersfield,2,3,1,16,10,10,2,1160.74184663956,797.137134147719,1,0,0,2,6,0,0,2,8,0,16,7,33,10,2,-2,6,-6,8,-8,1,3,2,10,10,16
2018-12-26,E0,Tottenham,Bournemouth,2,5,0,10,14,7,4,1287.91095757257,977.776562732734,3,0,0,3,3,0,0,3,12,6,24,10,46,29,5,-5,-4,4,3,-3,0,5,4,7,14,10
2018-12-26,E0,Watford,Chelsea,0,1,2,10,10,2,4,1021.30099476805,1194.79264694968,1,1,0,0,1,1,0,0,7,9,14,17,27,40,-1,1,0,0,-2,2,2,1,4,2,10,10
2018-12-27,E0,Southampton,West Ham,0,1,2,11,16,5,5,955.553829760915,1038.09764467732,1,2,0,0,4,4,0,0,7,12,10,17,21,26,-1,1,-5,5,0,0,2,1,5,5,16,11
2018-12-29,E0,Brighton,Everton,2,1,0,11,13,3,4,914.57738572141,1050.80851183262,0,1,0,0,1,1,2,0,4,5,11,12,25,27,1,-1,-2,2,-1,1,0,1,4,3,13,11
2018-12-29,E0,Fulham,Huddersfield,2,1,0,14,9,5,5,758.440501871335,787.508498867858,0,0,0,3,1,0,3,3,3,0,6,7,11,10,1,-1,5,-5,0,0,0,1,5,5,9,14
2018-12-29,E0,Leicester,Cardiff,0,0,1,16,12,7,3,1074.85607184945,874.439021490685,1,0,0,0,1,1,0,9,7,4,16,10,28,15,-1,1,4,-4,4,-4,1,0,3,7,12,16
2018-12-29,E0,Liverpool,Arsenal,2,5,1,15,8,10,2,1439.72662137977,1207.99176028595,5,0,0,0,32,1,0,3,15,8,28,17,54,41,4,-4,7,-7,8,-8,1,5,2,10,8,15
2018-12-29,E0,Tottenham,Wolves,0,1,3,10,11,3,4,1309.16649926116,1014.26846205698,4,0,0,0,4,2,0,1,15,10,24,11,46,26,-2,2,-1,1,-1,1,3,1,4,3,11,10
2018-12-29,E0,Watford,Newcastle,1,1,1,12,8,5,2,1004.07235849146,900.189689438373,0,0,1,1,0,0,1,1,7,5,11,15,27,17,0,0,4,-4,3,-3,1,1,2,5,8,12
2018-12-30,E0,Burnley,West Ham,2,2,0,17,11,5,4,821.919887182816,1062.63496160503,0,3,1,0,0,5,1,0,3,12,4,20,12,28,2,-2,6,-6,1,-1,0,2,4,5,11,17
2018-12-30,E0,Crystal Palace,Chelsea,0,0,1,4,12,0,4,935.624339283019,1212.02128322627,0,2,0,0,3,2,1,0,7,9,12,19,20,43,-1,1,-8,8,-4,4,1,0,4,0,12,4
2018-12-30,E0,Manchester Utd,Bournemouth,2,4,1,11,7,8,3,1170.37048191942,956.521021044146,2,0,0,4,7,0,0,4,10,6,18,9,35,29,3,-3,4,-4,5,-5,1,4,3,8,7,11
2018-12-30,E0,Southampton,Manchester City,0,1,3,5,14,4,6,931.016512833213,1279.4528035291,0,0,1,2,0,0,1,2,6,6,9,21,18,47,-2,2,-9,9,-2,2,3,1,6,4,14,5
2019-01-01,E0,Arsenal,Fulham,2,4,1,16,9,9,4,1181.09366060814,793.111534067553,3,0,0,0,9,1,0,15,7,5,16,9,38,14,3,-3,7,-7,5,-5,1,4,4,9,9,16
2019-01-01,E0,Cardiff,Tottenham,0,0,3,6,13,3,4,923.090852733076,1235.02808717302,0,2,1,0,0,2,1,0,7,12,13,24,18,45,-3,3,-7,7,-1,1,3,0,4,3,13,6
2019-01-01,E0,Everton,Leicester,0,0,1,17,8,2,4,1006.86696775305,1026.20424060706,0,1,1,0,0,1,3,0,4,6,12,15,27,28,-1,1,9,-9,-2,2,1,0,4,2,8,17
2019-01-02,E0,Bournemouth,Watford,1,3,3,25,11,12,3,931.872350503664,999.42602722422,1,1,0,0,1,2,0,0,3,8,6,9,26,28,0,0,14,-14,9,-9,3,3,3,12,11,25
2019-01-02,E0,Chelsea,Southampton,1,0,0,17,6,6,2,1222.85223301475,920.613535866533,0,1,1,0,0,1,1,0,12,6,19,8,43,15,0,0,11,-11,4,-4,0,0,2,6,6,17
2019-01-02,E0,Huddersfield,Burnley,0,1,2,9,16,2,8,752.837466671639,892.083274690775,0,0,3,3,0,0,4,6,0,6,7,7,10,15,-1,1,-7,7,-6,6,2,1,8,2,16,9
2019-01-02,E0,Newcastle,Manchester Utd,0,0,2,14,16,3,7,904.836020705611,1195.0191524599,0,1,0,0,1,1,3,0,5,12,15,18,18,35,-2,2,-2,2,-4,4,2,0,7,3,16,14
2019-01-02,E0,West Ham,Brighton,1,2,2,13,13,6,6,992.471574097067,958.518929800979,0,0,1,2,0,0,1,2,9,4,19,11,27,25,0,0,0,0,0,0,2,2,6,6,13,13
2019-01-02,E0,Wolves,Crystal Palace,0,0,2,9,17,1,4,1088.40687414512,924.793389494542,0,1,1,0,0,1,1,0,10,7,14,11,29,19,-2,2,-8,8,-3,3,2,0,4,1,17,9
2019-01-03,E0,Manchester City,Liverpool,2,2,1,9,7,4,5,1289.85578049578,1466.62472105758,0,4,1,0,0,11,1,0,6,15,21,28,47,54,1,-1,2,-2,-1,1,1,2,5,4,7,9
2019-01-12,E0,Brighton,Liverpool,0,0,1,7,10,0,3,960.077548461062,1419.61686254239,1,0,0,1,2,0,0,1,5,12,12,27,26,51,-1,1,-3,3,-3,3,1,0,3,0,10,7
2019-01-12,E0,Burnley,Fulham,2,2,1,11,12,0,4,911.903512273542,782.555243565343,1,0,0,1,1,0,0,16,6,5,10,9,17,14,1,-1,-1,1,-4,4,1,2,4,0,12,11
2019-01-12,E0,Cardiff,Huddersfield,1,0,0,3,14,0,2,907.562349102775,733.017229088872,0,0,2,4,0,0,2,4,4,0,13,4,18,10,0,0,-11,11,-2,2,0,0,2,0,14,3
2019-01-12,E0,Chelsea,Newcastle,2,2,1,10,9,6,2,1211.63095502981,890.944815553665,0,0,0,0,1,1,2,2,10,5,17,12,41,18,1,-1,1,-1,4,-4,1,2,2,6,9,10
2019-01-12,E0,Crystal Palace,Watford,0,1,2,15,16,6,2,987.901883976236,996.353684862577,0,0,1,0,0,3,2,1,10,8,14,10,19,26,-1,1,-1,1,4,-4,2,1,2,6,16,15
2019-01-12,E0,Leicester,Southampton,0,1,2,23,8,6,3,1056.42504872406,931.83481385147,0,0,1,0,0,2,1,1,9,7,15,9,31,15,-1,1,15,-15,3,-3,2,1,3,6,8,23
2019-01-12,E0,West Ham,Arsenal,2,1,0,11,11,3,2,990.912955436985,1191.64995111035,0,0,0,1,1,0,2,4,7,7,17,18,28,41,1,-1,0,0,1,-1,0,1,2,3,11,11
2019-01-13,E0,Everton,Bournemouth,2,2,0,15,16,3,7,976.646159636049,934.944692865307,0,0,2,5,0,0,4,5,3,4,9,7,26,24,2,-2,-1,1,-4,4,0,2,7,3,16,15
2019-01-13,E0,Tottenham,Manchester Utd,0,0,1,21,13,11,8,1250.55659080332,1208.91035761185,0,2,1,0,0,2,1,0,12,12,24,18,45,35,-1,1,8,-8,3,-3,1,0,8,11,13,21
2019-01-14,E0,Manchester City,Wolves,2,3,0,24,3,9,0,1336.86363901097,1025.29837966342,1,1,0,0,1,3,0,0,9,7,21,14,47,28,3,-3,21,-21,9,-9,0,3,0,9,3,24
2019-01-19,E0,Arsenal,Chelsea,2,2,0,13,13,5,1,1142.97664161019,1220.35678734776,4,3,0,0,10,3,0,0,7,10,17,19,41,41,2,-2,0,0,4,-4,0,2,1,5,13,13
2019-01-19,E0,Bournemouth,West Ham,2,2,0,10,9,4,1,896.326016016436,1039.58626493714,0,0,0,1,2,0,1,1,4,7,7,19,21,31,2,-2,1,-1,3,-3,0,2,1,4,9,10
2019-01-19,E0,Liverpool,Crystal Palace,2,4,3,19,9,9,3,1423.85865373709,956.680170090431,6,2,0,0,33,2,0,0,12,7,27,14,51,19,1,-1,10,-10,6,-6,3,4,3,9,9,19
2019-01-19,E0,Manchester Utd,Brighton,2,2,1,20,7,5,3,1244.72785140492,955.83575726636,3,0,0,0,8,1,0,3,15,5,21,12,38,23,1,-1,13,-13,2,-2,1,2,3,5,7,20
2019-01-19,E0,Newcastle,Cardiff,2,3,0,16,9,6,1,882.218983235713,900.138544055748,0,1,1,0,0,2,4,0,2,5,9,11,17,18,3,-3,7,-7,5,-5,0,3,1,6,9,16
2019-01-19,E0,Southampton,Everton,2,2,1,11,7,4,2,974.842169339252,1015.26483648492,0,0,2,1,0,0,2,1,7,6,11,11,18,26,1,-1,4,-4,2,-2,1,2,2,4,7,11
2019-01-19,E0,Watford,Burnley,1,0,0,9,11,4,3,1027.57539874838,932.511613629105,0,1,0,0,1,1,2,0,8,9,12,12,26,20,0,0,-2,2,1,-1,0,0,3,4,11,9
2019-01-19,E0,Wolves,Leicester,2,4,3,12,16,7,6,1009.74133785866,1013.41769323628,0,2,2,0,0,2,2,0,4,9,13,14,28,28,1,-1,-4,4,1,-1,3,4,6,7,16,12
2019-01-20,E0,Fulham,Tottenham,0,1,2,12,14,4,5,761.94714220978,1214.73909701025,1,3,0,0,2,3,0,0,5,9,9,21,14,42,-1,1,-2,2,-1,1,2,1,5,4,14,12
2019-01-20,E0,Huddersfield,Manchester City,0,0,3,5,12,2,4,740.441034135899,1352.42068081573,0,1,4,0,0,1,5,0,1,9,4,21,11,47,-3,3,-7,7,-2,2,3,0,4,2,12,5
2019-01-29,E0,Arsenal,Cardiff,2,2,1,15,19,4,2,1196.44377407372,842.796883828836,5,0,0,1,11,0,0,1,7,5,17,11,41,17,1,-1,-4,4,2,-2,1,2,2,4,19,15
2019-01-29,E0,Fulham,Brighton,2,4,2,24,15,7,6,757.548899631131,945.636707500522,0,0,1,1,0,0,1,4,4,5,6,11,11,23,2,-2,9,-9,1,-1,2,4,6,7,15,24
2019-01-29,E0,Huddersfield,Everton,0,0,1,10,10,2,5,737.314262464975,979.558479686146,0,0,5,2,0,0,6,2,1,6,1,8,10,25,-1,1,0,0,-3,3,1,0,5,2,10,10
2019-01-29,E0,Manchester Utd,Burnley,1,2,2,28,6,9,4,1254.92690117076,936.783388195213,4,0,0,0,9,2,0,1,15,10,23,13,41,21,0,0,22,-22,5,-5,2,2,4,9,6,28
2019-01-29,E0,Newcastle,Manchester City,2,2,1,6,12,2,4,939.560643462626,1355.54745248665,1,2,0,0,1,2,0,0,4,12,9,21,20,49,1,-1,-6,6,-2,2,1,2,4,2,12,6
2019-01-29,E0,Wolves,West Ham,2,3,0,20,4,9,0,1042.07993006537,978.604243888812,1,0,0,2,1,0,0,2,7,7,16,19,30,31,3,-3,16,-16,9,-9,0,3,0,9,4,20
2019-01-30,E0,Bournemouth,Chelsea,2,4,0,12,11,7,7,957.308037064767,1166.88965488424,1,0,0,1,3,0,0,1,4,10,10,19,23,38,4,-4,1,-1,0,0,0,4,7,7,11,12
2019-01-30,E0,Liverpool,Leicester,1,1,1,10,5,3,2,1427.92956349982,981.079101029565,7,0,0,1,34,0,0,1,12,6,27,13,51,25,0,0,5,-5,1,-1,1,1,2,3,5,10
2019-01-30,E0,Southampton,Crystal Palace,1,1,1,13,15,4,3,1010.54852613803,952.609260327704,1,0,0,1,1,0,0,1,7,4,14,13,21,19,0,0,-2,2,1,-1,1,1,3,4,15,13
2019-01-30,E0,Tottenham,Watford,2,2,1,17,9,3,1,1219.1373395889,1023.30362418227,0,1,2,0,0,4,2,0,9,6,21,13,42,24,1,-1,8,-8,2,-2,1,2,1,3,9,17
2019-02-02,E0,Brighton,Watford,1,0,0,21,5,4,0,880.112684174188,1007.64551424803,0,0,1,1,0,0,1,1,4,6,8,13,22,21,0,0,16,-16,4,-4,0,0,0,4,5,21
2019-02-02,E0,Burnley,Southampton,1,1,1,15,10,6,4,948.365026399836,1007.90478629152,2,1,0,0,2,3,0,0,11,8,14,14,22,19,0,0,5,-5,2,-2,1,1,4,6,10,15
2019-02-02,E0,Cardiff,Bournemouth,2,2,0,12,9,5,2,835.404904492972,1056.59997716375,0,0,0,6,1,0,3,6,4,7,8,13,17,26,2,-2,3,-3,3,-3,0,2,2,5,9,12
2019-02-02,E0,Chelsea,Huddersfield,2,5,0,23,5,7,2,1067.59771478526,724.597773759303,1,0,0,0,2,1,0,5,7,1,16,1,35,9,5,-5,18,-18,5,-5,0,5,2,7,5,23
2019-02-02,E0,Crystal Palace,Fulham,2,2,0,17,8,6,0,955.253000174211,823.072922957465,0,0,2,2,0,0,3,17,4,6,11,9,20,13,2,-2,9,-9,6,-6,0,2,0,6,8,17
2019-02-02,E0,Everton,Wolves,0,1,3,13,8,4,4,992.274968391818,1086.75811480723,1,0,0,1,1,0,0,1,6,9,11,19,27,30,-2,2,5,-5,0,0,3,1,4,4,8,13
2019-02-02,E0,Tottenham,Newcastle,2,1,0,21,8,4,2,1234.79544952315,998.211239360461,1,0,0,1,1,0,0,3,9,7,24,12,45,23,1,-1,13,-13,2,-2,0,1,2,4,8,21
2019-02-03,E0,Leicester,Manchester Utd,0,0,1,17,10,6,6,994.808892714816,1243.34526296613,0,3,2,0,0,3,2,0,4,13,11,23,26,39,-1,1,7,-7,0,0,1,0,6,6,10,17
2019-02-03,E0,Manchester City,Arsenal,2,3,1,19,4,12,2,1296.89685658882,1203.83575340958,2,0,0,2,2,0,0,5,12,9,18,17,46,41,2,-2,15,-15,10,-10,1,3,2,12,4,19
2019-02-04,E0,West Ham,Liverpool,1,1,1,13,11,2,6,933.926059146957,1414.19977181457,1,1,0,0,2,1,0,0,4,10,16,25,31,49,0,0,2,-2,-4,4,1,1,6,2,11,13
2019-02-06,E0,Everton,Manchester City,0,0,2,4,15,1,4,960.058615322999,1329.28025090746,0,0,1,1,0,0,1,1,6,12,10,18,27,46,-2,2,-11,11,-3,3,2,0,4,1,15,4
2019-02-09,E0,Brighton,Burnley,0,1,3,16,9,6,5,885.735489515794,951.080404366637,0,0,0,0,1,3,2,2,2,9,6,15,22,23,-2,2,7,-7,1,-1,3,1,5,6,9,16
2019-02-09,E0,Crystal Palace,West Ham,1,1,1,25,6,5,4,983.186192203616,948.029641867769,1,0,0,3,1,0,0,3,7,5,14,14,20,29,0,0,19,-19,1,-1,1,1,4,5,6,25
2019-02-09,E0,Fulham,Manchester Utd,0,0,3,15,15,3,7,795.13973092806,1255.69669605581,1,4,0,0,1,4,0,0,3,13,8,25,13,39,-3,3,0,0,-4,4,3,0,7,3,15,15
2019-02-09,E0,Huddersfield,Arsenal,0,1,2,15,9,6,4,706.559397115208,1171.45235909094,0,0,6,3,0,0,7,6,1,9,1,16,9,38,-1,1,6,-6,2,-2,2,1,4,6,9,15
2019-02-09,E0,Liverpool,Bournemouth,2,3,0,20,12,9,2,1400.09618909376,988.067419946202,0,0,0,7,35,0,1,7,8,7,23,10,47,23,3,-3,8,-8,7,-7,0,3,2,9,12,20
2019-02-09,E0,Southampton,Cardiff,0,1,2,14,6,7,3,1005.18940832472,903.937461710518,0,0,0,2,2,0,1,2,9,4,15,11,19,20,-1,1,8,-8,4,-4,2,1,3,7,6,14
2019-02-09,E0,Watford,Everton,2,1,0,7,9,2,4,1002.02270890642,950.703656603931,0,1,0,0,2,1,3,0,6,6,14,9,22,27,1,-1,-2,2,-2,2,0,1,4,2,9,7
2019-02-10,E0,Manchester City,Chelsea,2,6,0,15,12,9,4,1338.63520962653,1085.63609142935,3,0,0,2,3,0,0,2,12,7,21,19,46,35,6,-6,3,-3,5,-5,0,6,4,9,12,15
2019-02-10,E0,Tottenham,Leicester,2,3,1,12,20,5,9,1247.8471995064,982.457459625138,2,0,0,0,2,1,0,2,12,4,24,10,48,26,2,-2,-8,8,-4,4,1,3,9,5,20,12
2019-02-11,E0,Wolves,Newcastle,1,1,1,22,9,6,3,1118.97446787604,985.159489377204,2,0,0,2,2,0,0,4,9,6,19,11,30,23,0,0,13,-13,3,-3,1,1,3,6,9,22
2019-02-22,E0,Cardiff,Watford,0,1,5,15,12,6,7,945.007774044523,1029.33012706848,1,0,0,0,2,1,0,2,7,8,11,16,23,24,-4,4,3,-3,-1,1,5,1,7,6,12,15
2019-02-22,E0,West Ham,Fulham,2,3,1,21,8,7,5,949.643157587824,787.95068033633,0,0,0,3,3,0,1,18,5,3,12,8,29,12,2,-2,13,-13,2,-2,1,3,5,7,8,21
2019-02-23,E0,Bournemouth,Wolves,1,1,1,10,10,3,2,978.759278755291,1113.09971623416,2,1,0,0,4,1,0,0,6,10,10,17,23,30,0,0,0,0,1,-1,1,1,2,3,10,10
2019-02-23,E0,Burnley,Tottenham,2,2,1,10,17,4,6,986.785282511224,1263.48941823375,0,4,0,0,3,4,1,0,9,12,15,24,23,48,1,-1,-7,7,-2,2,1,2,6,4,17,10
2019-02-23,E0,Leicester,Crystal Palace,0,1,4,27,7,5,5,966.815240897788,981.572676483562,0,0,3,0,0,1,3,2,1,5,10,15,23,20,-3,3,20,-20,0,0,4,1,5,5,7,27
2019-02-23,E0,Newcastle,Huddersfield,2,2,0,29,3,12,1,991.034241019088,702.438046249905,2,0,0,1,2,0,0,6,7,1,12,1,23,9,2,-2,26,-26,11,-11,0,2,1,12,3,29
2019-02-24,E0,Arsenal,Southampton,2,2,0,12,10,4,4,1175.57370995624,964.119095990712,6,0,0,0,12,4,0,1,9,8,16,15,38,19,2,-2,2,-2,0,0,0,2,4,4,10,12
2019-02-24,E0,Manchester Utd,Liverpool,1,0,0,6,7,3,1,1262.88574664754,1409.40433028467,0,0,0,0,10,2,1,1,13,11,25,23,41,47,0,0,-1,1,2,-2,0,0,1,3,7,6
2019-02-26,E0,Cardiff,Everton,0,0,3,6,12,0,4,895.859358122756,923.396238441875,0,0,1,1,0,0,1,1,6,3,11,9,23,24,-3,3,-6,6,-4,4,3,0,4,0,12,6
2019-02-26,E0,Huddersfield,Wolves,2,1,0,15,7,3,0,688.43970582332,1107.20404024488,0,0,7,0,0,2,8,1,0,11,1,15,9,28,1,-1,8,-8,3,-3,0,1,0,3,7,15
2019-02-26,E0,Leicester,Brighton,2,2,1,19,15,3,3,914.598500602315,850.030611371207,0,0,4,2,0,0,4,5,1,1,10,6,20,22,1,-1,4,-4,0,0,1,2,3,3,15,19
2019-02-26,E0,Newcastle,Burnley,2,2,0,12,12,3,2,1005.03258144567,1039.97023490392,3,1,0,0,3,4,0,0,10,9,12,18,26,23,2,-2,0,0,1,-1,0,2,2,3,12,12
2019-02-27,E0,Arsenal,Bournemouth,2,5,1,16,13,6,5,1195.60999081041,984.654954744572,7,0,0,8,13,0,0,8,12,7,19,11,38,21,4,-4,3,-3,1,-1,1,5,5,6,13,16
2019-02-27,E0,Chelsea,Tottenham,2,2,0,11,9,1,0,1054.22546024383,1210.30446584106,2,0,0,1,3,0,0,1,6,12,16,21,34,45,2,-2,2,-2,1,-1,0,2,0,1,9,11
2019-02-27,E0,Crystal Palace,Manchester Utd,0,1,3,17,13,2,4,1033.78941677903,1269.25972623281,0,5,0,0,2,5,1,0,8,11,15,26,23,42,-2,2,4,-4,-2,2,3,1,4,2,13,17
2019-02-27,E0,Liverpool,Watford,2,5,0,19,5,10,3,1403.0303506994,1078.47854299025,1,1,0,0,36,2,0,0,9,8,21,16,47,27,5,-5,14,-14,7,-7,0,5,3,10,5,19
2019-02-27,E0,Manchester City,West Ham,2,1,0,20,2,7,1,1370.04584081204,974.446145910443,4,0,0,0,4,1,0,4,12,5,21,12,46,29,1,-1,18,-18,6,-6,0,1,1,7,2,20
2019-02-27,E0,Southampton,Fulham,2,2,0,14,14,4,4,944.082815136538,763.147692013711,0,0,1,4,0,0,2,19,5,3,12,8,19,12,2,-2,0,0,0,0,0,2,4,4,14,14
2019-03-02,E0,Bournemouth,Manchester City,0,0,1,0,23,0,7,955.121459217092,1375.99939605582,0,1,0,0,5,1,1,0,4,12,8,24,18,48,-1,1,-23,23,-7,7,1,0,7,0,23,0
2019-03-02,E0,Brighton,Huddersfield,2,1,0,13,6,4,4,823.91000355504,747.168162810978,0,0,1,2,0,0,3,7,1,3,6,4,22,11,1,-1,7,-7,0,0,0,1,4,4,6,13
2019-03-02,E0,Burnley,Crystal Palace,0,1,3,18,10,4,4,991.71715971998,1015.80985077192,1,1,0,0,4,2,0,0,8,8,18,12,22,23,-2,2,8,-8,0,0,3,1,4,4,10,18
2019-03-02,E0,Manchester Utd,Southampton,2,3,2,16,6,6,3,1287.23929223992,966.963487593801,0,0,0,1,11,0,2,2,11,5,26,12,42,22,1,-1,10,-10,3,-3,2,3,3,6,6,16
2019-03-02,E0,Tottenham,Arsenal,1,1,1,10,9,3,4,1147.97107696203,1225.14348633789,3,1,0,0,3,1,0,0,9,12,18,19,42,38,0,0,1,-1,-1,1,1,1,4,3,9,10
2019-03-02,E0,West Ham,Newcastle,2,2,0,10,17,4,2,968.49259066667,1053.28565662961,1,0,0,0,4,1,0,5,5,10,12,14,29,29,2,-2,-7,7,2,-2,0,2,2,4,17,10
2019-03-02,E0,Wolves,Cardiff,2,2,0,13,12,6,4,1048.47558325722,845.640774425566,0,1,0,0,3,1,1,0,8,6,15,11,25,23,2,-2,1,-1,2,-2,0,2,4,6,12,13
2019-03-03,E0,Everton,Liverpool,1,0,0,7,10,3,3,973.614822139066,1422.81944885156,0,0,2,0,0,3,2,2,6,9,12,21,24,49,0,0,-3,3,0,0,0,0,3,3,10,7
2019-03-03,E0,Fulham,Chelsea,0,1,2,12,20,5,7,740.267019556448,1116.55884912286,0,0,1,3,0,0,1,3,3,6,7,16,12,36,-1,1,-8,8,-2,2,2,1,7,5,20,12
2019-03-03,E0,Watford,Leicester,2,2,1,6,14,5,2,1058.68944483809,940.719108418482,1,0,0,1,3,0,0,3,7,4,13,10,27,23,1,-1,-8,8,3,-3,1,2,2,5,14,6
2019-03-09,E0,Cardiff,West Ham,2,2,0,16,9,7,2,824.827082590853,1022.84627116774,0,0,2,1,0,0,2,5,6,8,10,12,20,32,2,-2,7,-7,5,-5,0,2,2,7,9,16
2019-03-09,E0,Crystal Palace,Brighton,0,1,2,15,4,3,3,1056.63105670369,848.954567278551,0,0,1,3,0,0,2,6,10,4,14,9,26,22,-1,1,11,-11,0,0,2,1,3,3,4,15
2019-03-09,E0,Huddersfield,Bournemouth,0,0,2,8,8,1,5,722.123599087467,949.908473209204,1,0,0,9,1,0,0,9,3,1,4,8,11,17,-2,2,0,0,-4,4,2,0,5,1,8,8
2019-03-09,E0,Leicester,Fulham,2,3,1,18,6,8,3,919.18541091563,733.685555133694,1,0,0,5,1,0,0,20,3,0,7,6,23,12,2,-2,12,-12,5,-5,1,3,3,8,6,18
2019-03-09,E0,Manchester City,Watford,2,3,1,19,2,9,1,1381.2123820637,1080.22314234094,5,0,0,1,5,0,0,1,15,10,27,16,48,27,2,-2,17,-17,8,-8,1,3,1,9,2,19
2019-03-09,E0,Newcastle,Everton,2,3,2,19,7,7,3,998.931976128541,987.37303065164,4,1,0,0,4,1,0,0,7,4,14,10,29,22,1,-1,12,-12,4,-4,2,3,3,7,7,19
2019-03-09,E0,Southampton,Tottenham,2,2,1,12,16,4,5,958.219839030148,1151.46768164309,1,0,0,2,1,0,0,2,4,7,12,16,21,40,1,-1,-4,4,-1,1,1,2,5,4,16,12
2019-03-10,E0,Arsenal,Manchester Utd,2,2,0,14,14,3,4,1221.64688165684,1295.98294080357,8,6,0,0,14,6,0,0,10,13,19,26,36,44,2,-2,0,0,-1,1,0,2,4,3,14,14
2019-03-10,E0,Chelsea,Wolves,1,1,1,22,2,6,1,1123.14031354561,1069.28927509193,3,0,0,1,4,0,0,2,9,8,19,17,36,28,0,0,20,-20,5,-5,1,1,1,6,2,22
2019-03-10,E0,Liverpool,Burnley,2,4,2,23,3,5,2,1409.06124033899,950.895953788212,2,0,0,1,37,0,0,1,9,7,19,18,47,22,2,-2,20,-20,3,-3,2,4,2,5,3,23
2019-03-16,E0,Bournemouth,Newcastle,1,2,2,10,12,3,4,968.528684051117,1029.86775052293,0,0,1,1,0,0,2,6,4,10,11,16,17,31,0,0,-2,2,-1,1,2,2,4,3,12,10
2019-03-16,E0,Burnley,Leicester,0,1,2,13,9,2,4,945.039281745218,941.624486517374,0,0,1,2,0,0,1,4,6,6,15,10,22,25,-1,1,4,-4,-2,2,2,1,4,2,9,13
2019-03-16,E0,West Ham,Huddersfield,2,4,3,16,15,5,5,956.387993062131,703.503388245554,2,0,0,3,5,0,0,8,7,3,12,4,31,11,1,-1,1,-1,0,0,3,4,5,5,15,16
2019-03-17,E0,Everton,Chelsea,2,2,0,15,16,8,5,956.437256257253,1120.68005161307,0,1,0,0,1,1,3,0,4,10,10,17,22,36,2,-2,-1,1,3,-3,0,2,5,8,16,15
2019-03-17,E0,Fulham,Liverpool,0,1,2,7,16,2,6,711.246479531949,1414.91791238198,0,0,2,0,0,4,2,3,0,11,3,19,12,47,-1,1,-9,9,-4,4,2,1,6,2,16,7
2019-03-30,E0,Brighton,Southampton,0,0,1,14,8,1,2,898.088652174159,1006.38500667795,1,0,0,2,1,0,0,3,7,6,11,15,22,23,-1,1,6,-6,-1,1,1,0,2,1,8,14
2019-03-30,E0,Burnley,Wolves,2,2,0,5,8,1,1,912.72477760878,1071.74953702448,0,0,2,0,0,1,2,3,3,6,12,15,22,29,2,-2,-3,3,0,0,0,2,1,1,8,5
2019-03-30,E0,Crystal Palace,Huddersfield,2,2,0,19,15,5,5,1007.49697180808,691.39953609372,0,0,2,4,0,0,3,9,7,3,14,4,25,8,2,-2,4,-4,0,0,0,2,5,5,15,19
2019-03-30,E0,Fulham,Manchester City,0,0,2,5,24,0,7,710.151250361383,1394.39168893942,0,2,3,0,0,2,3,0,0,15,3,27,12,48,-2,2,-19,19,-7,7,2,0,7,0,24,5
2019-03-30,E0,Leicester,Bournemouth,2,2,0,18,8,4,2,973.938990653813,971.324465207545,2,1,0,0,2,1,0,0,9,5,10,11,25,18,2,-2,10,-10,2,-2,0,2,2,4,8,18
2019-03-30,E0,Manchester Utd,Watford,2,2,1,8,20,5,8,1242.88231719978,1067.04383546522,1,0,0,2,12,0,0,2,10,9,23,15,41,24,1,-1,-12,12,-3,3,1,2,8,5,20,8
2019-03-30,E0,West Ham,Everton,0,0,2,3,17,1,9,968.491845213965,1019.60983362813,3,0,0,1,6,0,0,1,9,7,14,13,31,22,-2,2,-14,14,-8,8,2,0,9,1,17,3
2019-03-31,E0,Cardiff,Chelsea,0,1,2,8,21,3,3,891.285360696462,1057.50747424219,1,0,0,1,1,0,0,1,6,7,10,14,23,33,-1,1,-13,13,0,0,2,1,3,3,21,8
2019-03-31,E0,Liverpool,Tottenham,2,2,1,14,11,3,2,1416.01314155255,1103.30251399528,3,0,0,3,38,0,0,3,11,4,22,16,49,40,1,-1,3,-3,1,-1,1,2,2,3,11,14
2019-04-01,E0,Arsenal,Newcastle,2,2,0,7,3,4,1,1274.74750526064,1027.0719693665,9,0,0,0,15,1,0,7,13,10,22,17,38,29,2,-2,4,-4,3,-3,0,2,1,4,3,7
2019-04-02,E0,Watford,Fulham,2,4,1,15,17,7,7,1049.98476160382,708.475926167355,2,0,0,6,4,0,0,21,6,0,14,3,24,12,3,-3,-2,2,0,0,1,4,7,7,17,15
2019-04-02,E0,Wolves,Manchester Utd,2,2,1,9,18,2,4,1009.11138511614,1259.94139106118,1,0,0,1,4,0,0,1,5,10,15,23,29,41,1,-1,-9,9,-2,2,1,2,4,2,18,9
2019-04-03,E0,Chelsea,Brighton,2,3,0,17,3,4,1,1075.26805275887,875.752160822136,0,1,0,0,5,1,1,0,10,6,16,8,33,19,3,-3,14,-14,3,-3,0,3,1,4,3,17
2019-04-03,E0,Manchester City,Cardiff,2,2,0,27,4,11,1,1396.06701313345,873.524782179779,6,0,0,1,6,0,0,1,15,3,27,10,48,23,2,-2,23,-23,10,-10,0,2,1,11,4,27
2019-04-03,E0,Tottenham,Crystal Palace,2,2,0,26,5,10,1,1094.22487998547,1019.73162482165,0,2,0,0,4,3,1,0,1,9,13,14,37,28,2,-2,21,-21,9,-9,0,2,1,10,5,26
2019-04-05,E0,Southampton,Liverpool,0,1,3,11,17,1,5,1028.72149802997,1425.09077556236,2,1,0,0,2,5,0,0,9,13,17,22,26,49,-2,2,-6,6,-4,4,3,1,5,1,17,11
2019-04-06,E0,Bournemouth,Burnley,0,1,3,10,11,2,3,927.796878700677,975.36292951712,0,0,0,2,1,0,3,2,4,3,11,12,18,24,-2,2,-1,1,-1,1,3,1,3,2,11,10
2019-04-06,E0,Huddersfield,Leicester,0,1,4,10,18,4,9,679.164883080156,1017.46657716068,0,1,1,0,0,1,1,0,3,12,3,13,7,27,-3,3,-8,8,-5,5,4,1,9,4,18,10
2019-04-06,E0,Newcastle,Crystal Palace,0,0,1,18,3,5,1,1010.07590631369,985.135972440926,5,0,0,1,5,0,0,1,7,6,17,14,26,28,-1,1,15,-15,4,-4,1,0,1,5,3,18
2019-04-07,E0,Everton,Arsenal,2,1,0,23,7,6,2,1057.06086805504,1291.74356831345,1,0,0,0,2,2,0,1,10,13,13,22,24,40,1,-1,16,-16,4,-4,0,1,2,6,7,23
2019-04-08,E0,Chelsea,West Ham,2,2,0,16,9,7,2,1101.52633662547,931.040810787057,1,0,0,2,6,0,0,6,10,6,16,11,35,30,2,-2,7,-7,5,-5,0,2,2,7,9,16
2019-04-12,E0,Leicester,Newcastle,0,0,1,12,11,5,5,1031.08146236856,975.782790806647,3,0,0,1,3,0,0,8,12,4,16,14,29,23,-1,1,1,-1,0,0,1,0,5,5,11,12
2019-04-13,E0,Brighton,Bournemouth,0,0,5,8,14,1,7,849.493876955533,889.906401328346,0,0,1,1,0,0,1,1,6,4,7,8,19,18,-5,5,-6,6,-6,6,5,0,7,1,14,8
2019-04-13,E0,Burnley,Cardiff,2,2,0,14,14,7,2,1013.25340688945,869.396377290318,1,0,0,2,1,0,0,2,6,3,14,9,27,20,2,-2,0,0,5,-5,0,2,2,7,14,14
2019-04-13,E0,Fulham,Everton,2,2,0,12,8,5,1,695.079498935834,1107.89502015877,0,1,4,0,0,1,4,0,0,10,3,16,9,24,2,-2,4,-4,4,-4,0,2,1,5,8,12
2019-04-13,E0,Manchester Utd,West Ham,2,2,1,14,18,4,4,1208.16175132996,907.128290548582,2,0,0,3,13,0,0,7,9,6,20,11,41,30,1,-1,-4,4,0,0,1,2,4,4,18,14
2019-04-13,E0,Southampton,Wolves,2,3,1,13,17,6,2,1020.59457569694,1060.89102484736,0,0,1,1,0,0,1,4,9,7,14,18,25,31,2,-2,-4,4,4,-4,1,3,2,6,17,13
2019-04-13,E0,Tottenham,Huddersfield,2,4,0,22,7,5,1,1128.82053236618,665.549997872275,1,0,0,5,5,0,0,10,4,0,16,3,37,4,4,-4,15,-15,4,-4,0,4,1,5,7,22
2019-04-14,E0,Crystal Palace,Manchester City,0,1,3,7,20,3,6,1019.42908794797,1400.19541802291,1,3,0,0,1,3,0,0,9,15,17,27,30,48,-2,2,-13,13,-3,3,3,1,6,3,20,7
2019-04-14,E0,Liverpool,Chelsea,2,2,0,15,6,7,3,1433.21769789539,1125.43885686395,4,1,0,0,39,1,0,0,13,10,22,19,49,38,2,-2,9,-9,4,-4,0,2,3,7,6,15
2019-04-15,E0,Watford,Arsenal,0,0,1,11,19,3,6,1063.38118883534,1240.90941620971,3,0,0,1,5,0,0,2,6,10,14,22,26,39,-1,1,-8,8,-3,3,1,0,6,3,19,11
2019-04-16,E0,Brighton,Cardiff,0,0,2,14,10,2,3,784.078281526802,842.726967597354,0,0,2,3,0,0,2,3,6,3,7,9,19,20,-2,2,4,-4,-1,1,2,0,3,2,10,14
2019-04-20,E0,Bournemouth,Fulham,0,0,1,15,17,5,5,955.321996757077,775.339515373314,0,0,1,7,0,0,4,22,7,3,8,3,21,12,-1,1,-2,2,0,0,1,0,5,5,17,15
2019-04-20,E0,Huddersfield,Watford,0,1,2,13,11,3,6,657.16963578019,1046.44354208898,0,0,2,3,0,0,2,3,0,6,3,13,4,26,-1,1,2,-2,-3,3,2,1,6,3,11,13
2019-04-20,E0,Manchester City,Tottenham,2,1,0,15,10,4,4,1409.00932556704,1137.20089445827,7,0,0,4,7,0,0,4,15,7,27,16,48,37,1,-1,5,-5,0,0,0,1,4,4,10,15
2019-04-20,E0,Newcastle,Southampton,2,3,1,15,15,6,3,1012.83340999196,1069.51622340345,0,1,1,0,0,1,1,0,7,9,14,14,26,28,2,-2,0,0,3,-3,1,3,3,6,15,15
2019-04-20,E0,West Ham,Leicester,1,2,2,11,11,3,5,897.51430280238,994.030843183247,0,2,1,0,0,2,1,0,3,12,11,15,27,26,0,0,0,0,-2,2,2,2,5,3,11,11
2019-04-20,E0,Wolves,Brighton,1,0,0,22,5,5,0,1011.96937714086,747.554499115111,2,0,0,1,5,0,0,1,7,3,15,7,31,18,0,0,17,-17,5,-5,0,0,0,5,5,22
2019-04-21,E0,Arsenal,Crystal Palace,0,2,3,12,16,5,7,1257.84706295607,1010.61518040384,10,1,0,0,16,1,0,0,10,6,22,16,39,27,-1,1,-4,4,-2,2,3,2,7,5,16,12
2019-04-21,E0,Cardiff,Liverpool,0,0,2,7,17,2,6,879.250750009046,1445.96525490648,0,2,1,0,0,6,1,0,6,15,12,24,20,49,-2,2,-10,10,-4,4,2,0,6,2,17,7
2019-04-21,E0,Everton,Manchester Utd,2,4,0,15,7,8,1,1027.63500372129,1217.77573907616,2,0,0,2,3,0,0,2,9,9,13,20,24,43,4,-4,8,-8,7,-7,0,4,1,8,7,15
2019-04-22,E0,Chelsea,Burnley,1,2,2,22,6,9,3,1112.69129985286,1039.92281658241,2,1,0,0,7,1,0,0,9,9,19,16,35,30,0,0,16,-16,6,-6,2,2,3,9,6,22
2019-04-23,E0,Tottenham,Brighton,2,1,0,29,6,5,1,1126.13019465944,757.82159298175,2,0,0,0,6,1,0,2,6,1,13,8,37,16,1,-1,23,-23,4,-4,0,1,1,5,6,29
2019-04-23,E0,Watford,Southampton,1,1,1,15,8,4,4,1052.59665939139,1018.56621337778,0,0,1,1,0,0,1,1,6,9,16,13,29,27,0,0,7,-7,0,0,1,1,4,4,8,15
2019-04-24,E0,Manchester Utd,Manchester City,0,0,2,12,8,1,5,1121.11999418353,1420.08002536588,3,4,0,0,14,4,0,0,6,15,19,30,42,48,-2,2,4,-4,-4,4,2,0,5,1,8,12
2019-04-24,E0,Wolves,Arsenal,2,3,1,11,11,3,1,1001.70228327422,1206.27351856971,0,1,0,0,6,1,1,0,5,9,13,19,32,36,2,-2,0,0,2,-2,1,3,1,3,11,11
2019-04-26,E0,Liverpool,Huddersfield,2,5,0,21,5,7,1,1449.20093344391,651.016518477785,5,0,0,6,40,0,0,11,15,0,26,3,49,4,5,-5,16,-16,6,-6,0,5,1,7,5,21
2019-04-27,E0,Brighton,Newcastle,1,1,1,9,9,2,1,750.963783994572,1063.78342001763,0,1,3,0,0,1,3,0,1,7,7,17,13,28,0,0,0,0,1,-1,1,1,1,2,9,9
2019-04-27,E0,Crystal Palace,Everton,1,0,0,8,22,0,3,1062.1887247902,1124.29074861392,0,0,1,1,0,0,1,1,9,12,16,16,30,26,0,0,-14,14,-3,3,0,0,3,0,22,8
2019-04-27,E0,Fulham,Cardiff,2,1,0,8,13,2,8,822.577245822656,876.015071471618,1,1,0,0,1,1,0,0,6,3,6,9,14,20,1,-1,-5,5,-6,6,0,1,8,2,13,8
2019-04-27,E0,Southampton,Bournemouth,1,3,3,22,9,7,5,1020.12838086222,908.084266307735,1,1,0,0,1,1,0,0,7,4,13,8,28,18,0,0,13,-13,2,-2,3,3,5,7,9,22
2019-04-27,E0,Tottenham,West Ham,0,0,1,14,16,4,7,1132.98800364661,901.848140710787,3,0,0,4,7,0,0,8,9,4,13,11,37,25,-1,1,-2,2,-3,3,1,0,7,4,16,14
2019-04-27,E0,Watford,Wolves,0,1,2,10,11,1,4,1051.03449190695,1068.7620906215,0,0,0,2,1,0,2,5,7,7,16,13,30,32,-1,1,-1,1,-3,3,2,1,4,1,11,10
2019-04-28,E0,Burnley,Manchester City,0,0,1,2,25,0,7,1043.22577279463,1433.39068480191,2,5,0,0,2,5,0,0,10,15,16,30,31,48,-1,1,-23,23,-7,7,1,0,7,0,25,2
2019-04-28,E0,Leicester,Arsenal,2,3,0,24,6,12,1,989.69700527484,1139.21371122243,0,0,1,1,0,0,1,1,10,6,16,19,26,35,3,-3,18,-18,11,-11,0,3,1,12,6,24
2019-04-28,E0,Manchester Utd,Chelsea,1,1,1,7,16,5,3,1107.8093347475,1109.38834364064,0,0,1,1,0,0,1,1,6,10,16,17,41,36,0,0,-9,9,2,-2,1,1,3,5,16,7
2019-05-03,E0,Everton,Burnley,2,2,0,20,5,6,1,1121.46091787717,1037.1011218394,3,0,0,0,4,2,0,1,10,10,17,13,26,28,2,-2,15,-15,5,-5,0,2,1,6,5,20
2019-05-04,E0,Bournemouth,Tottenham,2,1,0,20,11,6,5,913.072356670245,1082.36840255095,0,0,2,5,0,0,5,5,4,9,9,10,19,34,1,-1,9,-9,1,-1,0,1,5,6,11,20
2019-05-04,E0,Cardiff,Crystal Palace,0,2,3,18,21,8,7,839.131712837208,1065.01855552695,0,2,2,0,0,2,2,0,3,7,6,16,17,31,-1,1,-3,3,1,-1,3,2,7,8,21,18
2019-05-04,E0,Newcastle,Liverpool,0,2,3,14,11,7,4,1052.31979342178,1450.68116844367,1,3,0,0,1,7,0,0,7,15,17,26,29,49,-1,1,3,-3,3,-3,3,2,4,7,11,14
2019-05-04,E0,West Ham,Southampton,2,3,0,17,11,6,1,952.467741806448,1015.14029049971,0,0,0,0,1,1,2,2,4,5,13,14,25,29,3,-3,6,-6,5,-5,0,3,1,6,11,17
2019-05-04,E0,Wolves,Fulham,2,1,0,19,6,6,2,1099.13073391947,859.460604457066,1,1,0,0,7,1,0,0,10,9,15,9,32,17,1,-1,13,-13,4,-4,0,1,2,6,6,19
2019-05-05,E0,Arsenal,Brighton,1,1,1,20,11,8,5,1062.56363885273,762.427410590426,0,0,1,1,0,0,1,3,3,2,16,8,32,14,0,0,9,-9,3,-3,1,1,5,8,11,20
2019-05-05,E0,Chelsea,Watford,2,3,0,19,15,9,3,1109.3156280945,1020.66584860898,0,1,0,0,8,1,1,0,8,7,18,13,34,29,3,-3,4,-4,6,-6,0,3,3,9,15,19
2019-05-05,E0,Huddersfield,Manchester Utd,1,1,1,7,23,3,7,649.536283478028,1107.88205029364,0,0,3,3,0,0,3,3,0,4,3,14,4,39,0,0,-16,16,-4,4,1,1,7,3,23,7
2019-05-06,E0,Manchester City,Leicester,2,1,0,19,7,5,2,1439.51533575714,1066.34707764454,8,0,0,0,8,3,0,1,15,10,30,19,51,29,1,-1,12,-12,3,-3,0,1,2,5,7,19
2019-05-12,E0,Brighton,Manchester City,0,1,4,6,20,2,9,773.599280569173,1446.20373092449,0,6,0,0,1,6,4,0,3,15,9,30,15,51,-3,3,-14,14,-7,7,4,1,9,2,20,6
2019-05-12,E0,Burnley,Arsenal,0,1,3,14,17,5,6,1003.68799074022,1051.39176887398,0,0,1,2,0,0,1,2,7,4,10,14,28,33,-2,2,-3,3,-1,1,3,1,6,5,17,14
2019-05-12,E0,Crystal Palace,Bournemouth,2,5,3,17,16,8,8,1078.72178657329,959.537941275673,0,0,0,0,1,2,2,1,10,7,16,11,31,22,2,-2,1,-1,0,0,3,5,8,8,16,17
2019-05-12,E0,Fulham,Newcastle,0,0,4,16,13,2,6,846.592452850733,1046.45152682626,2,0,0,0,2,2,0,1,9,7,9,14,17,26,-4,4,3,-3,-4,4,4,0,6,2,13,16
2019-05-12,E0,Leicester,Chelsea,1,0,0,9,14,3,4,1059.6586824772,1150.22752706239,1,0,0,0,1,1,0,2,7,8,19,18,29,34,0,0,-5,5,-1,1,0,0,4,3,14,9
2019-05-12,E0,Liverpool,Wolves,2,2,0,13,7,5,2,1456.54943503919,1111.9988855258,6,1,0,0,41,1,0,0,15,10,28,17,49,32,2,-2,6,-6,3,-3,0,2,2,5,7,13
2019-05-12,E0,Manchester Utd,Cardiff,0,0,2,26,13,10,4,1094.01659255803,825.428481790863,0,0,0,1,1,0,2,1,5,3,14,6,40,17,-2,2,13,-13,6,-6,2,0,4,10,13,26
2019-05-12,E0,Southampton,Huddersfield,1,1,1,10,10,3,3,950.87727645989,663.401741213637,0,0,0,7,2,0,1,12,5,1,14,4,26,5,0,0,0,0,0,0,1,1,3,3,10,10
2019-05-12,E0,Tottenham,Everton,1,2,2,11,17,3,9,1035.90281794552,1154.87404897636,0,0,1,0,0,1,1,2,6,10,10,20,31,29,0,0,-6,6,-6,6,2,2,9,3,17,11
2019-05-12,E0,Watford,West Ham,0,1,4,17,16,8,9,979.753949641086,1016.73075584627,0,1,1,0,0,1,3,0,4,7,10,13,26,25,-3,3,1,-1,-1,1,4,1,9,8,16,17
2023-08-11,N1,Volendam,Vitesse,0,1,2,4,13,4,9,1000,1000,0,0,0,0,0,0,0,0,0,0,0,0,0,0,-1,1,-9,9,-5,5,2,1,9,4,13,4
2023-08-12,N1,PSV Eindhoven,Utrecht,2,2,0,23,7,8,1,1000,1000,0,0,0,0,0,0,0,0,0,0,0,0,0,0,2,-2,16,-16,7,-7,0,2,1,8,7,23
2023-08-12,N1,Heerenveen,Waalwijk,2,3,1,19,13,9,5,1000,1000,0,0,0,0,0,0,0,0,0,0,0,0,0,0,2,-2,6,-6,4,-4,1,3,5,9,13,19
2023-08-12,N1,Ajax,Heracles,2,4,1,31,7,13,2,1000,1000,0,0,0,0,0,0,0,0,0,0,0,0,0,0,3,-3,24,-24,11,-11,1,4,2,13,7,31
2023-08-12,N1,Zwolle,Sparta Rotterdam,0,1,2,20,9,7,4,1000,1000,0,0,0,0,0,0,0,0,0,0,0,0,0,0,-1,1,11,-11,3,-3,2,1,4,7,9,20
2023-08-13,N1,Nijmegen,Excelsior,0,3,4,8,6,6,6,1000,1000,0,0,0,0,0,0,0,0,0,0,0,0,0,0,-1,1,2,-2,0,0,4,3,6,6,6,8
2023-08-13,N1,AZ Alkmaar,Go Ahead Eagles,2,5,1,13,9,8,4,1000,1000,0,0,0,0,0,0,0,0,0,0,0,0,0,0,4,-4,4,-4,4,-4,1,5,4,8,9,13
2023-08-13,N1,Feyenoord,For Sittard,1,0,0,22,14,6,5,1000,1000,0,0,0,0,0,0,0,0,0,0,0,0,0,0,0,0,8,-8,1,-1,0,0,5,6,14,22
2023-08-13,N1,Almere City,Twente,0,1,4,12,20,4,8,1000,1000,0,0,0,0,0,0,0,0,0,0,0,0,0,0,-3,3,-8,8,-4,4,4,1,8,4,20,12
2023-08-18,N1,Heracles,Nijmegen,2,2,1,16,17,7,4,945.468405035509,968,0,0,0,0,0,0,0,0,0,0,0,0,0,0,1,-1,-1,1,3,-3,1,2,4,7,17,16
2023-08-19,N1,Excelsior,Ajax,1,2,2,13,15,2,8,1032,1054.53159496449,0,0,0,0,0,0,0,0,3,3,3,3,3,3,0,0,-2,2,-6,6,2,2,8,2,15,13
2023-08-19,N1,Vitesse,PSV Eindhoven,0,1,3,12,19,2,7,1032,1043.85761802548,0,0,0,0,0,0,0,0,3,3,3,3,3,3,-2,2,-7,7,-5,5,3,1,7,2,19,12
2023-08-19,N1,For Sittard,Almere City,2,2,1,21,8,7,5,1000,945.468405035509,0,0,0,0,0,0,0,0,1,0,1,0,1,0,1,-1,13,-13,2,-2,1,2,5,7,8,21
2023-08-19,N1,Go Ahead Eagles,Volendam,2,4,1,8,19,6,5,935.497069871667,968,0,0,0,0,0,0,0,0,0,0,0,0,0,0,3,-3,-11,11,1,-1,1,4,5,6,19,8
2023-08-20,N1,Utrecht,Heerenveen,0,0,2,12,12,6,6,956.142381974524,1043.85761802548,0,0,0,0,0,0,0,0,0,3,0,3,0,3,-2,2,0,0,0,0,2,0,6,6,12,12
2023-08-20,N1,Sparta Rotterdam,Feyenoord,1,2,2,10,24,5,8,1032,1000,0,0,0,0,0,0,0,0,3,1,3,1,3,1,0,0,-14,14,-3,3,2,2,8,5,24,10
2023-08-20,N1,Twente,Zwolle,2,3,1,18,9,3,4,1054.53159496449,968,0,0,0,0,0,0,0,0,3,0,3,0,3,0,2,-2,9,-9,-1,1,1,3,4,3,9,18
2023-08-20,N1,Waalwijk,AZ Alkmaar,0,1,3,7,15,5,7,956.142381974524,1064.50293012833,0,0,0,0,0,0,0,0,0,3,0,3,0,3,-2,2,-8,8,-2,2,3,1,7,5,15,7
2023-08-26,N1,Nijmegen,Waalwijk,2,3,0,13,10,10,1,933.927667780676,925.536455095943,0,0,1,1,0,0,1,1,0,0,0,0,0,0,3,-3,3,-3,9,-9,0,3,1,10,10,13
2023-08-26,N1,Excelsior,For Sittard,1,2,2,9,13,6,5,1033.03616610966,1027.01829511879,0,0,0,0,1,1,1,1,4,4,4,4,4,4,0,0,-4,4,1,-1,2,2,5,6,13,9
2023-08-27,N1,Zwolle,Utrecht,2,1,0,9,10,2,1,934.8450844806,923.127865108906,0,0,1,1,0,0,1,1,0,0,0,0,0,0,1,-1,-1,1,1,-1,0,1,1,2,10,9
2023-08-27,N1,Feyenoord,Almere City,2,6,1,31,6,18,1,1001.46950152898,918.450109916722,0,0,0,1,1,0,1,1,2,0,2,0,2,0,5,-5,25,-25,17,-17,1,6,1,18,6,31
2023-08-27,N1,Heerenveen,Sparta Rotterdam,0,1,3,19,16,6,7,1076.87213489109,1030.53049847102,1,1,0,0,1,1,0,0,6,4,6,4,6,4,-2,2,3,-3,-1,1,3,1,7,6,16,19
2023-09-01,N1,Sparta Rotterdam,Nijmegen,1,1,1,15,13,6,6,1080.20348542892,987.142479780582,0,0,0,1,1,0,1,1,7,3,7,3,7,3,0,0,2,-2,0,0,1,1,6,6,13,15
2023-09-02,N1,Almere City,Zwolle,0,1,2,10,13,3,6,861.816810964787,965.766297655414,0,0,1,1,0,0,1,1,0,3,0,3,0,3,-1,1,-3,3,-3,3,2,1,6,3,13,10
2023-09-02,N1,Go Ahead Eagles,Heerenveen,2,3,2,21,13,7,3,995.115317075369,1027.1991479332,1,1,0,0,1,1,0,0,3,6,3,6,3,6,1,-1,8,-8,4,-4,2,3,3,7,13,21
2023-09-02,N1,Waalwijk,PSV Eindhoven,0,0,4,10,22,3,9,872.321643096037,1086.21900168918,0,1,1,0,0,1,1,0,0,6,0,6,0,6,-4,4,-12,12,-6,6,4,0,9,3,22,10
2023-09-02,N1,Heracles,Excelsior,2,3,1,15,9,5,3,979.540737254833,1032.75906061997,1,1,0,0,1,1,0,0,3,5,3,5,3,5,2,-2,6,-6,2,-2,1,3,3,5,9,15
2023-09-03,N1,Utrecht,Feyenoord,0,1,5,5,21,1,11,892.206651934092,1058.10280048091,0,0,1,0,0,1,1,1,0,5,0,5,0,5,-4,4,-16,16,-10,10,5,1,11,1,21,5
2023-09-03,N1,For Sittard,Ajax,1,0,0,12,12,4,4,1027.29540060848,1053.49542885483,1,0,0,0,1,1,0,1,5,4,5,4,5,4,0,0,0,0,0,0,0,0,4,4,12,12
2023-09-03,N1,Volendam,Twente,0,0,2,7,12,2,4,908.381752796298,1087.68651048389,0,1,1,0,0,1,1,0,0,6,0,6,0,6,-2,2,-5,5,-2,2,2,0,4,2,12,7
2023-09-03,N1,Vitesse,AZ Alkmaar,0,0,2,4,16,2,7,989.638616336294,1095.10885700691,0,1,1,0,0,1,1,0,3,6,3,6,3,6,-2,2,-12,12,-5,5,2,0,7,2,16,4
2023-09-16,N1,Feyenoord,Heerenveen,2,6,1,21,7,9,1,1093.95164703628,992.252489067505,1,0,0,1,2,0,0,1,8,6,8,6,8,6,5,-5,14,-14,8,-8,1,6,1,9,7,21
2023-09-16,N1,Vitesse,Waalwijk,0,0,2,16,18,2,9,958.700320753296,843.172079408728,0,0,2,2,0,0,2,2,3,0,3,0,3,0,-2,2,-2,2,-7,7,2,0,9,2,18,16
2023-09-16,N1,For Sittard,Volendam,2,3,1,27,7,11,2,1028.49967460965,885.342001048793,0,0,0,1,2,0,1,1,6,0,6,0,6,0,2,-2,20,-20,9,-9,1,3,2,11,7,27
2023-09-16,N1,PSV Eindhoven,Nijmegen,2,4,0,28,3,11,0,1115.36856537649,991.328466253922,1,0,0,0,1,1,0,2,9,4,9,4,9,4,4,-4,25,-25,11,-11,0,4,0,11,3,28
2023-09-16,N1,Heracles,Utrecht,0,1,3,11,11,1,7,1030.06417958601,856.357805378719,2,0,0,2,2,0,0,2,6,0,6,0,6,0,-2,2,0,0,-6,6,3,1,7,1,11,11
2023-09-17,N1,Zwolle,Go Ahead Eagles,1,1,1,27,9,11,2,988.468000279733,1030.06197594106,1,0,0,1,1,0,0,1,6,6,6,6,6,6,0,0,18,-18,9,-9,1,1,2,11,9,27
2023-09-17,N1,Excelsior,Almere City,1,0,0,14,16,2,3,982.235618288789,839.115108340468,0,0,0,2,2,0,2,2,5,0,5,0,5,0,0,0,-2,2,-1,1,0,0,3,2,16,14
2023-09-17,N1,Twente,Ajax,2,3,1,24,11,9,2,1110.7262622314,1052.29115485366,1,0,0,0,1,2,0,2,9,5,9,5,9,5,2,-2,13,-13,7,-7,1,3,2,9,11,24
2023-09-17,N1,AZ Alkmaar,Sparta Rotterdam,2,2,0,18,10,7,3,1126.04715258991,1076.01749895558,1,2,0,0,1,2,0,0,9,8,9,8,9,8,2,-2,8,-8,4,-4,0,2,3,7,10,18
2023-09-22,N1,Go Ahead Eagles,For Sittard,2,3,0,20,21,9,2,1028.15560138601,1055.24386517431,2,0,0,0,2,2,0,2,7,9,7,9,7,9,3,-3,-1,1,7,-7,0,3,2,9,21,20
2023-09-23,N1,Volendam,Heracles,1,2,2,16,15,6,5,858.597810484135,965.94033739043,0,0,2,1,0,0,2,1,0,6,0,6,0,6,0,0,1,-1,1,-1,2,2,5,6,15,16
2023-09-23,N1,Nijmegen,Utrecht,2,3,0,9,17,5,4,948.9231456823,920.481647574301,1,1,0,0,1,1,0,0,4,3,4,3,4,3,3,-3,-8,8,1,-1,0,3,4,5,17,9
2023-09-23,N1,Almere City,PSV Eindhoven,0,0,4,9,20,2,9,845.356924873474,1157.77388594811,0,2,2,0,0,2,2,0,1,12,1,12,1,12,-4,4,-11,11,-7,7,4,0,9,2,20,9
2023-09-23,N1,Heerenveen,Excelsior,0,0,3,9,7,2,4,939.327762544256,975.993801755783,0,0,1,1,0,0,1,1,6,6,6,6,6,6,-3,3,2,-2,-2,2,3,0,4,2,7,9
2023-09-24,N1,Sparta Rotterdam,Vitesse,2,1,0,17,6,5,0,1038.43195187963,900.774029525517,0,1,0,0,2,1,2,0,8,3,8,3,8,3,1,-1,11,-11,5,-5,0,1,0,5,6,17
2023-09-24,N1,Waalwijk,Twente,2,1,0,9,7,3,2,901.098370636508,1147.27625400118,0,2,2,0,0,2,2,0,3,12,3,12,3,12,1,-1,2,-2,1,-1,0,1,2,3,7,9
2023-09-24,N1,Zwolle,AZ Alkmaar,0,0,3,7,15,3,5,990.374374834788,1163.63269966586,0,2,0,0,2,2,1,0,7,12,7,12,7,12,-3,3,-8,8,-2,2,3,0,5,3,15,7
2023-09-27,N1,Ajax,Feyenoord,0,0,4,9,14,2,7,1015.74116308387,1146.87637355953,1,1,0,0,1,2,0,0,5,11,5,11,5,11,-4,4,-5,5,-5,5,4,0,7,2,14,9
2023-09-27,N1,PSV Eindhoven,Go Ahead Eagles,2,3,0,23,9,11,2,1176.09838420529,1086.93022857324,2,0,0,0,2,1,0,2,15,10,15,10,15,10,3,-3,14,-14,9,-9,0,3,2,11,9,23
2023-09-27,N1,Twente,Vitesse,2,1,0,18,10,5,3,1095.76357852758,880.828512364178,2,0,0,1,2,0,0,1,12,3,12,3,12,3,1,-1,8,-8,2,-2,0,1,3,5,10,18
2023-09-28,N1,AZ Alkmaar,Heracles,1,1,1,21,4,7,2,1193.02105876797,961.148535709562,2,0,0,0,2,1,0,2,15,7,15,7,15,7,0,0,17,-17,5,-5,1,1,2,7,4,21
2023-09-30,N1,Feyenoord,Go Ahead Eagles,2,3,1,29,7,9,3,1188.12728773418,1046.09458737652,2,0,0,1,3,0,0,3,13,10,14,10,14,10,2,-2,22,-22,6,-6,1,3,3,9,7,29
2023-09-30,N1,PSV Eindhoven,Volendam,2,3,1,38,2,17,1,1216.93402540201,863.389612165003,3,0,0,2,3,0,0,2,15,1,18,1,18,1,2,-2,36,-36,16,-16,1,3,1,17,2,38
2023-09-30,N1,Utrecht,Almere City,0,0,2,11,17,2,5,870.404130197871,827.032426616292,0,0,2,0,0,1,2,3,3,1,3,1,3,1,-2,2,-6,6,-3,3,2,0,5,2,17,11
2023-09-30,N1,Twente,Heerenveen,2,1,0,11,5,3,1,1110.15796503054,890.529799244998,3,0,0,2,3,0,0,2,12,3,15,6,15,6,1,-1,6,-6,2,-2,0,1,1,3,5,11
2023-10-01,N1,Nijmegen,Vitesse,0,1,3,9,10,5,5,999.00066305873,866.434125861217,2,0,0,2,2,0,0,2,7,0,7,3,7,3,-2,2,-1,1,0,0,3,1,5,5,10,9
2023-10-01,N1,Excelsior,Sparta Rotterdam,2,2,1,15,9,7,5,1024.79176505504,1058.37746904097,0,0,0,1,3,0,3,1,6,8,9,11,9,11,1,-1,6,-6,2,-2,1,2,5,7,9,15
2023-10-01,N1,Heracles,Zwolle,2,2,1,13,13,6,5,970.480625887466,960.986015732678,0,1,1,0,0,1,1,0,8,7,8,7,8,7,1,-1,0,0,1,-1,1,2,5,6,13,13
2023-10-01,N1,AZ Alkmaar,For Sittard,2,4,0,12,8,7,1,1183.68896859006,996.469237987073,0,0,0,1,3,0,1,3,13,8,16,9,16,9,4,-4,4,-4,6,-6,0,4,1,7,8,12
2023-10-06,N1,Volendam,Utrecht,2,1,0,15,7,5,3,853.25324341642,821.09986238918,0,0,0,1,1,0,3,1,1,3,1,3,1,3,1,-1,8,-8,2,-2,0,1,3,5,7,15
2023-10-07,N1,Heerenveen,Nijmegen,1,1,1,18,9,7,3,876.434582480853,939.176283900066,0,0,2,1,0,0,2,3,0,7,6,7,6,7,0,0,9,-9,4,-4,1,1,3,7,9,18
2023-10-07,N1,Almere City,Waalwijk,2,1,0,18,13,6,4,876.336694424983,952.611046110109,0,1,3,0,0,1,3,0,4,6,4,6,4,6,1,-1,5,-5,2,-2,0,1,4,6,13,18
2023-10-07,N1,Go Ahead Eagles,Heracles,2,4,0,22,17,13,8,1019.22985895163,1001.60635759959,3,0,0,0,3,2,0,3,7,8,10,11,10,11,4,-4,5,-5,5,-5,0,4,8,13,17,22
2023-10-07,N1,Vitesse,Excelsior,1,0,0,21,11,7,5,926.258505019881,1059.87552320051,0,1,3,0,0,1,3,0,3,8,6,12,6,12,0,0,10,-10,2,-2,0,0,5,7,11,21
2023-10-08,N1,Zwolle,Feyenoord,0,0,2,4,13,1,5,929.860284020556,1214.99201615908,0,2,1,0,0,3,2,0,7,15,7,17,7,17,-2,2,-9,9,-4,4,2,0,5,1,13,4
2023-10-08,N1,Ajax,AZ Alkmaar,0,1,2,6,12,1,4,974.490248909225,1216.44834048676,0,3,1,0,0,3,1,0,5,13,5,19,5,19,-1,1,-6,6,-3,3,2,1,4,1,12,6
2023-10-08,N1,For Sittard,Twente,0,0,3,3,15,1,6,963.709866090377,1124.25318179469,1,0,0,1,3,0,0,1,5,12,9,18,9,18,-3,3,-12,12,-5,5,3,0,6,1,15,3
2023-10-08,N1,Sparta Rotterdam,PSV Eindhoven,0,0,4,8,30,3,11,1023.2937108955,1227.0703941506,1,3,0,0,3,3,0,0,7,15,11,21,11,21,-4,4,-22,22,-8,8,4,0,11,3,30,8
2023-10-21,N1,PSV Eindhoven,For Sittard,2,3,1,18,2,6,1,1257.55540958007,932.723847269752,4,0,0,2,4,0,0,4,15,4,24,9,24,9,2,-2,16,-16,5,-5,1,3,1,6,2,18
2023-10-21,N1,Waalwijk,Volendam,2,2,1,10,11,4,3,913.696644932986,882.300233177289,1,0,0,3,1,0,0,3,6,4,6,4,6,4,1,-1,-1,1,1,-1,1,2,3,4,11,10
2023-10-21,N1,Nijmegen,Almere City,1,1,1,12,14,4,2,936.317925727041,915.251095602106,0,1,1,0,0,2,1,0,5,7,8,7,8,7,0,0,-2,2,2,-2,1,1,2,4,14,12
2023-10-21,N1,AZ Alkmaar,Heerenveen,2,3,0,11,9,3,3,1229.18162082613,879.292940653878,1,0,0,3,4,0,0,3,13,1,22,7,22,7,3,-3,2,-2,0,0,0,3,3,3,9,11
2023-10-21,N1,Feyenoord,Vitesse,2,4,0,23,4,8,1,1229.22656972403,932.12536763377,3,1,0,0,4,1,0,0,15,4,20,7,20,7,4,-4,19,-19,7,-7,0,4,1,8,4,23
2023-10-22,N1,Utrecht,Ajax,2,4,3,14,11,8,6,792.052872628311,961.756968569857,0,0,3,1,0,0,3,3,3,2,3,5,3,5,1,-1,3,-3,2,-2,3,4,6,8,11,14
2023-10-22,N1,Excelsior,Zwolle,0,2,4,18,11,6,6,1054.00866058662,915.625730455602,1,0,0,1,4,0,0,1,8,4,13,7,13,7,-2,2,7,-7,0,0,4,2,6,6,11,18
2023-10-22,N1,Heracles,Twente,1,2,2,16,17,3,5,940.372504006347,1155.23920061531,1,1,0,0,1,1,0,0,5,12,11,21,11,21,0,0,-1,1,-2,2,2,2,5,3,17,16
2023-10-22,N1,Go Ahead Eagles,Sparta Rotterdam,1,0,0,16,15,6,6,1080.46371254487,992.808695466031,4,0,0,2,4,0,0,2,7,4,13,11,13,11,0,0,1,-1,0,0,0,0,6,6,15,16
2023-10-27,N1,Vitesse,Zwolle,1,1,1,29,5,12,2,912.370566941274,976.083097325913,0,1,0,0,1,1,4,0,4,4,7,10,7,10,0,0,24,-24,10,-10,1,1,2,12,5,29
2023-10-28,N1,Heerenveen,Heracles,2,3,0,18,9,9,3,866.45312256357,949.173115022123,0,0,0,1,1,0,3,4,1,6,7,12,7,12,3,-3,9,-9,6,-6,0,3,3,9,9,18
2023-10-28,N1,Almere City,Go Ahead Eagles,1,0,0,12,9,1,3,916.220071751236,1076.51056984247,1,0,0,2,1,0,0,4,8,7,8,14,8,14,0,0,3,-3,-2,2,0,0,3,1,9,12
2023-10-28,N1,Sparta Rotterdam,Waalwijk,2,2,0,15,11,4,3,996.761838168435,942.812774208843,0,0,1,1,0,0,1,1,4,9,12,9,12,9,2,-2,4,-4,1,-1,0,2,3,4,11,15
2023-10-28,N1,For Sittard,Utrecht,1,0,0,12,12,6,3,921.008993520888,838.548344153312,0,0,1,2,0,0,1,2,3,6,9,6,9,6,0,0,0,0,3,-3,0,0,3,6,12,12
2023-10-29,N1,Twente,Feyenoord,2,2,1,12,11,5,6,1146.43858959953,1248.98137041653,4,3,0,0,4,4,0,0,10,15,22,23,22,23,1,-1,1,-1,-1,1,1,2,6,5,11,12
2023-10-29,N1,PSV Eindhoven,Ajax,2,5,2,26,16,9,7,1269.27026332893,915.261497044856,5,0,0,2,5,0,0,4,15,1,27,5,27,5,3,-3,10,-10,2,-2,2,5,7,9,16,26
2023-10-29,N1,Volendam,Excelsior,2,3,1,20,10,12,2,853.184103901432,993.551293716313,1,0,0,0,2,2,0,1,4,8,4,13,4,13,2,-2,10,-10,10,-10,1,3,2,12,10,20
2023-11-02,N1,Ajax,Volendam,2,2,0,30,7,10,3,902.687925096558,913.855600920914,0,0,2,4,0,0,2,4,0,7,5,7,5,7,2,-2,23,-23,7,-7,0,2,3,10,7,30
2023-11-04,N1,Heracles,PSV Eindhoven,0,0,6,7,34,1,11,881.89812483712,1281.84383527723,0,4,0,0,2,4,1,0,5,15,12,30,12,30,-6,6,-27,27,-10,10,6,0,11,1,34,7
2023-11-04,N1,Excelsior,AZ Alkmaar,1,1,1,15,11,5,4,932.879796696831,1242.02143891644,0,4,1,0,0,4,1,0,7,13,13,25,13,25,0,0,4,-4,1,-1,1,1,4,5,11,15
2023-11-04,N1,Waalwijk,Feyenoord,0,1,2,5,27,1,12,905.711063834189,1207.80183530346,2,0,0,1,2,0,0,1,9,12,9,23,9,23,-1,1,-22,22,-11,11,2,1,12,1,27,5
2023-11-04,N1,Go Ahead Eagles,Vitesse,2,5,1,22,13,14,3,1069.61158720027,915.272184871743,0,0,0,1,5,0,1,1,5,5,15,8,15,8,4,-4,9,-9,11,-11,1,5,3,14,13,22
2023-11-05,N1,Utrecht,Twente,1,1,1,14,10,6,1,842.276063867451,1187.6181247126,1,0,0,0,1,2,0,1,4,13,7,25,7,25,0,0,4,-4,5,-5,1,1,1,6,10,14
2023-11-05,N1,Nijmegen,Volendam,1,3,3,13,15,7,7,935.348949577911,868.588745987581,0,0,0,5,1,0,2,5,5,6,9,7,9,7,0,0,-2,2,0,0,3,3,7,7,15,13
2023-11-05,N1,Zwolle,For Sittard,2,2,0,15,8,6,2,973.181479395444,917.281273806749,0,0,2,3,0,0,3,5,4,1,11,10,11,10,2,-2,7,-7,4,-4,0,2,2,6,8,15
2023-11-05,N1,Ajax,Heerenveen,2,4,1,14,12,8,3,947.954780029891,933.728112748572,1,0,0,4,1,0,0,4,3,4,8,10,8,10,3,-3,2,-2,5,-5,1,4,3,8,12,14
2023-11-05,N1,Sparta Rotterdam,Almere City,0,1,2,24,11,6,4,1033.86354854309,923.119054393433,1,0,0,0,1,3,0,1,7,8,15,9,15,9,-1,1,13,-13,2,-2,2,1,4,6,11,24
2023-11-10,N1,For Sittard,Heracles,2,4,1,15,7,8,3,880.419805955962,866.787031747718,0,0,0,2,1,0,2,5,1,4,9,12,10,12,3,-3,8,-8,5,-5,1,4,3,8,7,15
2023-11-11,N1,Waalwijk,Go Ahead Eagles,0,0,1,19,9,5,2,896.146694653207,1107.20776497875,0,0,1,0,0,1,1,5,6,8,9,18,9,18,-1,1,10,-10,3,-3,1,0,2,5,9,19
2023-11-11,N1,Twente,Nijmegen,1,3,3,35,14,7,8,1175.47329427492,932.311816043631,5,0,0,0,5,1,0,4,11,6,23,10,26,10,0,0,21,-21,-1,1,3,3,8,7,14,35
2023-11-11,N1,Vitesse,Heerenveen,0,1,3,9,19,5,7,877.67600709326,881.428210742997,0,0,0,5,2,0,5,5,5,4,5,7,8,10,-2,2,-10,10,-2,2,3,1,7,5,19,9
2023-11-12,N1,PSV Eindhoven,Zwolle,2,4,0,21,3,6,2,1296.95492836663,1010.04294724623,6,0,0,0,6,2,0,1,15,7,30,14,33,14,4,-4,18,-18,4,-4,0,4,2,6,3,21
2023-11-12,N1,Almere City,Ajax,1,2,2,13,22,5,13,964.987043772652,1000.25468203547,0,0,0,3,2,0,1,5,11,6,12,11,12,11,0,0,-9,9,-8,8,2,2,13,5,22,13
2023-11-12,N1,Volendam,Sparta Rotterdam,0,1,4,17,16,1,7,871.625879521861,991.99555916387,2,0,0,0,3,1,0,3,7,4,8,12,8,15,-3,3,1,-1,-6,6,4,1,7,1,16,17
2023-11-12,N1,Feyenoord,AZ Alkmaar,2,1,0,10,7,5,1,1217.36620448444,1230.64086881527,4,0,0,0,5,5,0,1,12,11,25,26,26,26,1,-1,3,-3,4,-4,0,1,1,5,7,10
2023-11-12,N1,Utrecht,Excelsior,1,2,2,13,12,6,6,854.420894305133,944.260366798002,0,0,0,1,2,0,1,2,5,5,8,11,8,14,0,0,1,-1,0,0,2,2,6,6,12,13
2023-11-25,N1,Excelsior,Feyenoord,0,2,4,13,20,3,9,940.212914877862,1250.58825165522,0,1,0,0,1,1,2,0,3,12,11,27,15,29,-2,2,-7,7,-6,6,4,2,9,3,20,13
2023-11-25,N1,Heerenveen,For Sittard,2,3,0,16,10,5,4,924.812197615752,932.812772480942,1,0,0,4,2,0,0,6,7,4,7,9,13,13,3,-3,6,-6,1,-1,0,3,4,5,10,16
2023-11-25,N1,Twente,PSV Eindhoven,0,0,3,12,17,1,7,1165.80467948005,1317.71107793362,0,5,0,0,6,5,1,0,9,15,21,30,27,36,-3,3,-5,5,-6,6,3,0,7,1,17,12
2023-11-25,N1,Ajax,Vitesse,2,5,0,19,9,12,4,998.636102716586,834.292020220506,2,0,0,2,2,0,0,2,7,2,9,5,12,8,5,-5,10,-10,8,-8,0,5,4,12,9,19
2023-11-25,N1,Zwolle,Waalwijk,0,1,2,17,13,6,4,989.286797679247,881.501977990633,1,0,0,2,1,0,0,2,7,3,14,9,14,9,-1,1,4,-4,2,-2,2,1,4,6,13,17
2023-11-26,N1,Almere City,Heracles,0,0,5,17,17,3,6,966.605623091531,814.394065222737,0,0,0,3,3,0,2,6,9,1,13,9,13,12,-5,5,0,0,-3,3,5,0,6,3,17,17
2023-11-26,N1,AZ Alkmaar,Volendam,2,3,0,19,7,8,1,1197.41882164449,835.265578549932,2,0,0,0,5,1,0,6,10,4,23,8,26,8,3,-3,12,-12,7,-7,0,3,1,8,7,19
2023-11-26,N1,Nijmegen,Go Ahead Eagles,1,1,1,15,13,5,4,941.980430838503,1121.85248164133,0,1,0,0,2,2,3,0,4,11,11,18,11,21,0,0,2,-2,1,-1,1,1,4,5,13,15
2023-11-26,N1,Sparta Rotterdam,Utrecht,0,1,2,19,7,6,2,1028.3558601358,858.468346225273,0,0,1,0,0,1,1,3,7,6,14,9,18,9,-1,1,12,-12,4,-4,2,1,2,6,7,19
2023-12-01,N1,Heerenveen,Almere City,2,3,0,15,13,8,2,980.599297275262,862.137454464124,2,1,0,0,3,4,0,0,9,6,10,13,16,13,3,-3,2,-2,6,-6,0,3,2,8,13,15
2023-12-02,N1,Volendam,Zwolle,0,0,5,9,20,3,10,823.204205228282,947.666125586544,0,0,1,1,0,0,1,2,4,7,8,11,8,14,-5,5,-11,11,-7,7,5,0,10,3,20,9
2023-12-02,N1,For Sittard,Vitesse,2,3,1,15,8,11,4,877.025672821432,792.908975331549,1,0,0,3,2,0,0,3,4,1,8,5,13,8,2,-2,7,-7,7,-7,1,3,4,11,8,15
2023-12-02,N1,Waalwijk,Excelsior,1,2,2,17,13,8,6,923.122650083336,927.627339244307,0,0,2,0,0,1,2,3,6,2,12,10,12,15,0,0,4,-4,2,-2,2,2,6,8,13,17
2023-12-02,N1,Heracles,Sparta Rotterdam,0,0,1,13,10,3,4,918.862233850144,981.846964831851,0,1,1,0,0,2,2,0,4,7,9,11,15,18,-1,1,3,-3,-1,1,1,0,4,3,10,13
2023-12-03,N1,Feyenoord,PSV Eindhoven,0,1,2,14,14,3,7,1263.17382728877,1349.81170547083,5,6,0,0,6,6,0,0,12,15,27,30,32,39,-1,1,0,0,-4,4,2,1,7,3,14,14
2023-12-03,N1,Go Ahead Eagles,Twente,0,1,3,15,13,9,5,1114.23754940491,1133.70405194284,1,0,0,0,6,3,0,2,9,6,16,18,22,27,-2,2,2,-2,4,-4,3,1,5,9,13,15
2023-12-03,N1,Nijmegen,Ajax,0,1,2,7,22,3,10,949.595363074918,1040.01914760554,0,0,0,0,3,1,4,6,5,10,12,11,12,15,-1,1,-15,15,-7,7,2,1,10,3,22,7
2023-12-03,N1,Utrecht,AZ Alkmaar,1,1,1,15,20,4,9,904.97724152922,1209.48019496614,0,0,0,1,3,0,2,2,9,10,12,23,12,29,0,0,-5,5,-5,5,1,1,9,4,20,15
2023-12-06,N1,AZ Alkmaar,Nijmegen,0,1,2,26,4,4,2,1198.20617396113,925.740618726097,3,0,0,0,6,2,0,5,8,4,21,9,30,12,-1,1,22,-22,2,-2,2,1,2,4,4,26
2023-12-06,N1,Waalwijk,Ajax,0,2,3,10,16,2,6,923.330087061936,1063.87389195436,0,1,0,0,1,2,3,0,4,13,13,13,13,18,-1,1,-6,6,-4,4,3,2,6,2,16,10
2023-12-07,N1,PSV Eindhoven,Heerenveen,2,2,0,30,12,8,1,1373.99344669209,1017.22627729551,7,1,0,0,7,1,0,0,15,12,30,13,42,19,2,-2,18,-18,7,-7,0,2,1,8,12,30
2023-12-07,N1,Feyenoord,Volendam,2,3,1,30,2,10,2,1238.99208606751,774.646185179712,0,0,1,1,0,0,1,7,9,1,24,8,32,8,2,-2,28,-28,8,-8,1,3,2,10,2,30
2023-12-08,N1,Twente,Excelsior,2,4,2,31,5,9,4,1175.10693532721,927.419902265707,0,0,1,0,0,2,2,4,8,3,18,11,30,16,2,-2,26,-26,5,-5,2,4,4,9,5,31
2023-12-09,N1,Ajax,Sparta Rotterdam,2,2,1,23,10,6,2,1083.5920444104,1008.10858172504,3,2,0,0,3,3,0,0,13,9,16,13,21,21,1,-1,13,-13,4,-4,1,2,2,6,10,23
2023-12-09,N1,Zwolle,Nijmegen,0,1,3,16,17,3,9,996.224145635114,978.704509435628,0,1,1,0,0,3,1,0,7,6,11,11,17,15,-2,2,-1,1,-6,6,3,1,9,3,17,16
2023-12-09,N1,AZ Alkmaar,Almere City,2,4,1,13,13,7,6,1145.2422832516,825.51047444388,0,0,1,1,0,0,1,1,5,5,18,13,30,13,3,-3,0,0,1,-1,1,4,6,7,13,13
2023-12-10,N1,Go Ahead Eagles,Utrecht,0,0,2,22,12,7,3,1072.83466602054,916.251262534225,0,1,1,0,0,2,1,0,8,7,15,13,22,13,-2,2,10,-10,4,-4,2,0,3,7,12,22
2023-12-10,N1,For Sittard,Waalwijk,2,1,0,11,13,3,2,910.467755293718,903.611934605899,2,1,0,0,3,1,0,0,7,4,10,13,16,13,1,-1,-2,2,1,-1,0,1,2,3,13,11
2023-12-10,N1,Vitesse,Heracles,2,2,0,12,12,2,3,759.466892859263,892.600616956954,0,1,1,0,0,1,6,0,1,3,5,9,8,15,2,-2,0,0,-1,1,0,2,3,2,12,12
2023-12-15,N1,Nijmegen,For Sittard,2,4,1,16,11,7,4,1024.7718001372,941.836392816961,0,0,1,5,0,0,5,7,8,9,14,10,18,19,3,-3,5,-5,3,-3,1,4,4,7,11,16
2023-12-16,N1,Utrecht,Waalwijk,1,1,1,17,12,6,4,978.636991212604,872.243297082656,0,0,0,1,4,0,3,1,9,4,13,10,16,13,0,0,5,-5,2,-2,1,1,4,6,12,17
2023-12-16,N1,Excelsior,Go Ahead Eagles,1,1,1,11,11,3,5,910.424746089547,1010.44893734217,0,0,1,0,0,3,3,1,3,7,10,12,16,22,0,0,0,0,-2,2,1,1,5,3,11,11
2023-12-16,N1,Heerenveen,Volendam,0,1,2,20,3,7,2,1007.25504204399,768.981000096641,3,0,0,2,4,0,0,8,9,1,13,7,19,8,-1,1,17,-17,5,-5,2,1,2,7,3,20
2023-12-17,N1,Almere City,Vitesse,2,5,0,11,7,7,4,810.569984048564,819.353342981821,0,0,1,4,0,0,3,4,4,3,12,8,13,11,5,-5,4,-4,3,-3,0,5,4,7,7,11
2023-12-17,N1,Heracles,Feyenoord,0,0,4,2,26,0,12,832.714166834396,1244.65727115058,0,2,2,0,0,2,3,0,3,12,8,24,15,35,-4,4,-24,24,-12,12,4,0,12,0,26,2
2023-12-17,N1,Sparta Rotterdam,Twente,1,2,2,12,39,8,9,982.953506231438,1192.10209150337,0,1,2,0,0,4,2,0,6,8,13,21,21,33,0,0,-27,27,-1,1,2,2,9,8,39,12
2023-12-17,N1,Ajax,Zwolle,1,2,2,16,11,5,4,1108.747119904,950.15685493354,4,1,0,0,4,1,0,0,13,6,19,10,24,17,0,0,5,-5,1,-1,2,2,4,5,11,16
2023-12-17,N1,AZ Alkmaar,PSV Eindhoven,0,0,4,1,23,0,8,1160.18277364692,1383.9646819436,1,7,0,0,1,7,0,0,7,15,18,30,33,45,-4,4,-22,22,-8,8,4,0,8,0,23,1
2024-01-12,N1,Waalwijk,Heracles,0,1,2,18,9,8,2,876.995290099975,821.699025207692,0,0,1,1,0,0,4,1,5,3,8,7,14,15,-1,1,9,-9,6,-6,2,1,2,8,9,18
2024-01-13,N1,For Sittard,Sparta Rotterdam,0,0,2,25,10,6,7,900.080152390228,991.568795598169,3,0,0,1,4,0,0,1,9,7,10,11,19,22,-2,2,15,-15,-1,1,2,0,7,6,10,25
2024-01-13,N1,Twente,AZ Alkmaar,2,2,1,19,5,8,2,1183.48680213664,1132.29700179377,1,0,0,0,1,1,0,3,8,7,19,17,34,33,1,-1,14,-14,6,-6,1,2,2,8,5,19
2024-01-13,N1,Zwolle,Heerenveen,1,2,2,13,20,5,10,956.991962090472,956.206014234486,0,0,2,1,0,0,2,1,4,9,11,13,18,19,0,0,-7,7,-5,5,2,2,10,5,20,13
2024-01-13,N1,PSV Eindhoven,Excelsior,2,3,1,27,8,15,3,1411.85045379675,914.907852689054,8,0,0,1,8,0,0,5,15,3,30,8,48,17,2,-2,19,-19,12,-12,1,3,3,15,8,27
2024-01-14,N1,Volendam,Almere City,0,0,1,5,10,2,2,820.030027906149,886.422273083632,0,0,2,2,0,0,2,2,3,4,10,15,11,16,-1,1,-5,5,0,0,1,0,2,2,10,5
2024-01-14,N1,Go Ahead Eagles,Ajax,0,2,3,24,17,12,6,1005.96583074266,1101.91201274707,0,2,2,0,0,3,2,0,5,13,13,20,23,25,-1,1,7,-7,6,-6,3,2,6,12,17,24
2024-01-14,N1,Vitesse,Utrecht,1,0,0,12,20,6,4,743.501053946753,973.884998195285,1,2,0,0,1,3,0,0,3,9,8,14,11,17,0,0,-8,8,2,-2,0,0,4,6,20,12
2024-01-14,N1,Feyenoord,Nijmegen,1,2,2,25,2,5,2,1255.67241277728,1066.52804056394,1,2,0,0,1,4,0,0,12,10,24,14,38,21,0,0,23,-23,3,-3,2,2,2,5,2,25
2024-01-19,N1,Excelsior,Heerenveen,2,3,0,14,9,7,1,910.1594451452,956.242208409089,0,0,0,0,1,1,4,2,2,7,5,14,17,20,3,-3,5,-5,6,-6,0,3,1,7,9,14
2024-01-20,N1,Nijmegen,Twente,2,1,0,23,11,8,2,1074.46903778255,1210.80586948109,1,0,0,0,1,5,0,1,10,10,15,19,22,37,1,-1,12,-12,6,-6,0,1,2,8,11,23
2024-01-20,N1,Heracles,Volendam,1,1,1,16,10,8,2,858.749428252117,794.071619326689,0,1,3,0,0,1,4,0,6,3,7,7,18,11,0,0,6,-6,6,-6,1,1,2,8,10,16
2024-01-20,N1,AZ Alkmaar,Zwolle,1,2,2,19,8,8,5,1104.97793444932,956.955767915869,0,0,1,0,0,2,1,1,4,5,14,12,33,19,0,0,11,-11,3,-3,2,2,5,8,8,19
2024-01-21,N1,Utrecht,PSV Eindhoven,1,1,1,17,13,4,5,964.598252271903,1416.59886134061,0,8,0,0,5,8,4,0,9,15,15,30,18,51,0,0,4,-4,-1,1,1,1,5,4,13,17
2024-01-21,N1,Sparta Rotterdam,Go Ahead Eagles,0,0,2,20,7,4,3,1024.13731673297,982.584807153075,0,0,0,0,1,4,3,2,7,2,14,13,25,23,-2,2,13,-13,1,-1,2,0,3,4,7,20
2024-01-21,N1,Vitesse,Feyenoord,0,1,2,5,16,1,5,752.787799870135,1247.73141555867,0,3,0,0,2,3,1,0,4,10,6,22,12,39,-1,1,-11,11,-4,4,2,1,5,1,16,5
2024-01-21,N1,Ajax,Waalwijk,2,4,1,14,8,7,5,1125.29303633665,839.944887055549,0,0,0,0,5,1,1,2,13,2,23,8,28,14,3,-3,6,-6,2,-2,1,4,5,7,8,14
2024-01-24,N1,Almere City,For Sittard,1,0,0,4,11,1,2,912.380681663092,867.511631255427,1,0,0,6,1,0,0,8,6,6,15,10,19,19,0,0,-7,7,-1,1,0,0,2,1,11,4
2024-01-26,N1,Zwolle,Vitesse,2,1,0,16,8,9,2,963.387900526702,749.285298002012,0,0,0,5,1,0,3,5,6,4,13,5,20,12,1,-1,8,-8,7,-7,0,1,2,9,8,16
2024-01-27,N1,PSV Eindhoven,Almere City,2,2,0,17,4,8,2,1402.80733030369,910.325796671273,9,1,0,0,9,1,0,0,13,7,28,13,52,20,2,-2,13,-13,6,-6,0,2,2,8,4,17
2024-01-27,N1,Waalwijk,Sparta Rotterdam,1,1,1,10,15,2,7,822.264420417773,975.059293393291,0,1,2,0,0,1,5,0,1,7,5,14,14,25,0,0,-5,5,-5,5,1,1,7,2,15,10
2024-01-27,N1,Excelsior,Utrecht,1,1,1,9,16,5,3,971.88182069907,978.389783308819,1,0,0,0,2,4,0,1,5,7,7,16,20,19,0,0,-7,7,2,-2,1,1,3,5,16,9
2024-01-27,N1,Heracles,Ajax,0,2,4,13,31,7,12,855.804841333645,1142.97350297443,0,3,0,0,1,4,5,0,4,13,8,26,19,31,-2,2,-18,18,-5,5,4,2,12,7,31,13
2024-01-28,N1,Heerenveen,AZ Alkmaar,1,2,2,16,12,2,2,894.51983285522,1098.54580183849,0,0,1,1,0,0,1,4,4,4,13,12,20,34,0,0,4,-4,0,0,2,2,2,2,12,16
2024-01-28,N1,Feyenoord,Twente,1,0,0,23,2,6,0,1251.23391742679,1166.85594630563,0,0,0,1,2,0,1,2,10,10,22,16,42,37,0,0,21,-21,6,-6,0,0,0,6,2,23
2024-01-28,N1,Go Ahead Eagles,Nijmegen,1,2,2,17,16,5,5,1031.66283049275,1118.41896095801,0,0,3,0,0,5,3,1,4,13,13,17,26,25,0,0,1,-1,0,0,2,2,5,5,16,17
2024-01-28,N1,Volendam,For Sittard,0,0,1,8,12,2,1,797.016206245161,869.566516247246,0,0,3,0,0,1,3,9,4,7,8,11,12,20,-1,1,-4,4,1,-1,1,0,1,2,12,8
2024-02-02,N1,Almere City,Excelsior,2,2,1,11,8,2,4,905.460721849537,972.181488405955,0,0,0,2,2,0,1,6,7,5,12,8,20,21,1,-1,3,-3,-2,2,1,2,4,2,8,11
2024-02-03,N1,Twente,Waalwijk,2,3,0,16,14,10,5,1170.66706110387,828.879800187481,2,0,0,1,2,0,0,3,8,2,16,6,38,15,3,-3,2,-2,5,-5,0,3,5,10,14,16
2024-02-03,N1,For Sittard,Heerenveen,1,3,3,13,10,3,6,894.979844481684,902.966285897647,0,0,1,1,0,0,1,3,7,2,14,14,23,21,0,0,3,-3,-3,3,3,3,6,3,10,13
2024-02-03,N1,Ajax,PSV Eindhoven,1,1,1,13,18,4,5,1157.06878821213,1407.67240512543,1,0,0,0,6,9,0,1,13,13,26,28,34,55,0,0,-5,5,-1,1,1,1,5,4,18,13
2024-02-03,N1,Nijmegen,Heracles,2,3,1,26,7,12,1,1114.50471134457,841.70955609595,2,1,0,0,2,1,0,0,11,4,17,7,26,19,2,-2,19,-19,11,-11,1,3,1,12,7,26
2024-02-04,N1,Vitesse,Go Ahead Eagles,0,0,2,15,16,5,7,734.837376595076,1035.57708010619,0,1,1,0,0,5,2,0,4,5,5,13,12,27,-2,2,-1,1,-2,2,2,0,7,5,16,15
2024-02-04,N1,AZ Alkmaar,Feyenoord,0,0,1,14,6,4,2,1090.09934879606,1247.42280262855,0,4,0,0,1,4,2,0,5,11,10,20,35,43,-1,1,8,-8,2,-2,1,0,2,4,6,14
2024-02-04,N1,Utrecht,Volendam,2,4,2,24,5,10,3,978.090115601933,771.602878010723,0,0,0,0,6,2,5,1,7,4,14,5,20,12,2,-2,19,-19,7,-7,2,4,3,10,5,24
2024-02-04,N1,Sparta Rotterdam,Zwolle,0,0,2,21,12,11,4,968.443913623583,977.835821933639,0,0,1,0,0,3,4,2,5,6,14,13,26,23,-2,2,9,-9,7,-7,2,0,4,11,12,21
2024-02-09,N1,Waalwijk,Nijmegen,2,2,0,11,17,4,6,815.502195312642,1129.60652243955,0,0,0,0,1,6,6,2,2,11,6,19,15,29,2,-2,-6,6,-2,2,0,2,6,4,17,11
2024-02-10,N1,Excelsior,Twente,0,0,3,12,14,3,3,934.110722819555,1184.04466597871,0,0,0,0,3,1,1,3,5,8,8,16,21,41,-3,3,-2,2,0,0,3,0,3,3,14,12
2024-02-10,N1,Almere City,AZ Alkmaar,1,0,0,11,10,1,3,943.531487435937,1071.67403017922,1,0,0,0,3,1,0,5,10,2,14,9,23,35,0,0,1,-1,-2,2,0,0,3,1,10,11
2024-02-10,N1,Heracles,Vitesse,2,3,2,20,12,8,4,826.607745000971,721.641974731758,0,0,1,6,0,0,6,6,4,1,7,4,19,12,1,-1,8,-8,4,-4,2,3,4,8,12,20
2024-02-11,N1,Go Ahead Eagles,Zwolle,1,1,1,16,15,4,4,1048.77248196951,1020.50816578944,0,1,0,0,1,4,4,0,8,9,15,15,30,26,0,0,1,-1,0,0,1,1,4,4,15,16
2024-02-11,N1,Heerenveen,Ajax,2,3,2,17,12,5,6,902.598561444176,1166.95216313541,0,4,0,0,1,5,2,0,3,11,12,24,22,35,1,-1,5,-5,-1,1,2,3,6,5,12,17
2024-02-11,N1,Utrecht,For Sittard,2,4,0,16,9,8,1,998.571882778113,895.347568935155,1,1,0,0,7,2,0,0,7,5,16,14,23,24,4,-4,7,-7,7,-7,0,4,1,8,9,16
2024-02-11,N1,Volendam,PSV Eindhoven,0,1,5,8,34,2,14,751.121110834543,1397.78903020214,0,0,4,0,0,10,4,2,4,11,5,26,12,56,-4,4,-26,26,-12,12,5,1,14,2,34,8
2024-02-11,N1,Feyenoord,Sparta Rotterdam,2,2,0,23,5,4,1,1265.84812124539,925.77156976778,0,0,0,0,3,2,2,1,11,5,23,11,46,26,2,-2,18,-18,3,-3,0,2,1,4,5,23
2024-02-16,N1,PSV Eindhoven,Heracles,2,2,0,39,3,14,0,1400.83388317411,849.223820571918,10,0,0,1,10,0,0,1,11,7,26,10,56,22,2,-2,36,-36,14,-14,0,2,0,14,3,39
2024-02-17,N1,For Sittard,AZ Alkmaar,0,1,2,14,19,5,5,849.464031946805,1066.02662938936,0,0,0,0,1,2,2,6,5,3,14,10,23,33,-1,1,-5,5,0,0,2,1,5,5,19,14
2024-02-17,N1,Sparta Rotterdam,Excelsior,2,4,2,12,11,9,4,914.919186553163,913.198810349565,0,0,2,3,0,0,5,7,4,4,11,7,23,18,2,-2,1,-1,5,-5,2,4,4,9,11,12
2024-02-17,N1,Heerenveen,Go Ahead Eagles,0,0,2,21,14,3,7,955.129428975514,1047.4737259107,1,2,0,0,2,6,0,0,6,8,15,13,22,31,-2,2,7,-7,-4,4,2,0,7,3,14,21
2024-02-17,N1,Zwolle,Almere City,0,0,1,16,5,2,2,1021.80692184826,949.178888225794,1,0,0,1,2,0,0,1,9,8,13,12,27,24,-1,1,11,-11,0,0,1,0,2,2,5,16
2024-02-18,N1,Twente,Utrecht,0,0,1,13,4,2,2,1204.9565784487,1044.45541976646,3,0,0,0,3,5,0,2,10,9,18,18,41,26,-1,1,9,-9,0,0,1,0,2,2,4,13
2024-02-18,N1,Ajax,Nijmegen,1,2,2,8,16,4,9,1114.42129560408,1054.24723187415,0,0,0,1,7,0,1,3,10,8,23,18,32,29,0,0,-8,8,-5,5,2,2,9,4,16,8
2024-02-18,N1,Vitesse,Volendam,1,1,1,30,8,8,4,699.02589916081,748.076257862572,0,0,2,1,0,0,3,2,1,1,4,4,9,12,0,0,22,-22,4,-4,1,1,4,8,8,30
2024-02-18,N1,Feyenoord,Waalwijk,2,1,0,32,5,14,1,1276.70050446001,890.861485878046,1,0,0,2,4,0,0,4,11,4,23,9,48,18,1,-1,27,-27,13,-13,0,1,1,14,5,32
2024-02-23,N1,Utrecht,Heracles,2,1,0,11,4,3,0,1090.269176121,845.706000623441,2,0,0,2,8,0,0,2,11,4,20,10,29,19,1,-1,7,-7,3,-3,0,1,0,3,4,11
2024-02-24,N1,Waalwijk,For Sittard,0,0,1,9,15,0,6,884.597519750226,835.173903119613,1,0,0,1,2,0,0,1,4,5,6,11,18,20,-1,1,-6,6,-6,6,1,0,6,0,15,9
2024-02-24,N1,Zwolle,PSV Eindhoven,0,1,7,8,25,1,12,983.213395080353,1404.35170312259,0,1,1,0,0,11,1,0,8,11,13,26,27,56,-6,6,-17,17,-11,11,7,1,12,1,25,8
2024-02-24,N1,Nijmegen,Sparta Rotterdam,2,2,0,22,13,5,6,1056.99097046882,958.559639184856,3,0,0,1,3,0,0,2,8,4,18,11,30,25,2,-2,9,-9,-1,1,0,2,6,5,13,22
2024-02-25,N1,Excelsior,Vitesse,0,1,2,12,14,7,5,869.558357717872,701.269863050167,0,0,1,7,0,0,2,7,4,1,6,5,17,10,-1,1,-2,2,2,-2,2,1,5,7,14,12
2024-02-25,N1,Almere City,Feyenoord,0,0,2,12,8,6,2,987.772414993696,1282.96447058783,0,5,0,0,4,5,1,0,8,13,14,23,27,50,-2,2,4,-4,4,-4,2,0,2,6,8,12
2024-02-25,N1,Twente,Go Ahead Eagles,2,3,0,21,10,6,2,1159.14282209416,1079.94145638474,0,3,1,0,0,7,1,0,7,11,17,13,38,31,3,-3,11,-11,4,-4,0,3,2,6,10,21
2024-02-25,N1,AZ Alkmaar,Ajax,2,2,0,8,9,3,3,1080.31675821655,1111.67755700941,0,0,1,1,0,0,3,1,6,8,10,21,33,32,2,-2,-1,1,0,0,0,2,3,3,9,8
2024-02-25,N1,Volendam,Heerenveen,0,0,4,10,22,4,12,745.832293973215,922.661698501472,0,0,5,0,0,1,5,4,2,5,5,12,13,19,-4,4,-12,12,-8,8,4,0,12,4,22,10
2024-03-01,N1,Volendam,Nijmegen,0,2,5,14,20,6,11,711.589708462488,1088.74546165723,0,0,6,0,0,1,6,4,1,8,5,21,13,30,-3,3,-6,6,-5,5,5,2,11,6,20,14
2024-03-02,N1,Go Ahead Eagles,Waalwijk,2,1,0,22,19,8,6,1037.62993081278,848.075894937993,0,0,0,3,2,0,5,5,8,4,12,5,28,18,1,-1,3,-3,2,-2,0,1,6,8,19,22
2024-03-02,N1,Vitesse,Twente,0,1,2,6,15,3,5,747.661515386882,1201.45434766612,0,1,0,0,1,2,4,0,4,10,8,20,13,38,-1,1,-9,9,-2,2,2,1,5,3,15,6
2024-03-02,N1,Sparta Rotterdam,AZ Alkmaar,1,1,1,14,15,6,4,926.805147996444,1128.1224078491,1,1,0,0,1,3,0,0,4,8,11,12,22,33,0,0,-1,1,2,-2,1,1,4,6,15,14
2024-03-03,N1,Ajax,Utrecht,2,2,0,14,6,8,2,1063.87190737686,1102.85018834245,0,1,0,0,8,6,2,0,5,13,18,20,31,32,2,-2,8,-8,6,-6,0,2,2,8,6,14
2024-03-03,N1,Heerenveen,Zwolle,2,2,0,15,11,6,3,956.904284012198,969.696597089846,0,0,1,0,0,5,1,1,8,7,12,13,22,24,2,-2,4,-4,3,-3,0,2,3,6,11,15
2024-03-03,N1,PSV Eindhoven,Feyenoord,1,2,2,17,9,8,6,1417.86850111309,1296.5218837771,11,6,0,0,11,6,0,0,13,13,26,23,56,50,0,0,8,-8,2,-2,2,2,6,8,9,17
2024-03-03,N1,For Sittard,Excelsior,2,5,2,17,5,8,2,871.695527931847,823.166705381156,0,0,1,4,0,0,3,8,7,1,14,6,22,16,3,-3,12,-12,6,-6,2,5,2,8,5,17
2024-03-03,N1,Heracles,Almere City,1,2,2,16,14,5,6,833.124988401994,974.215001804429,1,1,0,0,1,1,0,0,3,7,7,14,16,27,0,0,2,-2,-1,1,2,2,6,5,14,16
2024-03-08,N1,Go Ahead Eagles,PSV Eindhoven,0,0,1,12,21,4,11,1053.71951582931,1412.49694365909,1,2,0,0,3,12,0,0,10,11,15,24,30,54,-1,1,-9,9,-7,7,1,0,11,4,21,12
2024-03-09,N1,Twente,Sparta Rotterdam,2,2,1,19,5,5,2,1205.82904973383,935.161253327941,1,0,0,2,1,0,0,3,12,4,20,9,38,22,1,-1,14,-14,3,-3,1,2,2,5,5,19
2024-03-09,N1,Almere City,Utrecht,1,1,1,9,12,1,4,968.05264252273,1054.09278887624,0,0,1,1,0,0,2,1,8,12,15,19,28,32,0,0,-3,3,-3,3,1,1,4,1,12,9
2024-03-09,N1,Waalwijk,Vitesse,2,3,1,17,19,6,5,831.986309921457,743.28681331918,0,1,1,0,0,1,1,0,3,4,5,8,18,13,2,-2,-2,2,1,-1,1,3,5,6,19,17
2024-03-10,N1,AZ Alkmaar,Excelsior,2,4,0,16,4,10,0,1119.7663025176,776.202779319183,1,0,0,5,1,0,0,9,8,0,13,5,31,16,4,-4,12,-12,10,-10,0,4,0,10,4,16
2024-03-10,N1,Ajax,For Sittard,1,2,2,18,9,8,4,1112.62930684307,918.65945399382,1,1,0,0,9,1,0,0,5,7,18,14,34,24,0,0,9,-9,4,-4,2,2,4,8,9,18
2024-03-10,N1,Zwolle,Volendam,1,1,1,23,10,10,4,924.224904354019,700.424095726578,0,0,2,0,0,1,2,3,4,1,10,5,21,13,0,0,13,-13,6,-6,1,1,4,10,10,23
2024-03-10,N1,Nijmegen,Heerenveen,2,2,0,12,12,5,0,1099.91107439314,1002.37597674803,4,1,0,0,4,2,0,0,10,10,21,12,32,25,2,-2,0,0,5,-5,0,2,0,5,12,12
2024-03-10,N1,Feyenoord,Heracles,2,3,0,20,3,5,2,1301.8934412311,839.287347683694,2,0,0,3,5,0,0,3,13,4,24,8,48,17,3,-3,17,-17,3,-3,0,3,2,5,3,20
2024-03-15,N1,Heracles,Go Ahead Eagles,2,2,0,11,18,3,4,832.17710305884,1046.51845241908,0,0,0,1,2,0,1,1,4,7,8,15,16,27,2,-2,-7,7,-1,1,0,2,4,3,18,11
2024-03-16,N1,For Sittard,Zwolle,2,3,1,22,5,12,3,926.766776657533,915.141401013037,1,0,0,1,1,0,0,2,7,2,12,11,22,21,2,-2,17,-17,9,-9,1,3,3,12,5,22
2024-03-16,N1,Excelsior,Waalwijk,1,1,1,18,16,5,5,760.520427152152,864.884257674696,0,0,2,4,0,0,3,6,0,6,5,8,15,18,0,0,2,-2,0,0,1,1,5,5,16,18
2024-03-16,N1,Vitesse,Almere City,1,1,1,22,8,7,4,710.388865565941,971.935877616503,0,0,1,0,0,2,5,1,4,6,5,16,13,28,0,0,14,-14,3,-3,1,1,4,7,8,22
2024-03-17,N1,Volendam,AZ Alkmaar,0,0,4,6,20,2,8,709.507599067559,1135.44865468463,0,0,7,0,0,4,7,1,2,11,6,13,13,31,-4,4,-14,14,-6,6,4,0,8,2,20,6
2024-03-17,N1,Heerenveen,Feyenoord,0,2,3,8,21,3,5,970.51689346687,1309.00368585596,1,0,0,0,1,7,0,1,9,13,12,24,25,48,-1,1,-13,13,-2,2,3,2,5,3,21,8
2024-03-17,N1,Utrecht,Nijmegen,2,1,0,14,9,4,5,1050.20955378246,1131.77015767429,3,1,0,0,9,2,0,0,10,10,17,21,30,35,1,-1,5,-5,-1,1,0,1,5,4,9,14
2024-03-17,N1,Sparta Rotterdam,Ajax,1,2,2,11,13,5,7,924.030307906633,1104.52198417936,0,0,0,2,2,0,1,2,4,5,9,16,22,35,0,0,-2,2,-2,2,2,2,7,5,13,11
2024-03-17,N1,PSV Eindhoven,Twente,2,1,0,17,11,5,2,1419.69800706932,1216.95999515513,0,2,0,0,12,3,1,0,13,12,24,20,54,41,1,-1,6,-6,3,-3,0,1,2,5,11,17
2024-03-30,N1,Nijmegen,PSV Eindhoven,2,3,1,8,27,4,6,1092.39316293546,1434.89083489364,5,3,0,0,5,13,0,0,10,13,18,24,32,54,2,-2,-19,19,-2,2,1,3,6,4,27,8
2024-03-30,N1,Sparta Rotterdam,For Sittard,2,4,0,17,14,9,3,931.667292719255,969.157443370289,0,0,0,0,3,2,2,1,5,10,9,15,20,25,4,-4,3,-3,6,-6,0,4,3,9,14,17
2024-03-30,N1,Go Ahead Eagles,Excelsior,2,3,0,18,10,6,0,978.583760593384,765.187039951994,0,0,1,6,0,0,1,10,6,1,14,5,27,13,3,-3,8,-8,6,-6,0,3,0,6,10,18
2024-03-30,N1,Waalwijk,Heerenveen,1,1,1,9,10,3,6,860.217644874854,962.534911246039,1,0,0,1,1,0,0,1,4,6,8,12,16,25,0,0,-1,1,-3,3,1,1,6,3,10,9
2024-03-30,N1,AZ Alkmaar,Vitesse,2,2,0,17,8,5,2,1145.67865277196,720.577859980189,2,0,0,1,2,0,0,1,13,5,16,6,33,14,2,-2,9,-9,3,-3,0,2,2,5,8,17
2024-03-31,N1,Zwolle,Ajax,0,1,3,13,9,4,5,872.750734300282,1096.88499936674,0,0,0,0,1,1,3,3,1,6,10,16,21,36,-2,2,4,-4,-1,1,3,1,5,4,9,13
2024-03-31,N1,Feyenoord,Utrecht,2,4,2,27,3,10,3,1316.98566807679,1089.5865485213,3,0,0,0,6,1,0,2,13,10,24,19,48,33,2,-2,24,-24,7,-7,2,4,3,10,3,27
2024-03-31,N1,Twente,Heracles,2,1,0,11,5,3,1,1201.76716733082,900.111794884536,2,0,0,4,2,0,0,4,9,4,19,11,38,18,1,-1,6,-6,2,-2,0,1,1,3,5,11
2024-03-31,N1,Almere City,Volendam,1,1,1,14,18,7,6,961.746883202254,699.277600980229,0,0,0,0,1,2,3,4,6,2,14,3,29,13,0,0,-4,4,1,-1,1,1,6,7,18,14
2024-04-02,N1,Vitesse,Sparta Rotterdam,0,1,4,21,12,6,7,713.591115571014,1003.10354400175,0,0,0,3,1,0,6,4,4,5,5,9,11,23,-3,3,9,-9,-1,1,4,1,7,6,12,21
2024-04-02,N1,Excelsior,PSV Eindhoven,0,0,2,0,21,0,5,740.488613208376,1357.89613813623,0,0,0,1,1,0,4,1,1,10,5,21,10,51,-2,2,-21,21,-5,5,2,0,5,0,21,0
2024-04-02,N1,For Sittard,Nijmegen,1,1,1,30,6,8,1,897.721192087795,1169.38785969286,2,0,0,1,2,0,0,1,10,12,15,20,25,35,0,0,24,-24,7,-7,1,1,1,8,6,30
2024-04-03,N1,Heracles,AZ Alkmaar,2,5,0,21,18,9,4,890.527018462931,1152.66539718114,1,1,0,0,3,5,0,0,4,13,8,19,15,33,5,-5,3,-3,5,-5,0,5,4,9,18,21
2024-04-03,N1,Utrecht,Zwolle,2,5,1,18,5,7,2,1070.93374646871,853.820428194095,4,0,0,2,10,0,0,3,7,1,18,9,33,21,4,-4,13,-13,5,-5,1,5,2,7,5,18
2024-04-03,N1,Heerenveen,Twente,1,3,3,9,14,5,6,957.954676189896,1211.35194375242,0,0,1,1,0,0,1,1,7,12,12,19,26,38,0,0,-5,5,-1,1,3,3,6,5,14,9
2024-04-04,N1,Volendam,Feyenoord,1,0,0,9,23,1,10,709.49180113482,1335.63847012937,0,1,8,0,0,8,8,0,2,13,4,26,11,48,0,0,-14,14,-9,9,0,0,10,1,23,9
2024-04-04,N1,Waalwijk,Almere City,1,0,0,15,9,3,0,864.797879930997,951.532683047663,0,0,0,0,2,3,1,2,5,4,9,12,17,27,0,0,6,-6,3,-3,0,0,0,3,9,15
2024-04-04,N1,Ajax,Go Ahead Eagles,1,1,1,21,10,7,4,1115.81530547292,1003.282187337,0,0,0,2,10,0,1,2,8,6,16,17,39,30,0,0,11,-11,3,-3,1,1,4,7,10,21
2024-04-06,N1,Sparta Rotterdam,Heracles,0,1,2,21,8,4,4,1020.43176060259,1011.69704304196,1,0,0,5,4,0,0,5,8,7,12,10,26,18,-1,1,13,-13,0,0,2,1,4,4,8,21
2024-04-06,N1,PSV Eindhoven,AZ Alkmaar,2,5,1,18,10,8,6,1360.3356700387,1031.49537260211,1,0,0,1,13,0,0,1,10,10,23,18,51,30,4,-4,8,-8,2,-2,1,5,6,8,10,18
2024-04-06,N1,Zwolle,Excelsior,2,2,1,25,8,11,4,825.086444187972,738.049081305902,0,0,1,7,0,0,4,11,1,1,8,2,21,9,1,-1,17,-17,7,-7,1,2,4,11,8,25
2024-04-06,N1,Twente,For Sittard,2,2,0,26,4,8,2,1201.38940085724,908.182105410506,3,0,0,1,3,0,0,2,10,8,20,15,36,26,2,-2,22,-22,6,-6,0,2,2,8,4,26
2024-04-07,N1,Vitesse,Nijmegen,0,0,3,20,8,6,7,696.262898970176,1158.92694637015,0,0,1,0,0,1,7,2,1,10,5,18,10,35,-3,3,12,-12,-1,1,3,0,7,6,8,20
2024-04-07,N1,Feyenoord,Ajax,2,6,0,30,1,15,1,1320.48594453114,1110.80689329434,4,1,0,0,7,2,0,0,11,9,24,14,46,40,6,-6,29,-29,14,-14,0,6,1,15,1,30
2024-04-07,N1,Go Ahead Eagles,Almere City,1,1,1,12,18,4,6,1008.29059951558,947.61935682743,1,0,0,0,1,4,0,3,7,5,15,12,28,25,0,0,-6,6,-2,2,1,1,6,4,18,12
2024-04-07,N1,Volendam,Waalwijk,2,3,2,20,15,8,8,724.644326733059,868.71120615123,0,0,0,0,1,1,9,7,3,6,4,10,12,15,1,-1,5,-5,0,0,2,3,8,8,15,20
2024-04-07,N1,Heerenveen,Utrecht,0,2,3,13,18,5,6,967.917219085079,1099.66773047484,0,0,0,1,1,0,2,3,5,7,13,20,26,36,-1,1,-5,5,-1,1,3,2,6,5,18,13
2024-04-12,N1,Excelsior,Volendam,2,4,0,35,13,15,5,713.90192793179,769.201779681977,0,0,1,0,0,3,5,5,1,6,1,7,9,12,4,-4,22,-22,10,-10,0,4,5,15,13,35
2024-04-13,N1,PSV Eindhoven,Vitesse,2,6,0,29,9,12,0,1377.22352934391,689.154871424157,2,0,0,2,14,0,0,2,12,1,23,5,51,10,6,-6,20,-20,12,-12,0,6,0,12,9,29
2024-04-13,N1,AZ Alkmaar,Waalwijk,2,3,2,21,5,7,3,1014.6075132969,824.153753202312,3,0,0,1,3,0,0,8,9,6,17,9,27,15,1,-1,16,-16,4,-4,2,3,3,7,5,21
2024-04-13,N1,Almere City,Sparta Rotterdam,0,2,3,13,13,2,5,950.385312599434,987.62743283514,0,1,0,0,2,1,4,0,5,7,13,11,25,25,-1,1,0,0,-3,3,3,2,5,2,13,13
2024-04-14,N1,Heracles,Heerenveen,0,0,2,12,20,3,7,1044.50137080941,947.501854536032,2,0,0,0,4,1,0,2,9,2,13,12,20,26,-2,2,-8,8,-4,4,2,0,7,3,20,12
2024-04-14,N1,For Sittard,Feyenoord,0,0,1,14,10,3,3,894.493219644611,1358.74446794223,0,0,0,0,3,9,1,1,5,13,12,26,26,46,-1,1,4,-4,0,0,1,0,3,3,10,14
2024-04-14,N1,Utrecht,Go Ahead Eagles,2,2,1,16,14,6,3,1120.08309502388,1005.52464374358,5,0,0,0,11,1,0,3,10,5,22,15,36,28,1,-1,2,-2,3,-3,1,2,3,6,14,16
2024-04-14,N1,Ajax,Twente,2,2,1,8,7,4,3,1072.54836988325,1215.07828662313,0,0,0,0,11,1,2,2,6,10,11,22,37,38,1,-1,1,-1,1,-1,1,2,3,4,7,8
2024-04-14,N1,Nijmegen,Zwolle,1,2,2,16,10,9,5,1166.03497391617,849.233597562084,6,0,0,3,6,0,0,4,10,4,20,8,37,21,0,0,6,-6,4,-4,2,2,5,9,10,16
2024-04-24,N1,Twente,Almere City,2,3,1,15,7,8,2,1170.64080136451,921.802361346962,4,0,0,0,4,5,0,4,7,4,19,10,35,24,2,-2,8,-8,6,-6,1,3,2,8,7,15
2024-04-24,N1,Ajax,Excelsior,1,2,2,8,9,5,4,1116.98585514187,788.585688471927,1,0,0,8,12,0,0,12,8,4,13,4,37,12,0,0,-1,1,1,-1,2,2,4,5,9,8
2024-04-25,N1,Heerenveen,PSV Eindhoven,0,0,8,8,16,2,11,1003.29543339945,1380.32951388457,0,1,1,0,0,1,3,0,5,12,14,25,26,51,-8,8,-8,8,-9,9,8,0,11,2,16,8
2024-04-25,N1,Go Ahead Eagles,Feyenoord,0,1,3,16,17,6,7,983.709421649029,1362.8800856381,0,1,0,0,2,10,1,0,5,13,12,26,27,49,-2,2,-1,1,-1,1,3,1,7,6,17,16
2024-04-28,N1,Nijmegen,AZ Alkmaar,0,0,3,14,11,6,6,1154.48284085285,1030.63479658129,0,0,0,2,7,0,1,2,8,9,18,20,37,29,-3,3,3,-3,0,0,3,0,6,6,11,14
2024-04-28,N1,Zwolle,Heracles,2,3,1,22,10,6,4,860.785730625407,988.707791945991,1,1,0,0,1,1,0,0,4,9,6,13,21,20,2,-2,12,-12,2,-2,1,3,4,6,10,22
2024-04-28,N1,Sparta Rotterdam,Volendam,2,1,0,10,10,3,2,1016.21038408761,694.51801914184,0,0,1,1,0,0,1,6,10,5,14,7,25,12,1,-1,0,0,1,-1,0,1,2,3,10,10
2024-04-28,N1,Waalwijk,Utrecht,1,2,2,9,11,6,5,808.126469917924,1141.89831711844,0,1,0,0,3,1,2,0,3,12,9,22,15,38,0,0,-2,2,1,-1,2,2,5,6,11,9
2024-04-28,N1,Vitesse,For Sittard,2,3,2,10,19,6,10,686.048886883492,890.357601948741,0,0,2,2,0,0,8,3,1,4,5,11,9,25,1,-1,-9,9,-4,4,2,3,10,6,19,10
2024-05-03,N1,Almere City,Heerenveen,1,1,1,13,18,4,5,904.897840013176,982.7151725908,0,1,1,0,0,2,5,0,3,5,9,11,21,26,0,0,-5,5,-1,1,1,1,5,4,18,13
2024-05-03,N1,For Sittard,Go Ahead Eagles,1,0,0,27,6,5,1,841.445919457966,974.822422232537,0,0,1,1,0,0,2,4,1,5,11,11,25,24,0,0,21,-21,4,-4,0,0,1,5,6,27
2024-05-05,N1,Heracles,Waalwijk,0,0,5,16,19,5,10,929.39444723288,820.039697624242,0,0,1,2,0,0,1,9,6,3,10,7,20,16,-5,5,-3,3,-5,5,5,0,10,5,19,16
2024-05-05,N1,PSV Eindhoven,Sparta Rotterdam,2,4,2,18,7,7,1,1400.90977469322,1024.89265668877,3,2,0,0,15,2,0,0,12,12,25,17,51,28,2,-2,11,-11,6,-6,2,4,1,7,7,18
2024-05-05,N1,Utrecht,Vitesse,2,1,0,15,20,6,5,1129.98508941212,734.960569374268,6,0,0,3,12,0,0,3,10,3,20,8,38,12,1,-1,-5,5,1,-1,0,1,5,6,20,15
2024-05-05,N1,Volendam,Ajax,0,1,4,8,17,2,11,685.835746540683,1105.18413386856,1,0,0,1,2,0,0,1,5,8,7,14,11,37,-3,3,-9,9,-9,9,4,1,11,2,17,8
2024-05-05,N1,AZ Alkmaar,Twente,2,2,1,10,15,4,4,1103.82137970275,1187.5453226983,4,0,0,1,4,0,0,3,9,10,22,19,32,37,1,-1,-5,5,0,0,1,2,4,4,15,10
2024-05-05,N1,Feyenoord,Zwolle,2,5,0,30,3,17,0,1371.76708505459,920.099075338518,5,0,0,0,8,1,0,5,13,7,26,8,49,21,5,-5,27,-27,17,-17,0,5,0,17,3,30
2024-05-06,N1,Excelsior,Nijmegen,0,0,3,9,19,1,8,800.387409745238,1081.29625773139,1,1,0,0,1,2,0,0,4,8,5,18,12,36,-3,3,-10,10,-7,7,3,0,8,1,19,9
2024-05-12,N1,Ajax,Almere City,2,3,0,11,3,4,0,1114.13975942024,908.422714578511,0,0,0,1,13,0,1,5,8,3,16,7,37,21,3,-3,8,-8,4,-4,0,3,0,4,3,11
2024-05-12,N1,Excelsior,Heracles,2,4,0,19,6,9,0,782.325093497188,832.865902203936,0,0,1,1,0,0,1,1,4,6,5,10,11,20,4,-4,13,-13,9,-9,0,4,0,9,6,19
2024-05-12,N1,For Sittard,PSV Eindhoven,1,1,1,10,12,6,5,847.303192720955,1409.94280992365,0,2,0,0,1,2,3,0,2,15,12,25,23,51,0,0,-2,2,1,-1,1,1,5,6,12,10
2024-05-12,N1,Go Ahead Eagles,AZ Alkmaar,0,0,3,16,17,4,4,968.965148969547,1143.38676337865,0,1,1,0,0,1,2,0,3,9,9,22,22,32,-3,3,-1,1,0,0,3,0,4,4,17,16
2024-05-12,N1,Heerenveen,Vitesse,0,1,3,22,16,5,7,979.190298025465,728.989111665325,0,0,2,4,0,0,4,4,5,3,12,7,24,12,-2,2,6,-6,-2,2,3,1,7,5,16,22
2024-05-12,N1,Nijmegen,Feyenoord,0,2,3,12,21,6,6,1099.35857397944,1381.99703802273,0,2,1,0,0,11,2,0,8,13,20,26,38,49,-1,1,-9,9,0,0,3,2,6,6,21,12
2024-05-12,N1,Twente,Volendam,2,7,2,19,6,10,2,1147.9799390224,676.880120989003,5,0,0,2,5,0,0,7,7,4,19,6,36,11,5,-5,13,-13,8,-8,2,7,2,10,6,19
2024-05-12,N1,Utrecht,Sparta Rotterdam,0,0,1,20,10,5,4,1135.95654712106,1015.85962145834,7,0,0,1,13,0,0,1,13,9,20,14,40,25,-1,1,10,-10,1,-1,1,0,4,5,10,20
2024-05-12,N1,Waalwijk,Zwolle,1,1,1,22,15,5,11,916.568242653186,909.869122370382,0,0,0,1,4,0,3,6,5,7,10,8,16,21,0,0,7,-7,-6,6,1,1,11,5,15,22
2024-05-19,N1,Almere City,Nijmegen,0,1,4,15,21,4,11,882.869490921561,1088.84708279463,0,2,0,0,1,3,6,0,2,7,7,17,21,38,-3,3,-6,6,-7,7,4,1,11,4,21,15
2024-05-19,N1,AZ Alkmaar,Utrecht,1,3,3,7,21,4,11,1172.63157675468,1093.31568314408,5,0,0,0,5,2,0,1,12,10,22,17,34,37,0,0,-14,14,-7,7,3,3,11,4,21,7
2024-05-19,N1,Feyenoord,Excelsior,2,4,0,23,7,7,1,1392.50852920753,856.145515067098,6,0,0,0,9,1,0,13,15,7,26,8,49,14,4,-4,16,-16,6,-6,0,4,1,7,7,23
2024-05-19,N1,Heracles,For Sittard,1,0,0,9,12,3,4,759.045480634026,862.095803031406,0,0,2,3,0,0,2,4,3,2,10,10,17,24,0,0,-3,3,-1,1,0,0,4,3,12,9
2024-05-19,N1,PSV Eindhoven,Waalwijk,2,3,1,34,5,9,2,1395.1501996132,916.259774989702,4,1,0,0,16,1,0,0,13,5,23,11,49,16,2,-2,29,-29,7,-7,1,3,2,9,5,34
2024-05-19,N1,Sparta Rotterdam,Heerenveen,2,2,1,10,19,4,5,1058.50048543532,908.272788603507,1,0,0,0,1,3,0,1,9,4,17,9,28,21,1,-1,-9,9,-1,1,1,2,5,4,19,10
2024-05-19,N1,Vitesse,Ajax,1,2,2,15,25,6,5,799.906621087283,1139.69298307719,1,1,0,0,1,1,0,0,6,10,7,19,15,37,0,0,-10,10,1,-1,2,2,5,6,25,15
2024-05-19,N1,Volendam,Go Ahead Eagles,0,1,2,14,21,4,11,667.665373423208,939.720335593512,0,0,1,0,0,1,1,5,3,2,6,9,11,21,-1,1,-7,7,-7,7,2,1,11,4,21,14
2024-05-19,N1,Zwolle,Twente,0,1,2,6,26,3,6,910.177590033866,1157.19468658819,2,0,0,2,2,0,0,4,8,9,9,19,22,39,-1,1,-20,20,-3,3,2,1,6,3,26,6
2022-08-05,N1,Heerenveen,Sparta Rotterdam,1,0,0,11,13,2,1,889.306925803738,1077.46634823509,0,1,3,0,0,1,5,0,4,12,6,19,18,28,0,0,-2,2,1,-1,0,0,1,2,13,11
2022-08-06,N1,For Sittard,Ajax,0,2,3,13,15,2,4,857.484594673204,1127.6579148008,0,0,0,0,2,2,4,1,3,11,8,17,22,35,-1,1,-2,2,-2,2,3,2,4,2,15,13
2022-08-06,N1,Cambuur,Excelsior,0,0,2,27,7,8,4,1000,850.51781734073,0,0,0,1,0,0,0,14,0,7,0,8,0,13,-2,2,20,-20,4,-4,2,0,4,8,7,27
2022-08-06,N1,PSV Eindhoven,FC Emmen,2,4,1,11,6,6,2,1400.38754804733,1000,5,0,0,0,17,0,0,0,13,0,25,0,49,0,3,-3,5,-5,4,-4,1,4,2,6,6,11
2022-08-06,N1,Waalwijk,Utrecht,1,2,2,11,11,3,3,911.022426555574,1096.90615685131,0,0,0,0,5,3,4,2,5,8,11,18,16,37,0,0,0,0,0,0,2,2,3,3,11,11
2022-08-07,N1,Groningen,Volendam,1,2,2,18,11,6,3,1000,656.607660868903,0,0,0,3,0,0,0,8,0,0,0,6,0,11,0,0,7,-7,3,-3,2,2,3,6,11,18
2022-08-07,N1,Nijmegen,Twente,0,0,1,11,13,4,2,1114.37097223338,1169.63352788997,0,1,2,0,0,1,3,0,7,9,17,19,38,39,-1,1,-2,2,2,-2,1,0,2,4,13,11
2022-08-07,N1,Vitesse,Feyenoord,0,2,5,9,16,3,8,811.941689363668,1398.1362269339,0,3,0,0,2,12,1,0,7,15,8,28,16,52,-3,3,-7,7,-5,5,5,2,8,3,16,9
2022-08-07,N1,AZ Alkmaar,Go Ahead Eagles,2,2,0,19,8,8,2,1169.04110304745,950.778048147817,0,1,0,0,6,2,1,0,13,4,22,9,35,24,2,-2,11,-11,6,-6,0,2,2,8,8,19
2022-08-12,N1,Excelsior,Vitesse,2,3,1,11,22,6,6,912.160816057983,808.331157458711,1,1,0,0,1,1,0,0,7,7,11,8,16,13,2,-2,-11,11,0,0,1,3,6,6,22,11
2022-08-13,N1,Go Ahead Eagles,PSV Eindhoven,0,2,5,11,23,4,11,931.341207677221,1410.28229359792,0,0,2,0,0,3,3,1,4,13,9,25,24,49,-3,3,-12,12,-7,7,5,2,11,4,23,11
2022-08-13,N1,FC Emmen,Waalwijk,1,1,1,11,12,5,2,990.105254449408,918.849727258583,0,0,0,1,0,0,0,1,0,6,0,9,0,17,0,0,-1,1,3,-3,1,1,2,5,12,11
2022-08-13,N1,Utrecht,Cambuur,1,0,0,15,21,6,10,1089.0788561483,938.357001282747,0,0,1,0,0,0,1,0,6,0,18,0,35,0,0,0,-6,6,-4,4,0,0,10,6,21,15
2022-08-13,N1,Feyenoord,Heerenveen,1,0,0,19,8,11,3,1401.74675883885,897.213689335959,7,0,0,1,10,0,0,2,15,2,28,7,52,19,0,0,11,-11,8,-8,0,0,3,11,8,19
2022-08-14,N1,Volendam,Nijmegen,0,1,4,16,13,6,8,668.714273147289,1087.41834783123,0,3,2,0,0,4,2,0,1,6,6,14,12,35,-3,3,3,-3,-2,2,4,1,8,6,13,16
2022-08-14,N1,Ajax,Groningen,2,6,1,24,4,11,2,1138.81505759684,987.893387721614,1,0,0,0,14,0,0,0,11,1,19,1,35,1,5,-5,20,-20,9,-9,1,6,2,11,4,24
2022-08-14,N1,Twente,For Sittard,2,3,0,19,5,8,1,1196.58615229213,846.32745187717,6,0,0,0,6,1,0,5,12,3,19,7,39,19,3,-3,14,-14,7,-7,0,3,1,8,5,19
2022-08-14,N1,Sparta Rotterdam,AZ Alkmaar,0,2,3,8,25,3,7,1069.55958470287,1188.47794351804,2,2,0,0,2,2,0,0,10,13,20,22,29,35,-1,1,-17,17,-4,4,3,2,7,3,25,8
2022-08-20,N1,Vitesse,Heerenveen,0,0,4,4,13,2,4,777.203475700977,911.551604965989,0,0,1,0,0,1,2,3,4,3,7,8,13,20,-4,4,-9,9,-2,2,4,0,4,2,13,4
2022-08-20,N1,For Sittard,Cambuur,0,1,4,19,16,6,8,833.511743319203,944.893040183812,0,0,1,0,0,1,5,1,3,1,4,1,19,1,-3,3,3,-3,-2,2,4,1,8,6,16,19
2022-08-20,N1,FC Emmen,Utrecht,2,3,2,13,9,7,4,986.869062847598,1082.54281724724,0,0,0,0,1,4,1,3,1,6,1,16,1,35,1,-1,4,-4,3,-3,2,3,4,7,9,13
2022-08-21,N1,Groningen,Go Ahead Eagles,2,1,0,9,8,2,3,944.168433654107,924.830989618274,0,0,0,1,1,0,1,1,1,4,1,9,1,23,1,-1,1,-1,-1,1,0,1,3,2,8,9
2022-08-21,N1,Sparta Rotterdam,Ajax,0,0,1,9,14,5,3,1048.10379283719,1182.54001166434,0,1,1,0,0,3,1,0,7,13,19,21,28,37,-1,1,-5,5,2,-2,1,0,3,5,14,9
2022-08-21,N1,Waalwijk,Feyenoord,0,0,1,10,18,4,8,922.085918860394,1387.40884320882,0,4,0,0,6,13,5,0,6,13,9,26,17,50,-1,1,-8,8,-4,4,1,0,8,4,18,10
2022-08-26,N1,Nijmegen,Groningen,1,1,1,16,15,7,6,1096.40450924065,974.389226053421,0,0,3,1,0,0,4,1,9,4,17,4,35,4,0,0,1,-1,1,-1,1,1,6,7,15,16
2022-08-27,N1,Go Ahead Eagles,Sparta Rotterdam,0,0,1,11,17,6,7,894.61019721896,1027.90276803055,0,0,3,0,0,2,4,1,3,7,6,16,23,25,-1,1,-6,6,-1,1,1,0,7,6,17,11
2022-08-27,N1,Vitesse,Waalwijk,1,2,2,25,10,8,5,736.469803209058,917.974101433278,0,0,2,0,0,1,3,2,4,3,7,8,12,17,0,0,15,-15,3,-3,2,2,5,8,10,25
2022-08-27,N1,Feyenoord,FC Emmen,2,4,0,22,7,7,1,1391.52066063594,1027.46476311742,0,0,0,1,11,0,1,1,13,4,26,4,52,4,4,-4,15,-15,6,-6,0,4,1,7,7,22
2022-08-27,N1,Heerenveen,For Sittard,2,2,1,23,8,9,3,952.285277457909,795.886704090745,0,0,0,1,1,0,6,6,5,2,10,4,22,19,1,-1,15,-15,6,-6,1,2,3,9,8,23
2022-08-28,N1,Utrecht,Ajax,0,0,2,5,10,1,4,1041.94711697742,1202.74103647098,0,2,0,0,1,4,2,0,3,13,16,21,34,37,-2,2,-5,5,-3,3,2,0,4,1,10,5
2022-08-28,N1,Excelsior,PSV Eindhoven,0,1,6,9,27,4,13,943.288497815717,1416.79251165687,2,1,0,0,2,4,0,0,9,13,13,25,18,49,-5,5,-18,18,-9,9,6,1,13,4,27,9
2022-08-28,N1,Volendam,Twente,2,1,0,11,20,5,6,659.728111737865,1209.4018608501,0,2,3,0,0,2,3,0,1,12,6,22,9,41,1,-1,-9,9,-1,1,0,1,6,5,20,11
2022-08-28,N1,Cambuur,AZ Alkmaar,0,0,1,9,16,4,3,982.51807941227,1209.93373538372,0,3,1,0,0,3,1,0,4,13,4,22,4,38,-1,1,-7,7,1,-1,1,0,3,4,16,9
2022-08-31,N1,PSV Eindhoven,Volendam,2,7,1,25,9,16,4,1425.88839426925,721.133788135211,6,0,0,0,18,1,0,9,13,4,28,8,49,12,6,-6,16,-16,12,-12,1,7,4,16,9,25
2022-08-31,N1,Twente,Excelsior,2,4,0,11,9,6,2,1147.99618445275,934.192615203337,7,1,0,0,7,1,0,0,12,9,19,13,38,18,4,-4,2,-2,4,-4,0,4,2,6,9,11
2022-09-01,N1,AZ Alkmaar,Nijmegen,1,1,1,30,4,13,2,1223.54243001172,1091.00564694813,1,4,0,0,7,5,0,0,13,7,22,15,41,35,0,0,26,-26,11,-11,1,1,2,13,4,30
2022-09-02,N1,For Sittard,Utrecht,0,3,4,16,26,8,11,777.3914512667,1017.05200881683,0,0,2,1,0,0,6,4,1,3,3,13,18,33,-1,1,-10,10,-3,3,4,3,11,8,26,16
2022-09-03,N1,Ajax,Cambuur,2,4,0,22,5,8,3,1227.63614463157,968.909384784276,2,1,0,0,15,2,0,0,13,4,23,4,37,4,4,-4,17,-17,5,-5,0,4,3,8,5,22
2022-09-03,N1,Twente,PSV Eindhoven,2,2,1,18,13,5,6,1177.15793162468,1428.71476076814,8,2,0,0,8,5,0,0,12,15,21,28,41,51,1,-1,5,-5,-1,1,1,2,6,5,13,18
2022-09-03,N1,Sparta Rotterdam,Volendam,2,4,0,15,18,9,6,1048.19491652957,718.307421636322,0,0,2,1,0,0,2,10,7,4,16,7,28,11,4,-4,-3,3,3,-3,0,4,6,9,18,15
2022-09-03,N1,Go Ahead Eagles,Feyenoord,0,3,4,10,23,4,11,874.318048719948,1405.6491214609,0,5,4,0,0,14,5,0,3,13,5,28,20,52,-1,1,-13,13,-7,7,4,3,11,4,23,10
2022-09-04,N1,Waalwijk,Excelsior,2,5,2,22,10,9,4,910.301157998686,905.030868031412,0,0,1,1,0,0,6,1,3,6,8,13,18,15,3,-3,12,-12,5,-5,2,5,4,9,10,22
2022-09-04,N1,FC Emmen,AZ Alkmaar,0,0,3,11,15,2,7,1013.33630229246,1217.71867445977,1,4,0,0,2,4,0,0,4,11,4,23,4,41,-3,3,-4,4,-5,5,3,0,7,2,15,11
2022-09-04,N1,Heerenveen,Nijmegen,1,0,0,11,12,2,2,970.780530281953,1096.82940250008,1,0,0,0,2,6,0,1,8,8,12,15,25,33,0,0,-1,1,0,0,0,0,2,2,12,11
2022-09-04,N1,Groningen,Vitesse,0,0,1,7,19,0,5,979.788088345942,744.142746643649,1,0,0,1,2,0,0,1,5,2,5,8,5,13,-1,1,-12,12,-5,5,1,0,5,0,19,7
2022-09-09,N1,Volendam,Go Ahead Eagles,0,2,3,18,11,6,4,701.507841505886,871.447765817205,1,0,0,2,1,0,0,2,4,0,4,4,11,19,-1,1,7,-7,2,-2,3,2,4,6,11,18
2022-09-10,N1,Nijmegen,For Sittard,1,1,1,22,8,6,3,1091.26658579742,764.52273317428,0,0,0,2,1,0,5,7,6,0,13,3,33,15,0,0,14,-14,3,-3,1,1,3,6,8,22
2022-09-10,N1,Ajax,Heerenveen,2,5,0,20,5,7,1,1251.37569545979,976.343346984605,3,1,0,0,16,2,0,0,15,9,26,13,37,25,5,-5,15,-15,6,-6,0,5,1,7,5,20
2022-09-10,N1,Excelsior,FC Emmen,2,2,1,13,11,4,4,851.326405601056,987.632445122286,0,0,1,2,0,0,1,2,6,4,13,4,14,4,1,-1,2,-2,0,0,1,2,4,4,11,13
2022-09-11,N1,Utrecht,Vitesse,2,1,0,12,12,5,5,1029.92072690925,795.034753086812,0,1,1,0,0,1,3,0,5,4,13,11,35,16,1,-1,0,0,0,0,0,1,5,5,12,12
2022-09-11,N1,Cambuur,Groningen,0,0,1,14,10,2,3,945.169833956054,928.896081902779,0,0,2,0,0,1,2,2,4,5,4,5,4,5,-1,1,4,-4,-1,1,1,0,3,2,10,14
2022-09-11,N1,PSV Eindhoven,Waalwijk,2,1,0,31,9,5,3,1376.89380813579,964.005620429042,7,0,0,0,19,2,0,3,12,6,25,11,48,20,1,-1,22,-22,2,-2,0,1,3,5,9,31
2022-09-11,N1,AZ Alkmaar,Twente,1,1,1,12,10,3,2,1243.42253162994,1228.97888425703,0,0,0,1,8,0,1,1,13,12,26,21,43,43,0,0,2,-2,1,-1,1,1,2,3,10,12
2022-09-11,N1,Feyenoord,Sparta Rotterdam,2,3,0,23,8,9,2,1408.51940436365,1064.99449666,1,1,0,0,12,3,0,0,13,7,28,19,54,30,3,-3,15,-15,7,-7,0,3,2,9,8,23
2022-09-16,N1,Utrecht,Nijmegen,1,0,0,17,12,7,3,1043.0743424113,1079.49976391799,1,0,0,0,1,7,0,2,7,7,13,13,35,31,0,0,5,-5,4,-4,0,0,3,7,12,17
2022-09-17,N1,Sparta Rotterdam,Groningen,2,2,1,9,4,4,2,1051.73384822771,962.393854671994,1,1,0,0,1,2,0,0,6,7,16,8,30,8,1,-1,5,-5,2,-2,1,2,2,4,4,9
2022-09-17,N1,Vitesse,Volendam,1,1,1,17,11,9,6,781.881137584759,684.02057138064,0,0,0,2,1,0,4,11,4,3,11,4,16,11,0,0,6,-6,3,-3,1,1,6,9,11,17
2022-09-17,N1,Waalwijk,Cambuur,2,5,1,33,4,13,2,958.568121929826,911.672061186839,1,0,0,1,1,0,0,1,5,4,11,4,20,4,4,-4,29,-29,11,-11,1,5,2,13,4,33
2022-09-17,N1,For Sittard,Excelsior,2,1,0,13,14,4,2,776.289555053715,895.273888131279,0,0,3,2,0,0,7,2,1,6,4,13,15,17,1,-1,-1,1,2,-2,0,1,2,4,14,13
2022-09-18,N1,Go Ahead Eagles,FC Emmen,2,2,0,16,13,7,6,888.935035942451,943.684962592064,0,0,5,3,0,0,6,3,3,4,7,4,19,4,2,-2,3,-3,1,-1,0,2,6,7,13,16
2022-09-18,N1,Heerenveen,Twente,2,2,1,14,20,6,6,951.138905097319,1229.64365588112,0,0,0,0,3,1,1,2,8,10,10,22,24,41,1,-1,-6,6,0,0,1,2,6,6,20,14
2022-09-18,N1,PSV Eindhoven,Feyenoord,2,4,3,27,13,10,6,1382.33130663501,1421.78005279594,8,6,0,0,20,15,0,0,12,13,25,28,50,54,1,-1,14,-14,4,-4,3,4,6,10,13,27
2022-09-18,N1,AZ Alkmaar,Ajax,2,2,1,13,15,8,7,1242.75776000585,1276.58013734708,0,3,0,0,9,5,2,0,11,15,24,26,44,39,1,-1,-2,2,1,-1,1,2,7,8,15,13
2022-10-01,N1,Cambuur,PSV Eindhoven,2,3,0,11,12,4,5,855.8230972834,1417.94913684114,0,0,3,1,0,0,3,1,3,12,4,25,4,50,3,-3,-1,1,-1,1,0,3,5,4,12,11
2022-10-01,N1,Groningen,AZ Alkmaar,0,1,4,14,13,2,7,938.445683020746,1277.86311271694,0,5,1,0,0,5,1,0,7,11,8,24,8,46,-3,3,1,-1,-5,5,4,1,7,2,13,14
2022-10-01,N1,Ajax,Go Ahead Eagles,1,1,1,23,3,7,1,1241.47478463599,939.647222341967,4,1,0,0,17,1,0,0,12,6,25,10,39,21,0,0,20,-20,6,-6,1,1,1,7,3,23
2022-10-01,N1,Twente,Vitesse,2,3,0,18,8,6,1,1176.36586620757,777.49000639344,9,0,0,1,9,0,0,1,7,5,19,9,38,17,3,-3,10,-10,5,-5,0,3,1,6,8,18
2022-10-02,N1,For Sittard,Volendam,2,2,0,20,7,6,4,818.839179555003,688.411702571959,1,0,0,0,1,1,0,12,4,4,7,5,18,12,2,-2,13,-13,2,-2,0,2,4,6,7,20
2022-10-02,N1,Excelsior,Utrecht,0,0,1,14,20,3,7,852.724263629991,1044.74567600646,1,1,0,0,1,1,0,0,3,7,12,13,17,33,-1,1,-6,6,-4,4,1,0,7,3,20,14
2022-10-02,N1,Nijmegen,Feyenoord,1,1,1,8,19,2,8,1077.82843032283,1386.1622225898,0,0,0,1,2,0,6,1,5,12,14,25,32,51,0,0,-11,11,-6,6,1,1,8,2,19,8
2022-10-02,N1,Waalwijk,Sparta Rotterdam,1,2,2,13,15,5,6,1014.41708583326,1075.68201987896,2,0,0,1,2,0,0,1,7,9,13,16,20,33,0,0,-2,2,-1,1,2,2,6,5,15,13
2022-10-02,N1,FC Emmen,Heerenveen,1,0,0,12,8,3,1,892.972776192547,1004.41669477086,0,0,1,1,0,0,1,1,3,10,4,13,4,24,0,0,4,-4,2,-2,0,0,1,3,8,12
2022-10-07,N1,Groningen,Waalwijk,0,2,3,15,13,8,5,924.907141706838,1017.20955717857,0,0,2,1,0,0,2,4,4,8,8,11,8,21,-1,1,2,-2,3,-3,3,2,5,8,13,15
2022-10-08,N1,Volendam,Ajax,0,2,4,13,19,6,9,660.286091814355,1230.26313541781,0,0,1,1,0,0,1,1,1,10,5,23,11,39,-2,2,-6,6,-3,3,4,2,9,6,19,13
2022-10-08,N1,Sparta Rotterdam,FC Emmen,2,3,1,15,11,4,2,1072.88954853366,897.93589946736,2,0,0,4,2,0,0,4,10,1,17,5,31,5,2,-2,4,-4,2,-2,1,3,2,4,11,15
2022-10-08,N1,Nijmegen,Excelsior,1,1,1,15,9,6,4,1089.19058908536,836.805148578847,0,0,0,3,3,0,7,3,5,3,12,12,32,17,0,0,6,-6,2,-2,1,1,4,6,9,15
2022-10-09,N1,Go Ahead Eagles,Cambuur,1,0,0,20,7,6,3,950.85887156015,960.759509168171,1,0,0,2,1,0,0,2,7,3,10,7,19,7,0,0,13,-13,3,-3,0,0,3,6,7,20
2022-10-09,N1,Feyenoord,Twente,2,2,0,20,5,7,2,1374.80006382727,1186.33918318081,2,0,0,1,13,0,0,3,10,10,23,22,49,41,2,-2,15,-15,5,-5,0,2,2,7,5,20
2022-10-09,N1,Utrecht,AZ Alkmaar,0,1,2,11,14,4,6,1060.66479105761,1291.40165403085,0,6,0,0,2,6,1,0,10,11,13,24,33,46,-1,1,-3,3,-2,2,2,1,6,4,14,11
2022-10-09,N1,Heerenveen,PSV Eindhoven,0,0,1,9,16,1,6,999.45357149605,1313.01272495637,1,0,0,2,4,0,0,2,8,9,13,22,25,47,-1,1,-7,7,-5,5,1,0,6,1,16,9
2022-10-09,N1,Vitesse,For Sittard,0,1,2,10,8,2,4,767.516689420208,846.964790312608,0,0,0,0,2,1,5,8,5,7,9,9,16,21,-1,1,2,-2,-2,2,2,1,4,2,8,10
2022-10-14,N1,FC Emmen,Volendam,1,1,1,18,12,4,4,874.468127182871,657.108433542328,0,0,0,1,1,0,2,13,1,1,5,5,5,11,0,0,6,-6,0,0,1,1,4,4,12,18
2022-10-15,N1,For Sittard,Waalwijk,1,0,0,9,11,3,3,871.772280334716,1040.90270774687,2,1,0,0,2,1,0,0,10,10,11,13,21,24,0,0,-2,2,0,0,0,0,3,3,11,9
2022-10-15,N1,Go Ahead Eagles,Heerenveen,1,1,1,13,16,3,3,951.314689397316,990.413921666853,0,0,0,0,2,1,1,2,8,5,11,13,20,22,0,0,-3,3,0,0,1,1,3,3,16,13
2022-10-15,N1,Cambuur,Vitesse,0,0,3,10,19,2,6,960.303691331005,742.7091993981,1,0,0,2,1,0,0,2,4,4,8,6,8,13,-3,3,-9,9,-4,4,3,0,6,2,19,10
2022-10-16,N1,Sparta Rotterdam,Nijmegen,2,2,0,14,15,4,4,1096.35732081814,1079.25662869637,3,0,0,0,3,8,0,3,10,5,17,13,34,30,2,-2,-1,1,0,0,0,2,4,4,15,14
2022-10-16,N1,PSV Eindhoven,Utrecht,2,6,1,12,8,9,2,1322.05237478557,1047.25982462152,9,2,0,0,21,2,0,0,9,10,24,13,47,30,5,-5,4,-4,7,-7,1,6,2,9,8,12
2022-10-16,N1,Twente,Groningen,2,3,0,24,5,7,2,1164.18355204427,901.21399113854,10,0,0,1,10,0,0,1,7,3,19,8,38,8,3,-3,19,-19,5,-5,0,3,2,7,5,24
2022-10-16,N1,AZ Alkmaar,Feyenoord,0,1,3,5,13,2,5,1304.80662046693,1396.95569496381,1,0,0,0,10,1,0,2,13,10,24,23,46,49,-2,2,-8,8,-3,3,3,1,5,2,13,5
2022-10-16,N1,Ajax,Excelsior,2,7,1,29,7,20,2,1233.44079368984,846.739108967835,0,0,0,0,18,1,1,4,10,4,23,10,42,18,6,-6,22,-22,18,-18,1,7,2,20,7,29
2022-10-22,N1,Feyenoord,For Sittard,1,1,1,33,4,11,1,1429.44641011107,878.999002888174,3,1,0,0,14,2,0,0,10,11,23,11,51,19,0,0,29,-29,10,-10,1,1,1,11,4,33
2022-10-22,N1,Waalwijk,Ajax,0,1,4,14,17,4,8,1033.67598519341,1249.63234849273,0,1,0,0,3,1,1,0,8,10,14,25,25,42,-3,3,-3,3,-4,4,4,1,8,4,17,14
2022-10-22,N1,Vitesse,FC Emmen,2,2,1,16,4,4,2,827.532573576816,865.587759426865,0,0,1,5,0,0,6,5,4,2,8,6,16,6,1,-1,12,-12,2,-2,1,2,2,4,4,16
2022-10-23,N1,Excelsior,AZ Alkmaar,2,2,1,8,17,2,8,830.547554164947,1272.31590531968,0,7,1,0,0,7,1,0,4,10,10,23,18,45,1,-1,-9,9,-6,6,1,2,8,2,17,8
2022-10-23,N1,Cambuur,Twente,0,0,1,8,15,3,4,875.480317152289,1183.85637998826,0,0,1,2,0,0,1,4,4,7,8,19,8,38,-1,1,-7,7,-1,1,1,0,4,3,15,8
2022-10-23,N1,Groningen,PSV Eindhoven,2,4,2,17,28,7,10,881.541163194546,1347.28569527786,0,1,3,0,0,1,3,0,3,12,8,24,8,49,2,-2,-11,11,-3,3,2,4,10,7,28,17
2022-10-23,N1,Nijmegen,Go Ahead Eagles,1,3,3,19,7,5,5,1037.55593010636,953.107712723012,0,0,0,0,4,2,8,1,4,9,10,9,27,18,0,0,12,-12,0,0,3,3,5,5,7,19
2022-10-23,N1,Utrecht,Sparta Rotterdam,2,3,1,15,21,9,3,1022.02650412922,1138.05801940815,0,0,1,0,0,1,2,2,7,10,12,17,30,36,2,-2,-6,6,6,-6,1,3,3,9,21,15
2022-10-23,N1,Volendam,Heerenveen,0,1,3,12,9,5,4,665.988801298333,988.620898341158,0,0,2,0,0,2,2,3,2,5,6,14,12,20,-2,2,3,-3,1,-1,3,1,4,5,9,12
2022-10-29,N1,Heerenveen,Utrecht,0,1,2,17,5,8,2,1000.46486338355,1080.00976111557,0,0,1,1,0,0,1,1,8,7,16,14,23,32,-1,1,12,-12,6,-6,2,1,2,8,5,17
2022-10-29,N1,Sparta Rotterdam,For Sittard,2,3,1,14,13,5,3,1080.07476242181,893.707372536949,4,0,0,0,4,3,0,1,10,11,16,12,36,19,2,-2,1,-1,2,-2,1,3,3,5,13,14
2022-10-29,N1,Go Ahead Eagles,Excelsior,2,3,1,15,9,8,4,956.921878793228,889.882171533772,0,0,0,1,3,0,2,5,7,4,10,10,19,21,2,-2,6,-6,4,-4,1,3,4,8,9,15
2022-10-30,N1,FC Emmen,Groningen,1,0,0,15,13,4,1,830.09669709275,963.63373038732,0,0,0,2,2,0,3,2,2,3,6,10,6,11,0,0,2,-2,3,-3,0,0,1,4,13,15
2022-10-30,N1,PSV Eindhoven,Nijmegen,2,3,0,13,12,7,2,1265.19312808509,1033.74176403614,10,0,0,1,22,0,0,4,9,4,21,11,46,25,3,-3,1,-1,5,-5,0,3,2,7,12,13
2022-10-30,N1,Twente,Waalwijk,2,3,0,19,9,6,0,1193.13013270666,1009.25792906982,11,0,0,0,11,2,0,1,9,8,19,13,38,22,3,-3,10,-10,6,-6,0,3,0,6,9,19
2022-10-30,N1,AZ Alkmaar,Volendam,2,2,1,12,18,5,6,1212.98128795085,654.144836255941,0,0,1,0,0,1,1,14,9,2,20,5,42,11,1,-1,-6,6,-1,1,1,2,6,5,18,12
2022-11-04,N1,Cambuur,Nijmegen,0,0,1,16,23,6,11,866.206564433891,1010.97238285191,0,0,2,2,0,0,2,5,4,3,8,8,8,25,-1,1,-7,7,-5,5,1,0,11,6,23,16
2022-11-05,N1,Vitesse,Sparta Rotterdam,0,0,4,14,11,5,6,863.023635910932,1102.43054730495,1,0,0,1,1,0,0,3,7,10,11,19,19,38,-4,4,3,-3,-1,1,4,0,6,5,11,14
2022-11-05,N1,For Sittard,FC Emmen,0,0,1,14,15,1,6,871.351587653816,835.960371248557,0,0,0,6,3,0,1,6,8,3,12,6,16,7,-1,1,-1,1,-5,5,1,0,6,1,15,14
2022-11-05,N1,Excelsior,Heerenveen,0,0,1,11,8,1,4,854.383649577362,975.66583775013,1,1,0,0,1,3,0,0,4,5,7,15,20,23,-1,1,3,-3,-3,3,1,0,4,1,8,11
2022-11-06,N1,Utrecht,Groningen,2,2,1,20,6,6,1,1104.80878674899,957.770056231512,1,0,0,0,1,1,0,3,9,4,16,11,32,12,1,-1,14,-14,5,-5,1,2,1,6,6,20
2022-11-06,N1,Twente,Go Ahead Eagles,1,1,1,27,13,6,2,1221.22536731979,992.420400749637,12,0,0,0,12,3,0,2,12,7,19,13,41,22,0,0,14,-14,4,-4,1,1,2,6,13,27
2022-11-06,N1,Volendam,Feyenoord,0,0,2,7,23,2,12,651.678667305831,1414.73804046229,0,1,3,0,0,2,3,0,1,8,5,21,11,49,-2,2,-16,16,-10,10,2,0,12,2,23,7
2022-11-06,N1,Ajax,PSV Eindhoven,0,1,2,14,5,5,2,1274.05040461632,1287.96250926932,1,0,0,1,19,0,0,1,10,9,25,21,44,46,-1,1,9,-9,3,-3,2,1,2,5,5,14
2022-11-06,N1,Waalwijk,AZ Alkmaar,2,3,1,17,12,7,6,981.162694456687,1215.44745690096,0,0,1,1,0,0,2,1,5,9,12,20,21,42,2,-2,5,-5,1,-1,1,3,6,7,12,17
2022-11-09,N1,Ajax,Vitesse,1,2,2,34,10,8,8,1243.33107241424,837.05367539427,0,1,1,0,0,1,1,0,10,6,22,11,43,18,0,0,24,-24,0,0,2,2,8,8,10,34
2022-11-10,N1,Feyenoord,Cambuur,2,1,0,21,7,7,4,1415.80977581822,846.818435713547,0,0,0,0,15,1,1,3,11,4,23,7,49,8,1,-1,14,-14,3,-3,0,1,4,7,7,21
2022-11-11,N1,Sparta Rotterdam,Twente,1,1,1,11,17,2,5,1128.40050782161,1211.98696642767,5,1,0,0,5,1,0,0,12,10,22,20,38,39,0,0,-6,6,-3,3,1,1,5,2,17,11
2022-11-12,N1,Volendam,Utrecht,0,0,4,12,13,2,8,650.606931949909,1124.02054729987,0,1,4,0,0,1,4,0,1,9,2,19,10,35,-4,4,-1,1,-6,6,4,0,8,2,13,12
2022-11-12,N1,FC Emmen,Ajax,1,3,3,15,10,5,5,871.208794969662,1230.14600032869,0,2,0,0,3,2,4,0,5,10,6,20,10,41,0,0,5,-5,0,0,3,3,5,5,10,15
2022-11-12,N1,PSV Eindhoven,AZ Alkmaar,0,0,1,10,10,2,3,1318.68184147139,1145.80953470984,11,0,0,2,23,0,0,2,12,6,21,17,49,39,-1,1,0,0,-1,1,1,0,3,2,10,10
2022-11-13,N1,Nijmegen,Waalwijk,2,6,1,27,6,12,3,1030.36051157226,1050.80061664781,0,0,0,1,5,0,9,2,5,7,10,15,25,23,5,-5,21,-21,9,-9,1,6,3,12,6,27
2022-11-13,N1,Groningen,For Sittard,0,2,3,12,15,3,7,938.558295680631,836.103163932712,1,0,0,1,1,0,0,2,4,5,8,12,12,16,-1,1,-3,3,-4,4,3,2,7,3,15,12
2022-11-13,N1,Heerenveen,Cambuur,2,2,1,15,7,4,2,996.927988480625,844.487196336893,0,0,2,1,0,0,2,4,7,1,15,4,25,8,1,-1,8,-8,2,-2,1,2,2,4,7,15
2022-11-13,N1,Feyenoord,Excelsior,2,5,1,23,5,12,3,1418.14101519487,833.121498846867,1,0,0,2,16,0,0,6,13,4,23,7,49,20,4,-4,18,-18,9,-9,1,5,3,12,5,23
2022-11-13,N1,Go Ahead Eagles,Vitesse,1,2,2,10,24,3,7,1001.65880164176,850.23874747982,1,0,0,0,4,2,0,1,7,7,14,12,20,19,0,0,-14,14,-4,4,2,2,7,3,24,10
2023-01-06,N1,Twente,FC Emmen,2,2,0,20,5,3,1,1208.21025265471,883.611201208372,0,1,0,0,13,1,1,0,11,6,18,7,39,11,2,-2,15,-15,2,-2,0,2,1,3,5,20
2023-01-07,N1,Waalwijk,Heerenveen,1,0,0,6,18,2,9,972.470775110869,1015.72427734279,1,2,0,0,1,4,0,0,4,10,14,15,22,27,0,0,-12,12,-7,7,0,0,9,2,18,6
2023-01-07,N1,AZ Alkmaar,Vitesse,1,1,1,15,13,5,3,1192.53597254813,856.801552086558,1,0,0,0,1,3,0,2,6,8,19,12,42,20,0,0,2,-2,2,-2,1,1,3,5,13,15
2023-01-07,N1,For Sittard,Go Ahead Eagles,0,0,2,9,20,2,6,877.275290032407,995.095997035017,0,0,1,0,0,4,2,3,5,7,15,15,18,20,-2,2,-11,11,-4,4,2,0,6,2,20,9
2023-01-07,N1,PSV Eindhoven,Sparta Rotterdam,1,0,0,17,12,4,4,1271.9554036331,1132.17722159457,0,1,1,0,0,1,1,0,9,10,18,20,46,36,0,0,5,-5,0,0,0,0,4,4,12,17
2023-01-08,N1,Utrecht,Feyenoord,1,1,1,8,10,4,4,1131.95483844416,1422.43976745364,2,2,0,0,2,3,0,0,12,13,22,23,35,51,0,0,-2,2,0,0,1,1,4,4,10,8
2023-01-08,N1,Cambuur,Volendam,0,0,3,9,9,4,5,825.690907474726,642.672640805616,0,0,3,1,0,0,3,15,0,1,4,2,8,9,-3,3,0,0,-1,1,3,0,5,4,9,9
2023-01-08,N1,Nijmegen,Ajax,1,1,1,6,21,1,7,1108.6903531092,1217.74359408998,1,0,0,0,6,3,0,1,7,8,12,18,27,41,0,0,-15,15,-6,6,1,1,7,1,21,6
2023-01-08,N1,Excelsior,Groningen,2,1,0,14,11,3,4,828.822746588095,897.386169580936,0,0,1,1,0,0,1,4,3,4,7,7,20,12,1,-1,3,-3,-1,1,0,1,4,3,11,14
2023-01-14,N1,Heerenveen,AZ Alkmaar,0,0,2,21,13,2,6,1013.74260713089,1180.58264019296,1,1,0,0,1,1,0,0,10,7,15,17,28,43,-2,2,8,-8,-4,4,2,0,6,2,13,21
2023-01-14,N1,Volendam,Waalwijk,2,2,1,14,8,5,4,723.537944441923,974.452445322773,0,0,5,2,0,0,5,3,3,4,5,12,9,23,1,-1,6,-6,1,-1,1,2,4,5,8,14
2023-01-14,N1,Ajax,Twente,1,0,0,6,24,5,7,1212.88018340671,1219.93869859718,0,0,0,0,1,2,2,1,6,11,16,18,42,39,0,0,-18,18,-2,2,0,0,7,5,24,6
2023-01-14,N1,Sparta Rotterdam,Excelsior,2,1,0,15,11,4,4,1138.28805556415,867.056953013059,0,0,0,3,6,0,1,7,8,6,18,10,37,23,1,-1,4,-4,0,0,0,1,4,4,11,15
2023-01-15,N1,Vitesse,Nijmegen,1,0,0,24,6,6,3,868.754884441735,1113.55376379246,0,1,1,0,0,1,1,0,6,8,10,12,21,25,0,0,18,-18,3,-3,0,0,3,6,6,24
2023-01-15,N1,For Sittard,PSV Eindhoven,1,2,2,6,32,3,12,847.7453989106,1265.84456966352,0,1,2,0,0,1,3,0,4,7,15,19,18,44,0,0,-26,26,-9,9,2,2,12,3,32,6
2023-01-15,N1,Go Ahead Eagles,Utrecht,1,2,2,13,11,4,6,1024.62588815682,1142.8944975608,0,2,0,0,5,2,1,0,9,13,18,20,22,33,0,0,2,-2,-2,2,2,2,6,4,11,13
2023-01-15,N1,FC Emmen,Cambuur,1,0,0,15,9,7,2,871.882755265897,744.825603838419,0,0,0,2,4,0,5,5,5,0,7,4,11,8,0,0,6,-6,5,-5,0,0,2,7,9,15
2023-01-15,N1,Groningen,Feyenoord,0,0,3,5,28,2,10,859.151963155972,1411.500108337,0,0,1,0,0,4,1,1,4,11,7,21,12,49,-3,3,-23,23,-8,8,3,0,10,2,28,5
2023-01-20,N1,Excelsior,Volendam,2,2,0,17,9,4,0,855.955792376559,775.322392391143,1,1,0,0,1,1,0,0,3,6,7,8,20,12,2,-2,8,-8,4,-4,0,2,0,4,9,17
2023-01-21,N1,Nijmegen,FC Emmen,2,3,1,20,10,5,4,1103.83741545192,866.279159603516,0,0,0,1,7,0,1,1,8,6,12,8,25,12,2,-2,10,-10,1,-1,1,3,4,5,10,20
2023-01-21,N1,Cambuur,Sparta Rotterdam,0,0,3,14,12,3,6,750.4291995008,1149.38921620065,0,0,4,0,0,2,4,1,1,11,5,21,9,37,-3,3,2,-2,-3,3,3,0,6,3,12,14
2023-01-21,N1,PSV Eindhoven,Vitesse,2,1,0,15,12,5,4,1252.48961704926,878.47123278228,0,0,0,0,1,4,2,3,8,4,17,11,42,22,1,-1,3,-3,1,-1,0,1,4,5,12,15
2023-01-22,N1,Heerenveen,Groningen,2,3,1,18,10,9,3,989.463343170846,854.795787218823,0,0,1,2,0,0,1,5,7,1,15,4,25,12,2,-2,8,-8,6,-6,1,3,3,9,10,18
2023-01-22,N1,Feyenoord,Ajax,1,1,1,11,11,4,3,1415.85628427415,1213.20519532977,2,0,0,0,17,4,0,2,13,4,21,14,49,40,0,0,0,0,1,-1,1,1,3,4,11,11
2023-01-22,N1,Twente,Utrecht,2,2,0,15,7,6,1,1219.61368667413,1137.64908320096,1,0,0,0,14,3,0,1,9,11,18,18,40,31,2,-2,8,-8,5,-5,0,2,1,6,7,15
2023-01-22,N1,AZ Alkmaar,For Sittard,2,3,1,16,8,5,1,1204.861904153,861.100351524863,0,1,0,0,2,1,1,0,10,4,19,15,43,19,2,-2,8,-8,4,-4,1,3,1,5,8,16
2023-01-24,N1,FC Emmen,PSV Eindhoven,2,1,0,11,12,2,4,848.470788849872,1259.14875836909,0,0,0,0,5,2,6,1,5,8,8,17,12,42,1,-1,-1,1,-2,2,0,1,4,2,12,11
2023-01-24,N1,Sparta Rotterdam,Waalwijk,1,0,0,9,12,4,3,1159.35814433039,922.667997373553,1,0,0,3,7,0,0,4,11,4,21,12,37,23,0,0,-3,3,1,-1,0,0,3,4,12,9
2023-01-25,N1,Go Ahead Eagles,AZ Alkmaar,0,1,4,13,16,1,9,1029.87130251667,1215.5141671065,0,2,0,0,6,2,2,0,9,10,16,19,23,43,-3,3,-3,3,-8,8,4,1,9,1,16,13
2023-01-25,N1,Vitesse,Twente,1,2,2,17,10,6,4,871.812091462445,1253.31248579993,0,0,0,0,1,3,2,2,4,9,10,21,19,40,0,0,7,-7,2,-2,2,2,4,6,10,17
2023-01-25,N1,For Sittard,Heerenveen,2,2,0,16,15,6,4,850.448088571366,1017.12464319137,0,0,0,0,1,5,4,1,4,10,12,15,19,28,2,-2,1,-1,2,-2,0,2,4,6,15,16
2023-01-25,N1,Feyenoord,Nijmegen,2,2,0,22,8,9,5,1407.45559726236,1121.64578620556,0,0,0,0,18,2,1,1,11,11,22,14,47,28,2,-2,14,-14,4,-4,0,2,5,9,8,22
2023-01-25,N1,Utrecht,Excelsior,2,1,0,17,2,9,0,1103.95028407516,889.813757005504,0,0,0,4,3,0,1,8,8,6,17,10,30,22,1,-1,15,-15,9,-9,0,1,0,9,2,17
2023-01-26,N1,Groningen,Cambuur,0,0,1,15,10,2,4,827.134487198304,740.460271371061,0,0,2,0,0,1,2,6,0,1,4,5,12,9,-1,1,5,-5,-2,2,1,0,4,2,10,15
2023-01-26,N1,Ajax,Volendam,1,1,1,31,2,7,1,1221.60588234156,741.464427762198,0,0,0,1,2,0,3,1,5,6,15,7,40,12,0,0,29,-29,6,-6,1,1,1,7,2,31
2023-01-28,N1,PSV Eindhoven,Go Ahead Eagles,2,2,0,19,6,3,1,1200.64989583881,1001.98813989839,1,1,0,0,2,5,0,0,5,6,17,13,39,23,2,-2,13,-13,2,-2,0,2,1,3,6,19
2023-01-28,N1,Waalwijk,FC Emmen,2,2,0,6,17,4,3,932.145289849327,906.969651380153,0,0,0,2,2,0,1,2,5,5,10,10,23,15,2,-2,-11,11,1,-1,0,2,3,4,17,6
2023-01-28,N1,Heerenveen,Vitesse,0,1,3,10,22,2,8,953.705198459702,884.608830474788,1,0,0,1,1,0,0,4,7,4,14,11,27,20,-2,2,-12,12,-6,6,3,1,8,2,22,10
2023-01-28,N1,Nijmegen,Sparta Rotterdam,1,1,1,26,9,4,4,1107.45771683003,1149.88085185462,1,1,0,0,8,3,0,0,8,9,13,21,25,38,0,0,17,-17,0,0,1,1,4,4,9,26
2023-01-28,N1,AZ Alkmaar,Utrecht,1,5,5,15,24,9,9,1243.39732972477,1118.39602107418,1,0,0,1,3,0,0,2,13,8,19,17,43,30,0,0,-9,9,0,0,5,5,9,9,24,15
2023-01-29,N1,Twente,Feyenoord,1,1,1,14,17,6,6,1240.51574678759,1421.64366663789,2,1,0,0,15,5,0,0,9,11,19,24,41,47,0,0,-3,3,0,0,1,1,6,6,17,14
2023-01-29,N1,Excelsior,Ajax,0,1,4,12,19,4,9,875.368020006482,1207.50365832764,2,0,0,0,2,5,0,3,6,5,10,15,22,38,-3,3,-7,7,-5,5,4,1,9,4,19,12
2023-01-29,N1,Volendam,Groningen,2,3,2,12,13,5,3,755.566651776113,787.313081459454,1,0,0,3,1,0,0,6,7,0,8,4,13,12,1,-1,-1,1,2,-2,2,3,3,5,13,12
2023-01-29,N1,Cambuur,For Sittard,0,1,2,9,18,1,6,780.281677109911,913.867533303029,0,0,5,1,0,0,5,1,4,7,5,12,12,21,-1,1,-9,9,-5,5,2,1,6,1,18,9
2023-02-01,N1,Waalwijk,Go Ahead Eagles,2,3,1,6,11,4,2,972.830477806681,980.790698169726,1,0,0,1,3,0,0,1,5,5,12,12,23,22,2,-2,-5,5,2,-2,1,3,2,4,11,6
2023-02-03,N1,For Sittard,Sparta Rotterdam,1,0,0,14,8,7,2,934.136292383912,1147.93684594767,1,0,0,0,2,4,0,1,7,9,12,19,23,36,0,0,6,-6,5,-5,0,0,2,7,8,14
2023-02-04,N1,Volendam,AZ Alkmaar,1,1,1,9,13,2,3,790.482495600171,1237.87696804645,2,3,0,0,2,3,0,0,10,11,11,17,16,41,0,0,-4,4,-1,1,1,1,3,2,13,9
2023-02-04,N1,FC Emmen,Vitesse,1,2,2,6,14,3,8,866.284463422798,937.075445771309,1,1,0,0,6,1,0,0,4,6,10,14,15,20,0,0,-8,8,-5,5,2,2,8,3,14,6
2023-02-04,N1,Utrecht,Heerenveen,2,1,0,12,9,7,5,1123.9163827525,901.23858316318,1,0,0,1,4,0,0,2,6,4,18,14,31,27,1,-1,3,-3,2,-2,0,1,5,7,9,12
2023-02-04,N1,Excelsior,Waalwijk,1,0,0,15,17,3,6,861.324543826803,1017.69275754275,0,0,1,0,0,1,1,5,6,8,9,12,19,25,0,0,-2,2,-3,3,0,0,6,3,17,15
2023-02-05,N1,Cambuur,Ajax,0,0,5,4,20,1,5,760.012918029029,1221.54713450732,0,1,6,0,0,6,6,0,4,7,4,15,12,38,-5,5,-16,16,-4,4,5,0,5,1,20,4
2023-02-05,N1,Feyenoord,PSV Eindhoven,1,2,2,35,7,7,4,1413.9840768433,1221.84733756748,1,0,0,1,19,0,0,2,9,8,22,17,45,41,0,0,28,-28,3,-3,2,2,4,7,7,35
2023-02-05,N1,Go Ahead Eagles,Nijmegen,2,1,0,11,7,2,0,935.92841843366,1109.40172273697,0,0,1,1,0,0,3,2,4,6,11,13,22,26,1,-1,4,-4,2,-2,0,1,0,2,7,11
2023-02-05,N1,Groningen,Twente,1,1,1,19,9,7,1,752.397237635396,1248.17533658218,0,0,3,0,0,4,3,3,0,9,4,20,12,39,0,0,10,-10,6,-6,1,1,1,7,9,19
2023-02-10,N1,AZ Alkmaar,Excelsior,2,5,0,21,3,11,1,1224.14058026973,868.075768268016,0,0,0,5,4,0,1,9,11,4,18,10,41,20,5,-5,18,-18,10,-10,0,5,1,11,3,21
2023-02-11,N1,Nijmegen,Cambuur,1,0,0,16,13,6,4,1062.63168886491,750.310743364428,0,1,0,0,9,2,1,0,5,4,13,4,23,12,0,0,3,-3,2,-2,0,0,4,6,13,16
2023-02-11,N1,PSV Eindhoven,Groningen,2,6,0,34,3,13,1,1229.89174917136,766.653921764203,2,0,0,4,3,0,0,7,8,1,15,5,39,13,6,-6,31,-31,12,-12,0,6,1,13,3,34
2023-02-11,N1,FC Emmen,For Sittard,0,0,1,10,14,2,4,869.500131594874,942.902602027387,0,1,0,0,7,1,1,0,5,8,10,12,16,23,-1,1,-4,4,-2,2,1,0,4,2,14,10
2023-02-12,N1,Sparta Rotterdam,Go Ahead Eagles,2,2,1,19,18,6,4,1139.1705363042,982.698452305723,0,0,0,2,8,0,1,2,9,4,17,13,34,22,1,-1,1,-1,2,-2,1,2,4,6,18,19
2023-02-12,N1,Heerenveen,Feyenoord,0,1,2,13,13,4,3,887.335365210306,1405.93966523942,0,0,1,0,0,6,1,1,3,9,13,20,27,43,-1,1,0,0,1,-1,2,1,3,4,13,13
2023-02-12,N1,Vitesse,Utrecht,2,2,0,13,11,4,4,933.859777599233,1137.81960070538,0,0,0,0,2,1,3,3,6,8,12,21,20,33,2,-2,2,-2,0,0,0,2,4,4,11,13
2023-02-12,N1,Ajax,Waalwijk,2,3,1,17,6,5,3,1231.24930917192,1010.94153310153,0,0,0,0,3,2,4,6,9,8,15,12,40,26,2,-2,11,-11,2,-2,1,3,3,5,6,17
2023-02-12,N1,Twente,Volendam,2,3,0,18,9,9,2,1233.91865245337,804.21888337689,0,0,0,0,16,1,1,2,7,8,18,11,37,17,3,-3,9,-9,7,-7,0,3,2,9,9,18
2023-02-17,N1,Waalwijk,For Sittard,2,3,1,18,10,9,5,991.682192438097,968.240806749454,2,2,0,0,4,2,0,0,8,10,12,14,25,26,2,-2,8,-8,4,-4,1,3,5,9,10,18
2023-02-18,N1,Volendam,Vitesse,2,2,0,9,15,3,1,795.741041712343,1000.8639541433,0,0,0,0,3,2,1,1,5,8,11,12,16,23,2,-2,-6,6,2,-2,0,2,1,3,15,9
2023-02-18,N1,Groningen,FC Emmen,1,1,1,19,7,3,3,755.857123602712,844.161926872807,0,0,0,3,1,0,4,3,1,4,2,10,12,16,0,0,12,-12,0,0,1,1,3,3,7,19
2023-02-18,N1,Feyenoord,AZ Alkmaar,2,2,1,18,2,3,0,1409.01763006825,1241.02118924424,0,0,0,0,20,4,1,1,9,11,22,21,43,41,1,-1,16,-16,3,-3,1,2,0,3,2,18
2023-02-19,N1,Cambuur,Heerenveen,0,1,2,11,12,3,4,761.763182021755,884.257400381479,0,0,7,2,0,0,7,3,4,3,5,10,13,26,-1,1,-1,1,-1,1,2,1,4,3,12,11
2023-02-19,N1,Go Ahead Eagles,Twente,2,2,0,11,19,5,2,964.208763698826,1242.39649411792,1,0,0,0,1,5,0,4,3,9,12,18,22,37,2,-2,-8,8,3,-3,0,2,2,5,19,11
2023-02-19,N1,Utrecht,PSV Eindhoven,1,2,2,8,16,4,8,1070.81542416131,1240.68854733285,2,0,0,0,5,1,0,3,7,10,18,18,32,39,0,0,-8,8,-4,4,2,2,8,4,16,8
2023-02-19,N1,Ajax,Sparta Rotterdam,2,4,0,23,7,12,2,1250.50864983536,1157.6602249111,1,0,0,0,4,5,0,2,11,9,15,20,40,36,4,-4,16,-16,10,-10,0,4,2,12,7,23
2023-02-19,N1,Excelsior,Nijmegen,0,0,3,10,17,4,6,851.195159293504,1051.17925020758,0,0,0,2,1,0,2,3,4,5,7,13,17,24,-3,3,-7,7,-2,2,3,0,6,4,17,10
2023-02-24,N1,Sparta Rotterdam,Utrecht,0,0,3,14,14,1,5,1109.99604830052,1078.06934532314,1,0,0,1,9,0,0,4,6,8,17,16,36,32,-3,3,0,0,-4,4,3,0,5,1,14,14
2023-02-25,N1,Groningen,Excelsior,2,3,0,17,4,8,0,759.838350380627,824.990569552694,0,0,0,6,2,0,5,10,2,1,2,7,13,14,3,-3,13,-13,8,-8,0,3,0,8,4,17
2023-02-25,N1,Heerenveen,Waalwijk,0,1,4,26,8,8,4,905.420604900446,1032.58523063333,0,0,2,1,0,0,2,7,3,10,13,15,28,27,-3,3,18,-18,4,-4,4,1,4,8,8,26
2023-02-25,N1,AZ Alkmaar,Cambuur,2,2,1,14,9,7,3,1223.39137508252,740.599977502789,1,0,0,0,5,3,0,1,8,4,18,5,38,12,1,-1,5,-5,4,-4,1,2,3,7,9,14
2023-02-25,N1,Nijmegen,Volendam,2,3,0,21,11,7,6,1077.38383994839,862.850955912759,0,0,0,1,10,0,2,3,5,8,16,14,24,19,3,-3,10,-10,1,-1,0,3,6,7,11,21
2023-02-26,N1,For Sittard,Feyenoord,0,2,4,13,18,5,7,927.337768554227,1426.64744422996,0,1,0,0,3,7,1,0,10,11,14,22,26,45,-2,2,-5,5,-2,2,4,2,7,5,18,13
2023-02-26,N1,FC Emmen,Go Ahead Eagles,1,2,2,8,8,3,4,840.180700094892,1037.20632995427,0,0,1,3,0,0,2,3,5,6,10,12,16,25,0,0,0,0,-1,1,2,2,4,3,8,8
2023-02-26,N1,Vitesse,Ajax,0,1,2,10,10,5,3,933.754039942881,1298.17282644594,1,2,0,0,3,7,0,0,8,13,12,18,23,40,-1,1,0,0,2,-2,2,1,3,5,10,10
2023-02-26,N1,PSV Eindhoven,Twente,2,3,1,14,14,9,8,1233.43462617102,1169.39892786247,3,0,0,1,4,0,0,5,8,6,16,15,37,34,2,-2,0,0,1,-1,1,3,8,9,14,14
2023-03-03,N1,Utrecht,For Sittard,0,1,2,13,9,5,5,1137.59792419404,922.650189619501,0,0,0,1,6,0,1,1,8,7,16,14,35,26,-1,1,4,-4,0,0,2,1,5,5,9,13
2023-03-03,N1,Vitesse,AZ Alkmaar,0,0,1,12,16,1,6,926.757917060865,1227.13282700755,0,0,1,1,0,0,1,2,7,8,11,21,23,38,-1,1,-4,4,-5,5,1,0,6,1,16,12
2023-03-04,N1,Volendam,FC Emmen,2,3,1,22,21,10,7,838.277259150948,848.39214856482,1,0,0,0,4,1,0,4,7,3,14,8,16,14,2,-2,1,-1,3,-3,1,3,7,10,21,22
2023-03-04,N1,Feyenoord,Groningen,2,1,0,23,6,6,0,1431.33502316469,824.477679944319,1,0,0,5,21,0,0,8,11,5,22,5,45,13,1,-1,17,-17,6,-6,0,1,0,6,6,23
2023-03-04,N1,Twente,Heerenveen,1,3,3,18,18,5,5,1133.53438395266,870.002120920488,1,1,0,0,17,1,0,0,5,3,14,10,34,25,0,0,0,0,0,0,3,3,5,5,18,18
2023-03-05,N1,Excelsior,Sparta Rotterdam,0,1,4,17,14,5,7,760.351239989002,1050.46746942963,0,0,1,1,0,0,3,3,1,5,7,14,14,36,-3,3,3,-3,-2,2,4,1,7,5,14,17
2023-03-05,N1,Waalwijk,PSV Eindhoven,0,0,1,10,23,3,7,1068.00371461328,1269.29917008084,3,0,0,0,5,2,0,4,10,11,15,16,30,37,-1,1,-13,13,-4,4,1,0,7,3,23,10
2023-03-05,N1,Ajax,Nijmegen,2,1,0,19,5,7,2,1305.16894932796,1101.9575367102,2,1,0,0,5,1,0,0,15,8,20,16,40,26,1,-1,14,-14,5,-5,0,1,2,7,5,19
2023-03-05,N1,Cambuur,Go Ahead Eagles,2,4,1,15,18,7,3,736.858525577763,1028.99488148434,0,0,8,0,0,1,8,4,1,7,5,12,9,26,3,-3,-3,3,4,-4,1,4,3,7,18,15
2023-03-11,N1,FC Emmen,Excelsior,2,2,0,9,11,4,4,803.258064667079,743.073622756325,0,0,0,7,1,0,3,11,3,1,7,7,14,14,2,-2,-2,2,0,0,0,2,4,4,11,9
2023-03-11,N1,For Sittard,Twente,0,0,3,10,17,3,5,972.256616720671,1123.29123820896,0,0,1,2,0,0,2,6,7,5,14,14,29,32,-3,3,-7,7,-2,2,3,0,5,3,17,10
2023-03-11,N1,AZ Alkmaar,Groningen,2,1,0,10,11,3,2,1236.7778268799,822.589552670009,2,0,0,6,6,0,0,9,10,5,21,5,40,12,1,-1,-1,1,1,-1,0,1,2,3,11,10
2023-03-11,N1,Sparta Rotterdam,Vitesse,2,3,1,19,9,10,2,1067.7450866623,917.112917188516,0,0,1,1,0,0,1,2,7,4,16,10,36,22,2,-2,10,-10,8,-8,1,3,2,10,9,19
2023-03-12,N1,Nijmegen,Utrecht,1,2,2,11,12,6,6,1086.79626008905,1087.99149709287,1,1,0,0,11,1,0,0,7,7,13,13,25,35,0,0,-1,1,0,0,2,2,6,6,12,11
2023-03-12,N1,Heerenveen,Ajax,0,2,4,6,13,4,6,880.245266664182,1320.3302259491,0,3,3,0,0,8,3,0,4,15,8,22,23,40,-2,2,-7,7,-2,2,4,2,6,4,13,6
2023-03-12,N1,PSV Eindhoven,Cambuur,2,5,2,25,12,16,5,1284.58841996751,828.812515991769,4,0,0,1,5,0,0,2,11,4,19,8,37,12,3,-3,13,-13,11,-11,2,5,5,16,12,25
2023-03-12,N1,Feyenoord,Volendam,2,2,1,25,9,8,2,1433.223150439,883.411343048689,2,0,0,2,22,0,0,4,13,7,22,17,45,19,1,-1,16,-16,6,-6,1,2,2,8,9,25
2023-03-17,N1,Volendam,For Sittard,2,2,1,9,13,2,4,880.818996926794,940.042194100694,2,1,0,0,5,1,0,0,6,6,14,14,19,29,1,-1,-4,4,-2,2,1,2,4,2,13,9
2023-03-18,N1,Utrecht,Go Ahead Eagles,0,1,2,11,18,6,6,1087.93645461185,937.040891070336,0,0,1,1,0,0,2,5,5,7,13,11,33,26,-1,1,-7,7,0,0,2,1,6,6,18,11
2023-03-18,N1,FC Emmen,Sparta Rotterdam,0,0,2,12,15,6,8,839.593546208306,1093.69619407027,1,1,0,0,2,1,0,0,5,9,10,18,17,36,-2,2,-3,3,-2,2,2,0,8,6,15,12
2023-03-18,N1,Waalwijk,Nijmegen,0,1,3,15,12,4,7,1052.71446472661,1086.85130257007,0,0,1,1,0,0,1,1,7,8,15,13,29,25,-2,2,3,-3,-3,3,3,1,7,4,12,15
2023-03-19,N1,Groningen,Heerenveen,0,0,2,11,13,1,5,817.189175015107,873.79344069046,1,0,0,0,3,2,0,1,4,4,5,7,12,22,-2,2,-2,2,-4,4,2,0,5,1,13,11
2023-03-19,N1,Ajax,Feyenoord,0,2,3,12,17,5,5,1326.78205192283,1435.81549656089,3,2,0,0,6,8,0,0,15,15,24,24,40,45,-1,1,-5,5,0,0,3,2,5,5,17,12
2023-03-19,N1,Excelsior,Cambuur,2,4,1,6,19,3,9,706.738141215098,821.436427661997,0,0,2,2,0,0,4,3,0,4,4,8,14,12,3,-3,-13,13,-6,6,1,4,9,3,19,6
2023-03-19,N1,Vitesse,PSV Eindhoven,1,1,1,10,13,2,3,891.161809780549,1291.96450829728,0,1,2,0,0,3,2,0,3,13,9,21,19,40,0,0,-3,3,-1,1,1,1,3,2,13,10
2023-03-19,N1,Twente,AZ Alkmaar,2,2,1,18,12,4,3,1155.50566082894,1242.1782045348,0,1,0,0,18,1,1,0,7,12,14,23,32,40,1,-1,6,-6,1,-1,1,2,3,4,12,18
2023-04-01,N1,AZ Alkmaar,Heerenveen,1,1,1,21,9,7,2,1202.35694360366,910.568323037273,3,1,0,0,7,3,0,0,9,7,20,10,39,25,0,0,12,-12,5,-5,1,1,2,7,9,21
2023-04-01,N1,Excelsior,Twente,1,0,0,6,26,1,8,778.645463876648,1195.32692176008,1,1,0,0,1,1,0,0,3,7,7,16,14,34,0,0,-20,20,-7,7,0,0,8,1,26,6
2023-04-01,N1,Cambuur,FC Emmen,0,1,2,10,13,2,5,749.529105000447,823.098716769774,1,0,0,1,1,0,0,5,3,5,7,9,12,17,-1,1,-3,3,-3,3,2,1,5,2,13,10
2023-04-01,N1,Nijmegen,PSV Eindhoven,0,2,4,12,25,6,11,1126.41355987393,1278.86140223996,0,0,0,0,12,4,1,1,10,11,15,21,27,38,-2,2,-13,13,-5,5,4,2,11,6,25,12
2023-04-01,N1,Waalwijk,Vitesse,2,1,0,10,16,4,7,1013.15220742274,904.264915837869,0,0,2,2,0,0,2,3,6,1,14,9,26,20,1,-1,-6,6,-3,3,0,1,7,4,16,10
2023-04-02,N1,Go Ahead Eagles,Ajax,1,0,0,5,9,2,4,982.126295462179,1304.50721841239,2,4,0,0,2,9,0,0,7,12,11,23,29,37,0,0,-4,4,-2,2,0,0,4,2,9,5
2023-04-02,N1,Sparta Rotterdam,Feyenoord,0,1,3,7,22,5,5,1110.1910235088,1458.09033007132,1,3,0,0,1,9,0,0,9,15,18,24,39,45,-2,2,-15,15,0,0,3,1,5,5,22,7
2023-04-02,N1,Utrecht,Volendam,1,0,0,18,8,5,2,1042.85105022001,918.221431746815,0,0,2,3,0,0,3,5,5,9,12,14,30,22,0,0,10,-10,3,-3,0,0,2,5,8,18
2023-04-02,N1,For Sittard,Groningen,2,3,1,8,19,5,4,902.639759280673,780.414292668294,0,0,2,7,0,0,3,10,3,4,13,5,28,9,2,-2,-11,11,1,-1,1,3,4,5,19,8
2023-04-07,N1,Groningen,Utrecht,0,1,2,6,16,1,4,751.379008424376,1037.34577345536,0,0,1,0,0,2,1,1,3,5,5,13,9,30,-1,1,-10,10,-3,3,2,1,4,1,16,6
2023-04-08,N1,Vitesse,Go Ahead Eagles,2,2,0,19,9,9,1,881.977862877383,993.800010196503,0,1,0,0,1,1,3,0,1,8,9,11,19,27,2,-2,10,-10,8,-8,0,2,1,9,9,19
2023-04-08,N1,AZ Alkmaar,Sparta Rotterdam,0,0,1,16,11,3,3,1191.3853957278,1099.75966995992,0,2,0,0,8,2,1,0,10,9,18,15,37,36,-1,1,5,-5,0,0,1,0,3,3,11,16
2023-04-08,N1,PSV Eindhoven,Excelsior,2,4,0,21,5,9,2,1304.62192808627,791.98054693658,5,0,0,8,6,0,0,12,13,4,21,5,38,15,4,-4,16,-16,7,-7,0,4,2,9,5,21
2023-04-08,N1,Heerenveen,Volendam,2,2,1,15,9,9,5,921.539870913125,923.726708511462,0,0,4,0,0,1,4,6,5,7,8,15,23,22,1,-1,6,-6,4,-4,1,2,5,9,9,15
2023-04-09,N1,Twente,Cambuur,2,4,0,30,8,10,3,1181.99183870015,724.205625909815,1,0,0,3,19,0,0,4,8,3,14,7,35,12,4,-4,22,-22,7,-7,0,4,3,10,8,30
2023-04-09,N1,FC Emmen,Nijmegen,1,0,0,14,22,4,3,848.422195860406,1100.65303402763,0,1,1,0,0,1,1,0,7,7,12,12,20,26,0,0,-8,8,1,-1,0,0,3,4,22,14
2023-04-09,N1,Ajax,For Sittard,2,4,0,31,9,8,1,1292.83350367807,931.67504352459,0,0,1,1,0,0,1,1,10,6,23,16,38,28,4,-4,22,-22,7,-7,0,4,1,8,9,31
2023-04-09,N1,Feyenoord,Waalwijk,2,5,1,22,6,10,2,1468.52168362021,1035.43926038323,3,1,0,0,23,1,0,0,15,9,26,17,48,29,4,-4,16,-16,8,-8,1,5,2,10,6,22
2023-04-14,N1,Excelsior,Go Ahead Eagles,2,2,1,14,17,3,7,785.57034603572,936.294833290481,0,0,0,1,2,0,1,1,4,5,5,11,15,24,1,-1,-3,3,-4,4,1,2,7,3,17,14
2023-04-15,N1,Waalwijk,Groningen,2,2,1,12,15,3,4,1025.58982351571,741.034751451243,1,0,0,8,1,0,0,11,6,0,16,5,26,9,1,-1,-3,3,-1,1,1,2,4,3,15,12
2023-04-15,N1,Sparta Rotterdam,Heerenveen,2,4,0,10,12,4,5,1140.00836452796,953.741283439517,0,0,1,0,0,4,1,1,12,8,17,11,38,25,4,-4,-2,2,-1,1,0,4,5,4,12,10
2023-04-16,N1,Nijmegen,Vitesse,0,1,4,13,14,3,4,1090.72345002684,939.483039783405,0,0,1,3,0,0,2,4,5,4,13,11,26,22,-3,3,-1,1,-1,1,4,1,4,3,14,13
2023-04-16,N1,Utrecht,Twente,2,1,0,10,19,3,5,1047.6900304285,1190.6230083305,0,0,0,0,1,2,4,1,5,11,13,16,30,35,1,-1,-9,9,-2,2,0,1,5,3,19,10
2023-04-16,N1,Volendam,PSV Eindhoven,0,2,3,11,8,3,5,891.52529598507,1311.03212898713,3,1,0,0,6,5,0,0,7,13,14,24,22,41,-1,1,3,-3,-2,2,3,2,5,3,8,11
2023-04-16,N1,Cambuur,Feyenoord,0,0,3,11,25,1,9,715.574456279465,1478.37112048773,0,4,1,0,0,10,1,0,3,15,4,26,9,50,-3,3,-14,14,-8,8,3,0,9,1,25,11
2023-04-16,N1,Ajax,FC Emmen,2,3,1,26,8,10,4,1307.17317591123,858.351779861193,1,1,0,0,1,1,0,0,10,7,25,10,40,20,2,-2,18,-18,6,-6,1,3,4,10,8,26
2023-04-16,N1,For Sittard,AZ Alkmaar,0,0,3,11,14,3,6,917.335371291426,1151.13670115977,1,0,0,1,1,0,0,1,6,7,13,15,25,34,-3,3,-3,3,-3,3,3,0,6,3,14,11
2023-04-19,N1,Go Ahead Eagles,Waalwijk,2,3,2,25,5,11,3,891.222553495964,1036.00474883483,0,0,0,1,3,0,1,1,4,6,11,16,23,28,1,-1,20,-20,8,-8,2,3,3,11,5,25
2023-04-21,N1,Volendam,Cambuur,2,2,0,15,9,7,2,886.274391680363,714.23989211425,0,0,1,4,0,0,1,5,4,0,11,4,22,8,2,-2,6,-6,5,-5,0,2,2,7,9,15
2023-04-22,N1,Heerenveen,FC Emmen,0,2,3,15,14,4,5,920.847701441849,852.194184269859,1,0,0,1,1,0,0,1,7,7,11,10,25,20,-1,1,1,-1,-1,1,3,2,5,4,14,15
2023-04-22,N1,Vitesse,Excelsior,1,0,0,28,6,7,0,1016.35869030006,830.642625830238,1,0,0,9,2,0,0,13,7,7,11,8,25,17,0,0,22,-22,7,-7,0,0,0,7,6,28
2023-04-23,N1,Twente,Sparta Rotterdam,1,3,3,21,17,7,7,1146.15402203431,1172.90194652562,2,3,0,0,20,3,0,0,10,12,15,19,35,38,0,0,4,-4,0,0,3,3,7,7,17,21
2023-04-23,N1,Go Ahead Eagles,For Sittard,2,2,0,15,15,6,3,935.835698824939,894.80873815148,1,0,0,2,4,0,0,2,7,3,14,10,25,22,2,-2,0,0,3,-3,0,2,3,6,15,15
2023-04-23,N1,PSV Eindhoven,Ajax,2,3,0,11,8,4,2,1316.28303329184,1313.33077150257,6,0,0,0,7,10,0,1,13,10,24,25,41,40,3,-3,3,-3,2,-2,0,3,2,4,8,11
2023-04-23,N1,Feyenoord,Utrecht,2,3,1,15,6,9,1,1479.70568465294,1092.15901672469,4,1,0,0,24,3,0,0,15,8,28,15,50,33,2,-2,9,-9,8,-8,1,3,1,9,6,15
2023-04-23,N1,AZ Alkmaar,Waalwijk,2,3,0,16,7,8,1,1173.66333429972,991.391603505852,0,0,1,2,0,0,2,2,7,6,17,13,34,25,3,-3,9,-9,7,-7,0,3,1,8,7,16
2023-04-25,N1,Groningen,Nijmegen,0,0,1,14,9,2,3,730.619826132125,1013.84779951019,0,0,2,0,0,2,2,1,0,5,5,12,9,25,-1,1,5,-5,-1,1,1,0,3,2,9,14
2023-05-05,N1,Waalwijk,Volendam,2,4,1,11,15,4,4,963.103776327426,910.032134814918,2,0,0,1,2,0,0,7,6,7,12,13,24,24,3,-3,-4,4,0,0,1,4,4,4,15,11
2023-05-06,N1,Sparta Rotterdam,PSV Eindhoven,0,0,1,5,21,0,4,1171.67258690853,1370.35126849642,1,2,0,0,1,6,0,0,10,13,19,26,36,41,-1,1,-16,16,-4,4,1,0,4,0,21,5
2023-05-06,N1,Cambuur,Utrecht,0,0,3,5,10,0,1,690.482148979695,1083.64976580804,0,0,2,1,0,0,2,1,0,7,4,12,8,33,-3,3,-5,5,-1,1,3,0,1,0,10,5
2023-05-06,N1,Nijmegen,Heerenveen,0,2,3,11,10,3,4,1024.32951264428,882.605512384852,0,0,2,1,0,0,3,2,7,7,15,11,28,24,-1,1,1,-1,-1,1,3,2,4,3,10,11
2023-05-06,N1,Ajax,AZ Alkmaar,1,0,0,18,11,3,4,1259.26253629798,1201.95116147814,2,1,0,0,2,1,0,0,7,7,22,19,37,37,0,0,7,-7,-1,1,0,0,4,3,11,18
2023-05-07,N1,FC Emmen,Twente,0,0,3,11,16,4,4,890.436373326856,1147.3833816514,0,0,0,1,1,0,2,2,7,8,12,15,22,33,-3,3,-5,5,0,0,3,0,4,4,16,11
2023-05-07,N1,Excelsior,Feyenoord,0,0,2,9,8,4,3,838.464051732456,1488.21493556959,1,5,0,0,3,11,0,0,8,15,8,30,18,50,-2,2,1,-1,1,-1,2,0,3,4,8,9
2023-05-07,N1,Go Ahead Eagles,Groningen,1,1,1,14,7,6,2,974.538324604489,720.138112998028,2,0,0,9,5,0,0,12,7,0,14,4,27,9,0,0,7,-7,4,-4,1,1,2,6,7,14
2023-05-07,N1,For Sittard,Vitesse,2,2,0,7,14,4,2,856.106112371929,1008.53726439784,0,1,1,0,0,1,1,0,3,8,9,11,21,23,2,-2,-7,7,2,-2,0,2,2,4,14,7
2023-05-12,N1,Twente,Nijmegen,2,4,0,26,7,11,2,1167.62142083371,979.95509855158,0,1,0,0,21,3,1,0,8,4,15,14,33,27,4,-4,19,-19,9,-9,0,4,2,11,7,26
2023-05-13,N1,Volendam,Sparta Rotterdam,2,2,1,11,6,5,2,863.766186774424,1156.20735991462,1,0,0,0,1,4,0,1,4,7,13,16,24,36,1,-1,5,-5,3,-3,1,2,2,5,6,11
2023-05-13,N1,Heerenveen,Excelsior,1,0,0,11,15,2,4,926.979926477557,836.429330771237,0,0,1,0,0,1,1,14,7,5,14,8,24,15,0,0,-4,4,-2,2,0,0,4,2,15,11
2023-05-13,N1,Utrecht,Waalwijk,2,2,0,13,10,3,2,1093.92485485944,1009.36972436792,1,0,0,3,2,0,0,3,10,6,15,15,33,27,2,-2,3,-3,1,-1,0,2,2,3,10,13
2023-05-14,N1,Vitesse,Cambuur,2,2,0,14,10,2,1,946.584302362576,680.207059928304,0,0,0,5,3,0,1,6,7,0,8,3,20,8,2,-2,4,-4,1,-1,0,2,1,2,10,14
2023-05-14,N1,Feyenoord,Go Ahead Eagles,2,3,0,12,7,3,1,1490.24965653081,964.547552248087,5,0,0,2,25,0,0,2,15,7,30,15,52,27,3,-3,5,-5,2,-2,0,3,1,3,7,12
2023-05-14,N1,AZ Alkmaar,FC Emmen,2,5,1,23,7,4,2,1204.56676696034,870.198334144549,1,1,0,0,1,1,0,0,8,7,17,12,38,22,4,-4,16,-16,2,-2,1,5,2,4,7,23
2023-05-14,N1,PSV Eindhoven,For Sittard,2,2,1,22,4,7,0,1385.81649549033,918.05907440719,7,0,0,3,8,0,0,3,15,6,26,9,44,23,1,-1,18,-18,7,-7,1,2,0,7,4,22
2023-05-21,N1,Ajax,Utrecht,2,3,1,27,5,9,1,1256.64693081578,1127.31472995088,0,1,0,0,3,1,1,0,8,12,20,17,35,33,2,-2,22,-22,8,-8,1,3,1,9,5,27
2023-05-21,N1,Excelsior,For Sittard,2,3,0,14,13,6,3,840.507419593171,914.000850067828,0,0,1,4,0,0,1,4,5,3,9,9,16,23,3,-3,1,-1,3,-3,0,3,3,6,13,14
2023-05-21,N1,FC Emmen,Feyenoord,0,1,3,5,22,2,8,853.772076537016,1495.29457743547,0,6,1,0,0,12,3,0,4,15,11,30,21,52,-2,2,-17,17,-6,6,3,1,8,2,22,5
2023-05-21,N1,Go Ahead Eagles,Volendam,2,3,0,20,16,6,3,959.502631343423,917.741082877981,0,0,0,2,6,0,1,8,7,6,12,13,24,27,3,-3,4,-4,3,-3,0,3,3,6,16,20
2023-05-21,N1,Nijmegen,AZ Alkmaar,0,0,3,11,14,2,6,947.258518387708,1220.99302456787,0,0,3,0,0,2,4,1,4,10,11,20,27,38,-3,3,-3,3,-4,4,3,0,6,2,14,11
2023-05-21,N1,PSV Eindhoven,Heerenveen,1,3,3,22,13,5,6,1389.8747198297,922.901837655623,8,1,0,0,9,1,0,0,15,7,28,12,44,25,0,0,9,-9,-1,1,3,3,6,5,13,22
2023-05-21,N1,Sparta Rotterdam,Cambuur,2,4,1,11,15,5,4,1102.23246381106,664.637769381448,0,0,1,6,0,0,1,7,7,0,16,3,33,8,3,-3,-4,4,1,-1,1,4,4,5,15,11
2023-05-21,N1,Vitesse,Groningen,2,6,0,30,8,13,1,962.153592909433,730.12888535443,1,0,0,0,4,1,0,13,10,1,11,5,23,7,6,-6,22,-22,12,-12,0,6,1,13,8,30
2023-05-21,N1,Waalwijk,Twente,0,0,5,4,20,2,12,975.979849276481,1200.31800099758,3,1,0,0,3,1,0,0,6,10,12,18,27,33,-5,5,-16,16,-10,10,5,0,12,2,20,4
2023-05-28,N1,AZ Alkmaar,PSV Eindhoven,0,1,2,9,7,6,2,1239.68637849542,1375.91243167917,2,3,0,0,2,7,0,0,13,13,20,26,41,42,-1,1,2,-2,4,-4,2,1,2,6,7,9
2023-05-28,N1,Cambuur,Waalwijk,2,4,0,21,10,9,4,656.508519201322,944.076146460138,0,0,3,4,0,0,3,4,0,3,3,9,8,24,4,-4,11,-11,5,-5,0,4,4,9,10,21
2023-05-28,N1,Feyenoord,Vitesse,0,0,1,27,14,9,7,1497.42559695185,996.755792808797,6,0,0,1,26,0,0,1,15,10,30,14,52,25,-1,1,13,-13,2,-2,1,0,7,9,14,27
2023-05-28,N1,For Sittard,Nijmegen,1,1,1,16,15,4,6,848.103150437044,928.565164460161,1,0,0,1,1,0,0,1,3,3,9,8,23,24,0,0,1,-1,-2,2,1,1,6,4,15,16
2023-05-28,N1,Groningen,Sparta Rotterdam,0,0,5,7,27,1,12,695.526685455066,1110.36171399119,0,0,3,1,0,0,3,2,1,7,4,19,6,33,-5,5,-20,20,-11,11,5,0,12,1,27,7
2023-05-28,N1,Heerenveen,Go Ahead Eagles,2,2,0,16,15,7,3,936.864125806145,1007.51094705082,0,0,0,3,1,0,2,3,5,10,13,14,23,26,2,-2,1,-1,4,-4,0,2,3,7,15,16
2023-05-28,N1,Twente,Ajax,2,3,1,11,20,6,6,1232.22170381392,1284.89314699647,1,0,0,1,22,0,0,2,10,10,21,20,35,38,2,-2,-9,9,0,0,1,3,6,6,20,11
2023-05-28,N1,Utrecht,FC Emmen,2,3,2,20,10,7,5,1099.06851377019,851.641057020634,2,0,0,1,3,0,0,1,9,3,14,10,30,18,1,-1,10,-10,2,-2,2,3,5,7,10,20
2023-05-28,N1,Volendam,Excelsior,2,3,2,28,19,9,8,869.732767170587,906.405119223954,2,0,0,0,2,2,0,15,6,8,13,12,27,19,1,-1,9,-9,1,-1,2,3,8,9,19,28
2021-08-13,N1,Go Ahead Eagles,Heerenveen,0,0,1,11,19,3,5,954.856321572027,989.518751284935,1,0,0,0,7,2,0,1,7,8,14,15,25,23,-1,1,-8,8,-2,2,1,0,5,3,19,11
2021-08-14,N1,Waalwijk,AZ Alkmaar,2,1,0,7,19,2,5,835.760785985641,1219.6275204051,0,1,1,0,0,3,1,0,3,10,9,17,24,38,1,-1,-12,12,-3,3,0,1,5,2,19,7
2021-08-14,N1,Heracles,PSV Eindhoven,0,0,2,6,19,2,6,763.656688992229,1395.9712897695,0,4,0,0,1,8,3,0,1,13,10,26,18,45,-2,2,-13,13,-4,4,2,0,6,2,19,6
2021-08-14,N1,For Sittard,Twente,2,2,1,6,13,4,1,851.743709776368,1282.67769078628,0,2,0,0,2,2,1,0,4,13,7,23,21,37,1,-1,-7,7,3,-3,1,2,1,4,13,6
2021-08-14,N1,Ajax,Nijmegen,2,5,0,25,7,9,1,1234.43716002411,924.924605120838,1,0,0,0,4,1,0,2,7,4,17,9,37,22,5,-5,18,-18,8,-8,0,5,1,9,7,25
2021-08-15,N1,Cambuur,Groningen,0,1,2,6,11,3,7,764.823879675818,683.083782118214,1,0,0,1,1,0,0,14,3,1,3,1,11,6,-1,1,-5,5,-4,4,2,1,7,3,11,6
2021-08-15,N1,Utrecht,Sparta Rotterdam,2,4,0,22,7,8,1,1111.48369969363,1122.80461732804,3,1,0,0,4,1,0,0,9,7,17,19,30,35,4,-4,15,-15,7,-7,0,4,1,8,7,22
2021-08-15,N1,Zwolle,Vitesse,0,0,1,15,14,5,6,897.738748732083,1057.36083599089,0,1,1,0,0,1,1,0,5,10,9,17,19,27,-1,1,1,-1,-1,1,1,0,6,5,14,15
2021-08-15,N1,Willem II,Feyenoord,0,0,4,6,21,3,9,1000,1436.82055376976,0,7,0,0,0,13,0,0,0,12,0,27,0,49,-4,4,-15,15,-6,6,4,0,9,3,21,6
2021-08-20,N1,Nijmegen,Zwolle,2,2,0,8,17,3,1,903.603823986534,879.486555440269,0,0,4,0,0,1,5,7,1,4,8,8,21,19,2,-2,-9,9,2,-2,0,2,1,3,17,8
2021-08-21,N1,Heerenveen,Waalwijk,2,3,2,11,17,4,3,1018.33677364414,893.432369671599,1,0,0,5,2,0,0,5,11,6,18,12,25,26,1,-1,-6,6,1,-1,2,3,3,4,17,11
2021-08-21,N1,PSV Eindhoven,Cambuur,2,4,1,25,8,8,4,1398.21534329056,725.431233409903,0,0,0,7,10,0,1,8,13,3,26,3,47,11,3,-3,17,-17,4,-4,1,4,4,8,8,25
2021-08-21,N1,Sparta Rotterdam,Heracles,1,1,1,11,12,4,4,1056.20065304428,761.41263547117,1,0,0,2,1,0,0,2,6,1,16,10,34,18,0,0,-1,1,0,0,1,1,4,4,12,11
2021-08-21,N1,Groningen,Utrecht,1,0,0,13,5,3,0,722.47642838413,1178.08766397739,0,0,4,1,0,0,4,1,4,12,4,19,9,32,0,0,8,-8,3,-3,0,0,0,3,5,13
2021-08-22,N1,Twente,Ajax,1,1,1,13,9,3,3,1223.62012177111,1255.75794115842,2,0,0,2,23,0,0,3,12,7,20,17,34,39,0,0,4,-4,0,0,1,1,3,3,9,13
2021-08-22,N1,Feyenoord,Go Ahead Eagles,2,2,0,29,8,9,3,1446.47600402769,926.038299212817,0,0,1,4,0,0,1,4,12,4,27,11,51,22,2,-2,21,-21,6,-6,0,2,3,9,8,29
2021-08-22,N1,Vitesse,Willem II,0,0,3,17,13,6,4,1075.61302928271,990.344549742064,2,0,0,0,5,0,0,0,12,0,20,0,29,0,-3,3,4,-4,2,-2,3,0,4,6,13,17
2021-08-27,N1,For Sittard,Waalwijk,1,2,2,11,15,2,5,910.801278791537,872.465229488223,1,0,0,6,3,0,0,6,7,3,10,9,24,26,0,0,-4,4,-3,3,2,2,5,2,15,11
2021-08-28,N1,Cambuur,Twente,2,2,0,23,10,6,2,723.209061052239,1225.09591635057,0,0,1,1,0,0,1,1,3,10,3,18,10,34,2,-2,13,-13,4,-4,0,2,2,6,10,23
2021-08-28,N1,Go Ahead Eagles,Sparta Rotterdam,2,2,0,18,13,7,1,921.861971832879,1045.15635972791,0,0,1,1,0,0,1,1,3,7,10,14,21,32,2,-2,5,-5,6,-6,0,2,1,7,13,18
2021-08-28,N1,PSV Eindhoven,Groningen,2,5,2,16,14,8,4,1400.43751564822,736.310312395714,1,1,0,0,11,1,0,0,13,5,28,5,49,10,3,-3,2,-2,4,-4,2,5,4,8,14,16
2021-08-28,N1,Willem II,Zwolle,2,1,0,16,11,3,4,1057.99703880514,838.668437097792,0,0,1,1,0,0,1,8,3,1,3,8,3,18,1,-1,5,-5,-1,1,0,1,4,3,11,16
2021-08-29,N1,Utrecht,Feyenoord,2,3,1,19,12,7,2,1164.2537799658,1450.65233140763,4,8,0,0,5,14,0,0,10,12,20,27,32,51,2,-2,7,-7,5,-5,1,3,2,7,12,19
2021-08-29,N1,Ajax,Vitesse,2,5,0,29,7,11,1,1254.28214657896,1007.96054021963,2,2,0,0,5,2,0,0,8,12,15,19,39,28,5,-5,22,-22,10,-10,0,5,1,11,7,29
2021-08-29,N1,Heracles,Nijmegen,0,0,1,14,6,4,4,772.456928787541,944.42194232901,0,0,1,1,0,0,4,3,2,4,8,8,19,23,-1,1,8,-8,0,0,1,0,4,4,6,14
2021-08-29,N1,Heerenveen,AZ Alkmaar,0,1,3,7,15,3,5,1039.30391382752,1161.95593671914,2,0,0,1,3,0,0,1,11,7,18,14,28,37,-2,2,-8,8,-2,2,3,1,5,3,15,7
2021-09-11,N1,Twente,Utrecht,2,1,0,11,11,5,1,1142.00286775765,1237.82120700006,0,0,0,0,24,1,1,2,7,10,17,22,31,35,1,-1,0,0,4,-4,0,1,1,5,11,11
2021-09-11,N1,Cambuur,Go Ahead Eagles,2,5,2,15,13,9,7,806.302109645153,980.661319566143,1,0,0,5,1,0,0,5,6,6,6,13,13,24,3,-3,2,-2,2,-2,2,5,7,9,13,15
2021-09-11,N1,Zwolle,Ajax,0,0,2,9,17,2,8,824.554258128096,1283.13298598188,0,0,2,0,0,1,2,4,1,10,8,18,17,41,-2,2,-8,8,-6,6,2,0,8,2,17,9
2021-09-11,N1,AZ Alkmaar,PSV Eindhoven,0,0,3,7,10,3,4,1190.94354577127,1402.77080235874,0,5,1,0,0,9,1,0,9,13,17,28,37,49,-3,3,-3,3,-1,1,3,0,4,3,10,7
2021-09-12,N1,Nijmegen,Willem II,1,0,0,22,8,8,2,961.761450606002,1072.11121777483,1,1,0,0,1,1,0,0,7,6,11,6,23,6,0,0,14,-14,6,-6,0,0,2,8,8,22
2021-09-12,N1,Groningen,Heerenveen,1,1,1,15,8,3,2,733.977025685188,1010.3163047754,0,1,0,0,1,3,5,0,4,10,5,17,10,25,0,0,7,-7,1,-1,1,1,2,3,8,15
2021-09-12,N1,Sparta Rotterdam,For Sittard,2,3,1,18,4,8,2,986.357011994649,909.042968455928,0,0,0,5,2,0,1,5,7,5,14,11,29,24,2,-2,14,-14,6,-6,1,3,2,8,4,18
2021-09-12,N1,Waalwijk,Vitesse,0,1,2,9,9,4,4,874.223539823831,979.10970081671,1,0,0,1,1,0,0,1,4,9,10,19,26,28,-1,1,0,0,0,0,2,1,4,4,9,9
2021-09-17,N1,Sparta Rotterdam,Nijmegen,1,1,1,15,11,4,4,1020.61305956108,966.678990309871,1,1,0,0,3,1,0,0,7,8,14,11,31,24,0,0,4,-4,0,0,1,1,4,4,11,15
2021-09-18,N1,Heerenveen,For Sittard,2,1,0,17,13,7,4,999.733273254982,874.786920889495,0,0,1,6,0,0,1,6,10,5,15,8,26,24,1,-1,4,-4,3,-3,0,1,4,7,13,17
2021-09-18,N1,Willem II,Groningen,2,2,1,7,14,3,5,1067.19367807097,744.560057205601,1,0,0,1,1,0,0,1,7,5,7,6,7,11,1,-1,-7,7,-2,2,1,2,5,3,14,7
2021-09-18,N1,Ajax,Cambuur,2,9,0,21,11,11,2,1288.97666345868,886.112796996638,3,0,0,8,6,0,0,9,10,9,20,9,43,13,9,-9,10,-10,9,-9,0,9,2,11,11,21
2021-09-18,N1,Utrecht,Waalwijk,1,2,2,19,13,6,5,1197.21315221784,851.600762051186,5,0,0,0,6,1,0,7,10,4,19,7,32,23,0,0,6,-6,1,-1,2,2,5,6,13,19
2021-09-19,N1,Go Ahead Eagles,Zwolle,2,1,0,19,9,7,3,900.850632214658,818.710580651305,1,0,0,2,1,0,0,9,3,0,13,8,24,16,1,-1,10,-10,4,-4,0,1,3,7,9,19
2021-09-19,N1,PSV Eindhoven,Feyenoord,0,0,4,14,10,3,4,1427.64226288527,1377.08490437338,2,0,0,1,12,0,0,1,15,9,28,24,52,50,-4,4,4,-4,-1,1,4,0,4,3,10,14
2021-09-19,N1,Heracles,AZ Alkmaar,2,3,2,14,10,7,4,755.117420510548,1166.07208524474,0,1,2,0,0,1,5,0,2,6,8,16,16,34,1,-1,4,-4,3,-3,2,3,4,7,10,14
2021-09-19,N1,Vitesse,Twente,0,1,4,19,12,7,7,1001.73247858935,1182.61092253987,0,0,1,2,0,0,1,2,9,7,19,17,30,33,-3,3,7,-7,0,0,4,1,7,7,12,19
2021-09-21,N1,For Sittard,Ajax,0,0,5,6,25,1,9,853.82318488504,1308.46270280094,0,1,0,0,4,2,1,0,5,13,8,20,21,45,-5,5,-19,19,-8,8,5,0,9,1,25,6
2021-09-21,N1,Waalwijk,Willem II,0,1,2,11,14,4,5,863.750865813285,1075.83536958902,0,0,1,0,0,2,1,1,5,10,8,10,21,10,-1,1,-3,3,-1,1,2,1,5,4,14,11
2021-09-22,N1,Go Ahead Eagles,PSV Eindhoven,0,1,2,12,19,5,8,925.423124119642,1353.81883290431,2,6,0,0,2,10,0,0,6,12,13,25,27,49,-1,1,-7,7,-3,3,2,1,8,5,19,12
2021-09-22,N1,Nijmegen,Utrecht,0,0,3,12,12,3,4,969.142985406535,1185.06304845574,0,0,0,1,2,0,1,3,8,8,12,17,24,32,-3,3,0,0,-1,1,3,0,4,3,12,12
2021-09-22,N1,Groningen,Vitesse,0,0,1,8,13,2,3,735.91836568755,973.27629363302,0,1,0,0,2,1,6,0,5,6,6,16,11,27,-1,1,-5,5,-1,1,1,0,3,2,13,8
2021-09-22,N1,Feyenoord,Heerenveen,2,3,1,21,5,9,1,1450.90833435433,1020.69700925944,1,0,0,0,1,4,0,1,9,10,24,18,50,29,2,-2,16,-16,8,-8,1,3,1,9,5,21
2021-09-22,N1,Zwolle,Sparta Rotterdam,1,1,1,16,8,4,4,794.13808874632,1018.14906446442,0,0,3,2,0,0,3,2,0,5,5,12,13,31,0,0,8,-8,0,0,1,1,4,4,8,16
2021-09-23,N1,Cambuur,Heracles,2,2,1,10,17,4,4,866.626757654378,813.624286742339,2,0,0,0,2,1,0,3,6,5,9,8,13,18,1,-1,-7,7,0,0,1,2,4,4,17,10
2021-09-23,N1,Twente,AZ Alkmaar,2,3,1,11,11,7,5,1211.06710749621,1107.56521901295,1,0,0,1,25,0,0,1,7,3,20,16,35,31,2,-2,0,0,2,-2,1,3,5,7,11,11
2021-09-25,N1,Willem II,PSV Eindhoven,2,2,1,3,25,1,9,1090.41365760165,1358.82831615199,2,7,0,0,2,11,0,0,13,12,13,25,13,51,1,-1,-22,22,-8,8,1,2,9,1,25,3
2021-09-25,N1,Ajax,Groningen,2,3,0,23,5,9,2,1318.53096243195,722.912830740746,4,0,0,2,7,0,0,2,13,2,20,6,45,11,3,-3,18,-18,7,-7,0,3,2,9,5,23
2021-09-25,N1,Vitesse,For Sittard,1,1,1,22,2,9,1,986.281828579823,843.754925254024,0,0,2,7,0,0,2,7,6,4,18,8,29,18,0,0,20,-20,8,-8,1,1,1,9,2,22
2021-09-25,N1,Feyenoord,Nijmegen,2,5,3,19,8,7,3,1457.7082344039,944.720969008725,2,0,0,0,2,2,0,1,12,8,24,9,52,24,2,-2,11,-11,4,-4,3,5,3,7,8,19
2021-09-25,N1,Utrecht,Zwolle,2,5,1,22,8,11,3,1209.48506485355,803.228148942967,0,0,0,3,7,0,1,10,8,1,20,5,32,11,4,-4,14,-14,8,-8,1,5,3,11,8,22
2021-09-26,N1,Sparta Rotterdam,Cambuur,0,0,4,9,9,1,5,1009.05900426777,893.782570337884,0,0,0,9,4,0,1,10,6,9,12,12,31,16,-4,4,0,0,-4,4,4,0,5,1,9,9
2021-09-26,N1,AZ Alkmaar,Go Ahead Eagles,2,5,0,17,6,13,1,1076.39963748939,920.41364087197,0,0,2,6,0,0,2,6,3,6,13,10,30,24,5,-5,11,-11,12,-12,0,5,1,13,6,17
2021-09-26,N1,Heerenveen,Twente,0,2,3,12,13,3,5,1013.89710920987,1242.23268901977,1,1,0,0,1,1,0,0,7,10,18,22,29,37,-1,1,-1,1,-2,2,3,2,5,3,13,12
2021-09-26,N1,Heracles,Waalwijk,2,1,0,22,5,9,0,786.468474058832,849.172577800654,1,0,0,0,1,2,0,8,4,2,5,8,18,20,1,-1,17,-17,9,-9,0,1,0,9,5,22
2021-10-01,N1,Groningen,Twente,1,1,1,8,11,4,3,719.486951830128,1255.78472864302,0,2,1,0,0,2,7,0,1,12,6,22,10,37,0,0,-3,3,1,-1,1,1,3,4,11,8
2021-10-02,N1,Waalwijk,Go Ahead Eagles,1,1,1,16,13,3,3,811.459213876221,877.581314079616,0,0,2,7,0,0,2,7,2,6,5,9,20,24,0,0,3,-3,0,0,1,1,3,3,13,16
2021-10-02,N1,Heracles,Willem II,2,3,2,17,13,7,5,824.181837983265,1143.16294671161,2,1,0,0,2,3,0,0,7,13,8,16,21,16,1,-1,4,-4,2,-2,2,3,5,7,13,17
2021-10-02,N1,Zwolle,Heerenveen,0,0,1,16,9,3,2,791.878734978243,1000.34506958662,0,0,0,1,1,0,4,2,1,4,2,15,10,29,-1,1,7,-7,1,-1,1,0,2,3,9,16
2021-10-02,N1,For Sittard,Nijmegen,0,1,3,11,10,3,4,849.973550073874,940.370706607333,0,0,1,1,0,0,2,2,2,5,9,9,18,23,-2,2,1,-1,-1,1,3,1,4,3,10,11
2021-10-03,N1,Ajax,Utrecht,0,0,1,20,8,6,4,1321.95684134257,1220.83447881827,5,1,0,0,8,1,0,0,15,10,23,20,45,35,-1,1,12,-12,2,-2,1,0,4,6,8,20
2021-10-03,N1,Cambuur,AZ Alkmaar,0,1,3,13,9,4,5,978.934840962882,1119.23196428174,3,0,0,2,3,0,0,2,12,6,15,13,18,32,-2,2,4,-4,-1,1,3,1,5,4,9,13
2021-10-03,N1,Vitesse,Feyenoord,2,2,1,14,19,6,3,980.063203759973,1462.05849680529,0,1,0,0,1,1,3,0,7,12,19,24,27,54,1,-1,-5,5,3,-3,1,2,3,6,19,14
2021-10-03,N1,PSV Eindhoven,Sparta Rotterdam,2,2,1,26,5,12,2,1306.07902704202,923.906733642773,0,0,1,0,0,1,1,3,9,5,22,12,48,28,1,-1,21,-21,10,-10,1,2,2,12,5,26
2021-10-16,N1,Feyenoord,Waalwijk,1,2,2,27,5,9,3,1401.81612519306,814.468010642345,3,0,0,1,3,0,0,9,9,2,21,6,51,18,0,0,22,-22,6,-6,2,2,3,9,5,27
2021-10-16,N1,Go Ahead Eagles,Heracles,2,4,2,12,22,4,6,874.572517313492,879.381774477259,0,0,1,1,0,0,1,4,4,9,10,11,22,21,2,-2,-10,10,-2,2,2,4,6,4,22,12
2021-10-16,N1,Heerenveen,Ajax,0,0,2,14,15,5,3,1015.15915684637,1280.89750640747,0,2,1,0,0,3,1,0,7,12,17,22,29,42,-2,2,-1,1,2,-2,2,0,3,5,15,14
2021-10-16,N1,For Sittard,Cambuur,2,1,0,9,8,6,3,817.276273173121,951.883556638916,0,1,2,0,0,1,3,0,1,9,6,15,15,18,1,-1,1,-1,3,-3,0,1,3,6,8,9
2021-10-16,N1,PSV Eindhoven,Zwolle,2,3,1,29,6,10,1,1312.46328499471,777.064647718498,1,0,0,4,1,0,0,11,9,1,22,2,50,10,2,-2,23,-23,9,-9,1,3,1,10,6,29
2021-10-17,N1,AZ Alkmaar,Utrecht,2,5,1,10,8,7,3,1146.28324860571,1261.89381375338,1,2,0,0,1,2,0,0,6,10,15,20,32,37,4,-4,2,-2,4,-4,1,5,3,7,8,10
2021-10-17,N1,Nijmegen,Vitesse,0,0,1,9,15,3,6,973.067983508086,1040.30557537221,0,2,1,0,0,2,2,0,5,10,12,19,23,30,-1,1,-6,6,-3,3,1,0,6,3,15,9
2021-10-17,N1,Sparta Rotterdam,Groningen,1,1,1,17,7,5,3,917.522475690087,734.090495756754,0,0,1,3,0,0,2,3,5,2,12,6,28,11,0,0,10,-10,2,-2,1,1,3,5,7,17
2021-10-17,N1,Twente,Willem II,1,1,1,6,7,2,3,1241.18118471639,1087.96301021762,2,0,0,1,26,0,0,1,13,10,20,16,38,16,0,0,-1,1,-1,1,1,1,3,2,7,6
2021-10-22,N1,Willem II,For Sittard,1,1,1,21,11,7,7,1094.59454313654,861.088859504806,3,0,0,0,3,1,0,8,10,4,17,9,17,18,0,0,10,-10,0,0,1,1,7,7,11,21
2021-10-23,N1,Utrecht,Heerenveen,2,2,1,16,12,6,6,1176.68588470846,999.542713836478,1,1,0,0,8,1,0,0,10,6,20,16,34,29,1,-1,4,-4,0,0,1,2,6,6,12,16
2021-10-23,N1,Zwolle,Heracles,2,1,0,10,10,2,3,773.217827867164,834.917111283685,0,0,1,2,0,0,5,5,1,9,1,11,10,21,1,-1,0,0,-1,1,0,1,3,2,10,10
2021-10-23,N1,Waalwijk,Sparta Rotterdam,2,1,0,10,9,4,2,829.415432871869,909.781357064307,0,0,0,1,1,0,3,4,3,3,7,10,16,29,1,-1,1,-1,2,-2,0,1,2,4,9,10
2021-10-24,N1,Twente,Nijmegen,0,1,2,20,6,6,4,1234.54965179747,947.184624290942,0,1,0,0,27,1,1,0,11,4,18,12,39,20,-1,1,14,-14,2,-2,2,1,4,6,6,20
2021-10-24,N1,Cambuur,Feyenoord,0,2,3,8,21,4,5,908.070970307232,1386.86870296353,0,0,1,1,0,0,1,1,6,10,15,19,18,49,-1,1,-13,13,-1,1,3,2,5,4,21,8
2021-10-24,N1,Vitesse,Go Ahead Eagles,0,1,2,11,10,3,6,1066.18893458935,919.037180507067,1,0,0,0,2,1,0,8,10,7,19,10,33,24,-1,1,1,-1,-3,3,2,1,6,3,10,11
2021-10-24,N1,Ajax,PSV Eindhoven,2,5,0,16,10,7,5,1296.51394941736,1316.31010484604,0,0,1,1,0,0,1,1,12,9,22,24,42,50,5,-5,6,-6,2,-2,0,5,5,7,10,16
2021-10-24,N1,Groningen,AZ Alkmaar,2,2,0,8,21,4,9,741.831614382534,1231.49117765062,0,1,0,0,1,1,8,0,2,9,7,15,11,35,2,-2,-13,13,-5,5,0,2,9,4,21,8
2021-10-30,N1,PSV Eindhoven,Twente,2,5,2,20,7,12,4,1238.1169261337,1180.82429480388,2,0,0,0,2,3,0,1,9,8,21,15,47,38,3,-3,13,-13,8,-8,2,5,4,12,7,20
2021-10-30,N1,Heracles,Ajax,1,0,0,7,18,5,7,797.29339059405,1374.70712812969,3,3,0,0,3,4,0,0,6,12,11,25,21,42,0,0,-11,11,-2,2,0,0,7,5,18,7
2021-10-30,N1,Heerenveen,Vitesse,0,1,2,6,26,1,9,982.577445203807,1021.39194894013,0,3,2,0,0,3,2,0,3,10,13,16,28,33,-1,1,-20,20,-8,8,2,1,9,1,26,6
2021-10-30,N1,AZ Alkmaar,Zwolle,2,3,2,17,7,6,3,1148.71620535332,810.841548556799,2,0,0,5,2,0,0,12,9,4,12,4,32,13,1,-1,10,-10,3,-3,2,3,3,6,7,17
2021-10-31,N1,Sparta Rotterdam,Feyenoord,0,0,1,6,15,2,6,870.508630920076,1390.6919670353,0,1,0,0,1,1,3,0,2,10,7,19,26,49,-1,1,-9,9,-4,4,1,0,6,2,15,6
2021-10-31,N1,Nijmegen,Groningen,2,3,0,18,11,9,1,1000.90998128453,824.60658667984,0,0,2,0,0,1,3,4,6,5,14,10,23,11,3,-3,7,-7,8,-8,0,3,1,9,11,18
2021-10-31,N1,Utrecht,Willem II,2,5,1,19,9,7,3,1193.65115334113,1085.21296459421,2,0,0,0,9,1,0,2,12,8,20,18,37,18,4,-4,10,-10,4,-4,1,5,3,7,9,19
2021-10-31,N1,Waalwijk,Cambuur,0,0,1,20,14,3,5,868.688159016099,904.247706235467,1,0,0,1,2,0,0,1,5,6,10,12,19,15,-1,1,6,-6,-2,2,1,0,5,3,14,20
2021-10-31,N1,Go Ahead Eagles,For Sittard,2,4,3,23,11,5,5,963.83416615629,870.470438047137,1,0,0,0,1,2,0,9,7,5,13,10,27,19,1,-1,12,-12,0,0,3,4,5,5,11,23
2021-11-05,N1,Twente,Heracles,2,1,0,15,10,5,2,1135.20440772879,812.181018184143,0,0,1,3,0,0,2,6,5,7,15,11,35,21,1,-1,5,-5,3,-3,0,1,2,5,10,15
2021-11-06,N1,Nijmegen,Heerenveen,1,1,1,17,19,7,6,1029.92353252947,954.137594351102,1,0,0,1,1,0,0,1,9,3,17,10,25,28,0,0,-2,2,1,-1,1,1,6,7,19,17
2021-11-06,N1,Willem II,Sparta Rotterdam,0,0,3,8,10,0,5,1040.21285677948,867.457189086507,0,0,0,2,4,0,1,5,5,1,18,7,18,23,-3,3,-2,2,-5,5,3,0,5,0,10,8
2021-11-06,N1,Zwolle,Cambuur,0,1,2,14,13,4,4,802.834915248262,932.98393919538,1,1,0,0,1,1,0,0,3,6,4,15,12,18,-1,1,1,-1,0,0,2,1,4,4,13,14
2021-11-07,N1,Groningen,Waalwijk,1,1,1,15,6,6,1,795.593035434897,839.951926056186,1,0,0,0,2,1,0,10,5,5,7,7,11,19,0,0,9,-9,5,-5,1,1,1,6,6,15
2021-11-07,N1,For Sittard,PSV Eindhoven,0,1,4,8,21,1,9,846.868378407907,1283.7368132088,1,0,0,2,1,0,0,2,5,9,9,21,16,47,-3,3,-13,13,-8,8,4,1,9,1,21,8
2021-11-07,N1,Feyenoord,AZ Alkmaar,2,1,0,20,9,8,4,1393.74340886887,1156.72283866185,0,0,0,1,4,0,1,1,10,12,22,15,49,32,1,-1,11,-11,4,-4,0,1,4,8,9,20
2021-11-07,N1,Vitesse,Utrecht,2,2,1,19,6,8,2,1049.83179979284,1238.65126115586,0,0,1,1,0,0,1,1,10,12,16,20,36,39,1,-1,13,-13,6,-6,1,2,2,8,6,19
2021-11-07,N1,Ajax,Go Ahead Eagles,1,0,0,29,2,5,2,1359.8195005396,987.436225795521,1,1,0,0,1,2,0,0,10,10,23,16,40,27,0,0,27,-27,3,-3,0,0,2,5,2,29
2021-11-20,N1,PSV Eindhoven,Vitesse,2,2,0,8,14,5,5,1291.89757202941,1097.69122976912,3,4,0,0,3,4,0,0,12,12,21,19,49,38,2,-2,-6,6,0,0,0,2,5,5,14,8
2021-11-20,N1,Sparta Rotterdam,Twente,0,0,1,11,6,4,4,947.069856430179,1143.82934177274,0,0,1,1,0,0,4,2,4,5,9,17,23,35,-1,1,5,-5,0,0,1,0,4,4,6,11
2021-11-20,N1,AZ Alkmaar,Nijmegen,1,1,1,21,7,7,2,1143.69716796062,1026.4877805863,3,2,0,0,3,2,0,0,9,10,15,15,29,23,0,0,14,-14,5,-5,1,1,2,7,7,21
2021-11-20,N1,Heracles,For Sittard,2,3,1,19,14,8,4,803.556084140194,838.707619587295,0,0,0,1,4,0,1,10,4,4,11,6,21,16,2,-2,5,-5,4,-4,1,3,4,8,14,19
2021-11-21,N1,Go Ahead Eagles,Groningen,0,0,1,6,19,3,9,1000.07847173704,797.624809872344,2,0,0,1,2,0,0,5,11,6,17,7,27,12,-1,1,-13,13,-6,6,1,0,9,3,19,6
2021-11-21,N1,Feyenoord,Zwolle,2,4,0,18,5,9,4,1406.7690795701,782.291166358432,1,0,0,6,5,0,0,13,10,3,22,4,49,12,4,-4,13,-13,5,-5,0,4,4,9,5,18
2021-11-21,N1,Heerenveen,Willem II,2,2,1,9,17,4,5,957.573346294276,960.600189435809,0,0,3,1,0,0,3,3,4,2,8,15,26,18,1,-1,-8,8,-1,1,1,2,5,4,17,9
2021-11-21,N1,Waalwijk,Ajax,0,0,5,9,22,2,10,837.920151618738,1347.17725459808,0,0,1,0,0,5,1,1,6,8,8,23,17,38,-5,5,-13,13,-8,8,5,0,10,2,22,9
2021-11-21,N1,Cambuur,Utrecht,2,2,1,10,15,4,5,953.527688085211,1190.79183117958,0,0,2,2,0,0,2,2,6,9,18,19,21,39,1,-1,-5,5,-1,1,1,2,5,4,15,10
2021-11-26,N1,Nijmegen,Cambuur,0,2,3,20,15,9,8,1031.68961521476,1004.51655776264,0,2,0,0,2,2,1,0,8,9,13,18,24,24,-1,1,5,-5,1,-1,3,2,8,9,15,20
2021-11-27,N1,For Sittard,Groningen,0,1,4,11,14,7,7,790.427818408201,846.41300896439,0,1,1,0,0,1,1,0,4,8,5,10,16,15,-3,3,-3,3,0,0,4,1,7,7,14,11
2021-11-27,N1,Zwolle,Waalwijk,1,0,0,9,5,1,3,778.842533716183,830.430582538295,0,0,1,0,0,2,1,11,3,5,4,7,12,17,0,0,4,-4,-2,2,0,0,3,1,5,9
2021-11-27,N1,Willem II,Go Ahead Eagles,0,0,1,19,6,5,3,928.321413932761,951.290272644989,0,0,1,0,0,3,2,1,2,10,12,14,18,27,-1,1,13,-13,2,-2,1,0,3,5,6,19
2021-11-28,N1,Sparta Rotterdam,Ajax,0,0,1,1,15,0,8,931.474689891258,1354.66682367853,0,1,2,0,0,6,5,0,4,11,9,23,23,41,-1,1,-14,14,-8,8,1,0,8,0,15,1
2021-11-28,N1,Twente,Feyenoord,1,0,0,3,19,1,5,1159.42450831166,1410.21771221235,1,2,0,0,1,2,0,0,7,13,20,22,37,49,0,0,-16,16,-4,4,0,0,5,1,19,3
2021-11-28,N1,Utrecht,Heracles,2,1,0,22,8,7,0,1139.80296150216,851.835885319288,3,0,0,4,10,0,0,7,6,4,16,13,38,21,1,-1,14,-14,7,-7,0,1,0,7,8,22
2021-11-28,N1,Heerenveen,PSV Eindhoven,1,1,1,8,13,1,2,989.852121797323,1313.51001854126,1,1,0,0,1,1,0,0,4,12,11,21,28,49,0,0,-5,5,-1,1,1,1,2,1,13,8
2021-11-28,N1,Vitesse,AZ Alkmaar,1,0,0,16,13,1,0,1076.07878325727,1138.49533333216,1,0,0,2,1,0,0,2,9,7,19,13,38,30,0,0,3,-3,1,-1,0,0,0,1,13,16
2021-12-01,N1,Feyenoord,Heracles,2,2,1,22,4,12,2,1400.32893969023,841.591099048318,2,0,0,5,6,0,0,8,13,4,23,13,47,21,1,-1,18,-18,10,-10,1,2,2,12,4,22
2021-12-02,N1,AZ Alkmaar,For Sittard,2,2,1,19,7,7,2,1135.65147346534,744.608081113788,0,0,0,2,4,0,1,11,5,1,14,5,30,13,1,-1,12,-12,5,-5,1,2,2,7,7,19
2021-12-02,N1,Ajax,Willem II,2,5,0,21,3,9,0,1359.81637557825,898.43384743876,0,0,0,2,2,0,1,4,11,1,23,11,43,18,5,-5,18,-18,9,-9,0,5,0,9,3,21
2021-12-03,N1,Groningen,Zwolle,1,1,1,8,12,1,4,892.232746258803,781.200944615316,0,0,0,7,3,0,1,14,10,4,12,5,18,13,0,0,-4,4,-3,3,1,1,4,1,12,8
2021-12-04,N1,PSV Eindhoven,Utrecht,2,4,1,11,10,6,1,1301.80887510135,1150.04774777313,4,0,0,3,4,0,0,3,10,9,19,19,47,38,3,-3,1,-1,5,-5,1,4,1,6,10,11
2021-12-04,N1,Cambuur,Vitesse,0,1,6,7,23,1,9,1039.01419834779,1078.92264312408,1,0,0,1,1,0,0,1,12,7,18,17,27,36,-5,5,-16,16,-8,8,6,1,9,1,23,7
2021-12-04,N1,Heracles,Heerenveen,0,0,1,12,10,2,2,839.12358376714,1001.55326523723,1,0,0,0,5,1,0,2,4,5,10,11,18,26,-1,1,2,-2,0,0,1,0,2,2,10,12
2021-12-05,N1,Waalwijk,Nijmegen,2,2,1,15,11,6,4,828.072171639163,997.191974629605,0,0,2,0,0,3,2,1,5,8,8,12,15,23,1,-1,4,-4,2,-2,1,2,4,6,11,15
2021-12-05,N1,AZ Alkmaar,Sparta Rotterdam,2,3,1,10,8,5,4,1141.74817358519,926.325137991531,1,1,0,0,5,1,0,0,8,3,17,6,33,20,2,-2,2,-2,1,-1,1,3,4,5,8,10
2021-12-05,N1,Go Ahead Eagles,Twente,0,1,2,12,11,5,2,981.17783913899,1169.31328083378,0,1,1,0,0,1,1,0,10,7,17,18,30,35,-1,1,1,-1,3,-3,2,1,2,5,11,12
2021-12-05,N1,Feyenoord,For Sittard,2,5,0,24,8,10,5,1402.79645497141,738.511380993933,3,0,0,3,7,0,0,12,13,0,23,5,47,13,5,-5,16,-16,5,-5,0,5,5,10,8,24
2021-12-10,N1,Willem II,Cambuur,0,1,3,13,14,4,8,888.723753450256,973.492686537612,0,3,2,0,0,3,3,0,0,12,8,18,18,27,-2,2,-1,1,-4,4,3,1,8,4,14,13
2021-12-11,N1,Utrecht,Go Ahead Eagles,1,0,0,21,7,8,1,1117.92817393115,964.989696820145,4,1,0,0,11,4,0,0,6,7,18,14,35,27,0,0,14,-14,7,-7,0,0,1,8,7,21
2021-12-11,N1,Heerenveen,Sparta Rotterdam,1,0,0,11,10,4,3,1019.59533202038,906.639822664205,0,0,0,1,2,0,1,1,8,3,11,5,29,17,0,0,1,-1,1,-1,0,0,3,4,10,11
2021-12-11,N1,Zwolle,For Sittard,0,0,1,13,13,1,8,786.146909047875,735.348652377366,0,0,0,4,1,0,2,13,2,0,6,5,11,13,-1,1,0,0,-7,7,1,0,8,1,13,13
2021-12-12,N1,Twente,Waalwijk,2,2,1,19,12,10,3,1185.50142315262,874.524837818987,0,0,0,0,2,3,1,12,10,5,18,10,38,18,1,-1,7,-7,7,-7,1,2,3,10,12,19
2021-12-12,N1,Groningen,Feyenoord,1,1,1,5,27,3,7,887.286781826244,1405.95918358798,0,0,0,0,4,3,2,1,8,13,13,23,19,47,0,0,-22,22,-4,4,1,1,7,3,27,5
2021-12-12,N1,Vitesse,Heracles,2,2,1,10,9,5,4,1144.44415493426,821.081516983995,0,0,0,6,2,0,1,9,10,3,20,10,36,15,1,-1,1,-1,1,-1,1,2,4,5,9,10
2021-12-12,N1,Ajax,AZ Alkmaar,0,1,2,23,5,8,3,1369.52646956676,1161.43348891252,1,0,0,0,3,1,0,3,11,8,23,20,43,33,-1,1,18,-18,5,-5,2,1,3,8,5,23
2021-12-12,N1,Nijmegen,PSV Eindhoven,0,1,2,6,29,6,10,950.73930844978,1333.92844894333,0,0,1,0,0,2,2,1,5,13,11,22,23,47,-1,1,-23,23,-4,4,2,1,10,6,29,6
2021-12-18,N1,For Sittard,Utrecht,1,2,2,8,16,3,6,771.994288374926,1111.30731241407,0,0,2,4,0,0,2,4,3,4,7,16,16,36,0,0,-8,8,-3,3,2,2,6,3,16,8
2021-12-18,N1,Sparta Rotterdam,Vitesse,1,2,2,15,5,7,3,911.665774003543,1153.05452587973,0,1,3,0,0,1,6,0,4,10,5,20,17,38,0,0,10,-10,4,-4,2,2,3,7,5,15
2021-12-18,N1,AZ Alkmaar,Willem II,2,4,1,13,10,3,5,1210.59491876404,855.359325981267,2,0,0,3,6,0,0,5,11,0,20,5,33,18,3,-3,3,-3,-2,2,1,4,5,3,10,13
2021-12-18,N1,Heracles,Groningen,2,4,2,13,5,10,3,812.471146038531,901.748373614235,0,2,1,0,0,2,1,0,3,9,7,14,15,20,2,-2,8,-8,7,-7,2,4,3,10,5,13
2021-12-18,N1,Zwolle,Twente,0,1,3,13,7,2,4,749.501273050316,1194.6570957017,0,2,1,0,0,2,3,0,2,13,5,18,10,40,-2,2,6,-6,-2,2,3,1,4,2,7,13
2021-12-19,N1,Cambuur,Heerenveen,0,1,2,7,23,4,7,1006.8571140066,1014.56938068104,0,1,1,0,0,2,1,0,12,9,18,12,30,30,-1,1,-16,16,-3,3,2,1,7,4,23,7
2021-12-19,N1,Feyenoord,Ajax,0,0,2,11,8,1,1,1391.49759179999,1320.36503971524,4,2,0,0,8,7,0,0,11,10,21,20,45,40,-2,2,3,-3,0,0,2,0,1,1,8,11
2021-12-19,N1,Go Ahead Eagles,Nijmegen,0,0,2,14,10,2,5,971.610558337221,944.388613857902,0,0,2,1,0,0,2,2,5,2,15,11,25,20,-2,2,4,-4,-3,3,2,0,5,2,10,14
2021-12-19,N1,Waalwijk,PSV Eindhoven,0,1,4,7,25,4,12,865.369165269912,1340.27914353521,1,1,0,0,1,3,0,0,5,13,10,22,18,47,-3,3,-18,18,-8,8,4,1,12,4,25,7
2021-12-21,N1,Vitesse,Zwolle,2,1,0,14,15,5,7,1143.4378970278,743.221767618104,1,0,0,0,3,1,0,15,8,2,20,5,39,7,1,-1,-1,1,-2,2,0,1,7,5,15,14
2021-12-21,N1,AZ Alkmaar,Groningen,2,1,0,15,12,6,3,1223.09014418214,846.862739514919,3,0,0,1,7,0,0,1,13,8,20,14,35,20,1,-1,3,-3,3,-3,0,1,3,6,12,15
2021-12-22,N1,Heerenveen,Feyenoord,0,0,3,7,23,1,10,1045.85917131499,1338.78413477111,0,0,0,0,3,4,2,2,11,8,15,21,30,42,-3,3,-16,16,-9,9,3,0,10,1,23,7
2021-12-22,N1,Willem II,Nijmegen,0,0,1,13,13,1,5,842.864100563165,991.675508057769,0,1,3,0,0,1,4,0,0,4,2,14,18,23,-1,1,0,0,-4,4,1,0,5,1,13,13
2021-12-22,N1,Heracles,Cambuur,1,1,1,23,8,7,4,867.356780137848,975.567323372651,1,4,0,0,1,4,0,0,3,9,7,15,18,30,0,0,15,-15,3,-3,1,1,4,7,8,23
2021-12-22,N1,Ajax,For Sittard,2,5,0,27,6,14,0,1373.07849674411,784.01988208397,0,1,1,0,0,1,1,0,12,4,20,8,43,14,5,-5,21,-21,14,-14,0,5,0,14,6,27
2021-12-22,N1,Utrecht,Twente,1,1,1,14,4,5,2,1099.28171870503,1200.93660113391,0,3,0,0,12,3,1,0,5,13,14,18,34,40,0,0,10,-10,3,-3,1,1,2,5,4,14
2021-12-23,N1,PSV Eindhoven,Go Ahead Eagles,2,2,0,21,3,7,1,1346.932872908,924.323664137354,5,0,0,0,5,5,0,1,13,4,25,15,47,24,2,-2,18,-18,6,-6,0,2,1,7,3,21
2021-12-23,N1,Sparta Rotterdam,Waalwijk,1,1,1,18,5,7,3,921.282402855466,858.71543589712,0,0,0,1,1,0,7,13,2,4,6,10,18,15,0,0,13,-13,4,-4,1,1,3,7,5,18
2022-01-14,N1,Zwolle,Willem II,2,2,0,15,7,5,0,737.410163031408,823.789254088575,0,0,2,4,0,0,4,6,2,0,5,2,7,18,2,-2,8,-8,5,-5,0,2,0,5,7,15
2022-01-15,N1,Nijmegen,Heracles,1,0,0,13,12,1,2,1010.75035453236,872.184942818261,0,0,2,7,0,0,3,10,6,4,14,8,26,19,0,0,1,-1,-1,1,0,0,2,1,12,13
2022-01-15,N1,Feyenoord,Vitesse,0,0,1,18,15,3,5,1355.82795171334,1149.2495016145,0,0,1,0,0,2,1,1,10,11,23,20,42,39,-1,1,3,-3,-2,2,1,0,5,3,15,18
2022-01-15,N1,Twente,Heerenveen,2,2,0,16,8,6,3,1196.38438552542,1028.81535437276,1,2,0,0,3,3,0,0,11,8,18,12,38,29,2,-2,8,-8,3,-3,0,2,3,6,8,16
2022-01-15,N1,Go Ahead Eagles,Waalwijk,0,0,2,9,10,4,3,917.244134967046,861.566003364879,0,0,3,0,0,1,3,14,4,5,14,10,24,16,-2,2,-1,1,1,-1,2,0,3,4,10,9
2022-01-16,N1,Utrecht,Ajax,0,0,3,10,8,1,3,1103.83393431351,1377.89937550929,0,3,0,0,13,8,2,0,6,12,12,23,32,45,-3,3,2,-2,-2,2,3,0,3,1,8,10
2022-01-16,N1,Cambuur,Sparta Rotterdam,1,1,1,12,12,3,7,970.739160692238,918.431835387708,0,0,2,0,0,1,2,2,7,3,16,7,31,19,0,0,0,0,-4,4,1,1,7,3,12,12
2022-01-16,N1,Groningen,PSV Eindhoven,0,0,1,6,10,0,2,840.279084971268,1354.01240207831,0,2,0,0,5,4,3,0,5,13,13,25,19,47,-1,1,-4,4,-2,2,1,0,2,0,10,6
2022-01-16,N1,For Sittard,AZ Alkmaar,0,1,2,15,10,5,5,779.199003318795,1229.67379872579,0,1,0,0,1,2,3,0,4,15,5,20,14,35,-1,1,5,-5,0,0,2,1,5,5,10,15
2022-01-22,N1,Vitesse,Groningen,0,1,3,7,11,2,7,1198.31132579913,837.117916985125,2,0,0,2,4,0,0,2,13,2,20,12,39,19,-2,2,-4,4,-5,5,3,1,7,2,11,7
2022-01-22,N1,AZ Alkmaar,Cambuur,1,0,0,18,5,5,2,1234.12699146436,968.348355500365,4,0,0,0,8,5,0,1,15,5,23,17,35,32,0,0,13,-13,3,-3,0,0,2,5,5,18
2022-01-22,N1,Heerenveen,Zwolle,0,0,1,14,10,4,6,1004.60970619543,791.952377127326,0,0,1,1,0,0,3,16,7,4,12,8,28,9,-1,1,4,-4,-2,2,1,0,6,4,10,14
2022-01-22,N1,Willem II,Twente,0,0,1,6,7,1,2,769.247039992658,1220.59003370276,0,0,4,0,0,4,5,1,0,13,1,20,18,38,-1,1,-1,1,-1,1,1,0,2,1,7,6
2022-01-23,N1,Nijmegen,Feyenoord,0,1,4,6,28,4,11,1004.68728742128,1306.76612752871,0,1,0,0,1,5,4,0,7,7,15,20,27,39,-3,3,-22,22,-7,7,4,1,11,4,28,6
2022-01-23,N1,Heracles,Go Ahead Eagles,1,1,1,20,11,4,2,878.248009929337,866.417689135013,0,0,0,1,2,0,1,2,5,1,9,11,20,21,0,0,9,-9,2,-2,1,1,2,4,11,20
2022-01-23,N1,PSV Eindhoven,Ajax,0,1,2,10,15,4,6,1357.17357006445,1396.56324050539,6,4,0,0,6,9,0,0,15,12,25,23,49,45,-1,1,-5,5,-2,2,2,1,6,4,15,10
2022-01-23,N1,Sparta Rotterdam,Utrecht,0,0,3,9,13,1,7,920.82264057958,1085.17006931741,0,0,0,0,2,1,8,5,4,3,7,12,17,32,-3,3,-4,4,-6,6,3,0,7,1,13,9
2022-01-23,N1,Waalwijk,For Sittard,2,2,1,14,13,6,6,912.392449196911,774.745810580223,0,0,1,1,0,0,1,1,7,4,12,4,19,14,1,-1,1,-1,0,0,1,2,6,6,13,14
2022-02-05,N1,Utrecht,Cambuur,2,3,2,13,8,6,5,1115.6726341343,978.652299166162,0,0,1,0,0,6,3,2,6,6,12,18,32,30,1,-1,5,-5,1,-1,2,3,5,6,8,13
2022-02-05,N1,For Sittard,Heerenveen,2,2,0,6,15,3,4,754.799401614882,955.15090631398,0,0,1,1,0,0,4,1,4,4,4,12,13,25,2,-2,-9,9,-1,1,0,2,4,3,15,6
2022-02-05,N1,PSV Eindhoven,AZ Alkmaar,0,1,2,15,12,4,3,1328.78602863992,1223.82304779857,0,2,1,0,0,3,1,0,12,13,25,21,46,36,-1,1,3,-3,1,-1,2,1,3,4,12,15
2022-02-05,N1,Zwolle,Nijmegen,1,1,1,13,12,5,4,841.411177008775,988.387575681464,1,2,0,0,1,2,0,0,6,7,8,12,12,26,0,0,1,-1,1,-1,1,1,4,5,12,13
2022-02-05,N1,Twente,Vitesse,2,3,0,17,8,6,2,1225.02256357776,1120.34435103468,2,1,0,0,4,3,0,0,13,10,23,20,38,36,3,-3,9,-9,4,-4,0,3,2,6,8,17
2022-02-06,N1,Feyenoord,Sparta Rotterdam,2,4,0,16,5,6,0,1323.06583926853,890.320075762688,0,0,2,0,0,2,2,3,7,4,20,7,42,14,4,-4,11,-11,6,-6,0,4,0,6,5,16
2022-02-06,N1,Groningen,Go Ahead Eagles,2,2,1,17,13,5,5,915.084891749576,866.962285083823,0,0,1,0,0,1,4,3,4,2,12,9,22,22,1,-1,4,-4,0,0,1,2,5,5,13,17
2022-02-06,N1,Willem II,Waalwijk,2,3,1,6,13,4,6,764.81451011765,932.338858162252,0,1,5,0,0,2,6,0,0,7,0,12,18,22,2,-2,-7,7,-2,2,1,3,6,4,13,6
2022-02-06,N1,Ajax,Heracles,2,3,0,25,5,12,0,1424.95078192992,877.703413980527,1,0,0,0,1,1,0,11,12,6,23,9,48,20,3,-3,20,-20,12,-12,0,3,0,12,5,25
2022-02-11,N1,Heracles,Utrecht,2,1,0,14,17,5,5,873.222766510463,1135.66857685107,0,1,0,0,3,2,2,0,6,8,9,12,20,32,1,-1,-3,3,0,0,0,1,5,5,17,14
2022-02-12,N1,Cambuur,Zwolle,0,3,4,11,12,6,9,958.656356449391,847.802884507311,0,1,0,0,1,1,3,0,3,7,15,9,30,13,-1,1,-1,1,-3,3,4,3,9,6,12,11
2022-02-12,N1,Groningen,For Sittard,0,0,1,18,8,7,5,942.680763539628,821.473162221046,1,0,0,2,1,0,0,2,6,4,15,7,22,13,-1,1,10,-10,2,-2,1,0,5,7,8,18
2022-02-12,N1,Vitesse,PSV Eindhoven,0,0,5,18,18,2,13,1081.76275523176,1287.40233903396,0,3,1,0,0,5,1,0,7,9,17,22,33,43,-5,5,0,0,-11,11,5,0,13,2,18,18
2022-02-13,N1,Go Ahead Eagles,AZ Alkmaar,0,1,4,9,16,4,9,839.366413293771,1265.20673740453,0,3,4,0,0,4,4,0,1,13,6,24,22,39,-3,3,-7,7,-5,5,4,1,9,4,16,9
2022-02-13,N1,Sparta Rotterdam,Willem II,2,1,0,14,5,6,0,880.452993846259,828.319589771577,0,0,1,5,0,0,9,7,3,3,7,3,14,21,1,-1,9,-9,6,-6,0,1,0,6,5,14
2022-02-13,N1,Heerenveen,Nijmegen,0,0,1,14,6,4,2,888.477145707816,981.995868182929,0,0,2,0,0,3,4,1,3,8,12,10,22,27,-1,1,8,-8,2,-2,1,0,2,4,6,14
2022-02-13,N1,Waalwijk,Feyenoord,0,0,2,11,16,4,4,868.833778508325,1332.93292118496,1,2,0,0,1,6,0,0,7,9,12,20,19,42,-2,2,-5,5,0,0,2,0,4,4,16,11
2022-02-13,N1,Ajax,Twente,2,5,0,23,3,11,1,1429.43142939999,1263.60415938068,2,1,0,0,2,5,0,0,15,13,25,26,48,41,5,-5,20,-20,10,-10,0,5,1,11,3,23
2022-02-19,N1,Nijmegen,Waalwijk,1,1,1,24,12,6,3,1005.58463705984,863.161061363932,0,0,1,1,0,0,5,1,8,7,12,11,27,19,0,0,12,-12,3,-3,1,1,3,6,12,24
2022-02-19,N1,Willem II,Ajax,0,0,1,6,31,1,5,801.085537913048,1470.560447336,1,5,0,0,1,10,0,0,3,15,3,27,18,50,-1,1,-25,25,-4,4,1,0,5,1,31,6
2022-02-19,N1,AZ Alkmaar,Heracles,2,2,1,13,3,5,1,1273.85992587784,925.649885957579,0,0,0,1,9,0,1,12,13,6,26,9,39,22,1,-1,10,-10,4,-4,1,2,1,5,3,13
2022-02-20,N1,Zwolle,Groningen,1,1,1,10,11,4,3,889.679955744068,899.949010890443,0,1,0,0,2,1,1,0,10,6,12,14,16,21,0,0,-1,1,1,-1,1,1,3,4,11,10
2022-02-20,N1,Feyenoord,Cambuur,2,3,1,19,6,11,2,1338.60563832935,916.779285212634,1,0,0,1,1,0,0,3,12,3,20,12,42,30,2,-2,13,-13,9,-9,1,3,2,11,6,19
2022-02-20,N1,Twente,Go Ahead Eagles,1,2,2,25,9,5,6,1222.47514144467,830.713224820457,3,0,0,1,5,0,0,4,10,1,23,5,40,22,0,0,16,-16,-1,1,2,2,6,5,9,25
2022-02-20,N1,PSV Eindhoven,Heerenveen,2,3,1,13,9,4,4,1322.08193477338,864.888376830904,0,0,2,2,0,0,2,2,9,0,22,11,43,19,2,-2,4,-4,0,0,1,3,4,4,9,13
2022-02-20,N1,Utrecht,Vitesse,1,1,1,8,19,1,2,1083.24145740396,1047.08315949234,1,0,0,1,1,0,0,1,7,6,12,14,31,33,0,0,-11,11,-1,1,1,1,2,1,19,8
2022-02-25,N1,Waalwijk,Twente,0,1,2,15,18,6,4,869.375646108392,1209.51210322103,0,0,1,1,0,0,1,1,7,10,12,21,19,41,-1,1,-3,3,2,-2,2,1,4,6,18,15
2022-02-26,N1,Heracles,Zwolle,2,2,0,22,12,8,2,918.050804851159,890.152725547581,1,2,0,0,4,2,0,0,5,11,9,13,22,17,2,-2,10,-10,6,-6,0,2,2,8,12,22
2022-02-26,N1,Groningen,Willem II,2,1,0,17,9,5,0,899.476241086929,799.756974236302,0,0,1,6,0,0,1,8,7,3,12,3,22,15,1,-1,8,-8,5,-5,0,1,0,5,9,17
2022-02-26,N1,Cambuur,For Sittard,2,2,1,16,9,9,4,909.67037178122,864.204914870231,0,1,1,0,0,1,4,0,2,6,9,10,27,15,1,-1,7,-7,5,-5,1,2,4,9,9,16
2022-02-27,N1,AZ Alkmaar,Feyenoord,2,2,1,9,13,3,6,1281.45900698426,1345.71455176077,1,3,0,0,10,7,0,0,13,12,28,22,42,45,1,-1,-4,4,-3,3,1,2,6,3,13,9
2022-02-27,N1,Vitesse,Nijmegen,2,4,1,20,8,8,3,1048.74232484483,999.370052315381,0,1,2,0,0,4,2,0,4,6,15,12,34,25,3,-3,12,-12,5,-5,1,4,3,8,8,20
2022-02-27,N1,Sparta Rotterdam,PSV Eindhoven,0,1,2,12,21,4,9,907.687045704787,1327.96925419094,1,4,0,0,1,6,0,0,5,9,7,22,16,43,-1,1,-9,9,-5,5,2,1,9,4,21,12
2022-02-27,N1,Go Ahead Eagles,Ajax,2,2,1,7,20,4,4,843.676263044098,1471.88901101274,0,6,5,0,0,11,5,0,2,15,6,27,20,50,1,-1,-13,13,0,0,1,2,4,4,20,7
2022-02-27,N1,Heerenveen,Utrecht,0,1,2,10,11,6,8,859.001057413348,1081.58229205146,0,0,3,1,0,0,5,1,0,7,8,13,19,29,-1,1,-1,1,-2,2,2,1,8,6,11,10
2022-03-05,N1,Willem II,Heerenveen,1,0,0,15,10,5,3,776.69730138644,845.091788996683,0,0,1,3,0,0,1,3,3,0,3,7,14,18,0,0,5,-5,2,-2,0,0,3,5,10,15
2022-03-05,N1,Go Ahead Eagles,Utrecht,1,1,1,9,19,3,7,906.000828786405,1095.49156046813,1,1,0,0,1,1,0,0,5,10,6,13,23,32,0,0,-10,10,-4,4,1,1,7,3,19,9
2022-03-05,N1,Feyenoord,Groningen,1,1,1,23,6,6,3,1307.8629610256,922.535913936792,2,0,0,0,2,2,0,1,12,10,19,12,42,24,0,0,17,-17,3,-3,1,1,3,6,6,23
2022-03-06,N1,PSV Eindhoven,Heracles,2,3,1,25,5,14,1,1333.19868449638,958.394331430524,1,0,0,2,1,0,0,13,9,7,24,12,43,22,2,-2,20,-20,13,-13,1,3,1,14,5,25
2022-03-06,N1,Twente,Cambuur,2,1,0,21,5,4,0,1217.42797627537,937.506588741561,0,0,0,2,6,0,1,4,10,4,23,9,41,27,1,-1,16,-16,4,-4,0,1,0,4,5,21
2022-03-06,N1,Ajax,Waalwijk,2,3,2,39,6,14,3,1409.56444527044,861.459773054056,3,0,0,0,3,1,0,2,12,4,24,11,47,19,1,-1,33,-33,11,-11,2,3,3,14,6,39
2022-03-06,N1,Nijmegen,AZ Alkmaar,0,1,3,13,10,7,7,952.535916046274,1319.31059771943,0,4,0,0,1,5,6,0,5,13,12,28,24,45,-2,2,3,-3,0,0,3,1,7,7,10,13
2022-03-06,N1,For Sittard,Zwolle,0,0,1,17,20,3,4,836.368697909889,849.809198968216,1,0,0,1,1,0,0,1,6,8,10,12,15,17,-1,1,-3,3,-1,1,1,0,4,3,20,17
2022-03-11,N1,Cambuur,Ajax,0,2,3,6,25,3,10,926.856970034439,1412.18134532748,1,0,0,1,1,0,0,1,3,12,9,24,27,47,-1,1,-19,19,-7,7,3,2,10,3,25,6
2022-03-12,N1,Sparta Rotterdam,Go Ahead Eagles,2,1,0,12,8,5,2,902.457615399348,913.953841491431,0,0,1,0,0,1,1,5,4,5,7,7,16,21,1,-1,4,-4,3,-3,0,1,2,5,8,12
2022-03-12,N1,Groningen,Nijmegen,2,4,3,20,18,7,7,935.395594012319,943.062585043952,1,0,0,1,1,0,0,1,8,5,12,12,25,23,1,-1,2,-2,0,0,3,4,7,7,18,20
2022-03-12,N1,Waalwijk,Heerenveen,1,0,0,6,17,0,2,858.842872997013,841.982170978163,0,0,2,0,0,1,2,4,1,1,8,5,18,16,0,0,-11,11,-2,2,0,0,2,0,17,6
2022-03-13,N1,For Sittard,Willem II,2,1,0,15,12,2,1,805.605996652813,779.80691940496,0,0,1,7,0,0,1,9,6,4,10,4,15,12,1,-1,3,-3,1,-1,0,1,1,2,12,15
2022-03-13,N1,Heracles,Vitesse,1,0,0,11,10,1,2,949.304571641495,1095.57646111394,2,0,0,0,5,1,0,2,6,4,12,17,22,34,0,0,1,-1,-1,1,0,0,2,1,10,11
2022-03-13,N1,Utrecht,PSV Eindhoven,0,0,1,6,20,3,4,1087.5385477631,1342.2884442854,0,5,0,0,2,7,1,0,8,12,14,24,32,46,-1,1,-14,14,-1,1,1,0,4,3,20,6
2022-03-13,N1,Zwolle,Feyenoord,0,1,2,7,16,3,6,880.571900225292,1295.00328095008,0,0,0,1,3,0,2,1,8,10,14,17,20,40,-1,1,-9,9,-3,3,2,1,6,3,16,7
2022-03-13,N1,AZ Alkmaar,Twente,0,0,1,7,7,0,3,1328.78392872175,1228.07759498249,2,1,0,0,11,1,0,0,15,10,28,23,48,41,-1,1,0,0,-3,3,1,0,3,0,7,7
2022-03-18,N1,Heerenveen,Heracles,2,2,0,14,7,8,2,842.758026033523,955.668990797297,0,0,4,3,0,0,6,14,2,7,5,13,17,20,2,-2,7,-7,6,-6,0,2,2,8,7,14
2022-03-19,N1,Go Ahead Eagles,Cambuur,2,3,0,14,1,5,1,880.895386200043,923.16655347323,0,0,0,3,2,0,1,5,5,3,6,6,21,24,3,-3,13,-13,4,-4,0,3,1,5,1,14
2022-03-19,N1,Twente,Zwolle,2,1,0,18,9,7,4,1269.10167139907,875.178438310637,1,1,0,0,7,1,0,0,10,7,23,14,41,19,1,-1,9,-9,3,-3,0,1,4,7,9,18
2022-03-19,N1,Nijmegen,Sparta Rotterdam,1,0,0,18,3,6,0,910.356543676681,935.516070690737,0,0,1,1,0,0,7,4,4,6,12,10,23,16,0,0,15,-15,6,-6,0,0,0,6,3,18
2022-03-20,N1,Utrecht,Groningen,0,1,3,19,9,6,5,1075.53972958059,968.101635379589,0,0,1,0,0,3,2,2,5,8,13,14,29,28,-2,2,10,-10,1,-1,3,1,5,6,9,19
2022-03-20,N1,Ajax,Feyenoord,2,3,2,17,14,8,4,1415.87176188869,1300.39674286473,4,1,0,0,4,1,0,0,12,10,27,19,47,40,1,-1,3,-3,4,-4,2,3,4,8,14,17
2022-03-20,N1,PSV Eindhoven,For Sittard,2,5,0,24,6,15,0,1354.28726246792,835.234171567944,2,0,0,1,2,0,0,1,15,9,24,13,46,18,5,-5,18,-18,15,-15,0,5,0,15,6,24
2022-03-20,N1,Vitesse,Waalwijk,0,1,2,25,8,3,4,1089.21204195813,858.067017941653,1,0,0,1,1,0,0,3,5,2,15,9,35,19,-1,1,17,-17,-1,1,2,1,4,3,8,25
2022-03-20,N1,Willem II,AZ Alkmaar,1,2,2,5,22,2,5,750.178744489829,1287.75985230517,0,5,0,0,1,6,2,0,1,12,4,25,9,45,0,0,-17,17,-3,3,2,2,5,2,22,5
2022-04-02,N1,Groningen,Ajax,0,1,3,8,16,3,7,1025.10504714622,1437.61118031979,2,1,0,0,2,1,0,0,11,12,17,27,31,47,-2,2,-8,8,-4,4,3,1,7,3,16,8
2022-04-02,N1,Twente,PSV Eindhoven,1,3,3,13,16,5,8,1275.10754174459,1361.38588116222,2,6,0,0,8,8,0,0,13,15,23,24,41,49,0,0,-3,3,-3,3,3,3,8,5,16,13
2022-04-02,N1,AZ Alkmaar,Vitesse,2,3,1,9,15,2,5,1273.14647552106,1038.59212644954,0,0,1,0,0,2,1,3,10,5,23,12,43,32,2,-2,-6,6,-3,3,1,3,5,2,15,9
2022-04-02,N1,Waalwijk,Utrecht,1,1,1,5,11,2,5,908.686933450242,1018.53631781396,0,0,0,0,1,2,3,1,5,5,12,12,22,26,0,0,-6,6,-3,3,1,1,5,2,11,5
2022-04-02,N1,Feyenoord,Willem II,2,2,0,30,3,9,0,1278.65732443363,764.792121273943,0,0,0,8,3,0,1,10,7,2,19,5,40,7,2,-2,27,-27,9,-9,0,2,0,9,3,30
2022-04-03,N1,Zwolle,Go Ahead Eagles,0,0,1,13,14,1,4,869.172567965111,942.02908891963,0,0,1,1,0,0,3,6,4,8,14,9,19,24,-1,1,-1,1,-3,3,1,0,4,1,14,13
2022-04-03,N1,For Sittard,Heracles,0,0,2,10,11,5,4,828.135552873643,898.039800233953,1,0,0,4,1,0,0,15,6,4,10,10,17,17,-2,2,-1,1,1,-1,2,0,4,5,11,10
2022-04-03,N1,Sparta Rotterdam,Heerenveen,1,1,1,8,7,4,3,934.359452686095,900.387216596867,1,0,0,0,1,2,0,5,7,5,11,5,16,20,0,0,1,-1,1,-1,1,1,3,4,7,8
2022-04-03,N1,Cambuur,Nijmegen,0,1,2,15,9,4,6,862.032850753643,911.513161681324,0,0,1,2,0,0,1,2,3,2,6,10,21,24,-1,1,6,-6,-2,2,2,1,6,4,9,15
2022-04-08,N1,Go Ahead Eagles,Willem II,2,4,0,18,10,10,5,967.415413880304,760.462706425974,1,0,0,9,3,0,0,11,10,2,12,5,26,7,4,-4,8,-8,5,-5,0,4,5,10,10,18
2022-04-09,N1,Utrecht,For Sittard,1,1,1,18,16,5,10,1013.63965408966,792.984938283751,0,0,2,2,0,0,3,2,5,3,12,9,24,17,0,0,2,-2,-5,5,1,1,10,5,16,18
2022-04-09,N1,Ajax,Sparta Rotterdam,2,2,1,18,11,6,1,1445.07855800999,932.799940357199,5,0,0,0,5,1,0,5,12,8,27,11,50,16,1,-1,7,-7,5,-5,1,2,1,6,11,18
2022-04-09,N1,Nijmegen,Twente,0,0,2,8,12,3,4,938.986419506138,1279.00109818194,0,2,0,0,1,2,8,0,4,13,10,23,24,41,-2,2,-4,4,-1,1,2,0,4,3,12,8
2022-04-10,N1,Heerenveen,Groningen,2,3,1,11,10,7,4,901.946728925763,1017.63766945602,1,1,0,0,1,4,0,0,6,10,6,17,18,30,2,-2,1,-1,3,-3,1,3,4,7,10,11
2022-04-10,N1,PSV Eindhoven,Waalwijk,2,2,0,18,10,8,2,1357.49232472487,913.583597174541,3,1,0,0,3,1,0,0,13,5,22,12,47,22,2,-2,8,-8,6,-6,0,2,2,8,10,18
2022-04-10,N1,Vitesse,Cambuur,2,1,0,31,4,14,0,1020.53707440537,834.559592928829,0,0,1,4,0,0,1,6,5,3,11,5,31,21,1,-1,27,-27,14,-14,0,1,0,14,4,31
2022-04-10,N1,Heracles,Feyenoord,0,1,4,19,23,8,8,933.190414823845,1282.9867392816,0,0,0,1,6,0,1,1,7,7,12,19,20,42,-3,3,-4,4,0,0,4,1,8,8,23,19
2022-04-10,N1,Zwolle,AZ Alkmaar,2,2,1,13,14,7,5,843.786243004436,1291.20152756523,0,0,2,0,0,7,4,1,3,10,14,23,19,43,1,-1,-1,1,2,-2,1,2,5,7,14,13
2022-04-16,N1,For Sittard,Sparta Rotterdam,2,3,0,12,7,4,1,801.969750507996,929.613513337033,0,0,1,1,0,0,1,6,4,5,10,10,15,16,3,-3,5,-5,3,-3,0,3,1,4,7,12
2022-04-19,N1,Vitesse,Sparta Rotterdam,0,0,1,8,3,5,1,1036.87590556878,855.902875022985,1,0,0,2,1,0,0,7,7,5,11,9,31,16,-1,1,5,-5,4,-4,1,0,1,5,3,8
2022-04-22,N1,Twente,Sparta Rotterdam,2,2,0,19,5,7,0,1289.85686890407,903.211055834226,0,1,0,0,9,1,1,0,13,5,23,11,43,18,2,-2,14,-14,7,-7,0,2,0,7,5,19
2022-04-23,N1,Nijmegen,Ajax,0,0,1,8,17,2,6,928.130648784008,1448.26498503016,0,2,1,0,0,2,9,0,4,15,9,27,24,50,-1,1,-9,9,-4,4,1,0,6,2,17,8
2022-04-23,N1,AZ Alkmaar,Heerenveen,2,2,1,24,12,8,4,1231.72824802422,959.891441934681,1,0,0,0,1,3,0,6,7,9,20,9,43,21,1,-1,12,-12,4,-4,1,2,4,8,12,24
2022-04-23,N1,Waalwijk,Zwolle,0,0,2,13,10,5,4,907.262110379779,903.259522545448,0,0,0,1,2,0,4,1,5,6,9,14,21,22,-2,2,3,-3,1,-1,2,0,4,5,10,13
2022-04-23,N1,Cambuur,PSV Eindhoven,0,1,2,6,24,3,7,818.220761765422,1363.81381151963,0,0,2,0,0,9,2,1,0,13,4,22,21,47,-1,1,-18,18,-4,4,2,1,7,3,24,6
2022-04-24,N1,Willem II,Vitesse,2,1,0,8,12,2,2,730.401279205713,989.567724757541,0,0,0,1,2,0,3,4,2,4,5,8,6,28,1,-1,-4,4,0,0,0,1,2,2,12,8
2022-04-24,N1,Feyenoord,Utrecht,2,2,1,16,4,7,1,1295.83258115017,1004.65484186542,1,0,0,0,4,3,0,2,10,3,22,13,42,25,1,-1,12,-12,6,-6,1,2,1,7,4,16
2022-04-24,N1,Groningen,Heracles,0,0,1,7,9,2,5,959.692956447097,920.34457295527,0,1,1,0,0,1,1,0,7,4,17,11,29,20,-1,1,-2,2,-3,3,1,0,5,2,9,7
2022-04-24,N1,For Sittard,Go Ahead Eagles,2,1,0,14,5,4,1,875.680388822044,997.476841100565,1,1,0,0,1,1,0,0,7,10,13,15,17,26,1,-1,9,-9,3,-3,0,1,1,4,5,14
2022-04-29,N1,Utrecht,Nijmegen,2,1,0,21,11,8,4,994.568093673616,925.0783871756,0,1,0,0,1,1,4,0,2,4,10,9,22,21,1,-1,10,-10,4,-4,0,1,4,8,11,21
2022-04-30,N1,Ajax,Zwolle,2,3,0,20,10,9,1,1451.31724663857,947.622374375608,6,1,0,0,6,1,0,0,15,6,27,14,50,22,3,-3,10,-10,8,-8,0,3,1,9,10,20
2022-04-30,N1,Heracles,Twente,1,1,1,7,17,2,6,955.953277273061,1298.40604918347,0,3,1,0,0,3,2,0,7,13,13,23,22,46,0,0,-10,10,-4,4,1,1,6,2,17,7
2022-04-30,N1,Sparta Rotterdam,AZ Alkmaar,1,1,1,13,18,5,5,894.661875554819,1242.79745241633,0,0,0,1,2,0,1,2,4,7,11,22,18,43,0,0,-5,5,0,0,1,1,5,5,18,13
2022-05-01,N1,Heerenveen,Cambuur,1,3,3,22,8,7,3,948.822237542564,815.567331612371,2,0,0,5,2,0,0,7,8,0,9,3,21,21,0,0,14,-14,4,-4,3,3,3,7,8,22
2022-05-01,N1,Go Ahead Eagles,Vitesse,0,1,2,14,12,7,5,954.696980559971,937.320647620876,2,0,0,2,4,0,0,5,9,3,14,8,23,28,-1,1,2,-2,2,-2,2,1,5,7,12,14
2022-05-01,N1,PSV Eindhoven,Willem II,2,4,2,12,8,6,3,1366.46724167268,782.648356342378,4,0,0,10,4,0,0,12,13,4,25,8,50,8,2,-2,4,-4,3,-3,2,4,3,6,8,12
2022-05-01,N1,For Sittard,Feyenoord,0,1,3,15,21,3,9,918.460249362638,1305.91932934197,2,1,0,0,2,1,0,0,7,12,16,22,20,42,-2,2,-6,6,-6,6,3,1,9,3,21,15
2022-05-01,N1,Waalwijk,Groningen,2,3,1,11,12,3,4,862.899258549619,924.084252129306,0,0,1,1,0,0,5,1,5,6,6,14,18,26,2,-2,-1,1,-1,1,1,3,4,3,12,11
2022-05-06,N1,Cambuur,Waalwijk,1,1,1,14,20,4,4,821.419754957773,914.401538837822,0,0,3,1,0,0,3,1,1,7,4,9,19,21,0,0,-6,6,0,0,1,1,4,4,20,14
2022-05-07,N1,Twente,For Sittard,0,1,2,22,9,4,5,1286.31797043969,909.947123527339,1,0,0,0,10,1,0,3,11,7,21,13,47,20,-1,1,13,-13,-1,1,2,1,5,4,9,22
2022-05-07,N1,Willem II,Heracles,2,2,0,21,3,11,2,779.705905351326,968.041356016845,1,2,0,0,3,2,0,0,4,7,5,14,8,23,2,-2,18,-18,9,-9,0,2,2,11,3,21
2022-05-07,N1,Zwolle,Utrecht,1,1,1,18,15,7,5,941.931648228246,1020.25185422574,1,0,0,1,1,0,0,3,6,5,13,10,22,22,0,0,3,-3,2,-2,1,1,5,7,15,18
2022-05-07,N1,Groningen,Sparta Rotterdam,0,1,2,17,9,5,3,872.581971841103,906.860899496198,0,0,2,1,0,0,2,1,3,4,11,12,26,19,-1,1,8,-8,2,-2,2,1,3,5,9,17
2022-05-08,N1,Nijmegen,Go Ahead Eagles,2,1,0,17,8,7,2,899.394626623479,921.097894200509,0,0,2,1,0,0,10,1,4,9,8,14,18,20,1,-1,9,-9,5,-5,0,1,2,7,8,17
2022-05-08,N1,AZ Alkmaar,Ajax,1,2,2,12,13,4,4,1230.59842847495,1457.00797278593,2,3,0,0,2,3,0,0,8,15,20,27,44,52,0,0,-1,1,0,0,2,2,4,4,13,12
2022-05-08,N1,Vitesse,Heerenveen,0,1,2,12,13,6,4,970.919733980338,942.969814197162,0,0,1,1,0,0,1,7,6,8,11,10,28,22,-1,1,-1,1,2,-2,2,1,4,6,13,12
2022-05-08,N1,Feyenoord,PSV Eindhoven,1,2,2,20,16,7,5,1314.43245517727,1369.40969266374,2,1,0,0,5,10,0,0,12,13,22,28,42,50,0,0,4,-4,2,-2,2,2,5,7,16,20
2022-05-11,N1,Ajax,Heerenveen,2,5,0,18,5,7,1,1447.84340046954,977.538558026887,7,1,0,0,7,1,0,0,13,8,25,13,52,24,5,-5,13,-13,6,-6,0,5,1,7,5,18
2022-05-11,N1,Cambuur,Willem II,1,1,1,6,13,2,3,825.602342646888,845.253551673935,0,0,0,11,1,0,4,13,2,6,5,8,17,11,0,0,-7,7,-1,1,1,1,3,2,13,6
2022-05-11,N1,For Sittard,Vitesse,0,1,2,9,15,4,5,967.36834441412,936.350990150614,0,1,1,0,0,1,1,0,10,6,13,11,23,25,-1,1,-6,6,-1,1,2,1,5,4,15,9
2022-05-11,N1,Go Ahead Eagles,Feyenoord,0,0,1,12,11,2,4,887.101545379963,1316.94332882554,0,2,1,0,0,2,1,0,6,13,14,20,19,40,-1,1,1,-1,-2,2,1,0,4,2,11,12
2022-05-11,N1,PSV Eindhoven,Nijmegen,2,3,2,13,12,6,7,1366.89881901547,933.390975444025,5,0,0,1,5,0,0,1,11,6,26,8,48,20,1,-1,1,-1,-1,1,2,3,7,6,12,13
2022-05-11,N1,Sparta Rotterdam,Zwolle,2,2,0,6,22,2,3,935.713898274033,945.478549969016,0,0,0,1,3,0,2,1,7,7,12,11,19,23,2,-2,-16,16,-1,1,0,2,3,2,22,6
2022-05-11,N1,Twente,Groningen,2,3,0,20,9,9,4,1228.89674955291,843.728973063269,0,0,1,2,0,0,1,2,8,0,21,11,44,25,3,-3,11,-11,5,-5,0,3,4,9,9,20
2022-05-11,N1,Utrecht,AZ Alkmaar,1,2,2,11,9,4,4,1016.70495248497,1239.76300079134,1,0,0,0,2,1,0,3,6,8,11,18,23,44,0,0,2,-2,0,0,2,2,4,4,9,11
2022-05-11,N1,Waalwijk,Heracles,2,2,0,15,9,5,1,910.218951148708,902.493709694236,1,0,0,1,1,0,0,1,5,7,10,11,21,20,2,-2,6,-6,4,-4,0,2,1,5,9,15
2022-05-15,N1,AZ Alkmaar,Waalwijk,0,1,3,14,9,6,5,1230.70270640264,953.101554298345,0,0,0,0,3,1,1,2,6,7,16,12,44,24,-2,2,5,-5,1,-1,3,1,5,6,9,14
2022-05-15,N1,Feyenoord,Twente,0,1,2,11,9,3,4,1321.9145104554,1239.60851853102,0,0,0,0,6,4,1,1,13,10,20,23,42,44,-1,1,2,-2,-1,1,2,1,4,3,9,11
2022-05-15,N1,Groningen,Cambuur,0,2,3,20,13,4,4,833.017204085152,826.506350463176,0,0,3,0,0,1,3,8,0,3,10,6,22,15,-1,1,7,-7,0,0,3,2,4,4,13,20
2022-05-15,N1,Heerenveen,Go Ahead Eagles,2,3,1,13,4,7,2,968.284188339231,882.130363750105,0,0,0,2,3,0,1,2,7,3,13,13,21,19,2,-2,9,-9,5,-5,1,3,2,7,4,13
2022-05-15,N1,Heracles,Sparta Rotterdam,0,1,3,28,7,5,4,859.611106544599,980.803807003571,0,1,0,0,1,1,3,0,4,10,11,15,20,22,-2,2,21,-21,1,-1,3,1,4,5,7,28
2022-05-15,N1,Nijmegen,For Sittard,0,0,1,30,8,7,3,928.515696224935,932.519106014852,1,1,0,0,1,2,0,0,3,9,7,13,19,23,-1,1,22,-22,4,-4,1,0,3,7,8,30
2022-05-15,N1,Vitesse,Ajax,1,2,2,12,14,6,4,971.200228549881,1457.0977701572,0,0,2,0,0,4,2,1,6,13,13,25,28,52,0,0,-2,2,2,-2,2,2,4,6,14,12
2022-05-15,N1,Willem II,Utrecht,2,3,0,18,8,6,3,844.349543857647,1025.76524687367,2,0,0,0,4,1,0,4,7,6,9,11,12,24,3,-3,10,-10,3,-3,0,3,3,6,8,18
2022-05-15,N1,Zwolle,PSV Eindhoven,0,1,2,21,21,12,11,900.388641239478,1371.77409823456,0,0,0,0,2,11,1,1,7,13,10,26,23,48,-1,1,0,0,1,-1,2,1,11,12,21,21
2020-09-12,N1,Heerenveen,Willem II,2,2,0,13,10,7,5,1001.48396274386,925.021545238772,1,0,0,0,4,1,0,14,7,10,16,12,23,15,2,-2,3,-3,2,-2,0,2,5,7,10,13
2020-09-12,N1,Zwolle,Feyenoord,0,0,2,17,13,5,6,896.409077154212,1282.47254369828,0,3,1,0,0,3,2,0,4,10,10,20,22,39,-2,2,4,-4,-1,1,2,0,6,5,13,17
2020-09-12,N1,Twente,For Sittard,2,2,0,14,2,5,0,1279.05048528814,964.150394664941,1,2,0,0,1,3,0,0,10,9,23,16,46,26,2,-2,12,-12,5,-5,0,2,0,5,2,14
2020-09-13,N1,FC Emmen,VVV Venlo,0,3,5,15,14,5,7,839.225871097192,1000,0,0,2,0,0,0,4,0,3,0,10,0,17,0,-2,2,1,-1,-2,2,5,3,7,5,14,15
2020-09-13,N1,Heracles,Den Haag,2,2,0,22,8,5,1,830.460228717816,1000,0,0,1,0,0,0,4,0,4,0,8,0,20,0,2,-2,14,-14,4,-4,0,2,1,5,8,22
2020-09-13,N1,Sparta Rotterdam,Ajax,0,0,1,14,9,3,4,1009.95468483035,1442.93724976072,1,0,0,0,4,5,0,2,10,11,15,26,25,50,-1,1,5,-5,-1,1,1,0,4,3,9,14
2020-09-13,N1,Groningen,PSV Eindhoven,0,1,3,14,16,2,6,800.417602492761,1375.75366231982,0,1,4,0,0,12,4,0,0,13,7,26,19,50,-2,2,-2,2,-4,4,3,1,6,2,16,14
2020-09-13,N1,Waalwijk,Vitesse,0,0,1,7,17,3,6,1026.05771666535,985.360748946356,2,2,0,0,2,2,0,0,10,7,15,11,26,28,-1,1,-10,10,-3,3,1,0,6,3,17,7
2020-09-18,N1,VVV Venlo,Utrecht,1,1,1,9,26,3,8,1024.89713940858,945.093245492548,0,0,0,1,0,0,0,5,3,5,3,8,3,21,0,0,-17,17,-5,5,1,1,8,3,26,9
2020-09-19,N1,AZ Alkmaar,Zwolle,1,1,1,13,14,3,4,1157.74654403563,887.833996165453,0,0,1,2,0,0,2,2,6,1,13,7,41,21,0,0,-1,1,-1,1,1,1,4,3,14,13
2020-09-19,N1,Vitesse,Sparta Rotterdam,2,2,0,26,2,9,1,1021.09202855763,1005.06576949638,0,2,0,0,1,2,3,0,10,10,13,14,28,25,2,-2,24,-24,8,-8,0,2,1,9,2,26
2020-09-19,N1,PSV Eindhoven,FC Emmen,2,2,1,21,7,5,2,1378.83818420627,814.328731688613,6,0,0,2,6,0,0,2,13,0,26,7,50,17,1,-1,14,-14,3,-3,1,2,2,5,7,21
2020-09-19,N1,For Sittard,Heerenveen,0,1,3,25,10,7,5,951.842996226626,1035.84241537844,0,0,2,1,0,0,2,1,6,10,13,18,26,23,-2,2,15,-15,2,-2,3,1,5,7,10,25
2020-09-20,N1,Den Haag,Groningen,0,0,1,6,13,0,6,936.292095575221,797.333080606312,0,0,0,3,0,0,0,3,0,0,0,6,0,18,-1,1,-7,7,-6,6,1,0,6,0,13,6
2020-09-20,N1,Feyenoord,Twente,1,1,1,18,10,5,3,1291.04762468704,1291.35788372646,0,1,1,0,0,5,2,0,10,10,22,23,39,46,0,0,8,-8,2,-2,1,1,3,5,10,18
2020-09-20,N1,Willem II,Heracles,2,4,0,19,7,5,2,890.663092604193,894.168133142595,3,0,0,2,5,0,0,2,7,4,11,11,15,23,4,-4,12,-12,3,-3,0,4,2,5,7,19
2020-09-20,N1,Ajax,Waalwijk,2,3,0,23,6,10,3,1447.82616509469,990.326437054078,8,1,0,0,8,2,0,0,11,10,26,15,50,23,3,-3,17,-17,7,-7,0,3,3,10,6,23
2020-09-25,N1,Twente,Groningen,2,3,1,7,11,7,5,1291.34359577347,841.490247992138,2,1,0,0,2,1,0,0,10,3,21,6,44,20,2,-2,-4,4,2,-2,1,3,5,7,11,7
2020-09-26,N1,Zwolle,Sparta Rotterdam,2,4,0,20,9,8,2,898.248507115892,963.229750564374,0,0,2,1,0,0,3,1,2,9,8,13,22,24,4,-4,11,-11,6,-6,0,4,2,8,9,20
2020-09-26,N1,For Sittard,AZ Alkmaar,1,3,3,13,12,5,4,918.386943264476,1147.33203308519,0,0,3,0,0,2,3,4,6,4,13,11,23,39,0,0,1,-1,1,-1,3,3,4,5,12,13
2020-09-26,N1,Heerenveen,VVV Venlo,2,1,0,16,13,8,2,1069.29846834059,1021.28533089018,2,1,0,0,5,1,0,0,12,4,20,4,25,4,1,-1,3,-3,6,-6,0,1,2,8,13,16
2020-09-26,N1,Ajax,Vitesse,2,2,1,18,24,4,5,1455.13430184799,1062.92804748963,9,3,0,0,9,3,0,0,11,10,26,16,53,28,1,-1,-6,6,-1,1,1,2,5,4,24,18
2020-09-27,N1,Feyenoord,Den Haag,2,4,2,24,11,12,5,1291.06191264003,892.134928189394,0,0,0,1,1,0,3,1,8,0,20,0,39,0,2,-2,13,-13,7,-7,2,4,5,12,11,24
2020-09-27,N1,Utrecht,Waalwijk,2,3,1,12,12,7,4,948.705054010945,983.01830030078,0,0,0,1,3,0,1,1,6,7,8,14,22,23,2,-2,0,0,3,-3,1,3,4,7,12,12
2020-09-27,N1,FC Emmen,Willem II,1,1,1,10,14,2,2,811.938839353188,955.816726704126,0,0,3,1,0,0,5,15,0,10,7,14,16,18,0,0,-4,4,0,0,1,1,2,2,14,10
2020-09-27,N1,Heracles,PSV Eindhoven,1,1,1,9,9,2,2,829.014499042662,1381.2280765417,1,2,0,0,1,13,0,0,3,13,10,26,23,50,0,0,0,0,0,0,1,1,2,2,9,9
2020-10-02,N1,Utrecht,Heerenveen,1,1,1,38,10,6,3,996.880086516999,1096.90423206671,1,1,0,0,4,1,0,0,6,12,11,20,24,25,0,0,28,-28,3,-3,1,1,3,6,10,38
2020-10-03,N1,Vitesse,Heracles,2,3,0,15,3,7,0,1056.86817089715,843.735411789126,1,0,0,3,2,0,0,3,10,4,16,11,27,21,3,-3,12,-12,7,-7,0,3,0,7,3,15
2020-10-03,N1,VVV Venlo,Den Haag,0,1,2,10,15,3,5,993.679567164057,884.115925905841,0,0,0,2,1,0,1,2,4,0,4,0,4,0,-1,1,-5,5,-2,2,2,1,5,3,15,10
2020-10-03,N1,Twente,FC Emmen,1,1,1,17,7,7,2,1297.46726735603,818.210201120341,3,0,0,3,3,0,0,3,13,1,21,5,44,17,0,0,10,-10,5,-5,1,1,2,7,7,17
2020-10-04,N1,Groningen,Ajax,2,1,0,11,19,3,3,835.366576409586,1461.19417844047,0,1,5,0,0,6,5,0,3,13,3,26,20,53,1,-1,-8,8,0,0,0,1,3,3,19,11
2020-10-04,N1,Sparta Rotterdam,AZ Alkmaar,1,4,4,17,15,7,6,886.801497991391,1138.08933162299,0,0,1,0,0,3,1,5,6,4,13,12,23,37,0,0,2,-2,1,-1,4,4,6,7,15,17
2020-10-04,N1,Willem II,Feyenoord,0,1,4,6,16,3,8,949.545364936973,1299.08091492358,4,4,0,0,6,4,0,0,8,10,14,23,19,42,-3,3,-10,10,-5,5,4,1,8,3,16,6
2020-10-04,N1,PSV Eindhoven,For Sittard,2,2,0,9,16,5,5,1366.50716379523,927.629644726678,7,0,0,1,7,0,0,1,13,4,24,14,48,23,2,-2,-7,7,0,0,0,2,5,5,16,9
2020-10-17,N1,Heracles,Waalwijk,0,0,1,24,5,6,1,819.007942880405,934.843267794726,0,0,0,2,2,0,1,2,4,6,8,11,20,23,-1,1,19,-19,5,-5,1,0,1,6,5,24
2020-10-17,N1,AZ Alkmaar,VVV Venlo,1,2,2,20,11,7,4,1128.18649397611,951.910098655705,0,0,0,1,1,0,3,1,4,4,12,4,35,4,0,0,9,-9,3,-3,2,2,4,7,11,20
2020-10-17,N1,Willem II,Twente,0,0,3,18,16,9,8,936.682501181532,1283.37415225977,0,0,1,0,0,6,1,1,7,11,14,21,19,44,-3,3,2,-2,1,-1,3,0,8,9,16,18
2020-10-18,N1,Feyenoord,Sparta Rotterdam,1,1,1,11,11,1,5,1311.94377867902,896.704335638272,1,0,0,2,2,0,0,2,10,4,23,14,42,23,0,0,0,0,-4,4,1,1,5,1,11,11
2020-10-18,N1,Ajax,Heerenveen,2,5,1,16,9,5,5,1398.89216054253,1092.42112740667,10,0,0,0,10,2,0,1,10,13,23,20,50,26,4,-4,7,-7,0,0,1,5,5,5,9,16
2020-10-18,N1,Den Haag,Vitesse,0,0,2,11,20,4,8,925.885394414193,1081.59563980588,0,0,1,1,0,0,1,1,3,10,3,16,3,27,-2,2,-9,9,-4,4,2,0,8,4,20,11
2020-10-18,N1,Groningen,Utrecht,1,0,0,16,14,1,6,897.668594307527,1001.36319117705,1,0,0,0,1,1,0,6,6,6,6,12,23,24,0,0,2,-2,-5,5,0,0,6,1,14,16
2020-10-18,N1,Zwolle,PSV Eindhoven,0,0,3,12,12,3,5,974.676759688875,1373.00065860915,1,0,0,0,1,14,0,1,4,13,11,26,25,48,-3,3,0,0,-2,2,3,0,5,3,12,12
2020-10-18,N1,FC Emmen,For Sittard,1,2,2,17,15,8,5,832.303316216593,921.136149912761,0,0,0,2,1,0,6,2,2,4,5,13,15,23,0,0,2,-2,3,-3,2,2,5,8,15,17
2020-10-21,N1,Waalwijk,Zwolle,1,1,1,11,21,3,6,956.552922593371,964.674614452989,0,0,1,0,0,1,1,3,6,4,13,11,25,25,0,0,-10,10,-3,3,1,1,6,3,21,11
2020-10-24,N1,VVV Venlo,Ajax,0,0,13,3,45,0,23,959.396322788405,1417.76139141897,0,0,1,1,0,0,2,1,5,12,5,23,5,50,-13,13,-42,42,-23,23,13,0,23,0,45,3
2020-10-24,N1,Utrecht,Twente,2,2,1,12,9,5,3,996.724791817072,1296.42392104703,0,1,0,0,5,7,1,0,6,11,12,21,24,44,1,-1,3,-3,2,-2,1,2,3,5,9,12
2020-10-24,N1,Zwolle,Willem II,1,0,0,20,12,4,3,964.300664832372,923.632732394274,0,0,1,0,0,1,1,16,5,4,9,14,23,19,0,0,8,-8,1,-1,0,0,3,4,12,20
2020-10-24,N1,Heerenveen,FC Emmen,2,4,0,14,9,5,2,1073.55189653023,836.307345492096,3,0,0,0,6,1,0,4,10,3,17,6,26,16,4,-4,5,-5,3,-3,0,4,2,5,9,14
2020-10-25,N1,For Sittard,Groningen,0,1,3,5,17,2,10,917.132120637257,902.306993667502,0,0,0,1,1,0,4,1,2,7,11,7,24,24,-2,2,-12,12,-8,8,3,1,10,2,17,5
2020-10-25,N1,Sparta Rotterdam,Heracles,1,1,1,10,19,5,2,910.019069427591,797.298288081759,0,0,0,4,1,0,2,4,2,4,12,8,23,19,0,0,-9,9,3,-3,1,1,2,5,19,10
2020-10-25,N1,Vitesse,PSV Eindhoven,2,2,1,7,12,5,4,1107.015792619,1383.00280384504,2,1,0,0,3,15,0,0,12,13,19,26,27,48,1,-1,-5,5,1,-1,1,2,4,5,12,7
2020-10-25,N1,Waalwijk,Feyenoord,1,2,2,8,18,6,8,956.926872213989,1298.6290448897,0,5,0,0,1,5,2,0,4,11,14,21,23,43,0,0,-10,10,-2,2,2,2,8,6,18,8
2020-10-25,N1,Den Haag,AZ Alkmaar,1,2,2,9,23,3,7,900.465241601067,1120.70026984341,0,0,2,0,0,4,2,6,3,4,3,10,3,33,0,0,-14,14,-4,4,2,2,7,3,23,9
2020-10-31,N1,Twente,Zwolle,2,5,1,8,10,5,5,1242.10082992121,962.436343983959,0,0,0,0,4,2,1,4,8,6,18,7,41,21,4,-4,-2,2,0,0,1,5,5,5,10,8
2020-10-31,N1,Ajax,For Sittard,2,5,2,30,11,9,7,1436.50742477383,871.404226629909,11,0,0,0,11,1,0,3,12,2,23,8,50,24,3,-3,19,-19,2,-2,2,5,7,9,11,30
2020-10-31,N1,Groningen,VVV Venlo,2,2,1,14,8,6,2,948.03488767485,940.65028943355,0,0,0,0,2,1,1,2,10,2,10,5,24,5,1,-1,6,-6,4,-4,1,2,2,6,8,14
2020-10-31,N1,Willem II,Vitesse,0,1,3,12,17,7,4,925.497053242687,1160.16359313752,0,1,2,0,0,1,2,0,5,12,12,22,20,30,-2,2,-5,5,3,-3,3,1,4,7,17,12
2020-11-01,N1,Heracles,Utrecht,2,4,1,15,10,7,5,802.31449434391,1051.04788294289,0,0,1,0,0,2,2,7,2,9,6,14,19,27,3,-3,5,-5,2,-2,1,4,5,7,10,15
2020-11-01,N1,FC Emmen,Feyenoord,0,2,3,9,24,3,7,810.078237928643,1286.55582669063,0,0,0,0,2,6,7,1,3,9,3,19,15,41,-1,1,-15,15,-4,4,3,2,7,3,24,9
2020-11-01,N1,Sparta Rotterdam,Heerenveen,0,1,4,15,12,6,6,905.00286316544,1099.78100409368,0,0,0,1,2,0,3,2,3,10,13,20,24,29,-3,3,3,-3,0,0,4,1,6,6,12,15
2020-11-01,N1,PSV Eindhoven,Den Haag,2,4,0,22,5,9,3,1329.85500332651,909.436812187869,8,1,0,0,8,1,0,0,10,4,23,4,48,4,4,-4,17,-17,6,-6,0,4,3,9,5,22
2020-11-01,N1,AZ Alkmaar,Waalwijk,2,3,0,19,3,11,1,1111.72869925661,969.000090413064,0,1,0,0,2,1,4,0,5,5,11,15,31,21,3,-3,16,-16,10,-10,0,3,1,11,3,19
2020-11-06,N1,For Sittard,Zwolle,1,2,2,10,12,6,1,867.344960430609,940.94325479764,0,0,1,1,0,0,5,5,2,5,8,7,21,20,0,0,-2,2,5,-5,2,2,1,6,12,10
2020-11-07,N1,Den Haag,Twente,0,2,4,10,23,4,9,898.903337506515,1263.59391910753,0,0,0,1,1,0,3,1,4,10,4,20,4,41,-2,2,-13,13,-5,5,4,2,9,4,23,10
2020-11-07,N1,VVV Venlo,Heracles,2,3,2,9,7,4,2,909.330333664786,890.34871242166,0,0,2,0,0,1,3,5,1,5,5,8,5,22,1,-1,2,-2,2,-2,2,3,2,4,7,9
2020-11-07,N1,Waalwijk,Sparta Rotterdam,0,0,2,7,20,4,7,935.689836260474,878.197025937046,0,0,0,0,2,1,3,3,5,3,12,12,21,24,-2,2,-13,13,-3,3,2,0,7,4,20,7
2020-11-08,N1,Utrecht,Ajax,0,0,3,5,19,2,6,963.013664865142,1440.56669097313,1,1,0,0,6,1,0,0,8,12,14,23,24,50,-3,3,-14,14,-4,4,3,0,6,2,19,5
2020-11-08,N1,Feyenoord,Groningen,2,2,0,9,8,6,1,1290.42738644241,979.354843443614,0,1,0,0,3,1,1,0,11,10,19,13,41,24,2,-2,1,-1,5,-5,0,2,1,6,8,9
2020-11-08,N1,Vitesse,FC Emmen,2,3,1,9,15,6,5,1178.20938671977,806.206678176856,3,0,0,1,4,0,0,5,12,3,22,3,33,15,2,-2,-6,6,1,-1,1,3,5,6,15,9
2020-11-08,N1,Heerenveen,AZ Alkmaar,0,0,3,9,15,1,6,1126.58684132207,1145.0389534092,4,0,0,0,7,5,0,7,10,7,22,11,32,33,-3,3,-6,6,-5,5,3,0,6,1,15,9
2020-11-08,N1,PSV Eindhoven,Willem II,2,3,0,16,6,8,2,1340.38847800787,907.45125966044,9,0,0,0,9,2,0,17,10,2,23,12,51,17,3,-3,10,-10,6,-6,0,3,2,8,6,16
2020-11-21,N1,Willem II,VVV Venlo,2,2,1,8,13,5,2,899.117989845519,939.583799091057,0,0,3,1,0,0,3,3,1,4,9,8,17,8,1,-1,-5,5,3,-3,1,2,2,5,13,8
2020-11-21,N1,Groningen,Vitesse,1,1,1,7,9,3,1,966.812469911318,1187.43139327406,1,2,0,0,3,2,0,0,10,15,13,25,24,36,0,0,-2,2,2,-2,1,1,1,3,9,7
2020-11-21,N1,Zwolle,Utrecht,1,1,1,10,2,4,2,937.603730981856,956.454360791042,0,0,0,1,1,0,2,8,3,5,7,11,18,21,0,0,8,-8,2,-2,1,1,2,4,2,10
2020-11-22,N1,Ajax,Heracles,2,5,0,18,8,13,2,1447.12599504723,860.095246995389,12,0,0,1,12,0,0,6,12,4,25,8,50,19,5,-5,10,-10,11,-11,0,5,2,13,8,18
2020-11-22,N1,For Sittard,Feyenoord,0,1,3,14,16,7,8,870.684484246392,1302.96975997471,0,1,0,0,1,7,6,0,2,11,6,21,19,41,-2,2,-2,2,-1,1,3,1,8,7,16,14
2020-11-22,N1,Sparta Rotterdam,Den Haag,2,6,0,22,2,13,1,929.246572160659,889.328151269248,0,0,1,1,0,0,4,1,6,4,12,4,24,4,6,-6,20,-20,12,-12,0,6,1,13,2,22
2020-11-22,N1,Twente,PSV Eindhoven,1,1,1,11,16,4,5,1273.1691053448,1348.72174782279,1,0,0,1,5,0,0,1,10,12,23,25,44,51,0,0,-5,5,-1,1,1,1,5,4,16,11
2020-11-22,N1,Waalwijk,Heerenveen,1,1,1,22,12,10,5,884.640290036861,1074.94866935499,0,1,1,0,0,1,4,0,5,7,11,19,21,32,0,0,10,-10,5,-5,1,1,5,10,12,22
2020-11-22,N1,AZ Alkmaar,FC Emmen,2,1,0,24,5,8,3,1196.67712537628,796.984671622564,1,0,0,2,3,0,0,6,9,2,13,3,33,14,1,-1,19,-19,5,-5,0,1,3,8,5,24
2020-11-27,N1,Twente,Waalwijk,0,0,2,14,10,6,7,1276.59460754763,892.621620367327,0,0,0,1,6,0,1,1,10,3,21,9,44,21,-2,2,4,-4,-1,1,2,0,7,6,10,14
2020-11-28,N1,FC Emmen,Ajax,0,0,5,3,27,1,12,791.157119034607,1452.00161408697,0,2,1,0,0,2,8,0,1,15,3,25,13,50,-5,5,-24,24,-11,11,5,0,12,1,27,3
2020-11-28,N1,Den Haag,Heerenveen,1,1,1,5,22,2,4,815.745244121936,1066.96733902453,0,0,1,0,0,2,4,1,1,7,4,20,4,33,0,0,-17,17,-2,2,1,1,4,2,22,5
2020-11-28,N1,VVV Venlo,Zwolle,1,2,2,11,13,2,6,903.873522119872,938.470983736569,1,0,0,0,1,1,0,6,4,4,8,8,8,18,0,0,-2,2,-4,4,2,2,6,2,13,11
2020-11-29,N1,Vitesse,For Sittard,2,2,0,20,11,4,2,1178.4477096434,863.959095528607,4,0,0,1,5,0,0,4,13,2,23,6,36,19,2,-2,9,-9,2,-2,0,2,2,4,11,20
2020-11-29,N1,Feyenoord,Utrecht,1,1,1,9,16,2,7,1309.69514869249,955.58710803633,1,0,0,0,4,1,0,9,11,5,21,11,41,22,0,0,-7,7,-5,5,1,1,7,2,16,9
2020-11-29,N1,Groningen,Willem II,2,1,0,18,4,3,1,975.796153541981,934.828266816703,0,0,0,1,4,0,1,18,8,4,14,11,24,20,1,-1,14,-14,2,-2,0,1,1,3,4,18
2020-11-29,N1,Heracles,AZ Alkmaar,0,1,2,3,13,1,7,855.219627955641,1202.50467796424,1,1,0,0,1,6,0,0,4,11,8,15,19,33,-1,1,-10,10,-6,6,2,1,7,1,13,3
2020-11-29,N1,PSV Eindhoven,Sparta Rotterdam,2,1,0,11,4,5,0,1345.29624561996,1002.82947930797,10,1,0,0,10,2,0,0,10,8,23,12,49,27,1,-1,7,-7,5,-5,0,1,0,5,4,11
2020-12-04,N1,Sparta Rotterdam,FC Emmen,2,2,1,7,12,2,3,995.006190004198,787.932505091951,1,0,0,3,1,0,0,7,7,0,9,3,24,13,1,-1,-5,5,-1,1,1,2,3,2,12,7
2020-12-05,N1,Waalwijk,VVV Venlo,2,3,2,25,10,10,6,971.668221142224,905.46154857668,0,0,0,2,1,0,5,4,5,4,9,9,24,9,1,-1,15,-15,4,-4,2,3,6,10,10,25
2020-12-05,N1,For Sittard,Willem II,2,3,2,7,11,4,3,851.626614151505,906.584157489349,0,0,1,2,0,0,7,19,1,4,3,8,19,20,1,-1,-4,4,1,-1,2,3,3,4,11,7
2020-12-05,N1,Ajax,Twente,0,1,2,19,13,5,5,1455.22622802963,1197.54800677273,13,1,0,0,13,1,0,0,15,7,27,18,53,41,-1,1,6,-6,0,0,2,1,5,5,13,19
2020-12-05,N1,Zwolle,Vitesse,2,2,1,16,12,5,4,936.882957279761,1190.7801910205,0,0,0,0,2,3,3,1,4,13,9,25,19,36,1,-1,4,-4,1,-1,1,2,4,5,12,16
2020-12-06,N1,Feyenoord,Heracles,1,0,0,20,4,7,3,1297.38246906641,847.584816150318,0,0,0,2,5,0,1,7,11,4,22,8,42,16,0,0,16,-16,4,-4,0,0,3,7,4,20
2020-12-06,N1,AZ Alkmaar,Groningen,0,1,2,5,16,2,3,1210.13948976956,1004.04026286933,2,0,0,1,4,0,0,1,13,10,17,17,33,24,-1,1,-11,11,-1,1,2,1,3,2,16,5
2020-12-06,N1,Utrecht,Den Haag,1,1,1,20,9,6,2,967.899787662412,825.646213871568,0,0,1,2,0,0,1,2,5,2,11,5,22,5,0,0,11,-11,4,-4,1,1,2,6,9,20
2020-12-06,N1,Heerenveen,PSV Eindhoven,1,2,2,12,12,7,4,1057.06636927489,1353.11953492373,0,0,1,0,0,1,1,2,8,10,18,23,34,49,0,0,0,0,3,-3,2,2,4,7,12,12
2020-12-11,N1,Heracles,For Sittard,0,1,2,14,5,4,1,861.350130974169,888.646592204871,0,0,1,2,0,0,1,5,4,4,6,6,17,19,-1,1,9,-9,3,-3,2,1,1,4,5,14
2020-12-12,N1,Groningen,Waalwijk,2,2,0,8,11,4,3,1053.07047344706,997.643114006151,1,1,0,0,5,1,0,0,10,7,20,12,26,27,2,-2,-3,3,1,-1,0,2,3,4,11,8
2020-12-12,N1,FC Emmen,Den Haag,1,1,1,27,7,7,2,773.026950325155,831.854149567872,0,0,2,0,0,1,9,3,0,2,3,6,10,6,0,0,20,-20,5,-5,1,1,2,7,7,27
2020-12-12,N1,Ajax,Zwolle,2,4,0,22,6,13,3,1403.06157001278,988.836213168611,0,0,1,0,0,2,1,7,12,6,24,12,50,19,4,-4,16,-16,10,-10,0,4,3,13,6,22
2020-12-13,N1,Vitesse,Heerenveen,1,1,1,16,14,7,6,1138.82693513165,1068.14108798098,5,0,0,0,6,3,0,2,10,6,22,16,35,34,0,0,2,-2,1,-1,1,1,6,7,14,16
2020-12-13,N1,VVV Venlo,Feyenoord,0,0,3,8,21,3,8,879.486655712752,1283.61715424256,0,2,0,0,2,8,1,0,4,11,6,20,9,42,-3,3,-13,13,-5,5,3,0,8,3,21,8
2020-12-13,N1,Willem II,Sparta Rotterdam,0,1,3,8,18,3,9,869.564179435983,1009.91174477099,1,0,0,1,1,0,0,1,3,9,8,12,19,26,-2,2,-10,10,-6,6,3,1,9,3,18,8
2020-12-13,N1,PSV Eindhoven,Utrecht,2,2,1,6,15,3,8,1342.04481621764,961.691851966108,11,0,0,0,11,2,0,10,11,3,21,12,47,20,1,-1,-9,9,-5,5,1,2,8,3,15,6
2020-12-13,N1,Twente,AZ Alkmaar,0,1,3,13,13,5,7,1249.71266478958,1161.10927919183,0,2,1,0,0,7,2,0,10,12,18,17,41,30,-2,2,0,0,-2,2,3,1,7,5,13,13
2020-12-18,N1,Zwolle,FC Emmen,1,0,0,16,5,5,3,977.952709898648,775.710447732217,1,0,0,4,3,0,0,8,6,1,11,4,19,11,0,0,11,-11,2,-2,0,0,3,5,5,16
2020-12-19,N1,Sparta Rotterdam,Groningen,0,2,3,15,12,4,6,1036.95759699791,1089.99012352048,2,1,0,0,2,1,0,0,12,10,15,20,28,26,-1,1,3,-3,-2,2,3,2,6,4,12,15
2020-12-19,N1,VVV Venlo,Twente,0,1,2,6,18,1,9,869.784060037187,1194.90675198267,0,2,1,0,0,2,2,0,4,7,5,17,9,38,-1,1,-12,12,-8,8,2,1,9,1,18,6
2020-12-19,N1,Waalwijk,PSV Eindhoven,0,1,4,15,17,4,10,960.723463932735,1348.48951896052,1,0,0,0,2,2,0,3,7,11,12,21,26,47,-3,3,-2,2,-6,6,4,1,10,4,17,15
2020-12-19,N1,Utrecht,For Sittard,1,1,1,21,14,5,7,955.247149223231,918.137655266434,0,1,0,0,1,1,2,0,3,7,11,9,19,22,0,0,7,-7,-2,2,1,1,7,5,14,21
2020-12-20,N1,Vitesse,Feyenoord,2,1,0,12,24,4,4,1135.61591332947,1293.31974991813,0,3,0,0,7,9,1,0,8,11,20,22,36,42,1,-1,-12,12,0,0,0,1,4,4,24,12
2020-12-20,N1,Den Haag,Ajax,0,2,4,5,30,3,12,829.17065216081,1413.94507328274,0,3,0,0,1,3,5,0,3,12,7,24,7,50,-2,2,-25,25,-9,9,4,2,12,3,30,5
2020-12-20,N1,Heerenveen,Heracles,0,1,2,16,8,2,2,1071.35210978317,831.859067912607,0,0,0,0,1,1,2,8,4,1,14,6,34,16,-1,1,8,-8,0,0,2,1,2,2,8,16
2020-12-20,N1,AZ Alkmaar,Willem II,2,5,3,19,11,8,5,1215.91519199874,842.518327209062,0,0,1,3,0,0,1,20,12,3,19,5,30,19,2,-2,8,-8,3,-3,3,5,5,8,11,19
2020-12-22,N1,For Sittard,Waalwijk,2,2,1,18,10,7,4,919.840141371534,950.155308346979,1,0,0,1,1,0,0,1,7,7,9,12,23,23,1,-1,8,-8,3,-3,1,2,4,7,10,18
2020-12-22,N1,FC Emmen,Utrecht,0,2,3,15,16,4,6,784.097489238276,953.54466311813,0,0,0,1,1,0,10,11,2,4,4,9,9,20,-1,1,-1,1,-2,2,3,2,6,4,16,15
2020-12-22,N1,PSV Eindhoven,VVV Venlo,2,4,1,29,4,9,1,1359.05767454628,861.248910804059,12,0,0,3,12,0,0,5,11,1,23,5,47,9,3,-3,25,-25,8,-8,1,4,1,9,4,29
2020-12-22,N1,Twente,Sparta Rotterdam,0,0,2,10,12,1,6,1203.4419012158,1009.80448906594,0,1,2,0,0,1,3,0,7,9,17,15,38,28,-2,2,-2,2,-5,5,2,0,6,1,12,10
2020-12-23,N1,AZ Alkmaar,Vitesse,2,3,1,11,16,4,5,1225.07117888585,1181.2193113354,1,0,0,1,1,0,0,2,12,8,21,23,33,39,2,-2,-5,5,-1,1,1,3,5,4,16,11
2020-12-23,N1,Willem II,Ajax,1,1,1,10,32,5,8,833.362340321956,1416.87192230664,0,4,1,0,0,4,1,0,3,12,4,24,18,50,0,0,-22,22,-3,3,1,1,8,5,32,10
2020-12-23,N1,Den Haag,Zwolle,0,0,2,8,20,1,6,826.243803136916,969.565668392589,0,0,1,1,0,0,6,8,3,6,7,9,7,20,-2,2,-12,12,-5,5,2,0,6,1,20,8
2020-12-23,N1,Groningen,Heracles,0,0,1,13,8,5,2,1117.14323145246,882.980432865552,2,1,0,0,6,2,0,0,13,4,23,8,26,19,-1,1,5,-5,3,-3,1,0,2,5,8,13
2020-12-23,N1,Feyenoord,Heerenveen,2,3,0,28,11,9,4,1247.7163519122,1020.23074483022,0,0,0,0,6,4,2,3,8,4,19,11,42,31,3,-3,17,-17,5,-5,0,3,4,9,11,28
2020-12-27,N1,Utrecht,AZ Alkmaar,1,2,2,14,12,6,6,971.068005700435,1263.4224799927,0,3,0,0,2,8,3,0,6,12,11,23,23,35,0,0,2,-2,0,0,2,2,6,6,12,14
2021-01-09,N1,Waalwijk,Den Haag,0,0,1,17,11,5,5,915.370242520531,799.517179864922,0,0,1,0,0,2,1,4,6,3,9,4,22,7,-1,1,6,-6,0,0,1,0,5,5,11,17
2021-01-09,N1,FC Emmen,Twente,0,1,4,8,10,1,6,766.574146655972,1137.39249723284,0,3,1,0,0,3,11,0,2,6,3,16,8,37,-3,3,-2,2,-5,5,4,1,6,1,10,8
2021-01-09,N1,Heracles,Vitesse,0,0,2,12,12,5,3,933.783260501921,1142.86801022855,0,0,2,2,0,0,2,3,7,7,11,20,19,36,-2,2,0,0,2,-2,2,0,3,5,12,12
2021-01-09,N1,Zwolle,AZ Alkmaar,1,1,1,5,15,2,4,996.292291664583,1252.43714209501,0,0,0,0,4,9,1,1,8,10,12,23,23,33,0,0,-10,10,-2,2,1,1,4,2,15,5
2021-01-09,N1,Utrecht,Groningen,1,2,2,19,7,6,2,982.05334359812,1066.34040381609,0,2,0,0,3,2,4,0,6,12,11,20,23,26,0,0,12,-12,4,-4,2,2,2,6,7,19
2021-01-10,N1,Sparta Rotterdam,Feyenoord,0,0,2,11,13,1,3,1075.85389304889,1270.89974465091,0,0,1,1,0,0,1,1,9,8,17,19,31,42,-2,2,-2,2,-2,2,2,0,3,1,13,11
2021-01-10,N1,Heerenveen,For Sittard,0,1,3,10,9,2,4,997.047352091506,954.625207197983,0,0,1,0,0,2,3,1,3,10,10,12,30,25,-2,2,1,-1,-2,2,3,1,4,2,9,10
2021-01-10,N1,VVV Venlo,Willem II,2,2,1,12,17,4,6,855.372628034218,848.287035788909,0,0,2,4,0,0,3,21,1,1,5,5,9,19,1,-1,-5,5,-2,2,1,2,6,4,17,12
2021-01-10,N1,Ajax,PSV Eindhoven,1,2,2,11,7,4,7,1401.94722683968,1364.93395731612,1,1,0,0,1,3,0,0,10,13,25,23,48,49,0,0,4,-4,-3,3,2,2,7,4,7,11
2021-01-12,N1,Vitesse,Utrecht,2,1,0,16,8,4,5,1163.11597121922,985.86050908248,1,1,0,0,8,1,0,0,7,6,20,9,39,23,1,-1,8,-8,-1,1,0,1,5,4,8,16
2021-01-12,N1,Heracles,FC Emmen,2,4,0,20,8,11,1,913.535299511248,755.037562624098,0,0,3,0,0,1,3,9,7,2,11,2,19,8,4,-4,12,-12,10,-10,0,4,1,11,8,20
2021-01-13,N1,PSV Eindhoven,AZ Alkmaar,0,1,3,14,6,3,4,1366.63206216494,1242.39750609545,13,0,0,0,13,10,0,2,11,11,21,23,47,34,-2,2,8,-8,-1,1,3,1,4,3,6,14
2021-01-13,N1,Den Haag,VVV Venlo,0,1,4,14,15,4,8,841.808989808015,886.720111332194,0,0,2,4,0,0,7,6,5,3,7,7,10,12,-3,3,-1,1,-4,4,4,1,8,4,15,14
2021-01-13,N1,For Sittard,Sparta Rotterdam,0,0,1,9,19,4,5,1003.81141886354,1054.3200600369,2,2,0,0,2,2,0,0,13,9,14,16,25,28,-1,1,-10,10,-1,1,1,0,5,4,19,9
2021-01-13,N1,Feyenoord,Zwolle,2,1,0,21,8,4,2,1292.43357766291,1006.33192766415,1,1,0,0,7,1,0,0,10,8,21,12,42,21,1,-1,13,-13,2,-2,0,1,2,4,8,21
2021-01-14,N1,Heerenveen,Waalwijk,1,1,1,10,15,6,4,947.861140425949,873.078432577438,0,0,2,2,0,0,4,2,2,3,10,8,27,22,0,0,-5,5,2,-2,1,1,4,6,15,10
2021-01-14,N1,Twente,Ajax,0,1,3,12,21,5,12,1148.92908126472,1400.24912199086,0,0,3,0,0,5,4,1,9,8,16,23,37,46,-2,2,-9,9,-7,7,3,1,12,5,21,12
2021-01-14,N1,Willem II,Groningen,0,2,3,16,11,6,4,816.939552490934,1062.53323833173,0,0,0,0,1,3,2,1,1,10,5,20,19,27,-1,1,5,-5,2,-2,3,2,4,6,11,16
2021-01-16,N1,FC Emmen,Vitesse,0,1,4,6,15,4,10,718.075865057851,1180.0731817056,0,1,2,0,0,1,12,0,2,10,2,20,5,42,-3,3,-9,9,-6,6,4,1,10,4,15,6
2021-01-16,N1,Sparta Rotterdam,PSV Eindhoven,0,3,5,12,11,5,7,1081.70053957058,1307.72790653628,0,0,2,0,0,4,2,1,9,10,18,21,31,44,-2,2,1,-1,-2,2,5,3,7,5,11,12
2021-01-16,N1,Utrecht,Heracles,2,2,0,16,3,8,0,968.903298596098,950.496997077495,0,2,0,0,4,3,5,0,6,9,9,13,23,19,2,-2,13,-13,8,-8,0,2,0,8,3,16
2021-01-16,N1,Zwolle,For Sittard,0,0,2,8,13,2,7,995.994402637894,976.430939329856,0,1,0,0,5,3,2,0,5,10,11,14,18,22,-2,2,-5,5,-5,5,2,0,7,2,13,8
2021-01-16,N1,AZ Alkmaar,Den Haag,2,2,1,19,3,5,2,1301.3016617241,794.287398833729,2,1,0,0,2,3,0,0,11,4,23,6,34,10,1,-1,16,-16,3,-3,1,2,2,5,3,19
2021-01-17,N1,Waalwijk,Willem II,1,1,1,17,13,7,6,876.470087181636,804.418393131096,0,0,2,5,0,0,2,22,1,1,8,4,23,16,0,0,4,-4,1,-1,1,1,6,7,13,17
2021-01-17,N1,Groningen,Twente,1,2,2,17,10,6,5,1075.05439769157,1132.21865069831,0,4,1,0,0,4,1,0,10,6,20,16,30,34,0,0,7,-7,1,-1,2,2,5,6,10,17
2021-01-17,N1,VVV Venlo,Heerenveen,1,1,1,7,20,2,7,934.24170230648,944.469485821751,1,0,0,1,1,0,0,4,6,2,10,8,15,28,0,0,-13,13,-5,5,1,1,7,2,20,7
2021-01-17,N1,Ajax,Feyenoord,2,1,0,12,9,2,4,1416.95955255726,1302.77110268917,0,1,0,0,2,1,1,0,11,12,23,23,46,42,1,-1,3,-3,-2,2,0,1,4,2,9,12
2021-01-22,N1,Willem II,Zwolle,0,1,3,9,21,4,6,807.689733263974,949.669848917198,0,0,1,1,0,0,3,1,2,5,5,11,17,18,-2,2,-12,12,-2,2,3,1,6,4,21,9
2021-01-23,N1,Den Haag,FC Emmen,1,0,0,13,13,4,4,791.007955814344,710.942292202666,0,0,3,1,0,0,8,10,3,1,6,2,10,5,0,0,0,0,0,0,0,0,4,4,13,13
2021-01-23,N1,Vitesse,Groningen,2,1,0,15,4,4,1,1187.20675456079,1077.66340856976,2,1,0,0,9,4,0,0,12,8,20,18,42,31,1,-1,11,-11,3,-3,0,1,1,4,4,15
2021-01-23,N1,PSV Eindhoven,Waalwijk,2,2,0,12,7,5,3,1326.49694085255,873.198747048758,0,0,1,0,0,1,1,3,10,2,21,9,44,21,2,-2,5,-5,2,-2,0,2,3,5,7,12
2021-01-23,N1,Heracles,Heerenveen,2,1,0,9,6,3,2,908.960678882818,943.998614994323,1,0,0,0,1,1,0,5,9,2,10,6,18,28,1,-1,3,-3,1,-1,0,1,2,3,6,9
2021-01-24,N1,For Sittard,Ajax,0,1,2,8,19,5,8,1022.75549305055,1438.80541132289,0,1,1,0,0,6,1,0,10,11,17,23,25,46,-1,1,-11,11,-3,3,2,1,8,5,19,8
2021-01-24,N1,Twente,VVV Venlo,0,0,1,21,7,5,6,1129.60963982012,934.712573133908,0,1,4,0,0,1,5,0,7,7,14,11,34,16,-1,1,14,-14,-1,1,1,0,6,5,7,21
2021-01-24,N1,Utrecht,Sparta Rotterdam,2,1,0,11,11,2,1,1010.43961679078,1062.93150525432,1,3,0,0,5,3,0,0,8,6,12,18,23,30,1,-1,0,0,1,-1,0,1,1,2,11,11
2021-01-24,N1,Feyenoord,AZ Alkmaar,0,2,3,13,13,6,8,1280.92524392354,1304.58110474349,2,1,0,0,8,11,0,0,9,11,20,23,39,36,-1,1,0,0,-2,2,3,2,8,6,13,13
2021-01-26,N1,Zwolle,Heracles,1,2,2,10,7,4,4,976.540219071126,944.176896278482,0,0,1,1,0,0,3,1,7,9,13,13,20,21,0,0,3,-3,0,0,2,2,4,4,7,10
2021-01-26,N1,FC Emmen,PSV Eindhoven,0,0,2,5,20,2,9,714.565539421876,1332.50861594559,0,1,3,0,0,5,13,0,1,10,3,21,6,46,-2,2,-15,15,-7,7,2,0,9,2,20,5
2021-01-26,N1,Groningen,Den Haag,2,3,0,14,7,6,1,1055.43118201046,787.384708595134,0,0,0,1,1,0,2,1,5,4,18,7,31,11,3,-3,7,-7,5,-5,0,3,1,6,7,14
2021-01-27,N1,AZ Alkmaar,Utrecht,0,0,1,11,12,3,5,1334.40568004954,1047.23784519891,3,0,0,1,3,0,0,1,11,8,23,14,38,25,-1,1,-1,1,-2,2,1,0,5,3,12,11
2021-01-27,N1,VVV Venlo,Vitesse,2,4,1,11,24,6,5,982.990605583118,1209.43898112009,0,2,0,0,2,2,1,0,10,12,11,20,19,45,3,-3,-13,13,1,-1,1,4,5,6,24,11
2021-01-27,N1,Waalwijk,For Sittard,0,1,2,14,15,7,9,867.18707195571,1017.40786960783,0,2,0,0,1,4,3,0,2,9,9,16,20,22,-1,1,-1,1,-2,2,2,1,9,7,15,14
2021-01-27,N1,Heerenveen,Feyenoord,2,3,0,15,15,6,1,908.782397598659,1251.10066861748,0,0,0,1,1,0,5,1,2,9,6,17,25,38,3,-3,0,0,5,-5,0,3,1,6,15,15
2021-01-28,N1,Ajax,Willem II,2,3,1,27,7,9,4,1444.15303476562,780.819363110047,1,0,0,0,3,1,0,23,11,2,23,5,48,14,2,-2,20,-20,5,-5,1,3,4,9,7,27
2021-01-28,N1,Sparta Rotterdam,Twente,1,0,0,12,6,5,2,1026.13327684618,1081.33160737091,0,0,3,0,0,5,3,1,6,4,15,11,27,34,0,0,6,-6,3,-3,0,0,2,5,6,12
2021-01-30,N1,Heracles,Groningen,2,1,0,8,13,3,3,945.66298670487,1074.63717198594,2,0,0,1,2,0,0,1,7,8,14,20,22,34,1,-1,-5,5,0,0,0,1,3,3,13,8
2021-01-30,N1,Utrecht,Zwolle,1,3,3,19,10,8,4,1100.95340774724,975.054128644737,2,1,0,0,6,1,0,0,10,5,16,13,27,21,0,0,9,-9,4,-4,3,3,4,8,10,19
2021-01-30,N1,For Sittard,VVV Venlo,2,3,2,9,12,7,3,1036.37426242624,1068.76121703865,0,2,2,0,0,2,2,0,9,13,19,14,25,22,1,-1,-3,3,4,-4,2,3,3,7,12,9
2021-01-30,N1,Vitesse,Waalwijk,1,1,1,11,11,6,5,1123.66836966456,848.2206791373,3,0,0,1,10,0,0,4,12,2,19,8,42,17,0,0,0,0,1,-1,1,1,5,6,11,11
2021-01-31,N1,Twente,Heerenveen,1,0,0,19,4,4,1,1078.81080374891,1004.503817387,0,0,5,1,0,0,6,6,5,5,11,8,32,28,0,0,15,-15,3,-3,0,0,1,4,4,19
2021-01-31,N1,Feyenoord,PSV Eindhoven,2,3,1,6,17,5,6,1155.37924882915,1334.94084685883,0,2,1,0,0,6,1,0,6,10,14,23,35,46,2,-2,-11,11,-1,1,1,3,6,5,17,6
2021-01-31,N1,Willem II,FC Emmen,2,2,0,12,18,4,2,778.934385308458,712.133308508642,0,0,2,0,0,1,4,11,1,1,2,3,13,6,2,-2,-6,6,2,-2,0,2,2,4,18,12
2021-01-31,N1,AZ Alkmaar,Ajax,0,0,3,8,13,3,7,1280.69011750121,1446.0380125672,0,2,1,0,0,7,1,0,10,13,20,23,37,48,-3,3,-5,5,-4,4,3,0,7,3,13,8
2021-01-31,N1,Den Haag,Sparta Rotterdam,1,1,1,8,12,5,4,768.178718619657,1028.65408046817,0,0,0,1,1,0,9,1,4,4,7,13,11,25,0,0,-4,4,1,-1,1,1,4,5,12,8
2021-02-05,N1,For Sittard,Heracles,0,0,1,15,10,3,5,1071.34860105954,989.024785996582,1,0,0,0,1,1,0,2,9,10,22,17,25,25,-1,1,5,-5,-2,2,1,0,5,3,10,15
2021-02-06,N1,FC Emmen,AZ Alkmaar,0,0,1,6,16,1,5,676.60575413902,1250.31393006663,0,2,4,0,0,12,14,0,1,9,3,20,6,37,-1,1,-10,10,-4,4,1,0,5,1,16,6
2021-02-06,N1,Zwolle,Waalwijk,1,1,1,19,7,8,3,980.610888158477,858.780575745341,0,0,0,0,1,1,4,5,5,3,13,6,22,15,0,0,12,-12,5,-5,1,1,3,8,7,19
2021-02-06,N1,Heerenveen,Vitesse,2,1,0,11,11,3,3,1007.87454256841,1113.10847305652,1,0,0,1,2,0,0,1,6,10,8,17,26,42,1,-1,0,0,0,0,0,1,3,3,11,11
2021-02-06,N1,PSV Eindhoven,Twente,2,3,0,25,5,8,2,1270.24025473921,1075.4400785675,1,0,0,0,1,6,0,2,9,3,20,12,43,30,3,-3,20,-20,6,-6,0,3,2,8,5,25
2021-02-12,N1,Waalwijk,FC Emmen,2,1,0,19,5,6,2,864.17188833295,674.334745728856,0,0,1,1,0,0,4,12,3,1,4,3,16,6,1,-1,14,-14,4,-4,0,1,2,6,5,19
2021-02-13,N1,Groningen,Zwolle,2,1,0,14,12,7,4,1031.27537269423,975.219575570869,1,0,0,0,2,2,0,1,7,6,17,11,34,23,1,-1,2,-2,3,-3,0,1,4,7,12,14
2021-02-13,N1,Sparta Rotterdam,For Sittard,0,1,2,16,8,6,3,1018.49448159063,1031.90508153335,0,3,0,0,1,5,4,0,5,9,14,19,23,25,-1,1,8,-8,3,-3,2,1,3,6,8,16
2021-02-13,N1,Den Haag,PSV Eindhoven,1,2,2,5,35,2,15,778.338317497205,1297.04352756946,0,0,0,1,2,0,10,1,2,12,7,22,12,43,0,0,-30,30,-13,13,2,2,15,2,35,5
2021-02-13,N1,Heracles,Ajax,0,0,2,14,7,2,3,1028.46830552277,1476.41420000178,3,3,0,0,3,8,0,0,10,15,19,23,25,50,-2,2,7,-7,-1,1,2,0,3,2,7,14
2021-02-14,N1,AZ Alkmaar,Heerenveen,2,3,1,15,5,9,4,1252.5849384768,1049.28103642908,0,0,2,0,0,1,2,7,9,8,20,10,39,26,2,-2,10,-10,5,-5,1,3,4,9,5,15
2021-02-14,N1,Feyenoord,Willem II,2,5,0,23,6,12,3,1220.07984094876,814.46193967808,1,0,0,1,1,0,0,24,6,4,16,5,38,13,5,-5,17,-17,9,-9,0,5,3,12,6,23
2021-02-14,N1,Utrecht,VVV Venlo,2,3,1,24,11,11,3,1095.3966482335,1033.78687840535,0,0,0,1,7,0,1,1,10,10,16,13,28,22,2,-2,13,-13,8,-8,1,3,3,11,11,24
2021-02-14,N1,Vitesse,Twente,0,0,2,10,6,1,3,1071.70197919585,1048.63680573726,0,0,0,1,11,0,1,3,7,3,17,9,39,27,-2,2,4,-4,-2,2,2,0,3,1,6,10
2021-02-19,N1,Willem II,Utrecht,0,0,6,7,20,1,8,801.400862155554,1131.55762372276,1,1,0,0,1,1,0,0,4,13,5,19,13,30,-6,6,-13,13,-7,7,6,0,8,1,20,7
2021-02-20,N1,FC Emmen,Zwolle,2,3,2,14,10,5,2,658.264781872349,948.338167978591,0,0,5,1,0,0,15,2,1,6,2,11,6,22,1,-1,4,-4,3,-3,2,3,2,5,10,14
2021-02-20,N1,VVV Venlo,AZ Alkmaar,0,1,4,5,20,1,10,997.625902916081,1273.35579353041,1,3,0,0,3,13,0,0,7,9,13,20,19,41,-3,3,-15,15,-9,9,4,1,10,1,20,5
2021-02-20,N1,For Sittard,Den Haag,2,2,0,13,4,5,1,1062.6705326768,792.800185837132,0,0,1,2,0,0,1,2,9,3,19,7,28,13,2,-2,9,-9,4,-4,0,2,1,5,4,13
2021-02-21,N1,Twente,Feyenoord,1,2,2,9,10,6,2,1095.40172552919,1233.14091847129,0,0,0,2,1,0,7,2,5,6,12,18,29,38,0,0,-1,1,4,-4,2,2,2,6,10,9
2021-02-21,N1,Heerenveen,Groningen,1,1,1,8,16,2,2,1028.51018137546,1058.15678028651,2,0,0,2,3,0,0,2,7,7,9,17,23,37,0,0,-8,8,0,0,1,1,2,2,16,8
2021-02-21,N1,Waalwijk,Heracles,2,3,0,8,7,5,0,880.241852189457,1022.28179286506,1,1,0,0,1,2,0,0,5,10,7,19,19,25,3,-3,1,-1,5,-5,0,3,0,5,7,8
2021-02-21,N1,PSV Eindhoven,Vitesse,2,3,1,22,10,15,3,1282.58165922953,1024.93705940391,2,0,0,2,2,0,0,2,10,4,20,16,41,36,2,-2,12,-12,12,-12,1,3,3,15,10,22
2021-02-21,N1,Ajax,Sparta Rotterdam,2,4,2,16,12,7,4,1482.6007126595,987.729030447182,2,0,0,0,4,1,0,2,15,2,26,11,50,23,2,-2,4,-4,3,-3,2,4,4,7,12,16
2021-02-24,N1,Willem II,Den Haag,1,1,1,13,8,3,3,779.79017346148,777.48672513209,0,0,1,3,0,0,1,3,3,3,5,6,10,13,0,0,5,-5,0,0,1,1,3,3,8,13
2021-02-24,N1,Groningen,Feyenoord,1,0,0,8,19,3,4,1056.79480793283,1227.11046578609,2,0,0,0,3,1,0,3,7,7,15,16,35,38,0,0,-11,11,-1,1,0,0,4,3,19,8
2021-02-26,N1,Zwolle,Heerenveen,2,4,1,21,10,10,4,894.479050815142,1029.87215372914,0,0,0,1,2,0,5,8,3,8,10,10,19,21,3,-3,11,-11,6,-6,1,4,4,10,10,21
2021-02-27,N1,Utrecht,FC Emmen,0,0,1,12,13,5,4,1153.16831241684,712.123899035798,1,0,0,2,8,0,0,13,13,3,21,4,30,8,-1,1,-1,1,1,-1,1,0,4,5,13,12
2021-02-27,N1,Den Haag,Waalwijk,1,0,0,10,4,2,0,777.592801293616,955.902997096032,0,0,0,0,3,2,11,6,3,8,7,10,14,22,0,0,6,-6,2,-2,0,0,0,2,4,10
2021-02-27,N1,Vitesse,VVV Venlo,2,4,1,23,5,8,2,1008.71356578001,979.109793959338,0,0,1,2,0,0,2,2,1,6,13,13,36,18,3,-3,18,-18,6,-6,1,4,2,8,5,23
2021-02-27,N1,Heracles,Twente,1,2,2,9,7,6,3,946.620647958483,1101.43217821439,0,1,1,0,0,1,1,0,7,6,16,10,24,27,0,0,2,-2,3,-3,2,2,3,6,7,9
2021-02-28,N1,Sparta Rotterdam,Willem II,0,0,2,13,13,2,4,982.926795232013,779.684097299954,0,0,1,2,0,0,5,25,2,4,8,6,23,10,-2,2,0,0,-2,2,2,0,4,2,13,13
2021-02-28,N1,Groningen,For Sittard,2,1,0,4,5,1,1,1064.06491032956,1077.98399338184,0,4,0,0,4,6,1,0,8,12,13,21,36,30,1,-1,-1,1,0,0,0,1,1,1,5,4
2021-02-28,N1,PSV Eindhoven,Ajax,1,1,1,9,17,5,3,1298.80515285343,1487.40294787466,3,4,0,0,3,9,0,0,10,15,20,26,43,50,0,0,-8,8,2,-2,1,1,3,5,17,9
2021-02-28,N1,AZ Alkmaar,Feyenoord,2,4,2,9,9,7,5,1291.87190248716,1219.84036338935,1,0,0,0,1,2,0,4,9,8,20,17,43,36,2,-2,0,0,2,-2,2,4,5,7,9,9
2021-03-05,N1,FC Emmen,Sparta Rotterdam,1,1,1,15,14,5,5,771.440459411805,915.987999837657,1,0,0,1,1,0,0,3,6,2,7,8,10,23,0,0,1,-1,0,0,1,1,5,5,14,15
2021-03-06,N1,Feyenoord,VVV Venlo,2,6,0,21,5,10,0,1184.94738160766,929.213433521502,2,0,0,3,2,0,0,3,8,3,14,13,33,18,6,-6,16,-16,10,-10,0,6,0,10,5,21
2021-03-06,N1,Twente,Willem II,1,1,1,12,9,5,2,1094.73998937121,846.62289269431,0,1,0,0,2,1,8,0,6,7,11,8,27,13,0,0,3,-3,3,-3,1,1,2,5,9,12
2021-03-06,N1,Heerenveen,Den Haag,2,3,0,18,12,7,3,955.104142579451,785.15198069593,0,0,0,0,4,1,1,4,5,4,10,8,20,12,3,-3,6,-6,4,-4,0,3,3,7,12,18
2021-03-06,N1,Waalwijk,Utrecht,0,1,2,13,17,6,5,948.343817693718,1093.85175204083,2,2,0,0,2,2,0,0,9,10,11,18,20,29,-1,1,-4,4,1,-1,2,1,5,6,17,13
2021-03-07,N1,Ajax,Groningen,2,3,1,21,9,8,4,1479.48093605079,1097.34621983185,3,0,0,0,5,1,0,3,13,8,24,16,48,36,2,-2,12,-12,4,-4,1,3,4,8,9,21
2021-03-07,N1,For Sittard,PSV Eindhoven,0,1,3,11,12,4,6,1044.70268387956,1306.72716467731,1,0,0,0,1,1,0,2,9,8,18,18,30,41,-2,2,-1,1,-2,2,3,1,6,4,12,11
2021-03-07,N1,Heracles,Zwolle,2,2,1,18,8,8,3,953.312836801663,969.24706196483,0,0,0,2,1,0,2,3,7,5,14,10,25,22,1,-1,10,-10,5,-5,1,2,3,8,8,18
2021-03-07,N1,Vitesse,AZ Alkmaar,2,2,1,10,13,4,4,1058.60992621784,1326.76488426885,1,4,0,0,1,14,0,0,4,12,16,22,36,45,1,-1,-3,3,0,0,1,2,4,4,13,10
2021-03-09,N1,VVV Venlo,Sparta Rotterdam,0,0,1,8,12,3,5,898.201865860939,909.690556970589,0,0,1,0,0,1,1,4,0,2,13,6,18,23,-1,1,-4,4,-2,2,1,0,5,3,12,8
2021-03-13,N1,Willem II,Heerenveen,2,3,1,17,14,8,4,856.435138531551,984.90288978472,0,0,0,2,1,0,2,9,5,7,9,13,14,23,2,-2,3,-3,4,-4,1,3,4,8,14,17
2021-03-13,N1,Den Haag,Heracles,0,1,2,9,10,2,4,755.353233490662,986.77940507936,0,0,0,1,4,0,12,1,3,7,5,17,12,28,-1,1,-1,1,-2,2,2,1,4,2,10,9
2021-03-13,N1,AZ Alkmaar,Twente,2,4,1,11,11,4,4,1274.02946449095,1084.92774353397,2,0,0,0,2,2,0,1,12,6,21,9,44,25,3,-3,0,0,0,0,1,4,4,4,11,11
2021-03-13,N1,Groningen,FC Emmen,1,1,1,8,15,3,4,1088.5945674414,777.737902278872,1,1,0,0,5,1,0,0,8,7,15,8,35,10,0,0,-7,7,-1,1,1,1,4,3,15,8
2021-03-13,N1,Sparta Rotterdam,Waalwijk,2,2,0,16,4,3,0,940.632794917945,929.013374611521,0,0,2,0,0,3,6,7,4,8,9,11,25,19,2,-2,12,-12,3,-3,0,2,0,3,4,16
2021-03-14,N1,VVV Venlo,For Sittard,0,1,3,9,10,3,5,867.259627913584,1028.80992849058,0,0,2,1,0,0,2,1,0,6,10,15,17,29,-2,2,-1,1,-2,2,3,1,5,3,10,9
2021-03-14,N1,PSV Eindhoven,Feyenoord,1,1,1,12,10,7,3,1322.61992006629,1215.95894926822,0,0,0,1,4,0,1,5,11,8,20,14,41,35,0,0,2,-2,4,-4,1,1,3,7,10,12
2021-03-14,N1,Utrecht,Vitesse,0,1,3,15,10,3,5,1113.18219512303,1111.34534599575,0,0,1,3,0,0,1,3,10,6,20,16,31,36,-2,2,5,-5,-2,2,3,1,5,3,10,15
2021-03-14,N1,Zwolle,Ajax,0,0,2,1,21,1,6,935.780493687133,1488.23258844124,1,0,0,0,3,10,0,1,4,13,9,26,21,51,-2,2,-20,20,-5,5,2,0,6,1,21,1
2021-03-19,N1,Heerenveen,Twente,1,0,0,11,13,4,1,925.529249473529,1057.45580568147,1,0,0,1,5,0,0,2,4,6,12,9,20,25,0,0,-2,2,3,-3,0,0,1,4,13,11
2021-03-20,N1,For Sittard,Utrecht,0,0,1,9,16,1,7,1053.6274789605,1069.0927094358,0,3,1,0,0,3,1,0,9,9,18,19,32,28,-1,1,-7,7,-6,6,1,0,7,1,16,9
2021-03-20,N1,Feyenoord,FC Emmen,1,1,1,19,10,6,5,1220.72216254389,789.1573572667,3,0,0,0,3,2,0,1,6,8,12,9,35,11,0,0,9,-9,1,-1,1,1,5,6,10,19
2021-03-20,N1,Waalwijk,Groningen,2,3,1,17,19,10,6,886.621956982928,1077.17511245357,0,0,1,1,0,0,1,4,7,6,10,13,18,33,2,-2,-2,2,4,-4,1,3,6,10,19,17
2021-03-21,N1,Zwolle,VVV Venlo,2,2,1,19,12,5,4,932.279004777808,842.442077443664,0,0,1,4,0,0,1,4,3,0,9,7,20,17,1,-1,7,-7,1,-1,1,2,4,5,12,19
2021-03-21,N1,AZ Alkmaar,PSV Eindhoven,2,2,0,9,15,5,4,1301.50140234346,1317.85670679061,3,1,0,0,3,2,0,0,12,9,21,21,44,42,2,-2,-6,6,1,-1,0,2,4,5,15,9
2021-03-21,N1,Vitesse,Willem II,1,0,0,12,10,4,4,1155.43483168298,915.808778842742,2,0,0,0,2,2,0,1,9,8,16,12,36,16,0,0,2,-2,0,0,0,0,4,4,10,12
2021-03-21,N1,Heracles,Sparta Rotterdam,1,1,1,7,13,1,4,1000.14237027891,983.024212546537,1,1,0,0,2,2,0,0,7,7,17,9,30,27,0,0,-6,6,-3,3,1,1,4,1,13,7
2021-03-21,N1,Ajax,Den Haag,2,5,0,18,2,10,0,1491.73407735056,741.990268291114,4,0,0,1,6,0,0,5,13,2,28,5,51,11,5,-5,16,-16,10,-10,0,5,0,10,2,18
2021-04-03,N1,VVV Venlo,Groningen,0,0,1,9,8,2,3,818.53676186654,1011.41665900752,0,0,3,2,0,0,3,5,0,5,6,12,17,30,-1,1,1,-1,-1,1,1,0,3,2,8,9
2021-04-03,N1,Twente,Vitesse,0,1,2,2,20,1,6,1051.6564445968,1145.87021183762,0,1,0,0,3,1,9,0,4,10,9,14,23,34,-1,1,-18,18,-5,5,2,1,6,1,20,2
2021-04-03,N1,Willem II,AZ Alkmaar,0,0,1,12,5,2,2,925.373398688103,1347.4220655678,1,0,0,1,2,0,0,1,9,12,12,21,17,44,-1,1,7,-7,0,0,1,0,2,2,5,12
2021-04-03,N1,Sparta Rotterdam,Zwolle,2,3,2,18,18,5,6,983.811895569981,956.184320354932,1,0,0,3,1,0,0,4,8,6,10,12,28,23,1,-1,0,0,-1,1,2,3,6,5,18,18
2021-04-04,N1,Feyenoord,For Sittard,2,2,0,18,8,7,3,1207.18510997681,1023.05093931986,0,1,0,0,4,1,1,0,6,6,13,15,33,32,2,-2,10,-10,4,-4,0,2,3,7,8,18
2021-04-04,N1,Den Haag,Utrecht,0,1,4,8,22,1,8,740.040256842333,1099.66924907644,0,4,1,0,0,4,13,0,2,9,5,22,11,31,-3,3,-14,14,-7,7,4,1,8,1,22,8
2021-04-04,N1,PSV Eindhoven,Heracles,2,3,0,15,5,7,2,1271.93604356627,999.354687255464,0,1,0,0,5,1,2,0,8,8,18,18,39,28,3,-3,10,-10,5,-5,0,3,2,7,5,15
2021-04-04,N1,FC Emmen,Waalwijk,2,3,1,18,7,11,2,802.694409833781,952.380410428978,0,0,0,1,2,0,1,8,9,7,10,12,12,21,2,-2,11,-11,9,-9,1,3,2,11,7,18
2021-04-04,N1,Heerenveen,Ajax,0,1,2,8,18,1,6,931.328610558196,1493.68408879934,0,1,0,0,6,11,1,0,5,13,12,28,18,51,-1,1,-10,10,-5,5,2,1,6,1,18,8
2021-04-09,N1,Vitesse,Den Haag,1,0,0,21,6,4,2,1169.39941903007,727.822120597655,0,0,0,2,3,0,1,6,13,1,14,4,34,11,0,0,15,-15,2,-2,0,0,2,4,6,21
2021-04-10,N1,Heracles,Willem II,2,4,0,10,9,5,1,980.558289797576,920.192591900569,0,0,0,0,3,3,1,2,8,8,15,12,28,17,4,-4,1,-1,4,-4,0,4,1,5,9,10
2021-04-10,N1,AZ Alkmaar,Sparta Rotterdam,2,2,0,20,5,10,3,1352.60287235533,1013.27265165073,4,0,0,0,4,3,0,1,12,11,21,13,44,28,2,-2,15,-15,7,-7,0,2,3,10,5,20
2021-04-10,N1,For Sittard,FC Emmen,0,1,3,6,18,4,9,1000.48033425272,864.358900795119,0,0,2,0,0,3,2,2,3,9,15,12,31,15,-2,2,-12,12,-5,5,3,1,9,4,18,6
2021-04-10,N1,Zwolle,Twente,2,1,0,7,18,5,4,926.723564274188,1028.12723740435,1,0,0,0,1,1,0,3,6,3,9,9,22,20,1,-1,-11,11,1,-1,0,1,4,5,18,7
2021-04-11,N1,Utrecht,Feyenoord,0,1,2,12,7,7,2,1111.88738532112,1229.75571504396,0,0,2,0,0,1,2,6,9,8,22,16,34,33,-1,1,5,-5,5,-5,2,1,2,7,7,12
2021-04-11,N1,Groningen,Heerenveen,0,0,2,11,15,3,10,1027.27674581303,928.91002763136,0,0,0,3,6,0,1,10,7,4,15,12,33,18,-2,2,-4,4,-7,7,2,0,10,3,15,11
2021-04-11,N1,VVV Venlo,PSV Eindhoven,0,0,2,4,14,1,5,802.67667506103,1290.73244102416,0,0,4,1,0,0,4,1,0,8,3,18,14,39,-2,2,-10,10,-4,4,2,0,5,1,14,4
2021-04-11,N1,Waalwijk,Ajax,0,0,1,3,13,0,4,890.71591946764,1496.10267172618,1,2,0,0,1,12,0,0,4,13,12,28,21,51,-1,1,-10,10,-4,4,1,0,4,0,13,3
2021-04-22,N1,Ajax,Utrecht,1,1,1,21,6,8,1,1498.00637314251,1090.34529690642,5,5,0,0,7,5,0,0,15,9,28,19,51,33,0,0,15,-15,7,-7,1,1,1,8,6,21
2021-04-23,N1,Willem II,Waalwijk,2,1,0,20,6,9,3,866.785388678425,888.812218051307,0,0,1,2,0,0,1,9,5,3,12,12,14,20,1,-1,14,-14,6,-6,0,1,3,9,6,20
2021-04-24,N1,Heerenveen,Zwolle,0,0,2,11,4,3,3,984.863236992005,967.806726798845,0,0,1,4,0,0,2,5,7,6,12,11,20,24,-2,2,7,-7,0,0,2,0,3,3,4,11
2021-04-24,N1,PSV Eindhoven,Groningen,2,1,0,13,8,5,1,1295.71592219432,971.323536452384,1,1,0,0,6,1,0,0,10,4,18,12,41,32,1,-1,5,-5,4,-4,0,1,1,5,8,13
2021-04-24,N1,Sparta Rotterdam,VVV Venlo,2,2,0,19,10,7,3,1002.37934655422,797.69319389087,2,0,0,5,2,0,0,5,10,0,12,0,25,14,2,-2,9,-9,4,-4,0,2,3,7,10,19
2021-04-25,N1,FC Emmen,Heracles,2,3,1,15,8,5,4,924.571088894112,1033.96549301972,1,0,0,1,3,0,0,1,9,10,15,17,18,31,2,-2,7,-7,1,-1,1,3,4,5,8,15
2021-04-25,N1,Ajax,AZ Alkmaar,2,2,0,21,8,10,3,1484.80091919178,1363.49617745183,0,1,0,0,8,1,1,0,13,12,26,24,49,44,2,-2,13,-13,7,-7,0,2,3,10,8,21
2021-04-25,N1,Den Haag,For Sittard,0,0,3,18,19,3,6,741.487049712672,940.268146153726,0,0,2,1,0,0,14,1,1,3,5,12,12,31,-3,3,-1,1,-3,3,3,0,6,3,19,18
2021-04-25,N1,Feyenoord,Vitesse,1,0,0,14,19,2,7,1251.29780345866,1155.73448991505,1,2,0,0,5,2,0,0,11,11,19,15,33,34,0,0,-5,5,-5,5,0,0,7,2,19,14
2021-04-25,N1,Twente,Utrecht,0,1,2,9,12,4,5,987.044074879689,1103.55075085714,0,0,1,0,0,6,10,1,2,7,8,17,19,33,-1,1,-3,3,-1,1,2,1,5,4,12,9
2021-05-01,N1,Heracles,VVV Venlo,2,4,0,17,16,10,5,976.737699341496,777.048209667677,1,0,0,6,4,0,0,6,7,0,14,0,31,13,4,-4,1,-1,5,-5,0,4,5,10,16,17
2021-05-01,N1,For Sittard,Twente,2,3,0,21,4,10,1,966.610849413256,965.389825116267,0,0,3,1,0,0,3,4,6,1,12,7,34,19,3,-3,17,-17,9,-9,0,3,1,10,4,21
2021-05-01,N1,Vitesse,Zwolle,2,2,1,20,12,5,6,1160.02762063408,1013.8157005248,0,1,0,0,4,1,2,0,9,9,15,13,32,26,1,-1,8,-8,-1,1,1,2,6,5,12,20
2021-05-01,N1,Waalwijk,AZ Alkmaar,0,1,3,5,20,2,7,854.786185807276,1334.35785115817,0,0,1,1,0,0,1,1,3,12,11,24,17,44,-2,2,-15,15,-5,5,3,1,7,2,20,5
2021-05-01,N1,Utrecht,Willem II,2,3,2,10,8,2,4,1125.20500062056,900.811420922456,0,0,3,1,0,0,3,3,10,7,19,12,35,17,1,-1,2,-2,-2,2,2,3,4,2,8,10
2021-05-02,N1,Den Haag,Feyenoord,2,3,2,9,14,5,4,715.144346453142,1247.00467273963,0,1,3,0,0,2,15,0,1,9,4,17,11,33,1,-1,-5,5,1,-1,2,3,4,5,14,9
2021-05-02,N1,Ajax,FC Emmen,2,4,0,15,4,6,0,1513.93924548545,981.798882572335,1,1,0,0,9,4,0,0,13,11,26,18,49,21,4,-4,11,-11,6,-6,0,4,0,6,4,15
2021-05-02,N1,Groningen,Sparta Rotterdam,0,1,2,11,11,3,4,962.757242892138,1023.02433077742,0,0,1,1,0,0,2,2,4,10,12,14,29,28,-1,1,0,0,-1,1,2,1,4,3,11,11
2021-05-02,N1,PSV Eindhoven,Heerenveen,1,2,2,16,9,7,5,1304.28221575456,938.854263266054,2,1,0,0,7,1,0,0,10,4,21,11,41,19,0,0,7,-7,2,-2,2,2,5,7,9,16
2021-05-07,N1,Sparta Rotterdam,Vitesse,2,3,0,13,13,6,1,1049.52853808022,1179.30343208196,3,0,0,0,3,3,0,1,10,9,17,18,28,35,3,-3,0,0,5,-5,0,3,1,6,13,13
2021-05-08,N1,Twente,Heracles,1,1,1,9,6,5,2,911.049874678285,1007.7738633038,0,0,2,2,0,0,11,2,1,7,7,14,16,33,0,0,3,-3,3,-3,1,1,2,5,6,9
2021-05-08,N1,Heerenveen,Utrecht,1,0,0,9,10,2,2,951.374260437901,1139.00103017339,0,1,2,0,0,7,3,0,5,10,9,19,19,38,0,0,-1,1,0,0,0,0,2,2,10,9
2021-05-08,N1,AZ Alkmaar,For Sittard,2,1,0,8,9,5,5,1339.57592077036,1020.95079985124,5,1,0,0,5,1,0,0,12,6,24,15,44,34,1,-1,-1,1,0,0,0,1,5,5,9,8
2021-05-08,N1,VVV Venlo,Waalwijk,1,3,3,13,14,5,5,746.012045705372,849.568116195085,0,0,5,3,0,0,5,10,0,3,0,10,13,14,0,0,-1,1,0,0,3,3,5,5,14,13
2021-05-09,N1,FC Emmen,Groningen,0,0,4,5,15,2,6,976.038895878641,936.253035589335,2,0,0,1,4,0,0,1,10,3,18,9,21,26,-4,4,-10,10,-4,4,4,0,6,2,15,5
2021-05-09,N1,Feyenoord,Ajax,0,0,3,15,7,4,4,1185.86661471299,1519.69923217914,0,3,0,0,6,13,1,0,8,13,14,26,32,52,-3,3,8,-8,0,0,3,0,4,4,7,15
2021-05-09,N1,Zwolle,Den Haag,0,0,1,11,7,3,4,994.539889076913,776.282404479783,2,0,0,0,2,1,0,7,9,4,12,6,23,13,-1,1,4,-4,-1,1,1,0,4,3,7,11
2021-05-09,N1,Willem II,PSV Eindhoven,0,0,2,0,11,0,5,887.015391369632,1291.76221858272,1,1,0,0,1,1,0,0,4,10,12,19,17,41,-2,2,-11,11,-5,5,2,0,5,0,11,0
2021-05-13,N1,Ajax,VVV Venlo,2,3,1,19,13,10,8,1533.62362068639,750.644601150033,2,0,0,7,10,0,0,7,13,1,26,1,52,14,2,-2,6,-6,2,-2,1,3,8,10,13,19
2021-05-13,N1,Den Haag,Willem II,0,1,4,14,16,7,9,826.100274949536,879.237160892537,1,0,0,2,1,0,0,4,7,3,9,12,15,17,-3,3,-2,2,-2,2,4,1,9,7,16,14
2021-05-13,N1,FC Emmen,Heerenveen,2,3,1,25,5,7,4,904.181665537747,959.262470648364,0,0,1,0,0,2,1,1,9,5,18,10,20,19,2,-2,20,-20,3,-3,1,3,4,7,5,25
2021-05-13,N1,For Sittard,Vitesse,1,3,3,10,19,4,9,1012.1351710338,1105.30031302168,1,0,0,1,1,0,0,2,6,8,12,18,31,34,0,0,-9,9,-5,5,3,3,9,4,19,10
2021-05-13,N1,Groningen,AZ Alkmaar,1,0,0,8,11,1,3,1008.11026593023,1348.39154958779,0,1,2,0,0,1,3,0,6,12,11,24,26,44,0,0,-3,3,-2,2,0,0,3,1,11,8
2021-05-13,N1,Heracles,Feyenoord,1,1,1,8,11,5,3,1003.43117439087,1171.94222620575,2,0,0,1,5,0,0,1,7,7,15,13,34,29,0,0,-3,3,2,-2,1,1,3,5,11,8
2021-05-13,N1,PSV Eindhoven,Zwolle,2,4,2,18,9,10,4,1299.54044905981,944.72201860716,0,0,0,1,8,0,1,1,13,6,21,12,41,23,2,-2,9,-9,6,-6,2,4,4,10,9,18
2021-05-13,N1,Sparta Rotterdam,Utrecht,1,0,0,11,17,2,6,1123.5316571405,1131.11281996292,4,0,0,0,4,8,0,1,12,8,20,17,28,38,0,0,-6,6,-4,4,0,0,6,2,17,11
2021-05-13,N1,Waalwijk,Twente,2,2,1,10,5,2,2,844.935560750424,915.392563591221,0,0,2,2,0,0,2,5,1,1,8,5,15,17,1,-1,5,-5,0,0,1,2,2,2,5,10
2021-05-16,N1,AZ Alkmaar,Heracles,2,5,0,26,4,9,2,1336.34659545886,1010.63517429438,6,0,0,0,6,1,0,3,10,8,22,16,42,32,5,-5,22,-22,7,-7,0,5,2,9,4,26
2021-05-16,N1,Feyenoord,Waalwijk,2,3,0,14,3,6,1,1164.73822630223,883.337373254921,0,0,1,0,0,1,2,11,5,4,13,8,30,18,3,-3,11,-11,5,-5,0,3,1,6,3,14
2021-05-16,N1,Heerenveen,Sparta Rotterdam,0,1,2,16,13,4,4,908.50954300883,1123.88072719172,0,1,0,0,1,1,4,0,5,10,9,21,19,29,-1,1,3,-3,0,0,2,1,4,4,13,16
2021-05-16,N1,Twente,Den Haag,2,3,2,23,10,9,5,876.990751086723,779.844331759797,0,1,0,0,1,2,12,0,1,7,4,8,14,15,1,-1,13,-13,4,-4,2,3,5,9,10,23
2021-05-16,N1,Utrecht,PSV Eindhoven,1,1,1,8,10,5,3,1130.76374991171,1309.61125506514,1,2,0,0,1,2,0,0,9,13,18,21,36,41,0,0,-2,2,2,-2,1,1,3,5,10,8
2021-05-16,N1,Vitesse,Ajax,0,1,3,11,18,2,8,1101.10985949229,1534.58051438954,1,4,0,0,5,14,0,0,6,13,19,28,32,52,-2,2,-7,7,-6,6,3,1,8,2,18,11
2021-05-16,N1,VVV Venlo,FC Emmen,0,0,4,12,16,2,8,749.687707446879,954.934593177282,0,0,0,1,1,0,6,1,1,9,1,18,14,22,-4,4,-4,4,-6,6,4,0,8,2,16,12
2021-05-16,N1,Willem II,For Sittard,2,2,1,18,10,7,2,925.493104082276,1016.32562456318,0,0,1,1,0,0,1,1,6,7,14,10,20,31,1,-1,8,-8,5,-5,1,2,2,7,10,18
2021-05-16,N1,Zwolle,Groningen,2,1,0,13,11,4,1,934.651212601832,1020.15522005917,0,1,1,0,0,1,1,0,6,4,12,11,22,24,1,-1,2,-2,3,-3,0,1,1,4,11,13
2019-08-02,N1,Zwolle,Willem II,0,1,3,9,17,2,8,974.371193907817,965.673556058964,1,1,0,0,1,1,0,0,6,9,12,14,22,22,-2,2,-8,8,-6,6,3,1,8,2,17,9
2019-08-03,N1,FC Emmen,Groningen,0,0,1,7,10,2,4,985.223015971935,980.43523875318,1,0,0,1,1,0,0,1,9,4,18,8,25,24,-1,1,-3,3,-2,2,1,0,4,2,10,7
2019-08-03,N1,Vitesse,Ajax,1,2,2,13,26,3,9,1094.42672124444,1541.26365263739,0,5,1,0,0,15,1,0,5,15,16,28,32,54,0,0,-13,13,-6,6,2,2,9,3,26,13
2019-08-03,N1,Twente,PSV Eindhoven,1,1,1,3,16,2,5,900.26934407707,1302.03286875718,1,0,0,0,2,3,0,1,4,11,6,21,17,39,0,0,-13,13,-3,3,1,1,5,2,16,3
2019-08-03,N1,VVV Venlo,Waalwijk,2,3,1,11,15,6,3,719.399284652226,865.317700687322,0,0,1,1,0,0,7,12,1,4,1,7,14,18,2,-2,-4,4,3,-3,1,3,3,6,15,11
2019-08-04,N1,Heracles,Heerenveen,0,0,4,14,13,4,6,990.960227243856,894.14314655677,0,0,0,1,6,0,1,2,5,2,15,9,29,19,-4,4,1,-1,-2,2,4,0,6,4,13,14
2019-08-04,N1,Feyenoord,Sparta Rotterdam,1,2,2,15,13,6,5,1182.75789886983,1138.24712364378,1,2,0,0,1,2,0,0,5,13,16,23,30,29,0,0,2,-2,1,-1,2,2,5,6,13,15
2019-08-04,N1,Den Haag,Utrecht,0,2,4,12,18,5,6,756.565738769451,1138.34213621967,0,0,1,0,0,9,1,2,6,9,7,16,15,36,-2,2,-6,6,-1,1,4,2,6,5,18,12
2019-08-04,N1,AZ Alkmaar,For Sittard,2,4,0,21,5,10,1,1356.02154250938,976.145172586497,7,0,0,2,7,0,0,2,10,7,22,10,44,28,4,-4,16,-16,9,-9,0,4,1,10,5,21
2019-08-09,N1,Sparta Rotterdam,VVV Venlo,2,4,1,17,6,8,2,1140.28577945335,780.664844218812,0,0,0,8,5,0,1,8,11,4,21,4,30,14,3,-3,11,-11,6,-6,1,4,2,8,6,17
2019-08-10,N1,Groningen,Twente,0,1,3,9,7,4,4,1012.87618142033,913.386989280665,0,0,0,3,1,0,4,6,7,5,11,6,26,15,-2,2,2,-2,0,0,3,1,4,4,7,9
2019-08-10,N1,Ajax,FC Emmen,2,5,0,32,5,12,0,1527.53402524178,952.782073304788,3,1,0,0,11,1,0,0,13,6,26,17,54,25,5,-5,27,-27,12,-12,0,5,0,12,5,32
2019-08-10,N1,Willem II,Vitesse,0,0,2,7,17,1,10,1010.62886824384,1108.15634864005,1,0,0,0,1,1,0,3,9,5,16,14,25,30,-2,2,-10,10,-9,9,2,0,10,1,17,7
2019-08-11,N1,For Sittard,Heracles,1,1,1,16,17,3,5,963.122392322539,908.934028559303,0,0,0,1,2,0,1,4,4,5,10,12,25,29,0,0,-1,1,-2,2,1,1,5,3,17,16
2019-08-11,N1,Heerenveen,Feyenoord,1,1,1,12,6,6,3,976.169345241322,1180.71924306026,0,0,1,0,0,1,5,2,5,5,9,14,22,28,0,0,6,-6,3,-3,1,1,3,6,6,12
2019-08-11,N1,Waalwijk,AZ Alkmaar,0,0,2,12,13,3,6,804.052141120736,1369.04432277334,1,0,0,0,1,2,0,1,4,13,7,25,18,46,-2,2,-1,1,-3,3,2,0,6,3,13,12
2019-08-11,N1,Utrecht,Zwolle,2,3,1,18,8,9,4,1147.11005254562,929.415881722938,0,0,0,2,2,0,1,2,9,3,19,12,38,21,2,-2,10,-10,5,-5,1,3,4,9,8,18
2019-08-11,N1,PSV Eindhoven,Den Haag,2,3,1,25,4,14,2,1288.91522355358,747.797822443506,1,0,0,1,9,0,0,1,9,6,19,7,39,12,2,-2,21,-21,12,-12,1,3,2,14,4,25
2019-08-16,N1,Vitesse,Zwolle,2,3,0,12,8,6,2,1140.01632150263,909.929449532956,0,0,0,3,1,0,2,3,5,3,14,12,30,21,3,-3,4,-4,4,-4,0,3,2,6,8,12
2019-08-17,N1,Den Haag,Sparta Rotterdam,0,1,2,16,10,3,3,744.070283655265,1152.50441889853,0,0,2,0,0,3,2,1,3,11,7,21,12,30,-1,1,6,-6,0,0,2,1,3,3,10,16
2019-08-17,N1,VVV Venlo,Ajax,0,1,4,7,20,4,9,768.446204773633,1532.75413829735,1,0,0,0,1,16,0,1,4,13,4,26,11,54,-3,3,-13,13,-5,5,4,1,9,4,20,7
2019-08-17,N1,FC Emmen,Heerenveen,2,2,0,12,19,7,4,947.561960249224,984.63318825599,0,1,1,0,0,1,1,0,6,5,16,10,25,22,2,-2,-7,7,3,-3,0,2,4,7,19,12
2019-08-18,N1,For Sittard,Willem II,0,2,3,16,9,7,5,960.646965551126,978.76889538126,0,2,0,0,3,2,2,0,2,9,8,13,26,25,-1,1,7,-7,2,-2,3,2,5,7,9,16
2019-08-18,N1,Twente,Waalwijk,1,3,3,15,14,7,9,969.470996864262,800.78542360552,0,0,0,2,3,0,1,13,8,4,9,7,18,17,0,0,1,-1,-2,2,3,3,9,7,14,15
2019-08-18,N1,AZ Alkmaar,Groningen,1,0,0,6,12,0,2,1372.31104028856,956.792173836731,8,1,0,0,8,1,0,0,13,7,25,10,46,23,0,0,-6,6,-2,2,0,0,2,0,12,6
2019-08-18,N1,Feyenoord,Utrecht,1,1,1,14,16,6,7,1172.25540004559,1166.5964847356,0,1,0,0,2,10,1,0,6,9,14,19,26,41,0,0,-2,2,-1,1,1,1,7,6,16,14
2019-08-18,N1,Heracles,PSV Eindhoven,0,0,2,21,10,3,5,911.409455330716,1292.64276234182,0,0,1,0,0,4,2,2,3,11,10,21,27,42,-2,2,11,-11,-2,2,2,0,5,3,10,21
2019-08-24,N1,Willem II,FC Emmen,2,2,1,17,11,6,2,1009.1013159446,996.081489088131,0,0,1,1,0,0,1,1,12,9,15,18,27,28,1,-1,6,-6,4,-4,1,2,2,6,11,17
2019-08-24,N1,Heracles,Vitesse,1,1,1,16,16,4,6,902.61683714016,1162.92753387154,0,1,2,0,0,2,3,0,2,8,9,16,27,30,0,0,0,0,-2,2,1,1,6,4,16,16
2019-08-24,N1,Heerenveen,Twente,1,0,0,17,11,3,1,936.113659417083,962.260590703874,0,1,0,0,1,1,6,0,4,8,9,9,21,18,0,0,6,-6,2,-2,0,0,1,3,11,17
2019-08-25,N1,Waalwijk,Den Haag,0,0,3,13,7,3,5,807.995829765908,738.50384979086,0,0,1,2,0,0,1,2,4,0,5,7,17,12,-3,3,6,-6,-2,2,3,0,5,3,7,13
2019-08-25,N1,Utrecht,VVV Venlo,0,1,2,20,10,5,3,1166.85706437382,767.123060139265,1,0,0,9,3,0,0,9,9,3,17,4,39,10,-1,1,10,-10,2,-2,2,1,3,5,10,20
2019-08-25,N1,Zwolle,Sparta Rotterdam,1,2,2,17,22,8,7,887.018237164054,1158.07085276294,0,1,1,0,0,4,1,0,3,11,9,23,21,33,0,0,-5,5,1,-1,2,2,7,8,22,17
2019-08-30,N1,FC Emmen,Zwolle,0,1,3,30,18,8,9,965.280098438451,897.462941512157,1,0,0,4,1,0,0,4,6,4,15,10,27,19,-2,2,12,-12,-1,1,3,1,9,8,18,30
2019-08-31,N1,Heerenveen,For Sittard,1,1,1,27,8,11,3,937.315502037384,930.314544987782,0,0,0,3,2,0,7,3,5,2,10,8,22,23,0,0,19,-19,8,-8,1,1,3,11,8,27
2019-08-31,N1,Groningen,Heracles,0,1,2,12,10,2,4,970.11086175797,912.771909004438,0,0,1,0,0,1,5,5,5,2,11,10,23,25,-1,1,2,-2,-2,2,2,1,4,2,10,12
2019-08-31,N1,Den Haag,VVV Venlo,2,1,0,12,9,4,2,803.799369287528,825.296774365251,0,1,3,0,0,1,3,0,3,6,10,7,14,10,1,-1,3,-3,2,-2,0,1,2,4,9,12
2019-09-01,N1,Twente,Utrecht,2,3,1,10,13,4,3,961.058748083573,1108.68335014783,0,0,0,0,4,11,2,1,9,8,10,17,19,36,2,-2,-3,3,1,-1,1,3,3,4,13,10
2019-09-01,N1,Sparta Rotterdam,Ajax,0,1,4,12,15,3,6,1147.62614841483,1534.07728293171,1,1,0,0,6,17,0,0,11,13,21,26,34,54,-3,3,-3,3,-3,3,4,1,6,3,15,12
2019-09-01,N1,Vitesse,AZ Alkmaar,2,2,1,10,13,4,3,1152.77246200726,1358.99235236732,1,1,0,0,2,3,0,0,8,11,14,23,28,44,1,-1,-3,3,1,-1,1,2,3,4,13,10
2019-09-01,N1,Willem II,Feyenoord,0,0,1,10,8,2,3,1039.90270659428,1171.99482040737,1,0,0,0,1,2,0,3,12,7,18,14,30,27,-1,1,2,-2,-1,1,1,0,3,2,8,10
2019-09-01,N1,Waalwijk,PSV Eindhoven,0,1,3,8,16,2,7,742.700310269241,1301.43538053238,0,1,2,0,0,5,2,0,1,11,5,24,17,42,-2,2,-8,8,-5,5,3,1,7,2,16,8
2019-09-14,N1,Ajax,Heerenveen,2,4,1,29,10,12,4,1544.71790139809,936.993139679831,4,0,0,1,12,0,0,1,13,6,26,8,54,20,3,-3,19,-19,8,-8,1,4,4,12,10,29
2019-09-14,N1,AZ Alkmaar,Sparta Rotterdam,2,5,1,14,11,7,4,1309.95417743355,1136.98552994846,0,0,0,0,9,5,1,1,10,8,20,21,41,33,4,-4,3,-3,3,-3,1,5,4,7,11,14
2019-09-14,N1,VVV Venlo,Groningen,2,2,1,5,17,4,6,791.319313082745,932.877178684105,0,0,1,0,0,2,1,1,6,4,7,8,7,23,1,-1,-12,12,-2,2,1,2,6,4,17,5
2019-09-14,N1,PSV Eindhoven,Vitesse,2,5,0,19,14,12,2,1304.81728684436,1201.81063694103,2,0,0,0,10,3,0,1,11,11,24,16,42,31,5,-5,5,-5,10,-10,0,5,2,12,14,19
2019-09-14,N1,Utrecht,FC Emmen,2,3,1,23,8,7,3,1047.23670051489,912.968850603111,0,0,1,2,0,0,1,2,7,3,16,12,33,27,2,-2,15,-15,4,-4,1,3,3,7,8,23
2019-09-15,N1,Zwolle,Waalwijk,2,6,2,14,11,6,5,949.774189347496,739.318403957257,0,0,0,0,1,1,2,14,4,1,10,5,21,17,4,-4,3,-3,1,-1,2,6,5,6,11,14
2019-09-15,N1,Feyenoord,Den Haag,2,3,2,15,7,9,3,1192.38285540348,837.776830570035,0,1,0,0,3,1,2,0,9,6,14,12,30,17,1,-1,8,-8,6,-6,2,3,3,9,7,15
2019-09-15,N1,Heracles,Willem II,2,4,1,12,7,6,4,950.005592078303,1019.51467159818,0,3,0,0,1,3,4,0,5,9,10,18,27,30,3,-3,5,-5,2,-2,1,4,4,6,7,12
2019-09-15,N1,For Sittard,Twente,0,2,3,25,9,10,5,930.636907345335,1022.50539771652,0,0,1,0,0,2,3,1,2,9,9,13,24,21,-1,1,16,-16,5,-5,3,2,5,10,9,25
2019-09-20,N1,Twente,Heracles,0,2,3,9,7,2,5,1046.23583316598,1015.30369083213,1,1,0,0,5,2,0,0,11,8,16,13,23,27,-1,1,2,-2,-3,3,3,2,5,2,7,9
2019-09-21,N1,Sparta Rotterdam,Waalwijk,2,4,0,19,15,8,4,1102.18102080763,709.719411585625,0,0,1,1,0,0,1,15,7,1,18,5,32,16,4,-4,4,-4,4,-4,0,4,4,8,15,19
2019-09-21,N1,Groningen,Zwolle,2,2,0,18,5,7,1,888.515780410624,979.373181719129,0,1,2,0,0,1,6,0,4,7,8,10,20,23,2,-2,13,-13,6,-6,0,2,1,7,5,18
2019-09-21,N1,Willem II,VVV Venlo,2,1,0,20,8,6,1,954.216572844347,835.680711356227,0,0,1,1,0,0,1,1,6,6,15,10,27,10,1,-1,12,-12,5,-5,0,1,1,6,8,20
2019-09-21,N1,Vitesse,For Sittard,2,4,2,20,12,9,4,1149.14149497713,906.906471895871,2,0,0,0,3,1,0,4,10,2,15,9,30,21,2,-2,8,-8,5,-5,2,4,4,9,12,20
2019-09-22,N1,Heerenveen,Utrecht,1,1,1,22,9,4,4,933.791114349773,1074.94159384028,0,0,0,1,3,0,8,2,3,7,8,16,19,35,0,0,13,-13,0,0,1,1,4,4,9,22
2019-09-22,N1,FC Emmen,Feyenoord,1,3,3,10,20,5,7,885.263957277723,1199.73881240128,0,1,1,0,0,3,1,0,3,9,9,14,27,33,0,0,-10,10,-2,2,3,3,7,5,20,10
2019-09-22,N1,Den Haag,AZ Alkmaar,0,0,1,8,11,1,3,830.420873572231,1344.75868657437,1,0,0,1,1,0,0,1,6,10,12,20,16,44,-1,1,-3,3,-2,2,1,0,3,1,11,8
2019-09-22,N1,PSV Eindhoven,Ajax,1,1,1,16,20,3,6,1357.48642880826,1547.91992672815,3,2,0,0,11,18,0,0,13,13,24,28,42,54,0,0,-4,4,-3,3,1,1,6,3,20,16
2019-09-25,N1,PSV Eindhoven,Groningen,2,3,1,10,6,4,1,1365.47208652006,943.588056959575,0,0,0,1,12,0,1,2,13,4,22,11,43,23,2,-2,4,-4,3,-3,1,3,1,4,6,10
2019-09-25,N1,Ajax,For Sittard,2,5,0,25,4,13,0,1539.93426901635,889.47714198512,5,0,0,1,13,0,0,5,13,2,26,6,52,18,5,-5,21,-21,13,-13,0,5,0,13,4,25
2019-09-26,N1,Feyenoord,AZ Alkmaar,0,0,3,12,11,5,6,1188.2382162071,1347.90941417241,1,1,0,0,4,1,0,0,9,10,14,23,31,47,-3,3,1,-1,-1,1,3,0,6,5,11,12
2019-09-27,N1,FC Emmen,Den Haag,2,3,0,16,19,5,5,896.764553471902,827.270145974198,0,0,0,1,1,0,2,1,4,6,10,9,28,15,3,-3,-3,3,0,0,0,3,5,5,19,16
2019-09-28,N1,VVV Venlo,Heerenveen,0,0,3,9,10,2,4,814.193503806717,939.955844980204,1,0,0,2,1,0,0,2,6,3,10,8,10,17,-3,3,-1,1,-2,2,3,0,4,2,10,9
2019-09-28,N1,Ajax,Groningen,2,2,0,32,6,9,2,1543.35298752791,936.48131218612,6,0,0,2,14,0,0,3,13,4,26,11,52,20,2,-2,26,-26,7,-7,0,2,2,9,6,32
2019-09-28,N1,For Sittard,Sparta Rotterdam,1,0,0,13,14,2,2,886.058423473558,1114.37976892039,0,0,2,1,0,0,4,2,1,7,3,18,18,35,0,0,-1,1,0,0,0,0,2,2,14,13
2019-09-29,N1,Waalwijk,Vitesse,0,1,2,10,11,5,3,697.520663472867,1166.57082488788,0,0,3,1,0,0,3,2,1,10,5,15,15,33,-1,1,-1,1,2,-2,2,1,3,5,11,10
2019-09-29,N1,Utrecht,Willem II,2,2,0,11,9,6,3,1068.77686320985,975.703780393857,1,0,0,1,1,0,0,1,5,9,14,18,33,30,2,-2,2,-2,3,-3,0,2,3,6,9,11
2019-09-29,N1,Zwolle,PSV Eindhoven,0,0,4,14,25,4,15,924.300905170177,1372.57883129351,1,2,0,0,2,6,0,0,7,13,10,24,22,43,-4,4,-11,11,-11,11,4,0,15,4,25,14
2019-09-29,N1,AZ Alkmaar,Heracles,2,2,0,16,9,9,3,1379.00691698616,1050.14514297329,1,2,0,0,10,3,0,0,10,10,23,13,47,27,2,-2,7,-7,6,-6,0,2,3,9,9,16
2019-09-29,N1,Feyenoord,Twente,2,5,1,18,6,11,1,1157.14071339335,1011.39438102482,0,1,1,0,0,3,1,0,8,8,14,16,28,23,4,-4,12,-12,10,-10,1,5,1,11,6,18
2019-10-04,N1,Groningen,Waalwijk,2,3,0,11,8,5,3,933.893745477458,693.490632177688,1,0,0,2,1,0,0,16,3,0,8,4,19,12,3,-3,3,-3,2,-2,0,3,3,5,8,11
2019-10-05,N1,Heracles,FC Emmen,2,2,0,15,8,4,0,1038.66377763995,940.531857739067,1,0,0,3,2,0,0,3,10,4,12,13,27,31,2,-2,7,-7,4,-4,0,2,0,4,8,15
2019-10-05,N1,Sparta Rotterdam,Twente,2,2,1,14,15,9,5,1105.1562263975,972.46699821273,1,0,0,1,1,0,0,1,5,7,16,15,36,20,1,-1,-1,1,4,-4,1,2,5,9,15,14
2019-10-05,N1,Vitesse,Utrecht,2,2,1,13,16,4,6,1170.60085618306,1101.15884883052,3,0,0,0,4,1,0,3,10,7,18,16,36,33,1,-1,-3,3,-2,2,1,2,6,4,16,13
2019-10-05,N1,Heerenveen,Zwolle,2,1,0,18,9,5,2,975.567658223653,915.218335822175,0,0,0,1,4,0,9,1,6,7,10,10,20,22,1,-1,9,-9,3,-3,0,1,2,5,9,18
2019-10-06,N1,Den Haag,Ajax,0,0,2,9,17,1,7,783.502841707033,1545.94055423657,0,0,1,0,0,19,1,1,6,13,6,26,15,52,-2,2,-8,8,-6,6,2,0,7,1,17,9
2019-10-06,N1,For Sittard,Feyenoord,2,4,2,11,20,8,6,895.281965996449,1196.06809620544,0,0,0,0,1,4,5,1,2,10,4,17,16,30,2,-2,-9,9,2,-2,2,4,6,8,20,11
2019-10-06,N1,PSV Eindhoven,VVV Venlo,2,4,1,20,10,6,3,1381.66140064151,778.581690563268,1,0,0,2,13,0,0,2,13,6,24,9,45,10,3,-3,10,-10,3,-3,1,4,3,6,10,20
2019-10-06,N1,Willem II,AZ Alkmaar,1,1,1,16,18,4,7,943.321794773179,1390.4882823195,1,2,0,0,1,2,0,0,6,12,18,23,30,47,0,0,-2,2,-3,3,1,1,7,4,18,16
2019-10-19,N1,AZ Alkmaar,Heerenveen,0,2,4,17,12,8,8,1376.75465668932,1002.06451515034,2,1,0,0,11,1,0,0,13,8,23,13,45,22,-2,2,5,-5,0,0,4,2,8,8,12,17
2019-10-19,N1,Waalwijk,Ajax,0,1,2,14,19,5,7,671.635685357197,1547.01608462812,0,1,4,0,0,20,4,0,0,13,1,26,9,54,-1,1,-5,5,-2,2,2,1,7,5,19,14
2019-10-19,N1,Twente,Willem II,0,0,1,11,11,3,4,952.126687903033,957.055420403366,0,0,1,2,0,0,1,2,6,4,15,16,19,30,-1,1,0,0,-1,1,1,0,4,3,11,11
2019-10-19,N1,Utrecht,PSV Eindhoven,2,3,0,17,6,4,1,1075.47086607084,1384.94758550708,2,3,0,0,2,7,0,0,7,13,15,24,33,45,3,-3,11,-11,3,-3,0,3,1,4,6,17
2019-10-19,N1,VVV Venlo,Vitesse,0,0,4,15,15,4,7,775.295505697707,1196.28883894274,0,1,1,0,0,1,1,0,3,12,9,20,10,39,-4,4,0,0,-3,3,4,0,7,4,15,15
2019-10-20,N1,Zwolle,Den Haag,2,3,1,13,14,4,1,888.721478895491,782.42731131549,0,0,1,2,0,0,1,2,6,3,10,6,22,14,2,-2,-1,1,3,-3,1,3,1,4,14,13
2019-10-20,N1,FC Emmen,For Sittard,2,2,1,14,17,3,8,908.742441197894,969.804795912117,1,0,0,2,2,0,0,6,4,4,10,6,28,16,1,-1,-3,3,-5,5,1,2,8,3,17,14
2019-10-20,N1,Groningen,Sparta Rotterdam,2,2,0,15,10,4,4,955.748692297948,1125.4965367072,2,0,0,0,2,1,0,3,6,7,10,18,21,39,2,-2,5,-5,0,0,0,2,4,4,10,15
2019-10-20,N1,Feyenoord,Heracles,1,1,1,17,7,6,2,1121.54526628977,1070.45319418113,1,0,0,1,1,0,0,1,7,12,16,14,29,30,0,0,10,-10,4,-4,1,1,2,6,7,17
2019-10-25,N1,Twente,FC Emmen,2,4,1,17,10,8,3,920.580610493087,946.309292143626,0,0,2,4,0,0,2,4,3,7,12,10,18,28,3,-3,7,-7,5,-5,1,4,3,8,10,17
2019-10-26,N1,Willem II,Waalwijk,2,2,1,19,10,5,1,988.601497813312,671.223659953207,0,0,0,3,2,0,1,17,7,0,16,1,30,8,1,-1,9,-9,4,-4,1,2,1,5,10,19
2019-10-26,N1,For Sittard,VVV Venlo,2,4,1,10,17,5,6,932.237944966385,764.794013243693,1,0,0,3,2,0,0,3,4,3,6,9,16,10,3,-3,-7,7,-1,1,1,4,6,5,17,10
2019-10-26,N1,Vitesse,Den Haag,0,0,2,27,7,6,4,1206.79033139676,751.583930464601,4,0,0,3,5,0,0,3,12,0,23,6,39,13,-2,2,20,-20,2,-2,2,0,4,6,7,27
2019-10-26,N1,Heracles,Zwolle,2,4,0,22,17,12,6,1072.78925607724,919.564859746379,2,0,0,2,3,0,0,2,10,6,15,10,30,22,4,-4,5,-5,6,-6,0,4,6,12,17,22
2019-10-27,N1,Heerenveen,Groningen,1,1,1,14,8,4,3,1080.68463320549,1019.47747603123,1,0,0,3,5,0,0,4,10,9,16,13,25,21,0,0,6,-6,1,-1,1,1,3,4,8,14
2019-10-27,N1,PSV Eindhoven,AZ Alkmaar,0,0,4,6,16,0,6,1291.60248419069,1298.13453863416,2,0,0,0,14,3,0,1,10,10,23,20,44,42,-4,4,-10,10,-6,6,4,0,6,0,16,6
2019-10-27,N1,Sparta Rotterdam,Utrecht,0,1,2,15,10,1,3,1061.76775297392,1168.81596738722,2,0,0,1,2,0,0,4,7,10,15,17,38,33,-1,1,5,-5,-2,2,2,1,3,1,10,15
2019-10-27,N1,Ajax,Feyenoord,2,4,0,19,4,12,0,1547.42811003211,1119.20920439366,7,0,0,1,15,0,0,2,13,5,26,14,54,30,4,-4,15,-15,12,-12,0,4,0,12,4,19
2019-11-01,N1,Zwolle,Ajax,0,2,4,11,20,5,7,881.797467821413,1557.535285095,1,2,0,0,1,21,0,0,3,15,10,28,22,54,-2,2,-9,9,-2,2,4,2,7,5,20,11
2019-11-02,N1,Waalwijk,Heracles,2,2,0,21,12,8,5,662.353311987225,1110.5566480022,0,0,5,0,0,1,5,2,0,10,1,18,8,30,2,-2,9,-9,3,-3,0,2,5,8,12,21
2019-11-02,N1,Sparta Rotterdam,PSV Eindhoven,1,2,2,10,24,7,7,1039.32667421722,1228.3121155639,0,0,1,1,0,0,1,1,7,9,14,22,35,41,0,0,-14,14,0,0,2,2,7,7,24,10
2019-11-02,N1,AZ Alkmaar,Twente,2,3,0,33,3,11,2,1361.42490726096,979.143073484776,0,0,1,2,0,0,1,2,10,3,20,14,45,20,3,-3,30,-30,9,-9,0,3,2,11,3,33
2019-11-03,N1,FC Emmen,Vitesse,2,2,1,21,13,7,3,887.746829151937,1125.02555163055,2,2,0,0,3,2,0,0,7,12,10,22,27,36,1,-1,8,-8,4,-4,1,2,3,7,13,21
2019-11-03,N1,Groningen,Willem II,2,2,0,16,5,10,0,1022.26736762547,997.471845779294,3,1,0,0,3,1,0,0,7,10,11,16,22,32,2,-2,11,-11,10,-10,0,2,0,10,5,16
2019-11-03,N1,Utrecht,For Sittard,2,6,0,15,2,8,1,1191.25704614391,962.350409190634,3,0,0,3,3,0,0,7,10,7,17,9,36,19,6,-6,13,-13,7,-7,0,6,1,8,2,15
2019-11-03,N1,VVV Venlo,Feyenoord,0,0,3,10,12,0,6,734.681549019444,1109.10202933076,0,0,2,2,0,0,2,3,0,4,6,13,10,27,-3,3,-2,2,-6,6,3,0,6,0,12,10
2019-11-03,N1,Den Haag,Heerenveen,1,1,1,7,17,2,4,833.348710230809,1077.89474161125,0,2,2,0,0,2,2,0,3,11,9,14,16,23,0,0,-10,10,-2,2,1,1,4,2,17,7
2019-11-08,N1,Vitesse,Groningen,0,1,2,31,13,8,6,1074.0358120027,1063.00029130205,0,0,1,0,0,1,1,5,9,10,19,14,33,24,-1,1,18,-18,2,-2,2,1,6,8,13,31
2019-11-09,N1,Heerenveen,Sparta Rotterdam,2,2,1,17,13,4,3,1068.18574650649,1047.26215401523,0,0,0,1,6,0,1,4,11,5,14,12,24,33,1,-1,4,-4,1,-1,1,2,3,4,13,17
2019-11-09,N1,For Sittard,Den Haag,2,1,0,15,13,8,6,927.253882302888,843.057705335568,2,1,0,0,3,1,0,0,7,4,8,10,16,17,1,-1,2,-2,2,-2,0,1,6,8,13,15
2019-11-09,N1,Heracles,VVV Venlo,2,6,1,24,9,12,3,1029.01940853497,723.357136026948,3,0,0,4,4,0,0,4,7,0,17,6,27,10,5,-5,15,-15,9,-9,1,6,3,12,9,24
2019-11-10,N1,Ajax,Utrecht,2,4,0,22,4,15,0,1559.29296392442,1226.35357303166,8,1,0,0,16,1,0,0,15,12,28,17,54,36,4,-4,18,-18,15,-15,0,4,0,15,4,22
2019-11-10,N1,Twente,Zwolle,2,2,1,10,12,6,4,968.269755043501,880.039788991992,1,0,0,3,1,0,0,3,3,3,11,10,20,22,1,-1,-2,2,2,-2,1,2,4,6,12,10
2019-11-10,N1,Willem II,PSV Eindhoven,2,2,1,13,14,5,6,956.738922102714,1220.37663576589,1,0,0,0,3,1,0,2,7,7,16,20,29,41,1,-1,-1,1,-1,1,1,2,6,5,14,13
2019-11-10,N1,Feyenoord,Waalwijk,2,3,2,24,10,9,4,1120.42644232326,743.890551454461,0,0,0,4,2,0,1,18,7,3,15,4,29,11,1,-1,14,-14,5,-5,2,3,4,9,10,24
2019-11-10,N1,AZ Alkmaar,FC Emmen,2,3,0,20,8,11,2,1372.29822570223,938.736568779783,1,0,0,5,1,0,0,5,10,9,20,13,45,29,3,-3,12,-12,9,-9,0,3,2,11,8,20
2019-11-23,N1,Utrecht,AZ Alkmaar,0,0,3,17,9,1,7,1209.80903290606,1380.60387193944,4,1,0,0,4,4,0,0,9,10,16,22,33,45,-3,3,8,-8,-6,6,3,0,7,1,9,17
2019-11-23,N1,Ajax,Heracles,2,4,1,25,10,10,7,1575.83750405002,1050.74785065716,9,0,0,1,17,0,0,3,15,10,28,20,54,29,3,-3,15,-15,3,-3,1,4,7,10,10,25
2019-11-23,N1,Zwolle,For Sittard,2,3,1,16,15,7,6,855.995776202208,951.647448542575,0,0,1,4,0,0,1,8,3,9,10,11,19,19,2,-2,1,-1,1,-1,1,3,6,7,15,16
2019-11-23,N1,Den Haag,Willem II,1,3,3,20,20,9,10,818.66413909588,1009.23094421039,0,0,0,1,1,0,3,1,4,10,10,16,17,31,0,0,0,0,-1,1,3,3,10,9,20,20
2019-11-24,N1,Groningen,Feyenoord,1,1,1,16,12,1,6,1096.01635864863,1126.99961574511,4,1,0,0,4,1,0,0,13,7,16,17,27,31,0,0,4,-4,-5,5,1,1,6,1,12,16
2019-11-24,N1,PSV Eindhoven,Heerenveen,2,2,1,18,14,9,5,1167.88461365821,1098.26093882335,0,0,1,0,0,3,1,1,4,11,17,17,41,26,1,-1,4,-4,4,-4,1,2,5,9,14,18
2019-11-24,N1,Waalwijk,FC Emmen,1,1,1,19,9,4,3,737.317378032613,930.430922542571,1,0,0,6,1,0,0,6,3,6,3,10,8,28,0,0,10,-10,1,-1,1,1,3,4,9,19
2019-11-24,N1,Sparta Rotterdam,Vitesse,2,2,0,15,13,5,6,1017.18696169837,1041.01974465612,0,0,0,1,1,0,2,1,4,6,9,16,32,32,2,-2,2,-2,-1,1,0,2,6,5,13,15
2019-11-24,N1,VVV Venlo,Twente,2,2,1,12,15,7,5,701.628693904761,992.313767833284,0,0,3,3,0,0,3,3,0,6,6,13,10,22,1,-1,-3,3,2,-2,1,2,5,7,15,12
2019-11-29,N1,Heerenveen,Vitesse,2,3,2,17,19,8,9,1072.58903558483,994.158367775899,1,0,0,2,7,0,0,2,8,3,16,15,26,29,1,-1,-2,2,-1,1,2,3,9,8,19,17
2019-11-30,N1,Willem II,Sparta Rotterdam,2,4,0,12,10,7,3,1001.24067761599,1064.04833857859,2,0,0,2,4,0,0,5,10,4,14,11,32,32,4,-4,2,-2,4,-4,0,4,3,7,10,12
2019-11-30,N1,For Sittard,Groningen,2,1,0,10,11,4,2,896.011575057078,1097.43942005072,3,1,0,0,4,2,0,0,6,11,10,17,19,25,1,-1,-1,1,2,-2,0,1,2,4,11,10
2019-11-30,N1,Heracles,Den Haag,2,4,0,12,7,4,2,1045.68593919615,826.65440569028,4,0,0,1,5,0,0,1,7,5,19,8,29,18,4,-4,5,-5,2,-2,0,4,2,4,7,12
2019-12-01,N1,Twente,Ajax,0,2,5,9,18,3,10,938.424637068057,1580.89941551102,2,3,0,0,2,22,0,0,6,15,12,28,22,54,-3,3,-9,9,-7,7,5,2,10,3,18,9
2019-12-01,N1,Utrecht,Waalwijk,0,0,1,13,11,4,3,1180.11522467182,745.395354551747,0,0,1,5,0,0,1,19,9,4,16,4,33,9,-1,1,2,-2,1,-1,1,0,3,4,11,13
2019-12-01,N1,AZ Alkmaar,VVV Venlo,2,1,0,25,4,8,1,1410.29768017369,755.517824669988,2,0,0,5,2,0,0,5,12,3,25,6,45,13,1,-1,21,-21,7,-7,0,1,1,8,4,25
2019-12-01,N1,Feyenoord,Zwolle,2,1,0,20,20,7,8,1125.57655434302,911.631649687705,1,0,0,4,3,0,0,4,8,6,15,12,29,22,1,-1,0,0,-1,1,0,1,8,7,20,20
2019-12-01,N1,FC Emmen,PSV Eindhoven,1,1,1,12,13,2,4,922.352946023437,1193.55651689673,3,0,0,1,4,0,0,3,7,4,11,17,26,41,0,0,-1,1,-2,2,1,1,4,2,13,12
2019-12-06,N1,Ajax,Willem II,0,0,2,29,9,6,4,1583.53494316012,1077.2787420441,10,0,0,0,18,1,0,2,15,10,28,17,56,35,-2,2,20,-20,2,-2,2,0,4,6,9,29
2019-12-07,N1,Den Haag,Twente,1,0,0,9,8,3,2,798.166280945508,935.789109418962,0,0,0,4,2,0,4,4,5,6,5,9,17,22,0,0,1,-1,1,-1,0,0,2,3,8,9
2019-12-07,N1,PSV Eindhoven,For Sittard,2,5,0,28,4,10,0,1183.10782435059,944.731191705058,1,0,0,5,1,0,0,9,5,9,15,13,39,22,5,-5,24,-24,10,-10,0,5,0,10,4,28
2019-12-07,N1,VVV Venlo,FC Emmen,2,2,0,19,12,6,3,754.074629977545,932.80163856958,1,0,0,0,1,1,0,7,3,5,6,12,13,24,2,-2,7,-7,3,-3,0,2,3,6,12,19
2019-12-07,N1,Zwolle,AZ Alkmaar,0,0,3,15,14,7,8,897.173571012987,1411.74087486613,1,2,0,0,1,5,0,0,3,15,9,25,19,45,-3,3,1,-1,-1,1,3,0,8,7,14,15
2019-12-08,N1,Vitesse,Feyenoord,1,0,0,15,21,3,4,969.261844511572,1140.03463301774,0,0,2,0,0,2,2,1,0,10,12,15,28,29,0,0,-6,6,-1,1,0,0,4,3,21,15
2019-12-08,N1,Groningen,Utrecht,0,0,1,19,10,3,4,1048.71980340274,1120.9591730265,0,0,0,1,5,0,1,1,8,6,17,16,25,32,-1,1,9,-9,-1,1,1,0,4,3,10,19
2019-12-08,N1,Waalwijk,Heerenveen,0,1,3,14,21,4,10,804.551406197074,1097.48555884916,0,0,0,1,2,0,1,2,7,8,7,18,12,26,-2,2,-7,7,-6,6,3,1,10,4,21,14
2019-12-08,N1,Sparta Rotterdam,Heracles,1,0,0,10,12,3,2,988.010274150485,1074.17406394093,1,0,0,2,2,0,0,4,4,9,11,19,32,29,0,0,-2,2,1,-1,0,0,2,3,12,10
2019-12-13,N1,Heerenveen,Willem II,0,1,2,21,4,9,2,1111.19261899832,1160.48069064148,2,1,0,0,8,2,0,0,10,10,21,20,29,35,-1,1,17,-17,7,-7,2,1,2,9,4,21
2019-12-14,N1,Den Haag,Groningen,1,1,1,10,11,2,4,804.192135516229,1023.27904480205,0,0,0,1,3,0,5,1,3,7,6,14,18,25,0,0,-1,1,-2,2,1,1,4,2,11,10
2019-12-14,N1,For Sittard,Waalwijk,2,3,2,21,11,13,3,914.803304269022,790.844346047919,4,1,0,0,5,1,0,0,6,7,13,7,19,12,1,-1,10,-10,10,-10,2,3,3,13,11,21
2019-12-14,N1,VVV Venlo,Zwolle,0,1,2,12,22,7,8,818.693571136826,891.811117024168,2,0,0,5,2,0,0,5,6,3,6,6,16,16,-1,1,-10,10,-1,1,2,1,8,7,22,12
2019-12-14,N1,Twente,Vitesse,0,0,3,11,14,2,8,929.763254848241,976.548642187824,0,0,1,3,0,0,1,3,4,1,7,13,23,28,-3,3,-3,3,-6,6,3,0,8,2,14,11
2019-12-15,N1,FC Emmen,Sparta Rotterdam,2,2,0,20,11,8,2,868.182697410299,991.898867371089,0,0,0,3,5,0,1,6,5,5,12,12,21,30,2,-2,9,-9,6,-6,0,2,2,8,11,20
2019-12-15,N1,Feyenoord,PSV Eindhoven,2,3,1,10,20,6,8,1132.74783534149,1213.03571178663,2,0,0,0,4,1,0,4,11,8,15,17,29,39,2,-2,-10,10,-2,2,1,3,8,6,20,10
2019-12-15,N1,AZ Alkmaar,Ajax,2,1,0,15,11,2,3,1417.10332885495,1500.33299456273,3,4,0,0,3,23,0,0,15,12,25,27,48,53,1,-1,4,-4,-1,1,0,1,3,2,11,15
2019-12-15,N1,Heracles,Utrecht,0,1,3,13,16,4,7,1070.28547072032,1146.39993162719,5,1,0,0,6,1,0,0,7,6,17,16,30,32,-2,2,-3,3,-3,3,3,1,7,4,16,13
2019-12-20,N1,Waalwijk,Twente,2,3,0,16,11,7,4,769.800406376735,882.530773903495,0,0,1,0,0,1,2,5,4,4,7,7,12,23,3,-3,5,-5,3,-3,0,3,4,7,11,16
2019-12-21,N1,Heerenveen,Heracles,1,1,1,14,8,6,2,1083.70200823947,1035.88514614942,0,0,1,0,0,1,1,5,9,7,20,14,28,27,0,0,6,-6,4,-4,1,1,2,6,8,14
2019-12-21,N1,PSV Eindhoven,Zwolle,2,4,1,22,12,10,6,1159.21979858461,917.174431213492,2,1,0,0,2,1,0,0,7,6,14,9,38,19,3,-3,10,-10,4,-4,1,4,6,10,12,22
2019-12-21,N1,Sparta Rotterdam,AZ Alkmaar,2,3,0,11,10,5,2,933.052476311539,1456.62571801274,0,3,0,0,3,6,1,0,4,15,9,25,27,48,3,-3,1,-1,3,-3,0,3,2,5,10,11
2019-12-21,N1,Willem II,For Sittard,1,0,0,6,10,3,1,1187.97130140032,935.847243940207,3,0,0,6,5,0,0,10,13,9,20,16,38,19,0,0,-4,4,2,-2,0,0,1,3,10,6
2019-12-22,N1,Ajax,Den Haag,2,6,1,28,6,13,5,1460.81060540493,813.127389883211,0,0,1,2,0,0,1,2,9,3,24,7,50,16,5,-5,22,-22,8,-8,1,6,5,13,6,28
2019-12-22,N1,Groningen,FC Emmen,2,2,0,19,13,4,6,1014.34379043507,927.029088469849,0,0,1,1,0,0,2,8,5,5,15,14,26,24,2,-2,6,-6,-2,2,0,2,6,4,13,19
2019-12-22,N1,Utrecht,Feyenoord,0,1,2,15,13,3,7,1180.80025619809,1186.5637485435,0,0,2,0,0,3,2,2,6,11,18,18,32,32,-1,1,2,-2,-4,4,2,1,7,3,13,15
2019-12-22,N1,Vitesse,VVV Venlo,2,3,0,16,4,6,2,1023.78112313257,793.330256947502,0,0,0,6,1,0,3,6,4,6,13,6,28,16,3,-3,12,-12,4,-4,0,3,2,6,4,16
2020-01-17,N1,Zwolle,Utrecht,1,3,3,13,16,7,6,895.484222304435,1149.33104477317,0,2,1,0,0,2,1,0,6,6,9,15,19,31,0,0,-3,3,1,-1,3,3,6,7,16,13
2020-01-18,N1,For Sittard,Vitesse,0,1,3,10,19,2,9,945.773803846596,1046.65443705596,5,1,0,0,6,1,0,0,7,7,16,13,20,31,-2,2,-9,9,-7,7,3,1,9,2,19,10
2020-01-18,N1,Feyenoord,Heerenveen,2,3,1,15,14,9,5,1218.03295996842,1081.51375916133,3,1,0,0,5,1,0,0,11,7,18,18,35,28,2,-2,1,-1,4,-4,1,3,5,9,14,15
2020-01-18,N1,Twente,Groningen,1,0,0,9,10,3,4,810.901464234044,1047.40579069226,0,0,2,0,0,1,2,2,1,5,7,18,22,26,0,0,-1,1,-1,1,0,0,4,3,10,9
2020-01-18,N1,AZ Alkmaar,Willem II,0,1,3,16,14,3,7,1352.66674224168,1178.04474149394,4,2,0,0,4,3,0,0,12,11,22,21,45,39,-2,2,2,-2,-4,4,3,1,7,3,14,16
2020-01-19,N1,VVV Venlo,PSV Eindhoven,1,1,1,12,14,3,5,770.456943024111,1180.91000749367,0,0,1,1,0,0,1,5,6,10,6,14,15,38,0,0,-2,2,-2,2,1,1,5,3,14,12
2020-01-19,N1,Ajax,Sparta Rotterdam,2,2,1,23,19,8,7,1464.28306050241,1037.01145208261,1,0,0,4,1,0,0,7,9,7,24,11,50,27,1,-1,4,-4,1,-1,1,2,7,8,19,23
2020-01-19,N1,FC Emmen,Heracles,2,1,0,13,8,6,1,893.967088212658,1038.07339522757,1,0,0,0,6,2,0,6,5,5,11,15,24,27,1,-1,5,-5,5,-5,0,1,1,6,8,13
2020-01-19,N1,Den Haag,Waalwijk,2,2,0,6,6,3,2,809.654934785733,841.429716046185,0,0,0,1,4,0,6,1,3,7,7,10,13,14,2,-2,0,0,1,-1,0,2,2,3,6,6
2020-01-24,N1,Utrecht,Den Haag,2,4,0,14,4,4,2,1139.35583587035,857.512413352127,0,0,3,3,0,0,3,3,7,5,16,10,31,16,4,-4,10,-10,2,-2,0,4,2,4,4,14
2020-01-25,N1,Heerenveen,AZ Alkmaar,0,1,2,10,17,2,7,1054.0539217269,1288.45210908569,0,0,0,1,1,0,2,1,7,9,15,21,28,44,-1,1,-7,7,-5,5,2,1,7,2,17,10
2020-01-25,N1,Heracles,Feyenoord,0,2,3,13,14,7,6,993.512870215045,1245.49279740284,0,1,1,0,0,4,1,0,5,13,12,21,26,37,-1,1,-1,1,1,-1,3,2,6,7,14,13
2020-01-25,N1,Waalwijk,VVV Venlo,0,1,2,12,13,4,6,793.572237479791,783.703117589978,1,0,0,7,1,0,0,7,6,4,10,7,11,16,-1,1,-1,1,-2,2,2,1,6,4,13,12
2020-01-25,N1,Sparta Rotterdam,For Sittard,1,1,1,21,12,5,3,1031.97200887695,914.304388470719,1,0,0,0,4,1,0,11,4,7,8,13,26,19,0,0,9,-9,2,-2,1,1,3,5,12,21
2020-01-26,N1,Vitesse,FC Emmen,1,1,1,19,11,5,3,1078.12385243184,938.527613225184,1,0,0,2,2,0,0,9,10,7,13,14,33,24,0,0,8,-8,2,-2,1,1,3,5,11,19
2020-01-26,N1,Groningen,Ajax,2,2,1,9,14,5,3,1037.93405493097,1469.32250370807,1,0,0,1,1,0,0,1,5,9,16,24,26,50,1,-1,-5,5,2,-2,1,2,3,5,14,9
2020-01-26,N1,Willem II,Zwolle,1,0,0,13,16,2,5,1242.25937464992,905.459431207253,0,0,0,1,6,0,1,1,13,4,23,10,39,20,0,0,-3,3,-3,3,0,0,5,2,16,13
2020-01-26,N1,PSV Eindhoven,Twente,1,1,1,17,11,7,3,1167.6638329278,820.37319999533,3,0,0,1,3,0,0,6,8,2,12,8,36,23,0,0,6,-6,4,-4,1,1,3,7,11,17
2020-01-31,N1,AZ Alkmaar,Waalwijk,2,4,0,20,11,7,2,1301.63509226863,760.663502346083,0,0,1,2,0,0,1,2,9,3,24,10,44,11,4,-4,9,-9,5,-5,0,4,2,7,11,20
2020-02-01,N1,Den Haag,Vitesse,1,0,0,12,15,6,1,836.243058042541,1072.0201764721,1,2,0,0,5,2,0,0,5,11,10,11,16,34,0,0,-3,3,5,-5,0,0,1,6,15,12
2020-02-01,N1,Feyenoord,FC Emmen,2,3,0,13,10,7,4,1257.64784496201,944.631289184924,4,0,0,0,6,1,0,10,13,7,23,12,37,22,3,-3,3,-3,3,-3,0,3,4,7,10,13
2020-02-01,N1,Twente,Sparta Rotterdam,2,2,0,8,11,3,3,832.555902139346,1026.75131045237,0,0,0,5,1,0,3,8,3,5,9,9,21,24,2,-2,-3,3,0,0,0,2,3,3,11,8
2020-02-01,N1,Zwolle,Groningen,2,1,0,6,15,3,3,917.434395947342,1097.00354225578,0,0,0,0,1,2,2,3,5,8,8,16,18,29,1,-1,-9,9,0,0,0,1,3,3,15,6
2020-02-02,N1,Willem II,Heracles,2,1,0,12,12,6,1,1230.28440990983,981.357822655875,0,0,0,1,7,0,2,7,11,2,21,11,37,26,1,-1,0,0,5,-5,0,1,1,6,12,12
2020-02-02,N1,For Sittard,Heerenveen,2,2,1,11,7,3,3,919.525086895293,1040.87093854395,0,0,1,1,0,0,1,1,5,4,14,12,20,28,1,-1,4,-4,0,0,1,2,3,3,7,11
2020-02-02,N1,VVV Venlo,Utrecht,1,1,1,9,13,4,3,816.611852723686,1160.62519117994,0,0,0,0,1,3,2,1,7,10,10,16,19,33,0,0,-4,4,1,-1,1,1,3,4,13,9
2020-02-02,N1,Ajax,PSV Eindhoven,2,1,0,28,7,7,1,1410.25301638327,1155.48113078379,2,0,0,0,2,1,0,6,6,8,21,13,47,36,1,-1,21,-21,6,-6,0,1,1,7,7,28
2020-02-07,N1,Heracles,For Sittard,2,2,0,13,13,7,5,969.028764304184,962.268139229398,0,0,2,0,0,2,2,12,1,8,8,14,26,23,2,-2,0,0,2,-2,0,2,5,7,13,13
2020-02-08,N1,Groningen,Vitesse,2,1,0,15,16,3,2,1049.7952659039,1062.57022074048,2,0,0,0,2,3,0,1,8,11,15,12,26,34,1,-1,-1,1,1,-1,0,1,2,3,16,15
2020-02-08,N1,Heerenveen,VVV Venlo,1,1,1,30,5,9,2,998.127886209849,828.730673031871,0,1,1,0,0,1,3,0,1,5,11,11,25,17,0,0,25,-25,7,-7,1,1,2,9,5,30
2020-02-08,N1,PSV Eindhoven,Willem II,2,3,0,20,11,5,1,1143.48354660717,1242.61346826152,0,3,0,0,4,4,1,0,5,11,13,21,35,37,3,-3,9,-9,4,-4,0,3,1,5,11,20
2020-02-08,N1,Waalwijk,Zwolle,1,0,0,12,8,1,1,755.176873217533,964.64267229922,0,0,1,0,0,1,1,2,3,8,10,11,11,21,0,0,4,-4,0,0,0,0,1,1,8,12
2020-02-11,N1,FC Emmen,Twente,2,2,0,15,5,5,2,929.185344716883,898.657666526392,2,0,0,0,7,1,0,7,7,5,12,9,22,23,2,-2,10,-10,3,-3,0,2,2,5,5,15
2020-02-11,N1,Sparta Rotterdam,Den Haag,2,4,2,21,7,8,4,960.649546065327,845.693013774153,0,0,0,4,5,0,1,4,4,5,9,8,23,17,2,-2,14,-14,4,-4,2,4,4,8,7,21
2020-02-14,N1,VVV Venlo,Heracles,2,1,0,11,11,1,6,835.967171726994,1012.03308028632,0,0,0,2,2,0,3,8,6,4,12,11,18,28,1,-1,0,0,-5,5,0,1,6,1,11,11
2020-02-15,N1,Twente,AZ Alkmaar,2,2,0,10,5,6,2,858.64374321247,1307.12172139719,1,1,0,0,2,1,0,0,5,9,9,24,20,44,2,-2,5,-5,4,-4,0,2,2,6,5,10
2020-02-15,N1,Den Haag,PSV Eindhoven,0,0,3,7,27,4,14,815.839292748512,1213.1651428758,0,0,0,1,6,0,1,7,4,8,7,15,17,35,-3,3,-20,20,-10,10,3,0,14,4,27,7
2020-02-15,N1,For Sittard,FC Emmen,1,0,0,10,7,2,0,919.263823247264,969.199268030805,1,0,0,1,1,0,0,11,5,7,14,12,22,25,0,0,3,-3,2,-2,0,0,0,2,7,10
2020-02-16,N1,Vitesse,Heerenveen,2,4,2,19,12,8,7,1029.39413388506,990.891387514726,0,0,0,2,3,0,1,2,8,2,12,11,31,25,2,-2,7,-7,1,-1,2,4,7,8,12,19
2020-02-16,N1,Ajax,Waalwijk,2,3,0,18,11,6,3,1422.25060055989,763.802530289891,3,0,0,3,3,0,0,3,9,4,21,8,49,12,3,-3,7,-7,3,-3,0,3,3,6,11,18
2020-02-16,N1,Sparta Rotterdam,Groningen,0,1,2,9,7,2,3,990.503267090968,1082.97135275932,1,0,0,1,6,0,0,4,7,10,11,15,23,29,-1,1,2,-2,-1,1,2,1,3,2,7,9
2020-02-16,N1,Willem II,Utrecht,1,1,1,11,18,5,9,1172.93187199289,1148.50637087175,1,0,0,0,8,4,0,2,8,8,21,14,37,31,0,0,-7,7,-4,4,1,1,9,5,18,11
2020-02-16,N1,Zwolle,Feyenoord,0,3,4,9,20,3,10,956.017015226862,1273.09378943005,1,2,0,0,2,5,0,0,6,15,12,26,22,39,-1,1,-11,11,-7,7,4,3,10,3,20,9
2020-02-21,N1,Waalwijk,Sparta Rotterdam,0,0,1,8,18,2,4,761.39341666883,966.82434531337,0,0,0,6,1,0,2,9,1,4,8,11,11,20,-1,1,-10,10,-2,2,1,0,4,2,18,8
2020-02-22,N1,FC Emmen,Willem II,2,4,2,14,12,7,4,966.915360498952,1171.80888557291,3,0,0,1,8,0,0,1,8,8,13,19,23,35,2,-2,2,-2,3,-3,2,4,4,7,12,14
2020-02-22,N1,Feyenoord,For Sittard,2,2,1,22,8,6,4,1281.97738788644,921.547730779118,5,0,0,1,7,0,0,13,15,5,26,12,41,23,1,-1,14,-14,2,-2,1,2,4,6,8,22
2020-02-22,N1,Heerenveen,Den Haag,1,2,2,38,4,9,1,951.874263273191,805.784830363675,0,0,0,5,1,0,4,5,1,4,8,7,25,17,0,0,34,-34,8,-8,2,2,1,9,4,38
2020-02-22,N1,Groningen,VVV Venlo,0,0,1,12,9,3,1,1106.65027453692,882.924473258909,3,0,0,0,3,2,0,1,10,9,15,15,31,21,-1,1,3,-3,2,-2,1,0,1,3,9,12
2020-02-23,N1,Utrecht,Twente,2,2,1,13,13,4,2,1149.62935729174,940.190055798901,1,0,0,1,1,0,0,8,6,8,12,9,29,22,1,-1,0,0,2,-2,1,2,2,4,13,13
2020-02-23,N1,AZ Alkmaar,Zwolle,2,2,0,17,9,9,1,1225.57540881075,947.133416770473,1,0,0,0,1,2,0,3,6,6,21,12,41,22,2,-2,8,-8,8,-8,0,2,1,9,9,17
2020-02-23,N1,Vitesse,PSV Eindhoven,0,1,2,15,10,4,3,1068.4112581266,1223.21960526064,1,1,0,0,4,1,0,0,8,8,15,18,31,35,-1,1,5,-5,1,-1,2,1,3,4,10,15
2020-02-23,N1,Heracles,Ajax,2,1,0,12,26,6,5,965.075778754402,1424.65971418095,1,0,0,2,1,0,0,2,3,12,8,21,28,49,1,-1,-14,14,1,-1,0,1,5,6,26,12
2020-02-28,N1,Willem II,Groningen,2,3,1,9,16,4,3,1104.71979556681,1056.48795024,0,1,0,0,9,1,1,0,5,9,18,14,32,31,2,-2,-7,7,1,-1,1,3,3,4,16,9
2020-02-29,N1,Den Haag,Heracles,1,0,0,9,12,4,3,812.142175089994,1024.83500478431,0,0,1,3,0,0,2,9,2,6,7,11,15,30,0,0,-3,3,1,-1,0,0,3,4,12,9
2020-02-29,N1,VVV Venlo,For Sittard,1,0,0,13,7,3,2,933.086797555832,914.407226833731,1,0,0,2,3,0,0,14,11,5,15,12,21,22,0,0,6,-6,1,-1,0,0,2,3,7,13
2020-02-29,N1,Zwolle,Vitesse,2,4,3,15,15,7,7,932.433665312415,1049.79539392481,0,0,1,1,0,0,1,2,5,5,9,15,21,30,1,-1,0,0,0,0,3,4,7,7,15,15
2020-02-29,N1,Twente,Heerenveen,0,2,3,14,20,8,11,925.439638648579,945.516918546872,2,0,0,3,3,0,0,3,7,2,9,9,21,25,-1,1,-6,6,-3,3,3,2,11,8,20,14
2020-03-01,N1,Waalwijk,Utrecht,2,2,1,14,12,5,2,746.379463107091,1164.37977444206,0,0,1,0,0,5,3,3,1,9,7,15,11,31,1,-1,2,-2,3,-3,1,2,2,5,12,14
2020-03-01,N1,PSV Eindhoven,Feyenoord,1,1,1,12,13,2,6,1241.83546946243,1289.11789183183,1,3,0,0,5,6,0,0,10,15,18,26,35,43,0,0,-1,1,-4,4,1,1,6,2,13,12
2020-03-01,N1,Sparta Rotterdam,FC Emmen,2,5,1,12,12,7,3,981.838298875109,1034.00445050504,0,0,1,0,0,1,1,12,7,8,11,15,22,26,4,-4,0,0,4,-4,1,5,3,7,12,12
2020-03-01,N1,Ajax,AZ Alkmaar,0,0,2,17,11,4,5,1364.90048815104,1240.27516026881,4,0,0,1,4,0,0,1,9,9,18,21,46,43,-2,2,6,-6,-1,1,2,0,5,4,11,17
2020-03-06,N1,For Sittard,Zwolle,1,1,1,9,13,2,5,915.266624961641,974.84988084076,0,0,0,1,2,0,1,4,5,7,10,12,23,21,0,0,-4,4,-3,3,1,1,5,2,13,9
2020-03-07,N1,AZ Alkmaar,Den Haag,2,4,0,16,6,8,1,1299.22282114444,820.872723187923,2,0,0,0,2,1,0,6,12,3,21,8,46,13,4,-4,10,-10,7,-7,0,4,1,8,6,16
2020-03-07,N1,FC Emmen,VVV Venlo,2,3,0,17,8,7,0,959.88877496984,932.227399427922,4,1,0,0,9,3,0,0,7,9,14,16,26,22,3,-3,9,-9,7,-7,0,3,0,7,8,17
2020-03-07,N1,Vitesse,Twente,2,1,0,9,8,2,2,1007.37917839646,895.286768854549,0,0,1,2,0,0,1,9,4,6,15,9,27,18,1,-1,1,-1,0,0,0,1,2,2,8,9
2020-03-07,N1,Heerenveen,Ajax,0,1,3,8,14,5,7,975.669788340902,1305.95282727542,0,0,0,3,2,0,5,3,5,6,9,15,27,43,-2,2,-6,6,-2,2,3,1,7,5,14,8
2020-03-08,N1,Utrecht,Sparta Rotterdam,2,5,1,15,7,6,1,1105.6726315193,1055.95397441031,2,1,0,0,2,1,0,0,8,9,15,14,31,25,4,-4,8,-8,5,-5,1,5,1,6,7,15
2020-03-08,N1,Feyenoord,Willem II,2,2,0,12,3,3,0,1286.95379931492,1142.52780552018,6,0,0,2,8,0,0,2,13,7,26,18,41,35,2,-2,9,-9,3,-3,0,2,0,3,3,12
2020-03-08,N1,Heracles,Waalwijk,2,4,2,23,11,10,4,1016.10445668638,805.086606029849,2,0,0,4,2,0,0,4,7,4,9,7,28,14,2,-2,12,-12,6,-6,2,4,4,10,11,23
2020-03-08,N1,Groningen,PSV Eindhoven,0,0,1,13,7,4,2,1018.67994028663,1243.99956197933,0,2,1,0,0,2,1,0,6,10,14,18,31,33,-1,1,6,-6,2,-2,1,0,2,4,7,13
2018-08-10,N1,Zwolle,Heerenveen,0,2,3,18,7,4,3,972.132557543041,964.269815673204,1,1,0,0,1,1,0,0,5,5,13,6,19,27,-1,1,11,-11,1,-1,3,2,3,4,7,18
2018-08-11,N1,Ajax,Heracles,1,1,1,17,11,7,2,1317.35279994312,1036.17963255822,0,0,1,0,0,1,1,10,9,10,15,11,43,28,0,0,6,-6,5,-5,1,1,2,7,11,17
2018-08-11,N1,Excelsior,For Sittard,1,1,1,13,18,3,6,871.039958726391,917.98394825936,1,0,0,0,1,1,0,15,5,3,12,11,19,24,0,0,-5,5,-3,3,1,1,6,3,18,13
2018-08-11,N1,PSV Eindhoven,Utrecht,2,4,0,14,6,10,2,1257.73798926771,1161.00757215303,0,0,0,1,6,0,1,4,13,8,18,18,35,34,4,-4,8,-8,8,-8,0,4,2,10,6,14
2018-08-11,N1,Willem II,VVV Venlo,0,0,1,15,7,6,1,1115.91914717985,882.028233037091,1,0,0,1,10,0,0,1,4,8,15,13,35,19,-1,1,8,-8,5,-5,1,0,1,6,7,15
2018-08-12,N1,AZ Alkmaar,NAC Breda,2,5,0,29,5,12,4,1306.94813111222,1000,3,0,0,0,3,0,0,0,12,0,21,0,46,0,5,-5,24,-24,8,-8,0,5,4,12,5,29
2018-08-12,N1,Den Haag,FC Emmen,0,1,2,14,10,5,5,813.147413220135,1010.08794136067,0,0,0,1,1,0,3,13,2,10,7,17,13,29,-1,1,4,-4,0,0,2,1,5,5,10,14
2018-08-12,N1,Graafschap,Feyenoord,2,2,0,9,14,5,6,1000,1313.56245765526,0,0,0,0,0,7,0,1,0,13,0,26,0,41,2,-2,-5,5,-1,1,0,2,6,5,14,9
2018-08-12,N1,Vitesse,Groningen,2,5,1,14,11,8,6,1029.39898203383,1004.94151299825,1,0,0,1,1,0,0,1,6,6,17,14,30,28,4,-4,3,-3,2,-2,1,5,6,8,11,14
2018-08-17,N1,Groningen,Willem II,0,0,1,15,7,4,2,944.971733239101,1065.13272274084,0,0,2,3,0,0,2,3,3,4,13,12,28,32,-1,1,8,-8,2,-2,1,0,2,4,7,15
2018-08-18,N1,Heracles,Den Haag,2,4,2,17,19,7,7,1046.88673128417,797.564535770085,3,0,0,1,3,0,0,7,8,2,12,6,26,13,2,-2,-2,2,0,0,2,4,7,7,19,17
2018-08-18,N1,NAC Breda,Graafschap,2,3,0,7,7,3,2,978.408415114442,1075.32614125017,0,0,0,0,0,0,0,0,0,3,0,3,0,3,3,-3,0,0,1,-1,0,3,2,3,7,7
2018-08-18,N1,For Sittard,PSV Eindhoven,0,1,2,10,17,6,8,915.835158040366,1304.73255387535,0,3,0,0,3,3,2,0,4,13,9,21,25,35,-1,1,-7,7,-2,2,2,1,8,6,17,10
2018-08-18,N1,VVV Venlo,Ajax,0,0,1,9,18,1,9,932.814657476101,1306.64570121717,0,1,0,0,4,1,1,0,10,7,16,16,22,43,-1,1,-9,9,-8,8,1,0,9,1,18,9
2018-08-19,N1,FC Emmen,AZ Alkmaar,0,1,4,14,16,7,8,1025.67081881072,1328.53971599778,5,1,0,0,10,1,0,0,10,12,17,21,31,46,-3,3,-2,2,-1,1,4,1,8,7,16,14
2018-08-19,N1,Feyenoord,Excelsior,2,3,0,23,9,6,2,1238.23631640509,873.188748945385,7,0,0,1,9,0,0,16,10,5,25,13,40,17,3,-3,14,-14,4,-4,0,3,2,6,9,23
2018-08-19,N1,Heerenveen,Vitesse,1,1,1,7,20,3,4,996.993877356166,1089.36876179298,0,0,1,2,0,0,6,3,7,9,9,17,29,30,0,0,-13,13,-1,1,1,1,4,3,20,7
2018-08-19,N1,Utrecht,Zwolle,2,2,0,7,17,2,4,1114.0130075454,939.40849586008,3,0,0,0,3,1,0,5,7,4,15,10,31,19,2,-2,-10,10,-2,2,0,2,4,2,17,7
2018-08-24,N1,Den Haag,For Sittard,2,3,1,12,14,6,3,780.697984094472,909.669976272679,0,0,1,0,0,2,4,16,2,3,6,8,13,24,2,-2,-2,2,3,-3,1,3,3,6,14,12
2018-08-25,N1,Ajax,FC Emmen,2,5,0,22,6,10,2,1313.31127941568,1009.43405773852,0,1,0,0,1,1,2,0,7,9,19,17,43,28,5,-5,16,-16,8,-8,0,5,2,10,6,22
2018-08-25,N1,Graafschap,Groningen,0,0,1,10,12,4,3,1005.96552310245,923.617844949055,1,0,0,2,1,0,0,2,3,0,3,10,3,28,-1,1,-2,2,1,-1,1,0,3,4,12,10
2018-08-25,N1,NAC Breda,Excelsior,0,0,2,12,10,3,3,1047.76903326216,861.304951005553,1,0,0,2,1,0,0,17,3,5,3,10,3,17,-2,2,2,-2,0,0,2,0,3,3,10,12
2018-08-25,N1,Zwolle,PSV Eindhoven,0,1,2,18,15,5,6,915.906160875549,1310.89773564303,0,4,1,0,0,4,1,0,4,13,10,21,19,35,-1,1,3,-3,-1,1,2,1,6,5,15,18
2018-08-26,N1,AZ Alkmaar,Vitesse,1,0,0,18,13,3,3,1344.77647706998,1085.21222481668,4,0,0,0,4,1,0,4,15,7,21,15,46,28,0,0,5,-5,0,0,0,0,3,3,13,18
2018-08-26,N1,Heerenveen,Feyenoord,0,3,5,13,13,5,6,1001.15041433246,1250.12011434493,0,0,0,1,1,0,7,2,8,10,9,25,27,43,-2,2,0,0,-1,1,5,3,6,5,13,13
2018-08-26,N1,Utrecht,VVV Venlo,1,1,1,21,11,4,2,1137.51534252993,926.149079277585,4,1,0,0,4,1,0,0,9,7,15,16,33,22,0,0,10,-10,2,-2,1,1,2,4,11,21
2018-08-26,N1,Willem II,Heracles,2,5,0,13,6,7,3,1086.48661103088,1063.75328295978,0,0,1,0,0,2,1,11,6,11,14,14,35,29,5,-5,7,-7,4,-4,0,5,3,7,6,13
2018-08-31,N1,FC Emmen,Graafschap,1,1,1,26,13,11,6,987.514438500603,966.519924658766,0,0,1,1,0,0,1,1,6,3,14,3,28,3,0,0,13,-13,5,-5,1,1,6,11,13,26
2018-09-01,N1,Excelsior,Den Haag,0,2,4,13,16,4,7,926.673672860606,840.127280598029,0,0,0,2,2,0,1,8,7,4,12,6,17,16,-2,2,-3,3,-3,3,4,2,7,4,16,13
2018-09-01,N1,For Sittard,Utrecht,1,1,1,9,14,2,5,850.240679769123,1128.82778505913,0,0,1,2,0,0,3,5,3,7,8,16,21,31,0,0,-5,5,-3,3,1,1,5,2,14,9
2018-09-01,N1,PSV Eindhoven,Willem II,2,6,1,16,6,10,2,1316.87022024291,1155.63508244051,1,1,0,0,7,1,0,0,13,9,23,14,35,37,5,-5,10,-10,8,-8,1,6,2,10,6,16
2018-09-01,N1,VVV Venlo,Heerenveen,1,1,1,19,8,4,4,934.836636748381,984.256201939748,0,2,1,0,0,2,2,0,5,7,16,9,23,24,0,0,11,-11,0,0,1,1,4,4,8,19
2018-09-02,N1,Feyenoord,NAC Breda,2,4,2,20,7,8,4,1267.01432673764,982.400311407108,8,0,0,1,10,0,0,1,10,3,25,3,43,3,2,-2,13,-13,4,-4,2,4,4,8,7,20
2018-09-02,N1,Groningen,Zwolle,0,0,1,14,9,2,6,963.063443392735,909.933676275676,0,0,3,1,0,0,3,6,3,4,12,9,28,19,-1,1,5,-5,-4,4,1,0,6,2,9,14
2018-09-02,N1,Heracles,AZ Alkmaar,2,3,2,23,17,14,8,994.604811550151,1334.64196081053,4,2,0,0,4,2,0,0,8,13,14,22,26,44,1,-1,6,-6,6,-6,2,3,8,14,17,23
2018-09-02,N1,Vitesse,Ajax,0,0,4,21,16,7,8,1095.34674107612,1335.2308986536,2,2,0,0,2,2,0,0,8,10,13,19,26,43,-4,4,5,-5,-1,1,4,0,8,7,16,21
2018-09-15,N1,Ajax,Groningen,2,3,0,17,7,5,2,1361.14392249821,926.207800976914,1,1,0,0,2,1,0,0,13,3,19,9,43,25,3,-3,10,-10,3,-3,0,3,2,5,7,17
2018-09-15,N1,Den Haag,PSV Eindhoven,0,0,7,5,27,2,10,894.689357772171,1358.78883936059,1,5,0,0,1,5,0,0,6,15,9,25,19,38,-7,7,-22,22,-8,8,7,0,10,2,27,5
2018-09-15,N1,Graafschap,VVV Venlo,0,1,2,14,12,2,6,967.485582692492,937.097266303677,0,0,1,0,0,2,1,1,4,5,4,14,4,24,-1,1,2,-2,-4,4,2,1,6,2,12,14
2018-09-15,N1,Willem II,Excelsior,1,2,2,21,16,6,4,1113.71646332283,872.111595686464,1,1,0,0,1,1,0,0,6,4,13,12,34,17,0,0,5,-5,2,-2,2,2,4,6,16,21
2018-09-16,N1,AZ Alkmaar,Feyenoord,1,1,1,11,9,3,3,1278.56180021933,1281.28445383261,0,1,0,0,5,1,1,0,10,12,22,25,43,46,0,0,2,-2,0,0,1,1,3,3,9,11
2018-09-16,N1,Heerenveen,Heracles,0,3,5,11,10,6,7,981.995572384452,1050.68497214136,0,0,1,1,0,0,8,12,5,10,10,17,22,28,-2,2,1,-1,-1,1,5,3,7,6,10,11
2018-09-16,N1,NAC Breda,For Sittard,0,2,3,14,12,4,4,968.130184312145,860.881690018868,0,0,1,1,0,0,1,17,3,3,3,8,3,22,-1,1,2,-2,0,0,3,2,4,4,12,14
2018-09-16,N1,Utrecht,FC Emmen,0,1,2,15,10,4,2,1118.18677480939,986.548780466876,0,0,0,1,5,0,1,1,8,7,16,14,32,26,-1,1,5,-5,2,-2,2,1,2,4,10,15
2018-09-16,N1,Zwolle,Vitesse,0,0,2,12,9,6,4,946.789318691497,1069.43371723152,0,0,2,0,0,2,2,5,4,8,11,12,19,23,-2,2,3,-3,2,-2,2,0,4,6,9,12
2018-09-21,N1,Heracles,Graafschap,2,4,0,27,13,10,4,1085.98299733932,932.693830712461,5,0,0,0,5,1,0,2,10,4,20,4,28,4,4,-4,14,-14,6,-6,0,4,4,10,13,27
2018-09-22,N1,Excelsior,Heerenveen,1,3,3,12,10,8,5,881.734579337657,946.697547186482,0,0,1,0,0,3,2,1,5,5,10,10,18,21,0,0,2,-2,3,-3,3,3,5,8,10,12
2018-09-22,N1,For Sittard,Willem II,1,4,4,10,12,7,6,902.457408822772,1104.09347967164,0,0,0,1,1,0,4,1,5,7,8,11,22,32,0,0,-2,2,1,-1,4,4,6,7,12,10
2018-09-22,N1,Vitesse,Den Haag,1,1,1,15,11,4,3,1098.42217809153,882.803651441465,0,1,1,0,0,1,1,0,8,6,14,8,26,16,0,0,4,-4,1,-1,1,1,3,4,11,15
2018-09-22,N1,VVV Venlo,NAC Breda,2,3,0,14,6,5,1,971.889018283709,926.554465508241,0,0,0,2,1,0,3,2,8,3,16,3,27,3,3,-3,8,-8,4,-4,0,3,1,5,6,14
2018-09-23,N1,FC Emmen,Zwolle,0,0,1,9,12,3,4,1030.12440984382,917.800857831486,0,1,0,0,1,1,2,0,7,3,17,8,29,19,-1,1,-3,3,-1,1,1,0,4,3,12,9
2018-09-23,N1,Feyenoord,Utrecht,2,1,0,23,12,9,1,1281.15907356665,1074.61114543245,9,0,0,0,11,1,0,6,10,5,23,13,46,29,1,-1,11,-11,8,-8,0,1,1,9,12,23
2018-09-23,N1,Groningen,AZ Alkmaar,0,1,3,8,21,3,11,917.9626617699,1278.68718048529,0,0,4,1,0,0,4,1,3,8,9,20,24,44,-2,2,-13,13,-8,8,3,1,11,3,21,8
2018-09-23,N1,PSV Eindhoven,Ajax,2,3,0,14,15,8,4,1370.67454569129,1369.38906170522,2,3,0,0,8,3,0,0,15,13,28,22,41,43,3,-3,-1,1,4,-4,0,3,4,8,15,14
2018-09-29,N1,Excelsior,VVV Venlo,2,1,0,9,14,2,4,884.691851614797,1019.34525830765,0,1,0,0,1,3,3,0,5,8,10,18,18,30,1,-1,-5,5,-2,2,0,1,4,2,14,9
2018-09-29,N1,For Sittard,Ajax,0,0,2,15,17,5,4,910.824186339403,1315.05922837688,0,0,0,1,2,0,5,1,5,12,9,19,23,40,-2,2,-2,2,1,-1,2,0,4,5,17,15
2018-09-29,N1,Heerenveen,Den Haag,1,1,1,11,8,1,2,943.740274909343,891.628381836428,0,0,2,0,0,2,9,1,3,7,10,9,21,16,0,0,3,-3,-1,1,1,1,2,1,8,11
2018-09-29,N1,NAC Breda,PSV Eindhoven,0,0,2,10,12,2,4,879.098225484304,1425.00437901964,0,6,2,0,0,6,2,0,3,15,3,28,3,43,-2,2,-2,2,-2,2,2,0,4,2,12,10
2018-09-30,N1,AZ Alkmaar,Zwolle,1,2,2,15,9,3,3,1288.45885414184,959.800268434321,0,2,0,0,6,2,2,0,8,6,20,10,44,22,0,0,6,-6,0,0,2,2,3,3,9,15
2018-09-30,N1,Feyenoord,Vitesse,2,2,1,19,11,7,5,1296.09926148316,1089.59744769657,10,1,0,0,12,3,0,0,13,6,23,15,49,27,1,-1,8,-8,2,-2,1,2,5,7,11,19
2018-09-30,N1,Graafschap,Willem II,2,2,1,24,10,7,4,894.936397049749,1095.72670215501,0,0,2,0,0,1,2,2,1,8,4,12,4,33,1,-1,14,-14,3,-3,1,2,4,7,10,24
2018-09-30,N1,Groningen,Utrecht,1,1,1,15,7,6,2,908.190988113348,1059.67095751593,0,0,5,1,0,0,5,7,3,5,6,12,21,26,0,0,8,-8,4,-4,1,1,2,6,7,15
2018-09-30,N1,Heracles,FC Emmen,2,2,1,15,16,6,8,1123.74043100204,988.124999240983,6,1,0,0,6,1,0,0,12,4,20,14,31,26,1,-1,-1,1,-2,2,1,2,8,6,16,15
2018-10-05,N1,Utrecht,NAC Breda,2,2,1,18,9,5,3,1053.10585809074,875.467842958524,0,0,1,3,0,0,2,3,3,0,12,3,24,3,1,-1,9,-9,2,-2,1,2,3,5,9,18
2018-10-06,N1,Den Haag,Groningen,2,1,0,9,8,3,3,894.010387253783,914.75608753854,0,0,1,1,0,0,1,1,8,4,10,4,17,19,1,-1,1,-1,0,0,0,1,3,3,8,9
2018-10-06,N1,Graafschap,Heerenveen,0,0,5,8,24,1,14,943.613283264772,941.358269491987,1,0,0,0,1,4,0,2,4,3,7,11,7,19,-5,5,-16,16,-13,13,5,0,14,1,24,8
2018-10-06,N1,PSV Eindhoven,VVV Venlo,2,4,0,24,3,8,0,1428.63476154542,975.529002925391,3,0,0,1,9,0,0,1,15,8,28,15,46,30,4,-4,21,-21,8,-8,0,4,0,8,3,24
2018-10-06,N1,Zwolle,Excelsior,2,2,0,22,5,4,2,971.607412648858,928.508106997052,0,0,3,0,0,2,3,1,7,8,11,13,23,21,2,-2,17,-17,2,-2,0,2,2,4,5,22
2018-10-07,N1,Ajax,AZ Alkmaar,2,5,0,22,5,11,3,1322.85836737551,1276.6517099273,2,1,0,0,3,1,0,0,12,6,19,21,40,42,5,-5,17,-17,8,-8,0,5,3,11,5,22
2018-10-07,N1,FC Emmen,For Sittard,1,3,3,12,12,4,6,968.01770052144,903.025047340765,0,1,1,0,0,1,3,0,4,5,13,8,26,20,0,0,0,0,-2,2,3,3,6,4,12,12
2018-10-07,N1,Vitesse,Heracles,2,4,0,19,4,6,2,1074.65421942389,1143.84772972158,0,1,0,0,1,1,2,0,5,12,12,23,27,31,4,-4,15,-15,4,-4,0,4,2,6,4,19
2018-10-07,N1,Willem II,Feyenoord,1,1,1,12,9,4,7,1047.04981593999,1311.04248975584,0,0,0,0,2,2,1,1,5,13,11,23,30,49,0,0,3,-3,-3,3,1,1,7,4,9,12
2018-10-20,N1,Excelsior,Vitesse,2,2,0,6,24,1,7,890.063280354805,1151.83604145514,1,0,0,1,2,0,0,1,5,7,12,15,21,30,2,-2,-18,18,-6,6,0,2,7,1,24,6
2018-10-20,N1,Heerenveen,Ajax,0,0,4,13,17,4,10,1015.82081483861,1387.05917119984,0,1,0,0,1,1,10,0,6,12,13,22,22,40,-4,4,-4,4,-6,6,4,0,10,4,17,13
2018-10-20,N1,PSV Eindhoven,FC Emmen,2,6,0,29,8,15,4,1437.48546933061,965.059107906541,4,0,0,1,10,0,0,1,15,5,28,11,46,26,6,-6,21,-21,11,-11,0,6,4,15,8,29
2018-10-20,N1,Utrecht,AZ Alkmaar,2,2,1,15,13,6,8,1070.03563452882,1212.45090610298,1,0,0,1,1,0,0,1,5,5,12,18,27,39,1,-1,2,-2,-2,2,1,2,8,6,13,15
2018-10-21,N1,Feyenoord,Zwolle,2,3,0,17,17,11,5,1300.78684188839,1010.0522392911,11,0,0,0,13,3,0,1,11,10,21,14,47,23,3,-3,0,0,6,-6,0,3,5,11,17,17
2018-10-21,N1,For Sittard,Graafschap,2,3,1,22,11,11,3,905.983639955664,869.150737918146,0,0,1,1,0,0,6,3,6,4,9,7,21,7,2,-2,11,-11,8,-8,1,3,3,11,11,22
2018-10-21,N1,Heracles,Groningen,2,4,1,13,11,8,4,1066.66590769033,880.847605554605,7,0,0,2,7,0,0,2,12,1,20,4,31,18,3,-3,2,-2,4,-4,1,4,4,8,11,13
2018-10-21,N1,NAC Breda,Willem II,1,2,2,6,8,3,3,858.538066520438,1057.30546380744,0,0,3,1,0,0,3,3,0,3,3,12,3,30,0,0,-2,2,0,0,2,2,3,3,8,6
2018-10-21,N1,VVV Venlo,Den Haag,2,2,0,22,12,7,2,966.678295140197,927.918869237718,1,0,0,0,2,3,0,2,7,8,12,12,27,19,2,-2,10,-10,5,-5,0,2,2,7,12,22
2018-10-26,N1,FC Emmen,VVV Venlo,1,1,1,28,5,8,2,954.784155786008,1005.66341541651,0,0,0,2,1,0,4,2,4,9,11,14,25,30,0,0,23,-23,6,-6,1,1,2,8,5,28
2018-10-27,N1,Den Haag,NAC Breda,1,1,1,17,7,4,3,888.933748961403,866.808447343422,1,0,0,4,1,0,0,4,5,1,11,4,19,4,0,0,10,-10,1,-1,1,1,3,4,7,17
2018-10-27,N1,Graafschap,Excelsior,2,4,1,13,14,6,4,829.925284011949,961.866895962381,0,0,1,1,0,0,1,2,3,8,7,12,7,24,3,-3,-1,1,2,-2,1,4,4,6,14,13
2018-10-27,N1,Groningen,PSV Eindhoven,0,1,2,14,19,3,5,852.985397763359,1447.76042145115,0,7,0,0,1,7,6,0,1,15,4,30,18,48,-1,1,-5,5,-2,2,2,1,5,3,19,14
2018-10-27,N1,Zwolle,Heracles,1,1,1,24,8,6,3,992.826318208472,1094.52811548158,1,0,0,1,1,0,0,1,7,12,11,22,23,31,0,0,16,-16,3,-3,1,1,3,6,8,24
2018-10-28,N1,Ajax,Feyenoord,2,3,0,28,8,10,2,1400.67579415124,1318.01276297102,3,0,0,0,4,3,0,2,12,11,25,23,40,49,3,-3,20,-20,8,-8,0,3,2,10,8,28
2018-10-28,N1,AZ Alkmaar,Heerenveen,0,2,3,15,11,7,6,1168.02238607183,1002.20419188721,0,1,0,0,7,5,3,0,5,5,15,10,36,19,-1,1,4,-4,1,-1,3,2,6,7,11,15
2018-10-28,N1,Vitesse,For Sittard,2,2,1,12,10,6,2,1080.03242584756,945.209093861861,1,0,0,0,2,2,0,1,7,8,15,11,30,21,1,-1,2,-2,4,-4,1,2,2,6,10,12
2018-10-28,N1,Willem II,Utrecht,0,0,1,8,19,0,8,1049.03508298445,1114.46415455998,0,0,0,0,3,1,2,8,4,7,10,15,28,30,-1,1,-11,11,-8,8,1,0,8,0,19,8
2018-11-02,N1,Excelsior,Groningen,0,2,4,10,15,4,8,887.567722808665,850.965566027042,2,0,0,3,3,0,0,3,7,1,12,4,24,18,-2,2,-5,5,-4,4,4,2,8,4,15,10
2018-11-03,N1,Ajax,Willem II,2,2,0,21,3,10,0,1442.47244631717,1022.99108041133,4,0,0,0,5,1,0,4,12,3,25,10,40,25,2,-2,18,-18,10,-10,0,2,0,10,3,21
2018-11-03,N1,AZ Alkmaar,Graafschap,2,1,0,18,3,6,0,1121.8128159695,904.224457165665,0,0,1,2,0,0,4,4,4,6,12,10,33,10,1,-1,15,-15,6,-6,0,1,0,6,3,18
2018-11-03,N1,NAC Breda,Heracles,2,2,1,9,21,2,5,867.825980020482,1089.97391432962,0,0,0,0,1,1,4,2,2,10,5,20,5,31,1,-1,-12,12,-3,3,1,2,5,2,21,9
2018-11-03,N1,PSV Eindhoven,Vitesse,2,1,0,14,7,6,1,1449.78025318746,1100.20265620463,5,0,0,2,11,0,0,2,15,7,30,15,48,32,1,-1,7,-7,5,-5,0,1,1,6,7,14
2018-11-04,N1,For Sittard,Zwolle,2,3,0,17,10,6,4,925.038863504792,997.380519360426,1,0,0,1,1,0,0,2,5,8,10,11,21,24,3,-3,7,-7,2,-2,0,3,4,6,10,17
2018-11-04,N1,Heerenveen,FC Emmen,1,1,1,17,17,6,6,1048.41376198953,957.110625364578,0,0,1,2,0,0,11,2,8,2,13,9,19,26,0,0,0,0,0,0,1,1,6,6,17,17
2018-11-04,N1,Utrecht,Den Haag,2,3,0,14,11,5,5,1140.5081571331,887.916216284342,2,0,0,1,2,0,0,3,10,6,15,12,33,19,3,-3,3,-3,0,0,0,3,5,5,11,14
2018-11-09,N1,Zwolle,Willem II,0,2,3,20,5,7,3,931.655861333784,1015.79348203085,0,0,0,1,2,0,1,5,5,2,11,10,21,22,-1,1,15,-15,4,-4,3,2,3,7,5,20
2018-11-10,N1,FC Emmen,NAC Breda,2,2,0,19,7,8,3,961.2211006643,917.889538922988,0,0,0,0,2,1,5,5,3,5,7,8,24,8,2,-2,12,-12,5,-5,0,2,3,8,7,19
2018-11-10,N1,Graafschap,PSV Eindhoven,0,1,4,10,22,2,7,889.999760391465,1457.32677316868,1,8,0,0,1,8,0,0,6,15,7,30,10,51,-3,3,-12,12,-5,5,4,1,7,2,22,10
2018-11-10,N1,Vitesse,Utrecht,2,2,1,17,13,5,7,1092.65613622341,1161.16267320317,2,1,0,0,3,2,0,0,6,13,12,18,29,33,1,-1,4,-4,-2,2,1,2,7,5,13,17
2018-11-10,N1,VVV Venlo,For Sittard,2,3,2,11,17,6,5,1003.33694583794,990.763521531434,2,0,0,1,3,0,0,2,7,7,15,12,28,21,1,-1,-6,6,1,-1,2,3,5,6,17,11
2018-11-11,N1,Den Haag,AZ Alkmaar,0,0,1,6,8,0,2,867.261700214267,1136.0375127437,0,0,0,2,2,0,1,2,5,4,12,12,18,33,-1,1,-2,2,-2,2,1,0,2,0,8,6
2018-11-11,N1,Excelsior,Ajax,0,1,7,13,29,3,12,839.106745277476,1449.67004469765,0,2,1,0,0,2,1,0,6,15,11,27,24,43,-6,6,-16,16,-9,9,7,1,12,3,29,13
2018-11-11,N1,Groningen,Heerenveen,2,2,0,11,4,5,2,899.426543558231,1044.30328668981,0,2,1,0,0,6,7,0,4,8,7,11,20,20,2,-2,7,-7,3,-3,0,2,2,5,4,11
2018-11-11,N1,Heracles,Feyenoord,0,0,2,15,16,3,7,1039.91035542712,1276.2161108051,8,0,0,1,8,0,0,3,7,10,19,20,31,46,-2,2,-1,1,-4,4,2,0,7,3,16,15
2018-11-24,N1,For Sittard,Heracles,2,3,0,15,14,9,3,959.921071418349,1021.99943563539,2,0,0,1,2,0,0,3,7,4,12,16,20,30,3,-3,1,-1,6,-6,0,3,3,9,14,15
2018-11-24,N1,NAC Breda,Ajax,0,0,3,5,16,3,5,879.47358156087,1454.47204414581,1,3,0,0,2,3,0,0,5,15,5,27,8,46,-3,3,-11,11,-2,2,3,0,5,3,16,5
2018-11-24,N1,PSV Eindhoven,Heerenveen,2,3,0,28,4,11,0,1461.33630484063,983.148635571025,6,0,0,1,12,0,0,1,15,7,30,10,51,19,3,-3,24,-24,11,-11,0,3,0,11,4,28
2018-11-24,N1,Zwolle,Den Haag,0,2,3,13,14,4,8,907.257206385741,856.030254453326,0,0,1,2,0,0,2,4,4,4,11,12,21,18,-1,1,-1,1,-4,4,3,2,8,4,14,13
2018-11-25,N1,FC Emmen,Excelsior,0,1,2,17,9,3,3,999.637058026418,834.30474582932,1,0,0,2,3,0,0,3,6,3,10,11,27,21,-1,1,8,-8,0,0,2,1,3,3,9,17
2018-11-25,N1,Feyenoord,Groningen,2,1,0,14,10,7,3,1294.12703059682,960.581194677017,12,1,0,0,14,1,0,0,10,6,23,10,48,20,1,-1,4,-4,4,-4,0,1,3,7,10,14
2018-11-25,N1,Utrecht,Graafschap,2,5,0,22,5,6,2,1122.93350747615,885.990228719514,3,0,0,3,3,0,0,5,12,3,15,7,30,10,5,-5,17,-17,4,-4,0,5,2,6,5,22
2018-11-25,N1,VVV Venlo,AZ Alkmaar,1,2,2,9,17,3,7,1034.17939595103,1147.26895850464,3,1,0,0,4,1,0,0,7,6,15,12,31,33,0,0,-8,8,-4,4,2,2,7,3,17,9
2018-11-25,N1,Willem II,Vitesse,0,1,3,8,11,4,7,1040.19213697889,1130.88530195044,0,0,1,3,0,0,3,3,5,9,10,14,24,29,-2,2,-3,3,-3,3,3,1,7,4,11,8
2018-11-30,N1,Excelsior,Utrecht,1,3,3,11,22,4,9,880.478366304666,1153.05886909471,0,0,2,1,0,0,2,1,6,12,11,17,23,33,0,0,-11,11,-5,5,3,3,9,4,22,11
2018-12-01,N1,AZ Alkmaar,Willem II,0,0,2,16,8,7,4,1142.23744360528,1007.5297987638,1,1,0,0,1,1,0,0,7,4,12,7,34,21,-2,2,8,-8,3,-3,2,0,4,7,8,16
2018-12-01,N1,Graafschap,Zwolle,0,0,2,4,26,0,9,855.864867100956,870.572925212733,0,0,1,2,0,0,1,3,3,1,7,11,10,20,-2,2,-22,22,-9,9,2,0,9,0,26,4
2018-12-01,N1,Heerenveen,For Sittard,2,3,1,18,15,9,5,976.61181724787,1024.09376799038,0,0,0,2,1,0,12,3,4,9,10,15,19,23,2,-2,3,-3,4,-4,1,3,5,9,15,18
2018-12-01,N1,Vitesse,FC Emmen,1,1,1,24,7,8,4,1163.54764016553,953.463437551072,3,0,0,0,4,1,0,3,9,5,16,10,29,24,0,0,17,-17,4,-4,1,1,4,8,7,24
2018-12-02,N1,Ajax,Den Haag,2,5,1,31,8,12,3,1458.3144682831,892.714535626334,5,1,0,0,6,1,0,0,15,4,27,12,46,18,4,-4,23,-23,9,-9,1,5,3,12,8,31
2018-12-02,N1,Feyenoord,PSV Eindhoven,2,2,1,14,12,5,5,1302.30985558371,1467.87312316379,13,9,0,0,15,9,0,0,10,15,23,30,48,53,1,-1,2,-2,0,0,1,2,5,5,12,14
2018-12-02,N1,Groningen,NAC Breda,2,5,2,19,6,9,3,952.398369690134,875.631157423582,1,0,0,1,1,0,0,6,6,5,7,5,19,8,3,-3,13,-13,6,-6,2,5,3,9,6,19
2018-12-02,N1,Heracles,VVV Venlo,2,4,1,22,9,8,4,957.82673906336,1039.21091085039,0,0,1,0,0,1,1,3,4,8,16,16,30,32,3,-3,13,-13,4,-4,1,4,4,8,9,22
2018-12-06,N1,Feyenoord,VVV Venlo,2,4,1,27,3,9,1,1348.50056963692,972.134311318322,14,0,0,1,16,0,0,4,12,8,23,15,48,31,3,-3,24,-24,8,-8,1,4,1,9,3,27
2018-12-07,N1,For Sittard,AZ Alkmaar,0,0,3,15,8,4,6,974.279429285246,1082.1791373856,3,0,0,0,3,2,0,1,6,7,14,12,22,34,-3,3,7,-7,-2,2,3,0,6,4,8,15
2018-12-07,N1,PSV Eindhoven,Excelsior,2,6,0,23,2,8,0,1421.68240911058,890.963332634928,7,1,0,0,13,1,0,0,12,4,27,12,52,24,6,-6,21,-21,8,-8,0,6,0,8,2,23
2018-12-08,N1,Den Haag,Graafschap,1,0,0,16,9,3,5,887.926216399167,813.862773840407,0,0,1,4,0,0,2,6,4,3,9,6,18,10,0,0,7,-7,-2,2,0,0,5,3,9,16
2018-12-08,N1,Willem II,Heerenveen,0,1,5,5,20,1,11,1067.58810498347,1026.426155953,0,0,2,2,0,0,4,2,6,7,10,12,23,22,-4,4,-15,15,-10,10,5,1,11,1,20,5
2018-12-08,N1,Zwolle,Ajax,0,1,4,16,14,7,6,912.575018473282,1463.10278751027,0,4,2,0,0,4,3,0,4,15,11,27,22,46,-3,3,2,-2,1,-1,4,1,6,7,14,16
2018-12-09,N1,FC Emmen,Feyenoord,0,1,4,12,32,6,12,962.109276978857,1359.71181401364,0,1,1,0,0,1,1,0,6,12,10,23,24,48,-3,3,-20,20,-6,6,4,1,12,6,32,12
2018-12-09,N1,NAC Breda,Vitesse,2,2,1,11,15,4,4,832.956201247059,1154.90180073775,0,1,1,0,0,1,1,0,4,10,5,17,8,29,1,-1,-4,4,0,0,1,2,4,4,15,11
2018-12-09,N1,Utrecht,Heracles,2,3,1,12,14,5,3,1142.57390276444,1024.90333859543,4,0,0,2,4,0,0,4,10,4,17,16,33,33,2,-2,-2,2,2,-2,1,3,3,5,14,12
2018-12-09,N1,VVV Venlo,Groningen,1,0,0,12,10,6,4,960.923066941596,995.073325866656,0,0,0,1,5,0,1,1,5,9,14,10,28,19,0,0,2,-2,2,-2,0,0,4,6,10,12
2018-12-14,N1,Willem II,Den Haag,0,0,3,8,7,3,4,995.478833956813,884.566210634713,0,0,3,1,0,0,5,1,6,4,9,10,20,18,-3,3,1,-1,-1,1,3,0,4,3,7,8
2018-12-15,N1,AZ Alkmaar,Excelsior,2,2,1,29,7,12,3,1120.29962556503,883.485578693279,0,0,1,1,0,0,1,1,10,4,14,11,34,21,1,-1,22,-22,9,-9,1,2,3,12,7,29
2018-12-15,N1,Heracles,PSV Eindhoven,0,0,4,12,16,1,8,995.356514937249,1429.16016305223,1,0,0,1,1,0,0,1,3,12,13,27,33,55,-4,4,-4,4,-7,7,4,0,8,1,16,12
2018-12-15,N1,Vitesse,VVV Venlo,2,2,1,17,11,4,1,1099.57313967433,962.490699232871,0,0,0,2,5,0,1,5,7,5,14,12,28,28,1,-1,6,-6,3,-3,1,2,1,4,11,17
2018-12-15,N1,Zwolle,NAC Breda,1,0,0,16,13,5,3,908.174805853979,888.284862310472,0,0,3,2,0,0,4,7,3,6,11,8,19,11,0,0,3,-3,2,-2,0,0,3,5,13,16
2018-12-16,N1,Ajax,Graafschap,2,8,0,35,3,17,2,1467.50300012957,817.222779604861,6,0,0,0,7,1,0,7,15,1,27,7,49,11,8,-8,32,-32,15,-15,0,8,2,17,3,35
2018-12-16,N1,Feyenoord,For Sittard,0,0,2,26,11,8,4,1369.75174804648,936.158941105822,15,0,0,3,17,0,0,4,15,6,25,11,48,19,-2,2,15,-15,4,-4,2,0,4,8,11,26
2018-12-16,N1,Groningen,FC Emmen,0,1,2,11,13,5,3,993.505693575381,952.069342946018,2,0,0,0,2,2,0,4,10,5,11,7,20,24,-1,1,-2,2,2,-2,2,1,3,5,13,11
2018-12-16,N1,Heerenveen,Utrecht,0,2,3,10,9,6,3,1098.53542697966,1172.12072642263,1,0,0,0,2,1,0,2,7,10,15,20,25,33,-1,1,1,-1,3,-3,3,2,3,6,9,10
2018-12-21,N1,VVV Venlo,Zwolle,2,2,0,19,8,6,1,942.499671375283,907.259839430711,0,1,0,0,6,1,2,0,2,4,9,9,27,19,2,-2,11,-11,5,-5,0,2,1,6,8,19
2018-12-22,N1,Excelsior,Heracles,0,0,3,13,22,4,6,870.447569857093,985.544781598216,0,0,0,3,1,0,3,5,4,3,10,10,20,30,-3,3,-9,9,-2,2,3,0,6,4,22,13
2018-12-22,N1,For Sittard,Groningen,1,0,0,13,15,4,5,1017.19537890666,957.707256940208,0,0,1,0,0,1,1,2,6,7,13,11,22,17,0,0,-2,2,-1,1,0,0,5,4,15,13
2018-12-22,N1,NAC Breda,Heerenveen,2,4,2,32,8,12,4,889.19982873374,1073.21332986645,1,1,0,0,1,1,0,0,4,6,9,14,12,24,2,-2,24,-24,8,-8,2,4,4,12,8,32
2018-12-22,N1,PSV Eindhoven,AZ Alkmaar,2,3,1,14,11,8,4,1438.97189639126,1133.33763440121,8,1,0,0,14,3,0,0,12,10,27,14,55,34,2,-2,3,-3,4,-4,1,3,4,8,11,14
2018-12-23,N1,Den Haag,Feyenoord,1,2,2,13,14,5,6,955.937843744881,1288.71531024564,0,2,0,0,1,2,3,0,7,12,12,22,21,45,0,0,-1,1,-1,1,2,2,6,5,14,13
2018-12-23,N1,FC Emmen,Willem II,0,0,2,11,10,2,3,987.867779581192,924.107200846645,0,2,2,0,0,2,2,0,7,6,10,8,24,20,-2,2,1,-1,-1,1,2,0,3,2,10,11
2018-12-23,N1,Graafschap,Vitesse,1,2,2,14,21,5,7,812.5764436182,1119.56416753192,0,0,2,1,0,0,2,1,1,10,7,16,11,31,0,0,-7,7,-2,2,2,2,7,5,21,14
2018-12-23,N1,Utrecht,Ajax,0,1,3,8,17,2,7,1197.44282353583,1472.14933611623,5,5,0,0,5,5,0,0,10,15,23,30,35,49,-2,2,-9,9,-5,5,3,1,7,2,17,8
2019-01-18,N1,Vitesse,Excelsior,2,3,2,16,9,9,2,1108.23282172794,833.347938087658,1,0,0,2,6,0,0,2,8,4,17,7,29,20,1,-1,7,-7,7,-7,2,3,2,9,9,16
2019-01-19,N1,AZ Alkmaar,Utrecht,2,3,0,10,14,3,4,1120.45498716274,1182.47806919691,1,1,0,0,1,2,0,0,7,10,13,22,34,34,3,-3,-4,4,-1,1,0,3,4,3,14,10
2019-01-19,N1,Den Haag,VVV Venlo,0,2,4,20,16,8,8,967.830622351406,981.924073971435,0,0,0,3,2,0,4,6,8,4,12,12,22,27,-2,2,4,-4,0,0,4,2,8,8,16,20
2019-01-19,N1,Groningen,Heracles,2,3,0,18,7,6,2,960.420325325682,1022.64441336765,0,1,1,0,0,1,1,0,5,6,11,10,15,33,3,-3,11,-11,4,-4,0,3,2,6,7,18
2019-01-19,N1,Zwolle,Feyenoord,2,3,1,15,13,7,6,867.835436834559,1276.82253163912,0,0,0,0,1,3,5,1,4,10,8,20,19,43,2,-2,2,-2,1,-1,1,3,6,7,13,15
2019-01-20,N1,Ajax,Heerenveen,1,4,4,27,12,9,9,1487.11409045514,1008.08034478894,7,0,0,1,8,0,0,1,15,6,30,13,49,24,0,0,15,-15,0,0,4,4,9,9,12,27
2019-01-20,N1,FC Emmen,PSV Eindhoven,1,2,2,6,14,2,4,936.050667743108,1451.85454362973,0,1,3,0,0,1,3,0,4,12,10,27,23,55,0,0,-8,8,-2,2,2,2,4,2,14,6
2019-01-20,N1,Graafschap,For Sittard,2,5,1,18,7,9,3,823.907789422184,1014.48231052119,0,1,0,0,1,1,3,0,2,7,5,14,12,22,4,-4,11,-11,6,-6,1,5,3,9,7,18
2019-01-20,N1,Willem II,NAC Breda,2,2,0,11,4,4,0,975.924312684729,954.332813811255,0,0,4,0,0,1,6,8,6,7,11,12,22,15,2,-2,7,-7,4,-4,0,2,0,4,4,11
2019-01-25,N1,NAC Breda,Den Haag,1,1,1,20,8,4,2,913.197238587761,925.75107901085,2,1,0,0,2,1,0,0,7,5,12,9,15,21,0,0,12,-12,2,-2,1,1,2,4,8,20
2019-01-26,N1,Excelsior,Graafschap,2,2,0,7,13,2,3,822.438443093663,920.624020279446,0,0,1,1,0,0,4,8,1,5,7,8,19,15,2,-2,-6,6,-1,1,0,2,3,2,13,7
2019-01-26,N1,Heracles,Zwolle,0,0,2,15,9,4,4,958.449561349378,947.943736622693,0,0,1,1,0,0,1,1,6,7,10,8,30,22,-2,2,6,-6,0,0,2,0,4,4,9,15
2019-01-26,N1,PSV Eindhoven,Groningen,2,2,1,12,5,6,1,1437.41731489865,1024.61517734395,9,0,0,0,15,2,0,3,10,8,25,14,53,18,1,-1,7,-7,5,-5,1,2,1,6,5,12
2019-01-26,N1,VVV Venlo,FC Emmen,0,2,3,16,11,7,5,1024.00361731199,950.487896474194,1,1,0,0,7,3,0,0,7,5,15,10,27,21,-1,1,5,-5,2,-2,3,2,5,7,11,16
2019-01-27,N1,Feyenoord,Ajax,2,6,2,20,15,9,7,1196.71423185098,1473.02328195717,0,6,1,0,0,6,1,0,7,13,19,28,40,50,4,-4,5,-5,2,-2,2,6,7,9,15,20
2019-01-27,N1,For Sittard,Vitesse,2,2,1,16,11,6,5,917.766079663927,1119.14231672193,0,0,0,0,1,1,2,2,4,8,13,17,22,32,1,-1,5,-5,1,-1,1,2,5,6,11,16
2019-01-27,N1,Heerenveen,AZ Alkmaar,0,0,2,5,21,0,8,1022.17115328691,1184.61927792484,0,0,1,1,0,0,1,1,7,9,11,16,24,34,-2,2,-16,16,-8,8,2,0,8,0,21,5
2019-01-27,N1,Utrecht,Willem II,0,0,1,18,7,5,2,1118.31377843482,1017.05988790822,0,3,1,0,0,3,1,0,7,9,19,13,31,25,-1,1,11,-11,3,-3,1,0,2,5,7,18
2019-02-01,N1,Graafschap,NAC Breda,2,3,0,23,10,11,2,864.691940604252,913.775112838337,1,0,0,1,2,0,0,9,5,8,8,12,15,16,3,-3,13,-13,9,-9,0,3,2,11,10,23
2019-02-02,N1,Ajax,VVV Venlo,2,6,0,23,4,11,1,1365.85872490933,985.331844025762,0,1,0,0,9,1,1,0,10,7,25,12,50,26,6,-6,19,-19,10,-10,0,6,1,11,4,23
2019-02-02,N1,AZ Alkmaar,FC Emmen,2,5,0,20,3,9,0,1209.34495758004,989.159669760423,2,2,0,0,2,4,0,0,12,7,19,13,34,24,5,-5,17,-17,9,-9,0,5,0,9,3,20
2019-02-02,N1,Vitesse,Heerenveen,1,2,2,13,14,3,6,1070.42615599671,997.445473631708,2,0,0,0,7,1,0,2,7,4,17,11,32,21,0,0,-1,1,-3,3,2,2,6,3,14,13
2019-02-02,N1,Willem II,Groningen,0,1,2,13,12,4,5,1058.13036489834,1019.17521373975,1,0,0,1,1,0,0,4,9,5,15,14,25,18,-1,1,1,-1,-1,1,2,1,5,4,12,13
2019-02-03,N1,Den Haag,Heracles,2,2,0,14,11,7,3,925.173204760274,913.26617219802,0,0,1,1,0,0,5,1,6,3,10,7,21,29,2,-2,3,-3,4,-4,0,2,3,7,11,14
2019-02-03,N1,Excelsior,Feyenoord,2,2,1,10,13,5,5,878.370522768857,1303.87878889883,1,0,0,1,1,0,0,2,3,7,7,19,19,42,1,-1,-3,3,0,0,1,2,5,5,13,10
2019-02-03,N1,PSV Eindhoven,For Sittard,2,5,0,20,7,11,0,1442.85727850285,966.482240389152,10,0,0,1,16,0,0,1,13,7,25,13,55,24,5,-5,13,-13,11,-11,0,5,0,11,7,20
2019-02-03,N1,Zwolle,Utrecht,2,4,3,19,10,5,4,993.127125774051,1077.2433014447,1,0,0,1,2,0,0,1,7,6,11,16,22,31,1,-1,9,-9,1,-1,3,4,4,5,10,19
2019-02-08,N1,NAC Breda,AZ Alkmaar,0,0,3,10,16,3,8,851.590535889195,1241.8509626288,0,1,0,0,3,1,1,0,5,12,11,22,16,34,-3,3,-6,6,-5,5,3,0,8,3,16,10
2019-02-09,N1,Feyenoord,Graafschap,2,4,0,28,13,16,2,1244.96555962723,926.876517553395,1,0,0,2,1,0,0,9,4,7,19,8,39,18,4,-4,15,-15,14,-14,0,4,2,16,13,28
2019-02-09,N1,Heerenveen,Zwolle,1,1,1,8,14,4,6,1000.75778435043,1032.72660708956,0,1,2,0,0,1,2,0,2,10,9,13,22,24,0,0,-6,6,-2,2,1,1,6,4,14,8
2019-02-09,N1,Heracles,Ajax,2,1,0,8,22,2,7,870.911018958256,1382.57721571761,0,0,2,1,0,0,2,1,3,10,6,25,26,50,1,-1,-14,14,-5,5,0,1,7,2,22,8
2019-02-09,N1,VVV Venlo,Willem II,2,2,1,15,10,6,5,968.613353217478,1022.55742256235,0,4,1,0,0,4,1,0,6,9,11,15,26,25,1,-1,5,-5,1,-1,1,2,5,6,10,15
2019-02-10,N1,FC Emmen,Den Haag,2,3,2,15,12,6,3,956.653664711666,967.528358000038,0,0,0,0,1,2,4,1,7,8,12,12,21,24,1,-1,3,-3,3,-3,2,3,3,6,12,15
2019-02-10,N1,For Sittard,Excelsior,2,4,1,12,18,6,7,957.526425484623,937.283752040452,1,0,0,3,2,0,0,3,7,6,13,10,23,22,3,-3,-6,6,-1,1,1,4,7,6,18,12
2019-02-10,N1,Groningen,Vitesse,2,2,1,8,7,3,1,1054.74815607575,1067.11384527798,1,0,0,1,1,0,0,3,7,8,17,15,21,30,1,-1,1,-1,2,-2,1,2,1,3,7,8
2019-02-10,N1,Utrecht,PSV Eindhoven,1,2,2,6,23,3,4,1037.64382012919,1451.81309340738,0,0,2,0,0,2,2,1,3,13,13,25,28,55,0,0,-17,17,-1,1,2,2,4,3,23,6
2019-02-15,N1,Den Haag,Zwolle,2,1,0,4,12,2,4,934.527088687824,1031.25852922713,1,0,0,0,1,2,0,1,5,10,12,14,24,25,1,-1,-8,8,-2,2,0,1,4,2,12,4
2019-02-16,N1,AZ Alkmaar,VVV Venlo,2,3,0,19,12,10,2,1252.28286764402,1005.54224260612,3,0,0,1,3,0,0,1,12,9,22,11,34,26,3,-3,7,-7,8,-8,0,3,2,10,12,19
2019-02-16,N1,Heerenveen,PSV Eindhoven,1,2,2,10,24,3,7,1002.22586221286,1438.5135526676,0,0,0,0,1,3,3,2,3,11,9,23,20,53,0,0,-14,14,-4,4,2,2,7,3,24,10
2019-02-16,N1,Heracles,For Sittard,2,6,0,22,11,12,5,931.713900906475,1008.88443100476,1,0,0,2,1,0,0,2,6,7,9,13,28,25,6,-6,11,-11,7,-7,0,6,5,12,11,22
2019-02-16,N1,Vitesse,Willem II,2,3,2,20,13,9,5,1033.97540387625,985.628533173702,0,0,0,1,8,0,1,1,5,9,15,15,27,25,1,-1,7,-7,4,-4,2,3,5,9,13,20
2019-02-17,N1,Ajax,NAC Breda,2,5,0,33,6,11,2,1321.77433376939,841.158630873975,1,0,0,2,10,0,0,10,7,4,22,8,49,16,5,-5,27,-27,9,-9,0,5,2,11,6,33
2019-02-17,N1,Excelsior,FC Emmen,2,2,1,12,14,6,5,885.925746520316,989.65493402388,2,0,0,1,2,0,0,1,6,7,10,14,21,21,1,-1,-2,2,1,-1,1,2,5,6,14,12
2019-02-17,N1,Graafschap,Utrecht,0,0,1,14,9,3,3,909.059372816165,1050.94336086897,2,0,0,2,3,0,0,2,7,1,8,11,15,29,-1,1,5,-5,0,0,1,0,3,3,9,14
2019-02-17,N1,Groningen,Feyenoord,2,1,0,21,4,7,1,1087.88659747748,1262.78270436446,2,0,0,2,2,0,0,3,10,7,17,19,24,42,1,-1,17,-17,6,-6,0,1,1,7,4,21
2019-02-22,N1,VVV Venlo,Heracles,0,0,1,28,6,6,3,984.317867803602,1032.95861408186,1,0,0,2,1,0,0,2,6,6,10,12,26,28,-1,1,22,-22,3,-3,1,0,3,6,6,28
2019-02-23,N1,For Sittard,Heerenveen,0,2,4,12,22,4,12,907.639717829374,1015.82401497897,2,0,0,0,3,2,0,3,6,4,13,10,25,20,-2,2,-10,10,-8,8,4,2,12,4,22,12
2019-02-23,N1,NAC Breda,Groningen,1,0,0,13,13,2,3,832.406015888656,1134.7595632369,0,1,1,0,0,1,2,0,1,12,8,17,13,27,0,0,0,0,-1,1,0,0,3,2,13,13
2019-02-23,N1,Utrecht,Excelsior,1,0,0,29,3,8,2,1070.55641708192,927.20546332053,0,0,0,4,1,0,3,4,4,9,14,13,29,24,0,0,26,-26,6,-6,0,0,2,8,3,29
2019-02-23,N1,Zwolle,Graafschap,0,0,3,12,11,3,5,990.572515619959,889.446316603216,2,0,0,3,3,0,0,10,10,6,14,8,25,15,-3,3,1,-1,-2,2,3,0,5,3,11,12
2019-02-24,N1,Den Haag,Ajax,0,1,5,10,17,1,11,975.213102294999,1330.52694875471,2,0,0,2,2,0,0,2,7,7,15,22,27,49,-4,4,-7,7,-10,10,5,1,11,1,17,10
2019-02-24,N1,FC Emmen,Vitesse,0,0,3,4,18,1,7,948.375217223667,1061.55101323888,1,0,0,2,2,0,0,4,7,7,11,15,21,29,-3,3,-14,14,-6,6,3,0,7,1,18,4
2019-02-24,N1,PSV Eindhoven,Feyenoord,1,1,1,20,14,10,6,1424.91539990149,1215.90973860504,11,0,0,3,17,0,0,4,9,6,21,16,51,39,0,0,6,-6,4,-4,1,1,6,10,14,20
2019-02-24,N1,Willem II,AZ Alkmaar,2,2,1,13,10,6,5,958.052923811073,1273.50724244654,0,2,1,0,0,2,1,0,6,15,12,22,22,34,1,-1,3,-3,1,-1,1,2,5,6,10,13
2019-03-01,N1,Graafschap,Den Haag,1,1,1,14,14,2,3,959.416589938419,960.438965584243,0,0,1,1,0,0,1,2,6,7,11,12,18,24,0,0,0,0,-1,1,1,1,3,2,14,14
2019-03-02,N1,Excelsior,PSV Eindhoven,0,0,2,7,18,1,6,933.456274779266,1416.30478514513,3,0,0,0,3,4,0,3,10,9,11,19,22,49,-2,2,-11,11,-5,5,2,0,6,1,18,7
2019-03-02,N1,Heracles,Utrecht,0,1,5,8,16,3,8,1060.50767703807,1064.30560562318,2,1,0,0,2,1,0,0,9,5,15,12,31,29,-4,4,-8,8,-5,5,5,1,8,3,16,8
2019-03-02,N1,Vitesse,NAC Breda,2,4,1,21,6,8,4,1098.92187960301,843.629980807998,1,0,0,3,9,0,0,11,7,2,15,9,31,14,3,-3,15,-15,4,-4,1,4,4,8,6,21
2019-03-03,N1,AZ Alkmaar,For Sittard,2,4,2,21,10,6,6,1218.46253487993,877.01357048106,4,0,0,3,4,0,0,3,12,6,21,10,33,25,2,-2,11,-11,0,0,2,4,6,6,10,21
2019-03-03,N1,Feyenoord,FC Emmen,2,4,0,23,11,11,3,1224.5203533614,911.004350859537,2,0,0,2,2,0,0,2,7,6,14,11,37,21,4,-4,12,-12,8,-8,0,4,3,11,11,23
2019-03-03,N1,Groningen,VVV Venlo,2,3,2,18,8,7,2,1123.53559831756,956.768804847391,3,0,0,2,3,0,0,2,10,3,18,10,25,25,1,-1,10,-10,5,-5,2,3,2,7,8,18
2019-03-03,N1,Heerenveen,Willem II,2,4,2,11,14,5,5,1046.45016232729,1013.09763137768,0,0,0,2,2,0,4,2,6,6,13,15,23,22,2,-2,-3,3,0,0,2,4,5,5,14,11
2019-03-08,N1,Utrecht,Groningen,1,0,0,15,11,3,3,1128.10346184695,1141.25597152786,0,0,0,0,2,2,4,1,8,13,14,18,31,28,0,0,4,-4,0,0,0,0,3,3,11,15
2019-03-09,N1,Den Haag,Heerenveen,0,2,3,19,16,7,9,960.391883581708,1086.11049641243,0,1,1,0,0,3,1,0,7,9,13,13,22,25,-1,1,3,-3,-2,2,3,2,9,7,16,19
2019-03-09,N1,PSV Eindhoven,NAC Breda,2,2,0,20,5,7,0,1421.43104710449,823.23443154459,0,0,0,4,18,0,1,12,9,1,22,9,49,14,2,-2,15,-15,7,-7,0,2,0,7,5,20
2019-03-09,N1,VVV Venlo,Excelsior,2,1,0,16,13,6,3,939.048431637087,928.330012819907,0,0,1,0,0,1,1,5,3,7,10,10,24,22,1,-1,3,-3,3,-3,0,1,3,6,13,16
2019-03-09,N1,Willem II,Graafschap,2,3,2,18,6,9,2,973.437297292544,959.463671940953,1,1,0,0,1,1,0,0,3,7,12,12,22,18,1,-1,12,-12,7,-7,2,3,2,9,6,18
2019-03-10,N1,Ajax,For Sittard,2,4,0,21,9,8,2,1345.30108546547,866.236093114263,2,0,0,4,11,0,0,4,9,3,22,10,49,24,4,-4,12,-12,6,-6,0,4,2,8,9,21
2019-03-10,N1,FC Emmen,Heracles,1,1,1,14,2,5,1,892.779091756363,996.709820814297,0,1,1,0,0,1,1,0,3,9,10,12,20,28,0,0,12,-12,4,-4,1,1,1,5,2,14
2019-03-10,N1,Vitesse,Feyenoord,1,1,1,19,19,7,7,1119.31742886641,1242.74561246458,2,0,0,0,10,1,0,5,10,7,17,14,34,37,0,0,0,0,0,0,1,1,7,7,19,19
2019-03-10,N1,Zwolle,AZ Alkmaar,1,0,0,11,14,4,5,920.602242284757,1229.24001224673,0,0,1,1,0,0,1,1,7,12,14,24,25,36,0,0,-3,3,-1,1,0,0,5,4,14,11
2019-03-13,N1,Ajax,Zwolle,2,2,1,17,7,7,3,1352.99656162251,931.971336004954,3,0,0,1,12,0,0,2,12,5,22,12,49,23,1,-1,10,-10,4,-4,1,2,3,7,7,17
2019-03-15,N1,For Sittard,FC Emmen,2,3,1,12,12,5,4,858.540616957216,897.427449544987,0,0,1,3,0,0,1,3,3,4,10,11,21,18,2,-2,0,0,1,-1,1,3,4,5,12,12
2019-03-16,N1,Feyenoord,Willem II,0,2,3,20,10,7,7,1237.28917138573,1004.15097234452,3,0,0,3,3,0,0,3,8,6,12,15,37,24,-1,1,10,-10,0,0,3,2,7,7,10,20
2019-03-16,N1,Heerenveen,Graafschap,0,0,3,9,7,4,4,1107.01161296543,928.749996888979,1,0,0,1,3,0,0,1,11,4,13,11,28,18,-3,3,2,-2,0,0,3,0,4,4,7,9
2019-03-16,N1,Heracles,Vitesse,2,3,2,12,24,7,6,992.061463025673,1124.77386994526,0,1,1,0,0,1,1,0,10,10,13,18,26,32,1,-1,-12,12,1,-1,2,3,6,7,24,12
2019-03-16,N1,NAC Breda,Utrecht,0,0,4,8,17,1,5,820.518469614934,1128.70886813174,0,2,0,0,1,2,3,0,1,9,6,12,14,32,-4,4,-9,9,-4,4,4,0,5,1,17,8
2019-03-17,N1,AZ Alkmaar,Ajax,2,1,0,17,15,8,6,1217.87091852653,1358.20548918948,5,1,0,0,5,1,0,0,10,12,22,22,36,49,1,-1,2,-2,2,-2,0,1,6,8,15,17
2019-03-17,N1,Excelsior,Zwolle,0,0,2,6,20,1,8,897.316902611775,926.762408437989,0,0,1,2,0,0,1,3,4,2,10,12,21,23,-2,2,-14,14,-7,7,2,0,8,1,20,6
2019-03-17,N1,Groningen,Den Haag,2,1,0,13,7,5,1,1140.65056524307,939.490767028708,4,0,0,0,4,1,0,3,11,4,18,12,29,22,1,-1,6,-6,4,-4,0,1,1,5,7,13
2019-03-17,N1,VVV Venlo,PSV Eindhoven,0,0,1,17,12,6,6,970.061541845219,1424.14700903415,1,1,0,0,1,5,0,0,6,9,12,22,24,49,-1,1,5,-5,0,0,1,0,6,6,12,17
2019-03-30,N1,AZ Alkmaar,Groningen,2,1,0,9,8,2,2,1262.1363298957,1155.94890417525,6,0,0,0,6,3,0,2,10,11,22,21,36,32,1,-1,1,-1,0,0,0,1,2,2,8,9
2019-03-30,N1,Den Haag,Vitesse,1,3,3,12,13,4,9,924.192428096528,1081.11232888543,0,0,2,1,0,0,2,1,4,10,9,15,21,31,0,0,-1,1,-5,5,3,3,9,4,13,12
2019-03-30,N1,Graafschap,Heracles,0,1,2,12,9,5,3,1009.03905040948,1035.72300408551,0,0,0,0,1,2,2,1,7,10,14,16,21,26,-1,1,3,-3,2,-2,2,1,3,5,9,12
2019-03-30,N1,Heerenveen,Excelsior,2,1,0,13,17,5,5,1026.72255944493,857.167386778497,0,0,1,1,0,0,1,6,10,4,13,10,27,20,1,-1,-4,4,0,0,0,1,5,5,17,13
2019-03-30,N1,Willem II,For Sittard,2,3,2,15,8,6,4,1054.89190568857,907.28661642495,2,0,0,5,2,0,0,5,9,3,18,10,26,23,1,-1,7,-7,2,-2,2,3,4,6,8,15
2019-03-31,N1,Ajax,PSV Eindhoven,2,3,1,16,11,7,3,1313.94007782031,1428.51485045402,4,2,0,0,13,6,0,0,12,11,19,22,49,49,2,-2,5,-5,4,-4,1,3,3,7,11,16
2019-03-31,N1,NAC Breda,VVV Venlo,1,1,1,13,13,5,3,801.808122328951,965.693700425345,0,0,1,3,0,0,4,3,1,3,5,12,14,21,0,0,0,0,2,-2,1,1,3,5,13,13
2019-03-31,N1,Utrecht,Feyenoord,2,3,2,12,15,5,4,1147.41921541773,1186.54823804168,0,0,0,0,3,2,5,6,11,5,12,12,35,34,1,-1,-3,3,1,-1,2,3,4,5,15,12
2019-03-31,N1,Zwolle,FC Emmen,2,3,0,15,13,6,3,966.911924271266,848.681450077253,0,0,0,4,1,0,2,4,4,1,14,8,23,18,3,-3,2,-2,3,-3,0,3,3,6,13,15
2019-04-02,N1,Groningen,Graafschap,2,1,0,16,13,8,4,1133.4355649261,979.491912414709,5,1,0,0,5,1,0,0,8,7,20,13,31,18,1,-1,3,-3,4,-4,0,1,4,8,13,16
2019-04-02,N1,Heracles,Willem II,0,3,4,14,14,5,8,1065.27014208027,1074.05984662859,1,1,0,0,1,1,0,0,10,12,16,18,26,29,-1,1,0,0,-3,3,4,3,8,5,14,14
2019-04-02,N1,Vitesse,AZ Alkmaar,1,2,2,14,8,3,4,1074.34023570109,1284.64966914485,0,0,0,0,11,1,1,2,8,10,15,25,32,38,0,0,6,-6,-1,1,2,2,4,3,8,14
2019-04-03,N1,Excelsior,NAC Breda,0,1,2,14,22,5,12,839.651954357769,808.841279970325,0,0,2,5,0,0,2,13,1,2,10,3,17,15,-1,1,-8,8,-7,7,2,1,12,5,22,14
2019-04-03,N1,FC Emmen,Ajax,0,2,5,15,17,3,10,812.022063440752,1371.75830049294,0,0,0,1,1,0,2,1,1,12,8,19,18,49,-3,3,-2,2,-7,7,5,2,10,3,17,15
2019-04-03,N1,For Sittard,Den Haag,1,0,0,15,10,2,1,888.118675484933,930.964521280863,1,0,0,1,1,0,0,4,3,2,9,9,23,21,0,0,5,-5,1,-1,0,0,1,2,10,15
2019-04-03,N1,VVV Venlo,Utrecht,0,2,6,13,21,5,8,958.660542783971,1183.00797137866,0,3,1,0,0,3,1,0,4,11,10,15,22,37,-4,4,-8,8,-3,3,6,2,8,5,21,13
2019-04-04,N1,Feyenoord,Heerenveen,2,3,0,24,7,9,1,1150.95948208075,1044.23799186566,0,2,1,0,0,4,1,0,5,12,11,16,31,29,3,-3,17,-17,8,-8,0,3,1,9,7,24
2019-04-04,N1,PSV Eindhoven,Zwolle,2,4,0,13,4,8,1,1370.69662778139,1003.57131090777,1,1,0,0,19,1,0,0,10,7,19,17,46,25,4,-4,9,-9,7,-7,0,4,1,8,4,13
2019-04-06,N1,Den Haag,Utrecht,2,5,0,12,16,6,4,929.001339039531,1210.82265248547,0,4,0,0,1,4,3,0,3,13,10,18,19,37,5,-5,-4,4,2,-2,0,5,4,6,16,12
2019-04-06,N1,Graafschap,AZ Alkmaar,1,1,1,9,8,3,4,960.810270742273,1275.99648866829,0,0,1,0,0,2,3,3,4,11,10,23,18,39,0,0,1,-1,-1,1,1,1,4,3,8,9
2019-04-06,N1,Groningen,Excelsior,2,1,0,10,8,3,1,1152.11720659853,804.821601961987,6,0,0,2,6,0,0,7,10,0,20,10,34,17,1,-1,2,-2,2,-2,0,1,1,3,8,10
2019-04-06,N1,Heracles,NAC Breda,2,1,0,21,6,5,0,1034.07953111662,843.671632366108,0,1,1,0,0,1,1,0,7,4,16,6,26,18,1,-1,15,-15,5,-5,0,1,0,5,6,21
2019-04-06,N1,Willem II,Ajax,0,1,4,13,13,4,5,1105.25045759224,1375.94005033546,3,1,0,0,3,1,0,0,12,12,18,21,31,49,-3,3,0,0,-1,1,4,1,5,4,13,13
2019-04-07,N1,FC Emmen,Heerenveen,2,2,0,13,5,5,2,807.840313598235,1005.94915447889,0,0,1,1,0,0,3,1,1,9,7,15,17,26,2,-2,8,-8,3,-3,0,2,2,5,5,13
2019-04-07,N1,Vitesse,PSV Eindhoven,1,3,3,16,16,5,9,1082.99341617766,1384.60432137126,0,0,0,1,12,0,2,1,6,12,13,21,30,46,0,0,0,0,-4,4,3,3,9,5,16,16
2019-04-07,N1,VVV Venlo,Feyenoord,0,0,3,15,15,3,9,930.845861677162,1189.24831946751,0,0,2,1,0,0,2,7,4,7,7,14,22,33,-3,3,0,0,-6,6,3,0,9,3,15,15
2019-04-07,N1,Zwolle,For Sittard,2,5,0,19,3,10,0,989.663617317893,890.081857726264,1,0,0,6,2,0,0,6,7,4,14,10,22,23,5,-5,16,-16,10,-10,0,5,0,10,3,19
2019-04-12,N1,NAC Breda,FC Emmen,1,1,1,21,15,5,11,827.64117728503,874.306902345525,0,0,0,5,1,0,5,5,4,4,5,7,17,20,0,0,6,-6,-6,6,1,1,11,5,15,21
2019-04-13,N1,Ajax,Excelsior,2,6,2,22,9,13,4,1394.90646585942,797.187198680972,5,0,0,3,14,0,0,8,12,0,24,7,49,14,4,-4,13,-13,9,-9,2,6,4,13,9,22
2019-04-13,N1,AZ Alkmaar,Den Haag,0,2,3,36,11,11,5,1264.48008164418,1052.56836201609,7,0,0,0,7,1,0,5,9,5,21,12,40,22,-1,1,25,-25,6,-6,3,2,5,11,11,36
2019-04-13,N1,Feyenoord,Heracles,2,2,1,22,14,12,3,1209.34862696217,1050.1099861977,1,1,0,0,1,3,0,0,7,10,14,19,33,26,1,-1,8,-8,9,-9,1,2,3,12,14,22
2019-04-13,N1,For Sittard,VVV Venlo,1,1,1,13,15,5,3,836.74206843944,910.745554182505,0,0,0,0,2,1,1,4,4,4,7,7,20,19,0,0,-2,2,2,-2,1,1,3,5,15,13
2019-04-14,N1,Heerenveen,Groningen,1,1,1,16,12,5,6,939.482565731603,1159.75160987955,1,0,0,1,1,0,0,3,6,10,15,23,26,37,0,0,4,-4,-1,1,1,1,6,5,12,16
2019-04-14,N1,PSV Eindhoven,Graafschap,2,2,1,26,5,10,1,1373.39775268547,972.326677766383,2,0,0,1,20,0,0,1,10,4,19,11,44,19,1,-1,21,-21,9,-9,1,2,1,10,5,26
2019-04-14,N1,Utrecht,Vitesse,1,0,0,9,10,1,5,1087.25562950891,1094.19998486345,1,0,0,0,4,1,0,2,10,4,18,14,34,31,0,0,-1,1,-4,4,0,0,5,1,10,9
2019-04-14,N1,Willem II,Zwolle,2,2,0,15,6,7,2,1086.28404206827,1043.00340660472,0,0,1,1,0,0,1,1,12,9,15,14,30,25,2,-2,9,-9,5,-5,0,2,2,7,6,15
2019-04-19,N1,Heracles,Heerenveen,2,2,1,11,19,7,10,1031.82898102411,948.455210228833,1,0,0,2,1,0,0,2,9,4,19,15,25,24,1,-1,-8,8,-3,3,1,2,10,7,19,11
2019-04-20,N1,FC Emmen,Utrecht,2,2,0,10,13,7,5,872.170696902559,1087.57538631164,1,0,0,1,1,0,0,1,4,10,8,19,20,32,2,-2,-3,3,2,-2,0,2,5,7,13,10
2019-04-20,N1,Feyenoord,AZ Alkmaar,2,2,1,18,7,11,2,1227.62963213576,1215.06956974637,2,0,0,0,2,3,0,4,9,8,17,18,36,40,1,-1,11,-11,9,-9,1,2,2,11,7,18
2019-04-20,N1,Groningen,Ajax,0,0,1,12,16,2,5,1150.77896538232,1398.91157588863,7,2,0,0,7,2,0,0,10,12,21,24,38,49,-1,1,-4,4,-3,3,1,0,5,2,16,12
2019-04-20,N1,Vitesse,Zwolle,2,4,1,10,11,5,3,1093.88022806072,1004.58111954858,0,0,0,2,13,0,3,2,4,9,14,11,29,24,3,-3,-1,1,2,-2,1,4,3,5,11,10
2019-04-20,N1,VVV Venlo,Graafschap,2,4,1,14,14,9,5,907.38818786156,966.541025249872,0,0,3,2,0,0,3,2,2,4,8,8,19,16,3,-3,0,0,4,-4,1,4,5,9,14,14
2019-04-21,N1,Excelsior,Willem II,1,1,1,12,11,3,4,793.182088651768,1124.70632912441,0,2,3,0,0,2,3,0,0,12,4,18,14,33,0,0,1,-1,-1,1,1,1,4,3,11,12
2019-04-21,N1,For Sittard,NAC Breda,2,2,1,19,18,5,3,840.099434760385,829.777382727996,0,0,0,1,3,0,2,1,5,5,8,6,21,17,1,-1,1,-1,2,-2,1,2,3,5,18,19
2019-04-21,N1,PSV Eindhoven,Den Haag,2,3,1,22,5,10,1,1379.18340520198,1101.97887391389,3,1,0,0,21,2,0,0,10,8,19,12,44,24,2,-2,17,-17,9,-9,1,3,1,10,5,22
2019-04-23,N1,Ajax,Vitesse,2,4,2,20,9,9,4,1411.28619275452,1134.69661394488,6,0,0,0,15,2,0,3,15,7,27,17,49,32,2,-2,11,-11,5,-5,2,4,4,9,9,20
2019-04-23,N1,AZ Alkmaar,Heracles,2,2,1,16,7,7,4,1184.2258905639,1056.29405396389,0,0,1,1,0,0,1,1,5,9,15,19,37,28,1,-1,9,-9,3,-3,1,2,4,7,7,16
2019-04-23,N1,Graafschap,FC Emmen,2,1,0,7,14,2,4,902.813803324678,940.199005194218,0,0,0,0,1,1,4,6,1,7,8,8,16,22,1,-1,-7,7,-2,2,0,1,4,2,14,7
2019-04-23,N1,Heerenveen,VVV Venlo,1,2,2,12,7,6,4,923.990137289056,971.115409786754,0,0,0,0,2,2,1,5,4,5,14,8,23,19,0,0,5,-5,2,-2,2,2,4,6,7,12
2019-04-24,N1,NAC Breda,Feyenoord,0,0,4,5,27,1,5,798.727799244865,1258.47331131824,0,1,0,0,2,1,6,0,5,12,6,17,14,36,-4,4,-22,22,-4,4,4,0,5,1,27,5
2019-04-24,N1,Utrecht,For Sittard,2,2,1,23,16,6,3,1019.54707801998,871.149018243515,0,0,0,7,5,0,1,7,7,5,18,8,29,21,1,-1,7,-7,3,-3,1,2,3,6,16,23
2019-04-25,N1,Den Haag,Excelsior,2,3,1,12,18,7,4,1087.19175195738,805.048970876156,1,0,0,4,2,0,0,9,8,1,12,5,24,15,2,-2,-6,6,3,-3,1,3,4,7,18,12
2019-04-25,N1,Willem II,PSV Eindhoven,0,0,3,3,13,0,6,1112.83944690002,1393.9705271585,1,0,0,0,1,1,0,2,10,10,19,21,34,44,-3,3,-10,10,-6,6,3,0,6,0,13,3
2019-04-29,N1,Zwolle,Groningen,2,3,2,16,16,5,4,963.764733664422,1138.40434851642,2,0,0,0,3,1,0,4,6,7,10,18,24,35,1,-1,0,0,1,-1,2,3,4,5,16,16
2019-05-12,N1,Ajax,Utrecht,2,4,1,25,11,12,4,1426.11688698415,1038.65379951184,7,0,0,2,16,0,0,2,15,7,27,18,49,32,3,-3,14,-14,8,-8,1,4,4,12,11,25
2019-05-12,N1,AZ Alkmaar,PSV Eindhoven,2,1,0,13,15,2,5,1204.9480816295,1412.01357180384,1,1,0,0,1,2,0,0,5,13,15,23,37,44,1,-1,-2,2,-3,3,0,1,5,2,15,13
2019-05-12,N1,Feyenoord,Den Haag,0,0,2,29,12,7,5,1267.01408872888,1101.63267080738,3,0,0,1,3,0,0,1,15,10,20,12,36,27,-2,2,17,-17,2,-2,2,0,5,7,12,29
2019-05-12,N1,Groningen,For Sittard,2,3,0,16,14,7,3,1091.54990967452,852.042296751654,0,0,1,8,0,0,1,8,7,5,15,8,32,21,3,-3,2,-2,4,-4,0,3,3,7,14,16
2019-05-12,N1,Heerenveen,NAC Breda,2,2,1,19,17,3,6,926.147124747673,790.187021834217,0,0,0,2,3,0,2,2,2,4,14,6,24,14,1,-1,2,-2,-3,3,1,2,6,3,17,19
2019-05-12,N1,Heracles,Excelsior,0,4,5,18,12,10,8,1035.57186289829,790.60805202616,2,0,0,5,2,0,0,10,6,1,16,2,28,15,-1,1,6,-6,2,-2,5,4,8,10,12,18
2019-05-12,N1,Vitesse,Graafschap,2,6,1,20,11,9,3,1119.86591971525,938.243879537638,1,0,0,3,14,0,0,3,6,4,14,11,29,19,5,-5,9,-9,6,-6,1,6,3,9,11,20
2019-05-12,N1,Willem II,FC Emmen,0,2,3,8,14,4,6,1094.79640225468,904.768928981258,0,0,1,1,0,0,1,7,7,7,19,8,31,19,-1,1,-6,6,-2,2,3,2,6,4,14,8
2019-05-12,N1,Zwolle,VVV Venlo,0,2,4,11,13,6,8,1010.61917250633,968.958422328138,3,0,0,0,4,3,0,6,6,5,13,9,27,19,-2,2,-2,2,-2,2,4,2,8,6,13,11
2019-05-15,N1,Den Haag,Willem II,2,6,2,24,13,8,7,1164.9209346928,1046.85318388707,2,0,0,0,3,3,0,1,12,4,15,16,27,31,4,-4,11,-11,1,-1,2,6,7,8,13,24
2019-05-15,N1,Excelsior,AZ Alkmaar,2,4,2,13,19,9,4,842.050334666286,1254.04198748031,0,0,0,1,1,0,4,5,4,7,4,18,15,39,2,-2,-6,6,5,-5,2,4,4,9,19,13
2019-05-15,N1,FC Emmen,Groningen,2,1,0,15,9,7,4,952.712147348866,1113.49508024584,2,0,0,1,2,0,0,5,10,7,11,17,22,35,1,-1,6,-6,3,-3,0,1,4,7,9,15
2019-05-15,N1,For Sittard,Feyenoord,0,1,4,16,17,8,9,830.097126180332,1203.72582484346,1,2,0,0,4,2,0,0,4,12,8,19,18,33,-3,3,-1,1,-1,1,4,1,9,8,17,16
2019-05-15,N1,Graafschap,Ajax,0,1,4,11,16,3,9,899.759719403452,1436.70169940445,1,3,0,0,2,3,0,0,4,15,8,27,19,49,-3,3,-5,5,-6,6,4,1,9,3,16,11
2019-05-15,N1,NAC Breda,Zwolle,1,0,0,10,17,2,5,770.107073689989,961.527679787498,0,0,1,3,0,0,7,3,1,6,5,13,14,27,0,0,-7,7,-3,3,0,0,5,2,17,10
2019-05-15,N1,PSV Eindhoven,Heracles,2,3,1,22,6,8,4,1362.91966595303,984.129580258159,4,0,0,2,22,0,0,2,10,6,22,13,41,28,2,-2,16,-16,4,-4,1,3,4,8,6,22
2019-05-15,N1,Utrecht,Heerenveen,2,3,1,16,11,9,5,1028.06898709155,946.2270728919,1,0,0,3,6,0,0,3,4,5,17,14,29,27,2,-2,5,-5,4,-4,1,3,5,9,11,16
2019-05-15,N1,VVV Venlo,Vitesse,0,1,3,9,21,2,6,1018.04991504696,1158.35007984943,1,0,0,1,1,0,0,4,8,8,12,14,22,29,-2,2,-12,12,-4,4,3,1,6,2,21,9
2023-08-19,I1,Empoli,Verona,0,0,1,10,10,4,4,1000,1000,0,0,0,0,0,0,0,0,0,0,0,0,0,0,-1,1,0,0,0,0,1,0,4,4,10,10
2023-08-19,I1,Frosinone,Napoli,0,1,3,4,19,1,8,1000,1000,0,0,0,0,0,0,0,0,0,0,0,0,0,0,-2,2,-15,15,-7,7,3,1,8,1,19,4
2023-08-19,I1,Genoa,Fiorentina,0,1,4,4,9,2,5,1000,1000,0,0,0,0,0,0,0,0,0,0,0,0,0,0,-3,3,-5,5,-3,3,4,1,5,2,9,4
2023-08-19,I1,Inter,Monza,2,2,0,22,12,3,2,1000,1000,0,0,0,0,0,0,0,0,0,0,0,0,0,0,2,-2,10,-10,1,-1,0,2,2,3,12,22
2023-08-20,I1,Roma,Salernitana,1,2,2,13,3,3,2,1000,1000,0,0,0,0,0,0,0,0,0,0,0,0,0,0,0,0,10,-10,1,-1,2,2,2,3,3,13
2023-08-20,I1,Sassuolo,Atalanta,0,0,2,11,16,3,6,1000,1000,0,0,0,0,0,0,0,0,0,0,0,0,0,0,-2,2,-5,5,-3,3,2,0,6,3,16,11
2023-08-20,I1,Lecce,Lazio,2,2,1,23,10,7,4,1000,1000,0,0,0,0,0,0,0,0,0,0,0,0,0,0,1,-1,13,-13,3,-3,1,2,4,7,10,23
2023-08-20,I1,Udinese,Juventus,0,0,3,18,9,5,4,1000,1000,0,0,0,0,0,0,0,0,0,0,0,0,0,0,-3,3,9,-9,1,-1,3,0,4,5,9,18
2023-08-21,I1,Torino,Cagliari,1,0,0,11,8,2,2,1000,1000,0,0,0,0,0,0,0,0,0,0,0,0,0,0,0,0,3,-3,0,0,0,0,2,2,8,11
2023-08-21,I1,Bologna,Milan,0,0,2,17,10,5,6,1000,1000,0,0,0,0,0,0,0,0,0,0,0,0,0,0,-2,2,7,-7,-1,1,2,0,6,5,10,17
2023-08-26,I1,Frosinone,Atalanta,2,2,1,13,18,5,6,956.142381974524,1043.85761802548,0,1,1,0,0,1,1,0,0,3,0,3,0,3,1,-1,-5,5,-1,1,1,2,6,5,18,13
2023-08-26,I1,Monza,Empoli,2,2,0,20,18,5,6,956.142381974524,968,0,0,0,0,0,0,0,0,0,0,0,0,0,0,2,-2,2,-2,-1,1,0,2,6,5,18,20
2023-08-26,I1,Milan,Torino,2,4,1,17,8,7,1,1043.85761802548,1000,0,0,0,0,0,0,0,0,3,1,3,1,3,1,3,-3,9,-9,6,-6,1,4,1,7,8,17
2023-08-26,I1,Verona,Roma,2,2,1,5,23,3,7,1032,1000,0,0,0,0,0,0,0,0,3,1,3,1,3,1,1,-1,-18,18,-4,4,1,2,7,3,23,5
2023-08-27,I1,Fiorentina,Lecce,1,2,2,9,6,4,2,1054.53159496449,1032,0,0,0,0,0,0,0,0,3,3,3,3,3,3,0,0,3,-3,2,-2,2,2,2,4,6,9
2023-08-27,I1,Juventus,Bologna,1,1,1,14,9,3,4,1054.53159496449,956.142381974524,0,0,0,0,0,0,0,0,3,0,3,0,3,0,0,0,5,-5,-1,1,1,1,4,3,9,14
2023-08-27,I1,Lazio,Genoa,0,0,1,16,5,2,3,968,945.468405035509,0,0,0,0,0,0,0,0,0,0,0,0,0,0,-1,1,11,-11,-1,1,1,0,3,2,5,16
2023-08-27,I1,Napoli,Sassuolo,2,2,0,25,6,5,1,1043.85761802548,956.142381974524,0,0,0,0,0,0,0,0,3,0,3,0,3,0,2,-2,19,-19,4,-4,0,2,1,5,6,25
2023-08-28,I1,Salernitana,Udinese,1,1,1,9,14,4,6,1000,945.468405035509,0,0,0,0,0,0,0,0,1,0,1,0,1,0,0,0,-5,5,-2,2,1,1,6,4,14,9
2023-08-28,I1,Cagliari,Inter,0,0,2,12,17,2,3,1000,1043.85761802548,0,0,0,0,0,0,0,0,1,3,1,3,1,3,-2,2,-5,5,-1,1,2,0,3,2,17,12
2023-09-01,I1,Sassuolo,Verona,2,3,1,16,11,7,3,923.127865108906,1061.06099694205,0,1,1,0,0,1,1,0,0,6,0,6,0,6,2,-2,5,-5,4,-4,1,3,3,7,11,16
2023-09-01,I1,Roma,Milan,0,1,2,13,9,2,4,970.939003057951,1091.54189164178,0,1,0,0,1,1,1,0,1,6,1,6,1,6,-1,1,4,-4,-2,2,2,1,4,2,9,13
2023-09-02,I1,Bologna,Cagliari,2,2,1,16,7,7,1,960.556015153596,961.64941334564,0,0,1,0,0,1,1,1,1,1,1,1,1,1,1,-1,9,-9,6,-6,1,2,1,7,7,16
2023-09-02,I1,Udinese,Frosinone,1,0,0,12,12,6,2,947.959257476115,996.053874954236,0,0,1,0,0,0,1,0,1,3,1,3,1,3,0,0,0,0,4,-4,0,0,2,6,12,12
2023-09-02,I1,Atalanta,Monza,2,3,0,18,8,8,2,1003.94612504576,1001.49623436177,0,0,0,1,0,0,0,1,3,3,3,3,3,3,3,-3,10,-10,6,-6,0,3,2,8,8,18
2023-09-02,I1,Napoli,Lazio,0,1,2,22,6,4,2,1076.87213489109,933.927667780676,1,0,0,1,1,0,0,1,6,0,6,0,6,0,-1,1,16,-16,2,-2,2,1,2,4,6,22
2023-09-03,I1,Inter,Fiorentina,2,4,0,21,6,11,2,1082.20820467984,1053.49542885483,1,1,0,0,1,1,0,0,6,4,6,4,6,4,4,-4,15,-15,9,-9,0,4,2,11,6,21
2023-09-03,I1,Torino,Genoa,2,1,0,10,7,3,2,952.315726383695,979.540737254833,0,1,0,0,1,1,1,0,1,3,1,3,1,3,1,-1,3,-3,1,-1,0,1,2,3,7,10
2023-09-03,I1,Empoli,Juventus,0,0,2,7,18,0,5,922.646147612754,1050.11796178542,0,1,1,0,0,1,1,0,0,4,0,4,0,4,-2,2,-11,11,-5,5,2,0,5,0,18,7
2023-09-03,I1,Lecce,Salernitana,2,2,0,20,11,6,4,1033.03616610966,997.509147559394,1,0,0,0,1,1,0,1,4,2,4,2,4,2,2,-2,9,-9,2,-2,0,2,4,6,11,20
2023-09-16,I1,Juventus,Lazio,2,3,1,17,16,7,5,1078.56965313528,978.397551592972,0,1,0,0,1,1,1,0,7,3,7,3,7,3,2,-2,1,-1,2,-2,1,3,5,7,16,17
2023-09-16,I1,Inter,Milan,2,5,1,14,9,7,2,1141.39258540973,1112.85959970673,2,2,0,0,2,2,0,0,9,9,9,9,9,9,4,-4,5,-5,5,-5,1,5,2,7,9,14
2023-09-16,I1,Genoa,Napoli,1,2,2,8,12,3,4,945.038340789245,1032.4022510788,0,1,1,0,0,1,1,0,3,6,3,6,3,6,0,0,-4,4,-1,1,2,2,4,3,12,8
2023-09-17,I1,Cagliari,Udinese,1,0,0,10,11,1,1,929.548707982991,950.160057032303,0,0,1,0,0,1,1,1,1,2,1,2,1,2,0,0,-1,1,0,0,0,0,1,1,11,10
2023-09-17,I1,Frosinone,Sassuolo,2,4,2,16,18,6,7,993.853075398049,983.536563002483,1,0,0,1,1,0,0,1,4,3,4,3,4,3,2,-2,-2,2,-1,1,2,4,7,6,18,16
2023-09-17,I1,Monza,Lecce,1,1,1,25,4,6,3,947.349154507099,1072.42468987522,1,0,0,0,1,1,0,1,3,7,3,7,3,7,0,0,21,-21,3,-3,1,1,3,6,4,25
2023-09-17,I1,Fiorentina,Atalanta,2,3,2,15,11,8,4,994.311048124933,1058.09320490044,0,0,0,1,1,0,1,1,4,6,4,6,4,6,1,-1,4,-4,4,-4,2,3,4,8,11,15
2023-09-17,I1,Roma,Empoli,2,7,0,14,8,9,2,949.621294992997,894.194456262893,0,0,1,1,0,0,2,1,1,0,1,0,1,0,7,-7,6,-6,7,-7,0,7,2,9,8,14
2023-09-18,I1,Salernitana,Torino,0,0,3,14,11,4,3,958.120623793837,986.818122849282,0,0,0,1,1,0,1,1,2,4,2,4,2,4,-3,3,3,-3,1,-1,3,0,3,4,11,14
2023-09-18,I1,Verona,Bologna,1,0,0,9,11,1,4,1000.65229904847,992.656720516244,1,0,0,0,1,1,0,1,6,4,6,4,6,4,0,0,-2,2,-3,3,0,0,4,1,11,9
2023-09-22,I1,Salernitana,Frosinone,1,1,1,19,9,6,3,908.083016459405,1036.40879819594,0,0,1,0,0,1,2,1,2,7,2,7,2,7,0,0,10,-10,3,-3,1,1,3,6,9,19
2023-09-22,I1,Lecce,Genoa,2,1,0,18,8,3,1,1066.90131706474,948.978893282616,2,0,0,1,2,0,0,1,8,4,8,4,8,4,1,-1,10,-10,2,-2,0,1,1,3,8,18
2023-09-23,I1,Milan,Verona,2,1,0,9,10,4,2,1053.64206567919,1000.28415403776,1,0,0,1,1,0,0,1,9,7,9,7,9,7,1,-1,-1,1,2,-2,0,1,2,4,10,9
2023-09-23,I1,Sassuolo,Juventus,2,4,2,18,15,7,2,940.980840204593,1110.12141943909,1,2,0,0,1,2,0,0,3,10,3,10,3,10,2,-2,3,-3,5,-5,2,4,2,7,15,18
2023-09-23,I1,Lazio,Monza,1,1,1,8,16,1,4,946.845785289166,952.872527317581,0,0,1,2,0,0,1,2,3,4,3,4,3,4,0,0,-8,8,-3,3,1,1,4,1,16,8
2023-09-24,I1,Empoli,Inter,0,0,1,7,23,1,6,816.838637194868,1200.61011943728,0,1,2,0,0,1,2,0,0,12,0,12,0,12,-1,1,-16,16,-5,5,1,0,6,1,23,7
2023-09-24,I1,Atalanta,Cagliari,2,2,0,10,11,6,1,1020.28376734392,930.496783737177,1,0,0,1,1,0,0,2,6,2,6,2,6,2,2,-2,-1,1,5,-5,0,2,1,6,11,10
2023-09-24,I1,Udinese,Fiorentina,0,0,2,20,6,8,2,949.211981278117,1032.12048568145,0,0,0,1,1,0,2,1,3,7,3,7,3,7,-2,2,14,-14,6,-6,2,0,2,8,6,20
2023-09-24,I1,Bologna,Napoli,1,0,0,5,12,2,4,993.024865526956,1028.46169858543,1,0,0,0,1,2,0,1,5,7,5,7,5,7,0,0,-7,7,-2,2,0,0,4,2,12,5
2023-09-24,I1,Torino,Roma,1,1,1,13,11,4,3,1036.85573018371,1026.97711406102,1,0,0,1,2,0,0,1,7,4,7,4,7,4,0,0,2,-2,1,-1,1,1,3,4,11,13
2023-09-26,I1,Juventus,Lecce,2,1,0,14,2,5,0,1046.45360403689,1088.43895558583,1,0,0,0,2,2,0,2,10,11,10,11,10,11,1,-1,12,-12,5,-5,0,1,0,5,2,14
2023-09-27,I1,Cagliari,Milan,0,1,3,16,17,6,6,897.727438692034,1080.76589623921,0,0,0,1,1,0,2,1,2,12,2,12,2,12,-2,2,-1,1,0,0,3,1,6,6,17,16
2023-09-27,I1,Empoli,Salernitana,2,1,0,13,14,6,2,810.507093339399,913.737803055274,0,0,3,1,0,0,3,2,0,3,0,3,0,3,1,-1,-1,1,4,-4,0,1,2,6,14,13
2023-09-27,I1,Verona,Atalanta,0,0,1,11,8,2,2,973.16032347774,1053.05311238907,0,0,0,2,2,0,1,2,7,9,7,9,7,9,-1,1,3,-3,0,0,1,0,2,2,8,11
2023-09-27,I1,Inter,Sassuolo,0,1,2,13,13,3,6,1206.94166329275,1004.64865560679,3,0,0,2,3,0,0,2,15,6,15,6,15,6,-1,1,0,0,-3,3,2,1,6,3,13,13
2023-09-27,I1,Lazio,Torino,2,2,0,6,7,3,2,947.123299182517,1036.40092565219,0,1,0,0,1,1,2,0,4,8,4,8,4,8,2,-2,-1,1,1,-1,0,2,2,3,7,6
2023-09-27,I1,Napoli,Udinese,2,4,1,23,13,10,3,1026.83540767592,915.625868980433,0,0,1,0,0,2,1,2,8,3,8,3,8,3,3,-3,10,-10,7,-7,1,4,3,10,13,23
2023-09-28,I1,Frosinone,Fiorentina,1,1,1,11,19,3,6,1030.75401160007,1065.70659797913,2,1,0,0,2,1,0,0,8,10,8,10,8,10,0,0,-8,8,-3,3,1,1,6,3,19,11
2023-09-28,I1,Monza,Bologna,1,0,0,12,7,3,5,952.59501342423,994.651156436463,0,0,0,0,2,2,1,2,5,6,5,6,5,6,0,0,5,-5,-2,2,0,0,5,3,7,12
2023-09-28,I1,Genoa,Roma,2,4,1,8,13,4,3,927.441254761521,1027.43191859255,0,0,0,0,1,1,2,2,4,5,4,5,4,5,3,-3,-5,5,1,-1,1,4,3,4,13,8
2023-09-30,I1,Lecce,Napoli,0,0,4,9,15,4,6,1052.5906759445,1064.48481763792,3,0,0,0,3,3,0,2,8,8,11,11,11,11,-4,4,-6,6,-2,2,4,0,6,4,15,9
2023-09-30,I1,Milan,Lazio,2,2,0,14,13,7,4,1103.44239331683,1002.00898045145,2,0,0,1,2,0,0,1,12,7,15,7,15,7,2,-2,1,-1,3,-3,0,2,4,7,13,14
2023-09-30,I1,Salernitana,Inter,0,0,4,12,16,3,6,872.500154308399,1158.16419095929,0,2,0,0,1,2,3,0,2,12,3,15,3,15,-4,4,-4,4,-3,3,4,0,6,3,16,12
2023-10-01,I1,Bologna,Empoli,2,3,0,21,12,9,4,992.723803774834,851.744742086275,0,0,0,2,2,0,1,2,7,3,7,3,7,3,3,-3,9,-9,5,-5,0,3,4,9,12,21
2023-10-01,I1,Udinese,Genoa,1,2,2,11,8,2,4,877.976459018433,997.247435028049,0,0,1,2,0,0,3,2,3,7,3,7,3,7,0,0,3,-3,-2,2,2,2,4,2,8,11
2023-10-01,I1,Atalanta,Juventus,1,0,0,15,5,2,3,1077.82172548702,1082.30188367822,2,0,0,1,2,0,0,1,9,10,12,13,12,13,0,0,10,-10,-1,1,0,0,3,2,5,15
2023-10-01,I1,Roma,Frosinone,2,2,0,11,8,5,0,957.625738326022,1032.35822940588,1,0,0,0,1,2,0,2,4,9,5,9,5,9,2,-2,3,-3,5,-5,0,2,0,5,8,11
2023-10-02,I1,Sassuolo,Monza,0,0,1,19,13,7,4,1053.42612794025,954.522366085859,2,0,0,0,2,1,0,3,9,6,9,6,9,6,-1,1,6,-6,3,-3,1,0,4,7,13,19
2023-10-02,I1,Torino,Verona,1,0,0,8,5,2,2,981.515244383259,948.391710379791,0,0,0,2,3,0,1,2,7,4,8,7,8,7,0,0,3,-3,0,0,0,0,2,2,5,8
2023-10-02,I1,Fiorentina,Cagliari,2,3,0,14,6,2,4,1064.10238017331,875.05094161441,1,0,0,2,2,0,0,3,8,1,11,2,11,2,3,-3,8,-8,-2,2,0,3,4,2,6,14
2023-10-06,I1,Empoli,Udinese,1,0,0,18,11,3,1,818.201019168864,883.263033762395,1,0,0,1,1,0,0,3,3,3,3,4,3,4,0,0,7,-7,2,-2,0,0,1,3,11,18
2023-10-06,I1,Lecce,Sassuolo,1,1,1,13,14,4,1,990.295082795102,1012.55509403438,0,1,1,0,0,1,1,0,7,9,11,9,11,9,0,0,-1,1,3,-3,1,1,1,4,14,13
2023-10-07,I1,Inter,Bologna,1,2,2,14,8,5,3,1179.04576215604,1026.26752669225,0,0,1,0,0,3,1,3,12,9,18,10,18,10,0,0,6,-6,2,-2,2,2,3,5,8,14
2023-10-07,I1,Juventus,Torino,2,2,0,17,10,6,1,1082.09557620367,979.994454060589,2,0,0,1,3,0,0,1,10,8,14,9,14,9,2,-2,7,-7,5,-5,0,2,1,6,10,17
2023-10-07,I1,Genoa,Milan,0,0,1,7,12,1,3,991.960860284088,1134.84762626401,1,1,0,0,2,1,0,0,5,12,8,18,8,18,-1,1,-5,5,-2,2,1,0,3,1,12,7
2023-10-08,I1,Monza,Salernitana,2,3,0,16,8,7,5,995.393399991722,851.618583111649,0,0,0,2,3,0,2,3,6,1,9,3,9,3,3,-3,8,-8,2,-2,0,3,5,7,8,16
2023-10-08,I1,Frosinone,Verona,2,2,1,11,16,2,4,979.209797449913,949.912500702461,0,0,0,0,3,1,1,3,6,2,9,8,9,8,1,-1,-5,5,-2,2,1,2,4,2,16,11
2023-10-08,I1,Lazio,Atalanta,2,3,2,12,12,4,4,970.603747504269,1078.02803296156,1,1,0,0,2,1,0,0,7,10,7,13,7,13,1,-1,0,0,0,0,2,3,4,4,12,12
2023-10-08,I1,Cagliari,Roma,0,1,4,16,11,2,5,847.573054575681,1010.77417028199,0,0,1,1,0,0,3,3,1,7,2,8,2,8,-3,3,5,-5,-3,3,4,1,5,2,11,16
2023-10-08,I1,Napoli,Fiorentina,0,1,3,16,12,4,3,1126.78041078732,1091.58026721204,1,0,0,0,1,2,0,1,8,10,14,14,14,14,-2,2,4,-4,1,-1,3,1,3,4,12,16
2023-10-21,I1,Verona,Napoli,0,1,3,15,22,9,10,920.60450388561,1078.49453615716,0,1,1,0,0,4,2,0,2,8,8,14,8,14,-2,2,-7,7,-1,1,3,1,10,9,22,15
2023-10-21,I1,Torino,Inter,0,0,3,7,14,3,4,948.666670538084,1172.43101760504,0,3,0,0,4,3,2,0,5,10,9,19,9,19,-3,3,-7,7,-1,1,3,0,4,3,14,7
2023-10-21,I1,Sassuolo,Lazio,0,0,2,9,18,2,6,1011.53138299268,1012.19420521507,0,0,1,2,0,0,1,2,7,7,10,10,10,10,-2,2,-9,9,-4,4,2,0,6,2,18,9
2023-10-22,I1,Roma,Monza,2,1,0,21,11,4,4,1041.42193031136,1028.56447856714,2,1,0,0,2,2,0,0,10,9,11,12,11,12,1,-1,10,-10,0,0,0,1,4,4,11,21
2023-10-22,I1,Bologna,Frosinone,2,2,1,12,12,6,5,1032.88227124325,1008.51779426676,1,0,0,1,3,0,0,3,7,8,11,12,11,12,1,-1,0,0,1,-1,1,2,5,6,12,12
2023-10-22,I1,Salernitana,Cagliari,1,2,2,13,13,2,6,818.447504536227,816.92529454631,0,0,1,3,0,0,4,4,1,1,3,2,3,2,0,0,0,0,-4,4,2,2,6,2,13,13
2023-10-22,I1,Atalanta,Genoa,2,2,0,13,15,8,4,1036.43757525076,972.426236355221,0,0,0,0,3,1,1,3,7,5,13,8,13,8,2,-2,-2,2,4,-4,0,2,4,8,15,13
2023-10-22,I1,Milan,Juventus,0,0,1,7,14,1,4,1154.38225019288,1113.42335972618,3,0,0,0,3,1,0,2,12,10,21,17,21,17,-1,1,-7,7,-3,3,1,0,4,1,14,7
2023-10-23,I1,Udinese,Lecce,1,1,1,12,12,6,1,880.301356268252,991.318793836803,0,0,0,1,1,0,4,3,3,5,5,12,5,12,0,0,0,0,5,-5,1,1,1,6,12,12
2023-10-23,I1,Fiorentina,Empoli,0,0,2,19,7,7,3,1139.8661418422,821.162696663006,2,0,0,3,3,0,0,3,13,4,17,4,17,4,-2,2,12,-12,4,-4,2,0,3,7,7,19
2023-10-27,I1,Genoa,Salernitana,2,1,0,8,7,4,2,936.558719596075,818.377404624138,0,0,1,3,0,0,1,4,4,2,8,4,8,4,1,-1,1,-1,2,-2,0,1,2,4,7,8
2023-10-28,I1,Sassuolo,Bologna,1,1,1,17,9,6,5,967.757434486946,1062.64189131593,0,0,2,0,0,4,2,4,7,9,10,14,10,14,0,0,8,-8,1,-1,1,1,5,6,9,17
2023-10-28,I1,Lecce,Torino,0,0,1,11,10,6,2,986.373427692048,925.089817338865,0,0,0,2,1,0,2,2,5,2,13,9,13,9,-1,1,1,-1,4,-4,1,0,2,6,10,11
2023-10-28,I1,Juventus,Verona,2,1,0,30,7,6,1,1149.17843322498,895.410282676981,3,0,0,1,4,0,0,4,10,1,20,8,20,8,1,-1,23,-23,5,-5,0,1,1,6,7,30
2023-10-29,I1,Cagliari,Frosinone,2,4,3,24,10,6,6,816.995394458399,978.758174194082,0,0,2,2,0,0,4,4,1,5,3,12,3,12,1,-1,14,-14,0,0,3,4,6,6,10,24
2023-10-29,I1,Monza,Udinese,1,1,1,10,10,4,3,997.748153338772,885.246722413007,1,0,0,0,4,1,0,4,8,3,12,6,12,6,0,0,0,0,1,-1,1,1,3,4,10,10
2023-10-29,I1,Inter,Roma,2,1,0,19,3,3,1,1196.00787080426,1072.23825553974,0,1,0,0,1,1,2,0,10,10,22,14,22,14,1,-1,16,-16,2,-2,0,1,1,3,3,19
2023-10-29,I1,Napoli,Milan,1,2,2,17,20,4,6,1103.68875736579,1118.62717669408,0,2,1,0,0,2,1,0,10,12,17,21,17,21,0,0,-3,3,-2,2,2,2,6,4,20,17
2023-10-30,I1,Empoli,Atalanta,0,0,3,9,18,2,6,896.800364077453,1072.30509200991,0,0,0,1,2,0,1,1,7,10,7,16,7,16,-3,3,-9,9,-4,4,3,0,6,2,18,9
2023-10-30,I1,Lazio,Fiorentina,2,1,0,11,9,4,5,1055.9681537208,1064.22847442775,2,1,0,0,3,3,0,0,10,10,13,17,13,17,1,-1,2,-2,-1,1,0,1,5,4,9,11
2023-11-03,I1,Bologna,Lazio,2,1,0,6,11,2,1,1058.37778751015,1088.72881405651,2,1,0,0,4,1,0,0,9,12,15,16,15,16,1,-1,-5,5,1,-1,0,1,1,2,11,6
2023-11-04,I1,Salernitana,Napoli,0,0,2,10,21,3,8,796.861056774044,1104.37627338648,0,2,0,0,1,5,5,0,1,10,4,18,4,18,-2,2,-11,11,-5,5,2,0,8,3,21,10
2023-11-04,I1,Atalanta,Inter,0,1,2,14,10,4,4,1101.41665316349,1217.06720822911,1,4,0,0,4,4,0,0,10,10,19,25,19,25,-1,1,4,-4,0,0,2,1,4,4,10,14
2023-11-04,I1,Milan,Udinese,0,0,1,14,12,5,2,1117.93966067339,890.253818288851,0,0,1,0,0,2,1,5,10,4,22,7,22,7,-1,1,2,-2,3,-3,1,0,2,5,12,14
2023-11-05,I1,Verona,Monza,0,1,3,16,12,5,6,883.356270338882,992.741057462928,0,0,2,1,0,0,3,1,1,8,8,13,8,13,-2,2,4,-4,-1,1,3,1,6,5,12,16
2023-11-05,I1,Cagliari,Genoa,2,2,1,12,8,4,2,862.90354851334,958.075067446169,1,0,0,1,1,0,0,4,4,7,6,11,6,11,1,-1,4,-4,2,-2,1,2,2,4,8,12
2023-11-05,I1,Roma,Lecce,2,2,1,15,15,5,4,1051.17891811489,948.786817262334,3,0,0,0,3,1,0,4,9,2,14,13,14,13,1,-1,0,0,1,-1,1,2,4,5,15,15
2023-11-05,I1,Fiorentina,Juventus,0,0,1,25,4,4,3,1031.46781409204,1161.23244556308,0,1,1,0,0,2,1,0,7,13,17,23,17,23,-1,1,21,-21,1,-1,1,0,3,4,4,25
2023-11-06,I1,Frosinone,Empoli,2,2,1,17,10,5,2,932.850020139141,867.688802923871,1,1,0,0,4,1,0,0,4,7,12,7,12,7,1,-1,7,-7,3,-3,1,2,2,5,10,17
2023-11-06,I1,Torino,Sassuolo,2,2,1,21,5,9,2,962.676427768579,972.021538292729,0,0,1,0,0,2,3,1,4,5,12,11,12,11,1,-1,16,-16,7,-7,1,2,2,9,5,21
2023-11-10,I1,Sassuolo,Salernitana,1,2,2,29,9,9,2,939.161029312672,784.096957266337,0,0,0,4,1,0,3,5,2,1,11,3,11,4,0,0,20,-20,7,-7,2,2,2,9,9,29
2023-11-10,I1,Genoa,Verona,2,1,0,16,7,6,1,917.522303727385,852.867726802146,1,0,0,2,1,0,0,5,4,1,11,5,11,8,1,-1,9,-9,5,-5,0,1,1,6,7,16
2023-11-11,I1,Lecce,Milan,1,2,2,14,10,5,6,925.953614671021,1067.53169752001,0,0,1,0,0,3,3,1,2,7,10,19,13,22,0,0,4,-4,-1,1,2,2,6,5,10,14
2023-11-11,I1,Juventus,Cagliari,2,2,1,18,11,4,2,1181.80707282767,903.456312232124,4,0,0,0,5,1,0,5,13,7,23,8,26,9,1,-1,7,-7,2,-2,1,2,2,4,11,18
2023-11-11,I1,Monza,Torino,1,1,1,12,12,5,5,1023.22960099966,995.536936748636,0,1,0,0,5,1,1,0,10,7,16,14,16,15,0,0,0,0,0,0,1,1,5,5,12,12
2023-11-12,I1,Napoli,Empoli,0,0,1,18,8,7,3,1117.14037289418,841.620981279786,0,0,0,1,1,0,2,1,10,4,18,7,21,7,-1,1,10,-10,4,-4,1,0,3,7,8,18
2023-11-12,I1,Fiorentina,Bologna,2,2,1,12,11,4,4,1010.89318682745,1093.16613107773,0,0,2,0,0,5,2,5,6,11,14,18,17,18,1,-1,1,-1,0,0,1,2,4,4,11,12
2023-11-12,I1,Udinese,Atalanta,1,1,1,13,8,4,2,940.661781442233,1079.69173763827,0,1,0,0,2,1,5,0,7,7,10,16,10,19,0,0,5,-5,2,-2,1,1,2,4,8,13
2023-11-12,I1,Lazio,Roma,1,0,0,7,8,2,1,1053.94047048893,1074.0121207062,3,0,0,1,4,0,0,1,9,12,16,16,16,17,0,0,-1,1,1,-1,0,0,1,2,8,7
2023-11-12,I1,Inter,Frosinone,2,2,0,21,12,6,3,1238.79212375433,958.917841783226,1,0,0,3,2,0,0,5,13,6,25,15,28,15,2,-2,9,-9,3,-3,0,2,3,6,12,21
2023-11-25,I1,Salernitana,Lazio,2,2,1,13,13,6,2,790.798738588019,1054.86377719911,0,0,1,1,0,0,6,1,2,10,3,17,5,17,1,-1,0,0,4,-4,1,2,2,6,13,13
2023-11-25,I1,Atalanta,Napoli,0,1,2,16,11,5,4,1073.61035872786,1064.01685288027,0,3,1,0,0,6,1,0,7,7,17,15,20,21,-1,1,5,-5,1,-1,2,1,4,5,11,16
2023-11-25,I1,Milan,Fiorentina,2,1,0,9,20,6,4,1061.35020629463,1050.33227434121,0,0,2,1,0,0,2,1,5,6,17,16,23,20,1,-1,-11,11,2,-2,0,1,4,6,20,9
2023-11-26,I1,Cagliari,Monza,1,1,1,17,12,6,4,892.726187336554,1021.9570004974,2,1,0,0,2,1,0,0,7,8,8,14,9,17,0,0,5,-5,2,-2,1,1,4,6,12,17
2023-11-26,I1,Empoli,Sassuolo,0,3,4,11,17,9,9,894.744501293702,932.45924799099,0,0,1,1,0,0,2,2,7,3,10,12,10,12,-1,1,-6,6,0,0,4,3,9,9,17,11
2023-11-26,I1,Frosinone,Genoa,2,2,1,9,13,5,3,944.318701321827,943.635197190033,2,0,0,2,5,0,0,5,6,6,12,11,15,14,1,-1,-4,4,2,-2,1,2,3,5,13,9
2023-11-26,I1,Roma,Udinese,2,3,1,12,6,5,2,1073.08881399603,946.743160352639,4,1,0,0,4,3,0,0,10,7,17,10,18,11,2,-2,6,-6,3,-3,1,3,2,5,6,12
2023-11-26,I1,Juventus,Inter,1,1,1,4,8,1,4,1192.53719772324,1253.39126421573,5,5,0,0,6,5,0,0,15,13,25,25,29,31,0,0,-4,4,-3,3,1,1,4,1,8,4
2023-11-27,I1,Verona,Lecce,1,2,2,19,14,11,5,826.754833339499,932.135105896402,0,0,3,1,0,0,4,5,0,3,2,10,8,14,0,0,5,-5,6,-6,2,2,5,11,14,19
2023-11-27,I1,Bologna,Torino,2,2,0,13,9,2,3,1053.72704356397,996.809537250897,3,0,0,0,5,2,0,1,8,7,17,15,18,16,2,-2,4,-4,-1,1,0,2,3,2,9,13
2023-12-01,I1,Monza,Juventus,0,1,2,16,18,1,7,1016.26577526504,1195.3113204883,0,2,0,0,6,3,2,0,6,13,15,23,18,30,-1,1,-2,2,-6,6,2,1,7,1,18,16
2023-12-02,I1,Genoa,Empoli,1,1,1,21,9,1,1,911.698150165814,866.204577911042,2,1,0,0,2,1,0,0,6,6,11,10,14,10,0,0,12,-12,0,0,1,1,1,1,9,21
2023-12-02,I1,Lazio,Cagliari,2,1,0,10,9,5,2,1002.34855529635,898.417412568917,0,0,0,1,5,0,1,6,7,8,14,9,17,10,1,-1,1,-1,3,-3,0,1,2,5,9,10
2023-12-02,I1,Milan,Frosinone,2,3,1,10,15,3,3,1092.33575730087,976.255748346046,1,0,0,4,1,0,0,6,5,6,17,14,26,18,2,-2,-5,5,0,0,1,3,3,3,15,10
2023-12-03,I1,Lecce,Bologna,1,1,1,14,11,4,4,927.425702759091,1090.46342166132,0,0,0,1,1,0,4,6,3,10,8,17,15,21,0,0,3,-3,0,0,1,1,4,4,11,14
2023-12-03,I1,Fiorentina,Salernitana,2,3,0,22,11,9,1,1019.34672333497,843.313960490779,1,0,0,0,1,1,0,6,3,5,16,6,20,8,3,-3,11,-11,8,-8,0,3,1,9,11,22
2023-12-03,I1,Udinese,Verona,1,3,3,12,13,6,4,918.166710567398,831.46423647681,0,0,0,3,3,0,6,6,6,1,9,3,11,9,0,0,-1,1,2,-2,3,3,4,6,13,12
2023-12-03,I1,Sassuolo,Roma,0,1,2,8,15,2,7,960.99917137365,1101.66526378127,0,0,0,0,2,1,4,2,5,10,12,20,15,21,-1,1,-7,7,-5,5,2,1,7,2,15,8
2023-12-03,I1,Napoli,Inter,0,0,3,15,11,4,4,1096.90022292808,1250.61714145067,0,0,1,0,0,6,3,1,10,13,18,23,24,32,-3,3,4,-4,0,0,3,0,4,4,11,15
2023-12-04,I1,Torino,Atalanta,2,3,0,9,10,5,4,960.073159153549,1040.72698868005,1,0,0,0,1,2,0,1,7,7,12,14,16,20,3,-3,-1,1,1,-1,0,3,4,5,10,9
2023-12-08,I1,Juventus,Napoli,2,1,0,11,13,2,1,1212.14040359066,1065.03517626974,0,4,0,0,7,7,1,0,13,7,23,17,33,24,1,-1,-2,2,1,-1,0,1,1,2,13,11
2023-12-09,I1,Verona,Lazio,1,1,1,5,14,1,5,835.376162920111,1025.05180483454,0,0,0,2,1,0,5,2,2,7,3,17,10,20,0,0,-9,9,-4,4,1,1,5,1,14,5
2023-12-09,I1,Atalanta,Milan,2,3,2,19,14,7,4,973.759005449091,1122.06225015248,0,0,2,0,0,4,2,2,4,8,14,20,20,29,1,-1,5,-5,3,-3,2,3,4,7,14,19
2023-12-09,I1,Inter,Udinese,2,4,0,17,11,8,1,1282.482188109,914.254784124097,2,0,0,1,3,0,0,1,13,6,23,9,35,12,4,-4,6,-6,7,-7,0,4,1,8,11,17
2023-12-10,I1,Frosinone,Torino,1,0,0,11,16,5,3,946.529255494442,1027.04114238451,3,0,0,1,6,0,0,2,6,10,11,12,18,19,0,0,-5,5,2,-2,0,0,3,5,16,11
2023-12-10,I1,Monza,Genoa,2,1,0,6,16,3,1,999.436692162673,909.61498582121,0,0,1,3,0,0,3,6,6,7,14,11,18,15,1,-1,-10,10,2,-2,0,1,1,3,16,6
2023-12-10,I1,Salernitana,Bologna,0,1,2,9,10,2,5,814.267221727899,1083.46179864881,1,0,0,0,1,1,0,7,4,8,6,17,8,22,-1,1,-1,1,-3,3,2,1,5,2,10,9
2023-12-10,I1,Roma,Fiorentina,1,1,1,4,14,1,8,1121.373813587,1048.39346209785,5,0,0,2,5,0,0,2,10,6,20,16,24,23,0,0,-10,10,-7,7,1,1,8,1,14,4
2023-12-11,I1,Empoli,Lecce,1,1,1,18,14,6,5,868.287742255646,934.4273257716,0,0,2,0,0,1,3,6,4,3,11,8,11,16,0,0,4,-4,1,-1,1,1,5,6,14,18
2023-12-11,I1,Cagliari,Sassuolo,2,2,1,18,8,6,4,875.714163030726,941.290621567921,0,1,0,0,3,1,1,0,7,5,8,12,10,15,1,-1,10,-10,2,-2,1,2,4,6,8,18
2023-12-15,I1,Genoa,Juventus,1,1,1,11,11,3,4,885.708358029702,1231.3470180865,0,3,0,0,3,4,1,0,4,13,11,26,15,36,0,0,0,0,-1,1,1,1,4,3,11,11
2023-12-16,I1,Lecce,Frosinone,2,2,1,18,11,6,5,931.417752348344,950.171992586333,0,0,0,5,2,0,5,7,4,7,6,11,17,19,1,-1,7,-7,1,-1,1,2,5,6,11,18
2023-12-16,I1,Napoli,Cagliari,2,2,1,21,9,5,3,1045.8285617739,913.683263996809,0,0,2,2,0,0,4,7,6,7,16,11,24,13,1,-1,12,-12,2,-2,1,2,3,5,9,21
2023-12-16,I1,Torino,Empoli,2,1,0,10,7,3,2,1023.39840529262,871.297315678902,2,0,0,0,2,2,0,1,8,5,12,12,20,12,1,-1,3,-3,1,-1,0,1,2,3,7,10
2023-12-17,I1,Milan,Monza,2,3,0,17,21,9,4,1077.17628755424,1023.34331995418,2,0,0,0,2,2,0,1,7,8,17,16,29,21,3,-3,-4,4,5,-5,0,3,4,9,21,17
2023-12-17,I1,Fiorentina,Verona,2,1,0,5,19,3,7,1051.7057582322,843.335585435911,2,0,0,0,2,1,0,7,7,3,14,4,24,11,1,-1,-14,14,-4,4,0,1,7,3,19,5
2023-12-17,I1,Udinese,Sassuolo,1,2,2,9,21,7,7,900.425615004013,903.321520601838,0,0,0,1,4,0,7,1,5,4,9,9,12,15,0,0,-12,12,0,0,2,2,7,7,21,9
2023-12-17,I1,Bologna,Roma,2,2,0,8,8,2,3,1094.67093867572,1118.06151745265,4,1,0,0,6,2,0,0,10,11,19,20,25,25,2,-2,0,0,-1,1,0,2,3,2,8,8
2023-12-17,I1,Lazio,Inter,0,0,2,13,12,4,4,1017.09238231874,1296.31135722909,1,1,0,0,6,7,0,0,5,13,17,23,21,38,-2,2,1,-1,0,0,2,0,4,4,12,13
2023-12-18,I1,Atalanta,Salernitana,2,4,1,20,10,11,3,1018.64496804733,803.05808170099,1,0,0,1,1,0,0,7,4,4,14,5,23,8,3,-3,10,-10,8,-8,1,4,3,11,10,20
2023-12-22,I1,Empoli,Lazio,0,0,2,21,14,7,7,852.475055389788,1002.44727846444,0,0,0,0,1,1,4,3,5,5,9,14,12,21,-2,2,7,-7,0,0,2,0,7,7,14,21
2023-12-22,I1,Sassuolo,Genoa,0,1,2,12,14,3,5,903.188162308915,897.85897390747,0,0,1,4,0,0,5,7,5,5,7,9,16,16,-1,1,-2,2,-2,2,2,1,5,3,14,12
2023-12-22,I1,Monza,Fiorentina,0,0,1,7,14,2,5,977.194081177468,1066.52614865504,1,0,0,0,1,1,0,3,5,10,15,16,21,27,-1,1,-7,7,-3,3,1,0,5,2,14,7
2023-12-22,I1,Salernitana,Milan,1,2,2,19,21,7,9,778.599695143827,1123.32552633095,0,0,1,1,0,0,1,3,4,10,5,17,8,32,0,0,-2,2,-2,2,2,2,9,7,21,19
2023-12-23,I1,Frosinone,Juventus,0,1,2,10,13,3,3,916.446338934407,1219.19640220874,0,0,0,0,7,5,1,1,4,11,10,24,19,37,-1,1,-3,3,0,0,2,1,3,3,13,10
2023-12-23,I1,Bologna,Atalanta,2,1,0,9,12,1,2,1141.47675209845,1043.10335460449,5,0,0,1,7,0,0,2,10,7,21,14,28,26,1,-1,-3,3,-1,1,0,1,2,1,12,9
2023-12-23,I1,Torino,Udinese,1,1,1,14,10,4,4,1042.22066558173,900.558973296937,3,0,0,2,3,0,0,2,8,3,15,10,23,13,0,0,4,-4,0,0,1,1,4,4,10,14
2023-12-23,I1,Inter,Lecce,2,2,0,20,11,8,5,1310.95646108339,965.14340600027,3,0,0,0,4,2,0,7,13,7,26,9,41,20,2,-2,9,-9,3,-3,0,2,5,8,11,20
2023-12-23,I1,Verona,Cagliari,2,2,0,13,12,5,3,828.515195013066,893.299482176423,0,0,0,3,2,0,6,8,3,4,4,11,11,13,2,-2,1,-1,2,-2,0,2,3,5,12,13
2023-12-23,I1,Roma,Napoli,2,2,0,17,7,4,2,1071.25570402991,1066.21234359429,0,0,0,1,6,0,1,1,8,6,20,16,25,27,2,-2,10,-10,2,-2,0,2,2,4,7,17
2023-12-29,I1,Fiorentina,Torino,2,1,0,12,6,3,3,1090.47500410972,1036.0358990125,3,0,0,0,3,1,0,3,10,8,16,15,30,24,1,-1,6,-6,0,0,0,1,3,3,6,12
2023-12-29,I1,Napoli,Monza,1,0,0,25,8,9,3,1022.99131620667,953.245225722792,1,0,0,1,1,0,0,2,6,4,13,12,27,21,0,0,17,-17,6,-6,0,0,3,9,8,25
2023-12-29,I1,Genoa,Inter,1,1,1,13,16,4,6,930.349771808283,1321.49869733164,0,2,0,0,4,8,2,0,5,13,11,26,19,44,0,0,-3,3,-2,2,1,1,6,4,16,13
2023-12-29,I1,Lazio,Frosinone,2,3,1,13,11,5,2,1028.46785917684,906.912802701946,0,0,1,6,0,0,1,8,7,4,17,10,24,19,2,-2,2,-2,3,-3,1,3,2,5,11,13
2023-12-30,I1,Atalanta,Lecce,2,1,0,17,15,4,2,1019.92927512842,954.601169752014,2,0,0,1,2,0,0,8,6,6,13,9,26,20,1,-1,2,-2,2,-2,0,1,2,4,15,17
2023-12-30,I1,Cagliari,Empoli,1,0,0,15,5,3,1,841.357468603606,826.454474677388,1,0,0,1,4,0,0,2,4,2,11,9,13,12,0,0,10,-10,2,-2,0,0,1,3,5,15
2023-12-30,I1,Udinese,Bologna,2,3,0,15,14,7,5,906.743739866174,1164.65083157452,0,1,0,0,5,2,8,0,3,13,10,21,14,31,3,-3,1,-1,2,-2,0,3,5,7,14,15
2023-12-30,I1,Milan,Sassuolo,2,1,0,20,12,2,6,1111.19274001294,870.697364408102,3,0,0,0,3,1,0,2,10,4,15,7,33,16,1,-1,8,-8,-4,4,0,1,6,2,12,20
2023-12-30,I1,Verona,Salernitana,0,0,1,11,9,0,3,880.457208585883,790.732481461837,1,0,0,2,3,0,0,8,6,4,6,6,14,9,-1,1,2,-2,-3,3,1,0,3,0,9,11
2023-12-30,I1,Juventus,Roma,2,1,0,13,11,4,2,1228.7299384412,1114.47673141753,1,0,0,1,8,0,0,1,11,10,26,20,40,28,1,-1,2,-2,2,-2,0,1,2,4,11,13
2024-01-05,I1,Bologna,Genoa,1,1,1,21,3,8,1,1075.73474486357,943.303096791831,6,1,0,0,8,1,0,0,10,6,20,12,31,20,0,0,18,-18,7,-7,1,1,1,8,3,21
2024-01-06,I1,Inter,Verona,2,2,1,15,8,6,3,1308.5453723481,840.372197718743,4,0,0,1,5,0,0,8,13,5,26,6,45,14,1,-1,7,-7,3,-3,1,2,3,6,8,15
2024-01-06,I1,Frosinone,Monza,0,2,3,10,7,5,2,877.802508342212,956.414690715333,0,0,1,0,0,1,2,3,1,4,7,10,19,22,-1,1,3,-3,3,-3,3,2,2,5,7,10
2024-01-06,I1,Lecce,Cagliari,1,1,1,15,14,2,2,928.548189514882,840.671580977887,1,0,0,4,3,0,0,9,5,4,8,12,20,14,0,0,1,-1,0,0,1,1,2,2,14,15
2024-01-06,I1,Sassuolo,Fiorentina,2,1,0,7,9,1,3,857.877982466726,1117.50161174917,0,1,2,0,0,2,6,0,1,13,6,16,16,33,1,-1,-2,2,-2,2,0,1,3,1,9,7
2024-01-07,I1,Empoli,Milan,0,0,3,17,13,2,6,827.140362303107,1124.01212195431,0,0,1,0,0,1,5,4,3,10,9,15,13,36,-3,3,4,-4,-4,4,3,0,6,2,13,17
2024-01-07,I1,Torino,Napoli,2,3,0,10,10,6,3,1009.00929137305,1019.82185121413,0,0,0,2,4,0,1,2,8,4,15,14,24,28,3,-3,0,0,3,-3,0,3,3,6,10,10
2024-01-07,I1,Udinese,Lazio,0,1,2,13,7,2,2,995.659826577126,1057.57815353657,1,1,0,0,6,2,0,0,6,10,12,17,17,27,-1,1,6,-6,0,0,2,1,2,2,7,13
2024-01-07,I1,Salernitana,Juventus,0,1,2,8,18,3,3,830.817492328976,1250.57043372065,0,1,0,0,1,6,2,0,4,13,9,26,12,43,-1,1,-10,10,0,0,2,1,3,3,18,8
2024-01-07,I1,Roma,Atalanta,1,1,1,16,8,6,2,1092.63623613808,1045.98225536555,1,0,0,2,7,0,0,3,7,9,17,16,28,29,0,0,8,-8,4,-4,1,1,2,6,8,16
2024-01-13,I1,Genoa,Torino,1,0,0,11,6,6,0,949.122651680719,1065.23741909706,0,0,0,1,5,0,3,4,6,8,13,18,21,27,0,0,5,-5,6,-6,0,0,0,6,6,11
2024-01-13,I1,Napoli,Salernitana,2,2,1,20,6,7,2,963.593723490125,825.573412672638,0,1,0,0,2,1,1,0,4,4,11,8,28,12,1,-1,14,-14,5,-5,1,2,2,7,6,20
2024-01-13,I1,Verona,Empoli,2,2,1,12,14,7,1,836.32306044336,810.420714327844,0,0,1,0,0,1,1,3,4,2,6,6,14,13,1,-1,-2,2,6,-6,1,2,1,7,14,12
2024-01-13,I1,Monza,Inter,0,1,5,9,20,2,7,981.29532152894,1312.59450962348,0,0,1,0,0,9,1,1,7,13,13,26,25,48,-4,4,-11,11,-5,5,5,1,7,2,20,9
2024-01-14,I1,Lazio,Lecce,2,1,0,8,11,2,3,1083.93488345382,924.585466596077,1,0,0,2,1,0,0,9,10,5,17,8,30,21,1,-1,-3,3,-1,1,0,1,3,2,11,8
2024-01-14,I1,Cagliari,Bologna,2,2,1,4,11,2,4,844.634303896693,1069.91518997468,0,0,0,1,5,0,1,1,5,10,12,18,15,32,1,-1,-7,7,-2,2,1,2,4,2,11,4
2024-01-14,I1,Fiorentina,Udinese,1,2,2,10,12,3,6,1065.22930487751,969.303096659877,4,0,0,0,4,1,0,3,10,5,16,11,33,17,0,0,-2,2,-3,3,2,2,6,3,12,10
2024-01-14,I1,Milan,Roma,2,3,1,17,12,5,5,1140.73176992958,1090.50056190104,4,0,0,2,4,0,0,2,10,5,18,15,39,29,2,-2,5,-5,0,0,1,3,5,5,12,17
2024-01-15,I1,Atalanta,Frosinone,2,5,0,21,8,9,5,1048.11792960259,852.921877528605,3,0,0,7,3,0,0,9,10,1,14,7,30,19,5,-5,13,-13,4,-4,0,5,5,9,8,21
2024-01-16,I1,Juventus,Sassuolo,2,3,0,12,8,5,4,1255.81451337699,910.150289338379,2,0,0,1,9,0,0,3,13,4,26,9,46,19,3,-3,4,-4,1,-1,0,3,4,5,8,12
2024-01-20,I1,Roma,Verona,2,2,1,9,12,2,3,1052.93993509492,865.941776405853,0,0,0,2,8,0,1,9,4,6,15,9,29,17,1,-1,-3,3,-1,1,1,2,3,2,12,9
2024-01-20,I1,Udinese,Milan,0,2,3,11,15,6,7,973.61173175445,1178.2923967357,0,1,1,0,0,2,1,0,6,13,11,20,18,42,-1,1,-4,4,-1,1,3,2,7,6,15,11
2024-01-21,I1,Frosinone,Cagliari,2,3,1,17,9,7,4,816.620658343278,894.893470656638,0,0,2,0,0,1,3,10,0,5,7,12,19,18,2,-2,8,-8,3,-3,1,3,4,7,9,17
2024-01-21,I1,Empoli,Monza,2,3,0,9,15,5,5,780.801998365351,964.614126409831,0,1,2,0,0,2,6,0,1,4,6,12,13,25,3,-3,-6,6,0,0,0,3,5,5,15,9
2024-01-21,I1,Salernitana,Genoa,0,1,2,11,5,2,5,805.656525075085,954.279359343345,0,0,1,0,0,2,3,1,4,7,8,11,12,22,-1,1,6,-6,-3,3,2,1,5,2,5,11
2024-01-21,I1,Lecce,Juventus,0,0,3,12,15,3,8,906.312787858288,1268.93238105413,0,2,0,0,4,7,1,0,4,13,8,26,21,49,-3,3,-3,3,-5,5,3,0,8,3,15,12
2024-01-26,I1,Cagliari,Torino,0,1,2,25,16,10,6,841.319125061264,1060.08071143443,1,0,0,0,6,1,0,5,5,8,9,16,17,28,-1,1,9,-9,4,-4,2,1,6,10,16,25
2024-01-27,I1,Atalanta,Udinese,2,2,0,14,13,11,5,1084.41914878792,958.548089849336,4,0,0,0,4,2,0,4,10,5,14,8,33,18,2,-2,1,-1,6,-6,0,2,5,11,13,14
2024-01-27,I1,Juventus,Empoli,1,1,1,9,16,3,5,1280.96498620963,861.762739985796,3,0,0,1,10,0,0,4,15,4,26,9,49,16,0,0,-7,7,-2,2,1,1,5,3,16,9
2024-01-27,I1,Milan,Bologna,1,2,2,14,15,4,4,1193.35603864081,1019.65602321473,5,0,0,2,5,0,0,2,13,7,23,17,42,32,0,0,-1,1,0,0,2,2,4,4,15,14
2024-01-28,I1,Genoa,Lecce,2,2,1,19,19,7,5,973.368743713756,894.280182702782,0,0,0,3,6,0,4,10,9,1,14,8,25,18,1,-1,0,0,2,-2,1,2,5,7,19,19
2024-01-28,I1,Monza,Sassuolo,2,1,0,12,14,1,3,883.653384789386,897.032421661245,0,0,2,2,0,0,2,4,4,4,9,8,25,19,1,-1,-2,2,-2,2,0,1,3,1,14,12
2024-01-28,I1,Verona,Frosinone,1,1,1,15,11,5,6,849.674333141839,870.195003938652,1,0,0,8,1,0,0,10,6,3,9,7,14,22,0,0,4,-4,-1,1,1,1,6,5,11,15
2024-01-28,I1,Lazio,Napoli,1,0,0,10,5,1,0,1102.20756219161,983.510611087678,2,0,0,3,2,0,0,3,12,7,17,13,33,31,0,0,5,-5,1,-1,0,0,0,1,5,10
2024-01-28,I1,Fiorentina,Inter,0,0,1,14,8,4,4,1060.92066978294,1329.27570474259,0,1,0,0,5,10,1,0,10,13,17,26,34,51,-1,1,6,-6,0,0,1,0,4,4,8,14
2024-01-29,I1,Salernitana,Roma,0,1,2,15,5,7,2,786.567140704674,1069.20737835893,0,0,2,3,0,0,4,3,4,7,8,15,11,31,-1,1,10,-10,5,-5,2,1,2,7,5,15
2024-02-02,I1,Lecce,Fiorentina,2,3,2,16,10,8,3,869.441243483074,1049.66677587743,0,0,1,1,0,0,2,1,1,7,7,17,17,31,1,-1,6,-6,5,-5,2,3,3,8,10,16
2024-02-03,I1,Empoli,Genoa,1,0,0,15,10,4,2,875.133059099823,998.207682933464,1,1,0,0,1,3,0,0,5,9,7,14,17,25,0,0,5,-5,2,-2,0,0,2,4,10,15
2024-02-03,I1,Udinese,Monza,1,0,0,21,3,6,2,929.918978869082,916.885030896365,0,0,2,1,0,0,2,1,4,7,7,11,17,25,0,0,18,-18,4,-4,0,0,2,6,3,21
2024-02-03,I1,Frosinone,Milan,0,2,3,7,13,4,5,869.251089474517,1185.96280798619,1,2,0,0,1,3,0,0,4,13,8,23,20,40,-1,1,-6,6,-1,1,3,2,5,4,13,7
2024-02-03,I1,Bologna,Sassuolo,2,4,2,19,12,4,4,1027.04925386936,863.800775554266,0,0,0,3,9,0,1,5,5,3,15,8,33,19,2,-2,7,-7,0,0,2,4,4,4,12,19
2024-02-04,I1,Torino,Salernitana,1,0,0,13,3,1,1,1074.23083215423,776.055739212638,1,0,0,1,5,0,0,1,8,3,16,7,30,10,0,0,10,-10,0,0,0,0,1,1,3,13
2024-02-04,I1,Napoli,Verona,2,2,1,19,12,8,2,988.773624093094,850.618247605973,1,0,0,3,3,0,0,10,5,4,11,10,29,12,1,-1,7,-7,6,-6,1,2,2,8,12,19
2024-02-04,I1,Atalanta,Lazio,2,3,1,19,7,5,1,1113.04825976817,1096.94454918619,5,2,0,0,5,3,0,0,10,13,17,18,33,34,2,-2,12,-12,4,-4,1,3,1,5,7,19
2024-02-04,I1,Inter,Juventus,2,1,0,15,12,3,1,1340.5295986481,1267.5946670956,5,3,0,0,6,8,0,0,13,13,26,24,51,49,1,-1,3,-3,2,-2,0,1,1,3,12,15
2024-02-05,I1,Roma,Cagliari,2,4,0,20,12,6,3,1079.71877985097,827.169004341464,1,0,0,1,9,0,0,11,7,5,17,9,34,17,4,-4,8,-8,3,-3,0,4,3,6,12,20
2024-02-09,I1,Salernitana,Empoli,0,1,3,13,17,4,3,787.181144591648,880.575106756426,0,0,3,0,0,1,5,5,1,5,5,8,11,18,-2,2,-4,4,1,-1,3,1,3,4,17,13
2024-02-10,I1,Cagliari,Lazio,0,1,3,13,12,6,5,802.732914383262,1055.11828626987,0,0,1,1,0,0,1,1,4,10,8,17,17,34,-2,2,1,-1,1,-1,3,1,5,6,12,13
2024-02-10,I1,Roma,Inter,0,2,4,8,10,3,6,1104.15486980917,1365.9090105349,2,2,0,0,10,11,0,0,10,13,17,26,37,51,-2,2,-2,2,-3,3,4,2,6,3,10,8
2024-02-10,I1,Sassuolo,Torino,1,1,1,11,13,4,2,839.156818545887,1063.10542677522,1,1,0,0,1,2,0,0,3,8,7,16,19,31,0,0,-2,2,2,-2,1,1,2,4,13,11
2024-02-11,I1,Fiorentina,Frosinone,2,5,1,18,11,7,3,1002.41174127766,860.351401826383,0,0,1,0,0,1,2,11,4,4,14,5,30,19,4,-4,7,-7,4,-4,1,5,3,7,11,18
2024-02-11,I1,Bologna,Lecce,2,4,0,16,14,6,3,1051.69321087774,916.696278082846,1,0,0,4,10,0,0,11,5,4,18,9,35,17,4,-4,2,-2,3,-3,0,4,3,6,14,16
2024-02-11,I1,Monza,Verona,1,0,0,11,10,1,1,917.484984959603,830.712024757789,1,0,0,4,1,0,0,11,7,4,11,9,26,12,0,0,1,-1,0,0,0,0,1,1,10,11
2024-02-11,I1,Genoa,Atalanta,0,1,4,15,14,6,9,992.765635276862,1154.8745226845,1,0,0,0,7,1,0,4,9,13,15,19,26,36,-3,3,1,-1,-3,3,4,1,9,6,14,15
2024-02-11,I1,Milan,Napoli,2,1,0,10,12,6,2,1194.86249563432,1008.67984694128,0,0,0,0,6,1,1,4,13,8,23,14,40,29,1,-1,-2,2,4,-4,0,1,2,6,12,10
2024-02-12,I1,Juventus,Udinese,0,0,1,14,8,6,1,1242.2152552088,929.319024805844,0,0,0,1,11,0,1,5,10,2,23,8,46,17,-1,1,6,-6,5,-5,1,0,1,6,8,14
2024-02-14,I1,Bologna,Fiorentina,2,2,0,18,12,7,3,1092.32285838414,1041.91827450009,2,0,0,2,11,0,0,2,8,4,18,17,35,33,2,-2,6,-6,4,-4,0,2,3,7,12,18
2024-02-16,I1,Torino,Lecce,2,2,0,12,8,4,4,1054.01731186803,876.066630576446,0,0,0,5,6,0,1,12,9,3,17,8,29,16,2,-2,4,-4,0,0,0,2,4,4,8,12
2024-02-16,I1,Inter,Salernitana,2,4,0,26,1,10,0,1381.82202716862,754.836882040645,6,0,0,0,7,1,0,2,15,1,28,5,51,11,4,-4,25,-25,10,-10,0,4,0,10,1,26
2024-02-17,I1,Napoli,Genoa,1,1,1,25,6,7,4,992.355382041021,961.979139575713,2,0,0,0,4,4,0,1,7,8,11,14,29,25,0,0,19,-19,3,-3,1,1,4,7,6,25
2024-02-17,I1,Verona,Juventus,1,2,2,14,18,9,4,834.627003015335,1187.28456935779,0,0,0,1,2,0,1,1,5,7,9,20,12,43,0,0,-4,4,5,-5,2,2,4,9,18,14
2024-02-17,I1,Atalanta,Sassuolo,2,3,0,28,12,13,4,1185.66101838564,848.24493345308,6,0,0,4,6,0,0,6,13,4,22,5,36,17,3,-3,16,-16,9,-9,0,3,4,13,12,28
2024-02-18,I1,Lazio,Bologna,0,1,2,12,11,7,3,1071.74591960455,1129.86205224725,0,0,0,0,3,1,1,3,10,10,20,20,34,37,-1,1,1,-1,4,-4,2,1,3,7,11,12
2024-02-18,I1,Empoli,Fiorentina,1,1,1,5,9,4,4,912.919369307428,1004.37908063697,0,0,0,3,2,0,1,3,8,4,10,14,21,30,0,0,-4,4,0,0,1,1,4,4,9,5
2024-02-18,I1,Udinese,Cagliari,1,1,1,17,5,3,2,984.249710656855,786.105281048582,0,0,0,2,1,0,3,12,5,3,10,8,19,16,0,0,12,-12,1,-1,1,1,2,3,5,17
2024-02-18,I1,Frosinone,Roma,0,0,3,25,13,7,5,820.844868603952,1088.24185317545,0,1,1,0,0,1,1,0,4,9,5,14,16,34,-3,3,12,-12,2,-2,3,0,5,7,13,25
2024-02-18,I1,Monza,Milan,2,4,2,12,16,6,6,913.570006702057,1211.18696053458,0,3,0,0,2,4,1,0,5,13,12,23,26,43,2,-2,-4,4,0,0,2,4,6,6,16,12
2024-02-22,I1,Torino,Lazio,0,0,2,24,7,4,4,1077.18972461886,1045.04924324708,1,1,0,0,7,1,0,0,9,7,17,17,29,34,-2,2,17,-17,0,0,2,0,4,4,7,24
2024-02-23,I1,Bologna,Verona,2,2,0,12,7,3,3,1156.55872860472,846.912354973222,3,0,0,0,12,1,0,12,13,3,20,9,39,13,2,-2,5,-5,0,0,0,2,3,3,7,12
2024-02-24,I1,Sassuolo,Empoli,0,2,3,19,14,5,6,834.569188199271,917.036578463399,0,1,0,0,2,2,1,0,1,9,5,10,17,22,-1,1,5,-5,-1,1,3,2,6,5,14,19
2024-02-24,I1,Salernitana,Monza,0,0,2,11,17,3,7,751.436362741751,987.887054786521,0,0,4,0,0,1,6,2,1,8,5,12,10,28,-2,2,-6,6,-4,4,2,0,7,3,17,11
2024-02-24,I1,Genoa,Udinese,2,2,0,19,5,4,1,963.374463771351,976.000372858196,0,1,1,0,0,1,1,0,8,5,15,11,26,20,2,-2,14,-14,3,-3,0,2,1,4,5,19
2024-02-25,I1,Juventus,Frosinone,2,3,2,22,7,5,3,1174.9992173999,801.57964552161,0,0,1,1,0,0,2,12,5,4,18,4,44,15,1,-1,15,-15,2,-2,2,3,3,5,7,22
2024-02-25,I1,Cagliari,Napoli,1,1,1,8,9,3,4,794.354618847241,990.960057845382,0,0,2,1,0,0,2,5,1,8,6,12,17,29,0,0,-1,1,-1,1,1,1,4,3,9,8
2024-02-25,I1,Lecce,Inter,0,0,4,14,11,2,7,852.89421782561,1385.22254646752,1,3,0,0,1,12,0,0,3,15,7,28,13,51,-4,4,3,-3,-5,5,4,0,7,2,11,14
2024-02-25,I1,Milan,Atalanta,1,1,1,20,8,7,3,1136.86991245011,1199.33676363945,1,1,0,0,7,2,0,0,10,15,23,25,40,39,0,0,12,-12,4,-4,1,1,3,7,8,20
2024-02-26,I1,Roma,Torino,2,3,2,6,14,3,6,1107.50707625779,1029.28647123948,0,0,1,0,0,3,1,1,12,8,16,16,36,28,1,-1,-8,8,-3,3,2,3,6,3,14,6
2024-02-26,I1,Fiorentina,Lazio,2,2,1,22,5,7,1,1000.261871481,1092.95249662646,1,2,0,0,1,2,0,0,4,7,14,19,28,36,1,-1,17,-17,6,-6,1,2,1,7,5,22
2024-02-28,I1,Sassuolo,Napoli,0,1,6,5,27,2,9,810.025214783635,982.762871992582,0,0,1,0,0,1,2,6,1,6,5,13,14,29,-5,5,-22,22,-7,7,6,1,9,2,27,5
2024-02-28,I1,Inter,Atalanta,2,4,0,15,6,7,1,1390.97658195727,1196.49066055968,7,0,0,0,8,3,0,1,15,13,28,23,51,37,4,-4,9,-9,6,-6,0,4,1,7,6,15
2024-03-01,I1,Lazio,Milan,0,0,1,11,14,3,5,1052.61231087809,1139.71601552989,0,0,1,1,0,0,2,1,6,8,19,21,33,38,-1,1,-3,3,-2,2,1,0,5,3,14,11
2024-03-02,I1,Udinese,Salernitana,1,1,1,18,17,5,1,930.549657610354,733.537332130014,0,0,0,1,2,0,4,3,5,1,10,5,20,10,0,0,1,-1,4,-4,1,1,1,5,17,18
2024-03-02,I1,Monza,Roma,0,1,4,16,12,5,6,1005.78608539826,1132.42199610533,1,2,0,0,3,2,0,0,11,12,15,19,30,39,-3,3,4,-4,-1,1,4,1,6,5,12,16
2024-03-02,I1,Torino,Fiorentina,1,0,0,8,14,2,3,1004.37155139194,1040.60205722937,0,0,1,0,0,1,1,4,5,7,13,14,28,30,0,0,-6,6,-1,1,0,0,3,2,14,8
2024-03-03,I1,Verona,Sassuolo,2,1,0,10,13,5,2,834.281477033374,770.067013494368,0,0,0,5,3,0,2,7,3,1,9,4,13,11,1,-1,-3,3,3,-3,0,1,2,5,13,10
2024-03-03,I1,Empoli,Cagliari,0,0,1,16,8,3,4,941.580551879035,802.551804700042,0,0,0,0,3,1,2,13,9,2,13,7,22,18,-1,1,8,-8,-1,1,1,0,4,3,8,16
2024-03-03,I1,Frosinone,Lecce,1,1,1,15,11,7,4,794.899910157172,847.140182335854,0,0,2,6,0,0,2,13,1,3,4,4,14,13,0,0,4,-4,3,-3,1,1,4,7,11,15
2024-03-03,I1,Atalanta,Bologna,0,1,2,11,11,2,6,1164.7430168354,1169.18960654457,7,1,0,0,7,2,0,0,10,15,20,20,34,41,-1,1,0,0,-4,4,2,1,6,2,11,11
2024-03-03,I1,Napoli,Juventus,2,2,1,14,18,7,4,1022.72107328185,1181.67895276434,0,0,0,0,5,1,1,2,8,5,13,20,29,44,1,-1,-4,4,3,-3,1,2,4,7,18,14
2024-03-04,I1,Inter,Genoa,2,2,1,16,10,5,2,1422.72422568155,1008.82517901919,8,0,0,0,9,5,0,2,15,8,28,17,54,26,1,-1,6,-6,3,-3,1,2,2,5,10,16
2024-03-08,I1,Napoli,Torino,1,1,1,22,11,8,2,1068.41895461586,1006.03400621364,1,0,0,1,6,0,0,2,8,5,16,13,29,28,0,0,11,-11,6,-6,1,1,2,8,11,22
2024-03-09,I1,Cagliari,Salernitana,2,4,2,12,12,7,5,846.714467253039,741.74832927812,0,0,0,0,1,1,3,4,5,2,10,5,21,11,2,-2,0,0,2,-2,2,4,5,7,12,12
2024-03-09,I1,Sassuolo,Frosinone,2,1,0,10,11,4,1,743.914946950984,797.287696298101,0,0,2,2,0,0,3,13,1,1,4,5,11,15,1,-1,-1,1,3,-3,0,1,1,4,11,10
2024-03-09,I1,Bologna,Inter,0,0,1,19,5,3,4,1200.78008285673,1428.13284158427,4,4,0,0,13,13,0,0,15,15,20,28,41,54,-1,1,14,-14,-1,1,1,0,4,3,5,19
2024-03-09,I1,Genoa,Monza,0,2,3,22,9,6,5,1003.41656311647,970.294772808151,1,1,0,0,1,2,0,0,5,8,14,15,25,27,-1,1,13,-13,1,-1,3,2,5,6,9,22
2024-03-10,I1,Lecce,Verona,0,0,1,15,13,3,4,844.752396194926,860.433543576757,0,0,1,1,0,0,1,13,4,5,5,9,14,15,-1,1,2,-2,-1,1,1,0,4,3,13,15
2024-03-10,I1,Milan,Empoli,2,1,0,15,5,5,2,1163.85742684423,897.417889326037,0,2,0,0,8,3,1,0,10,8,23,13,38,22,1,-1,10,-10,3,-3,0,1,2,5,5,15
2024-03-10,I1,Juventus,Atalanta,1,2,2,18,7,5,3,1135.98107143033,1133.15254052324,1,0,0,1,1,0,0,2,4,7,17,20,43,33,0,0,11,-11,2,-2,2,2,3,5,7,18
2024-03-10,I1,Fiorentina,Roma,1,2,2,15,10,5,5,1038.93960240768,1167.91330869544,2,3,0,0,2,3,0,0,8,12,12,19,28,39,0,0,5,-5,0,0,2,2,5,5,10,15
2024-03-11,I1,Lazio,Udinese,0,1,2,18,14,6,5,1028.47089956375,922.338660462249,0,0,2,1,0,0,3,1,6,6,16,10,33,20,-1,1,4,-4,1,-1,2,1,5,6,14,18
2024-03-15,I1,Empoli,Bologna,0,0,1,10,20,1,9,886.061359071686,1187.16750829239,0,2,1,0,0,3,3,0,7,12,12,20,21,40,-1,1,-10,10,-8,8,1,0,9,1,20,10
2024-03-16,I1,Monza,Cagliari,2,1,0,15,10,3,0,1005.33619430408,877.710899941535,0,1,1,0,0,2,1,0,10,8,17,12,27,24,1,-1,5,-5,3,-3,0,1,0,3,10,15
2024-03-16,I1,Udinese,Torino,0,0,2,12,12,1,5,963.820684840244,1008.87645672297,0,0,0,0,3,1,5,3,8,5,10,14,22,29,-2,2,0,0,-4,4,2,0,5,1,12,12
2024-03-16,I1,Salernitana,Lecce,0,0,1,15,17,6,4,710.751896589623,814.195703334332,0,0,5,0,0,1,7,14,1,1,2,5,11,13,-1,1,-2,2,2,-2,1,0,4,6,17,15
2024-03-16,I1,Frosinone,Lazio,0,2,3,14,22,5,7,760.410191995802,986.988875185759,0,0,0,1,1,0,3,1,1,3,5,13,12,30,-1,1,-8,8,-2,2,3,2,7,5,22,14
2024-03-17,I1,Juventus,Genoa,1,0,0,17,5,2,2,1135.850815646,968.37514162054,0,0,0,1,2,0,1,3,5,4,15,13,41,25,0,0,12,-12,0,0,0,0,2,2,5,17
2024-03-17,I1,Verona,Milan,0,1,3,15,18,4,6,890.990236437351,1175.21395709858,1,1,0,0,4,1,0,0,8,10,12,23,18,38,-2,2,-3,3,-2,2,3,1,6,4,18,15
2024-03-17,I1,Roma,Sassuolo,2,1,0,10,8,4,2,1162.23242832725,780.792451253284,1,0,0,6,1,0,0,8,10,3,20,7,37,13,1,-1,2,-2,2,-2,0,1,2,4,8,10
2024-03-17,I1,Inter,Napoli,1,1,1,19,11,6,3,1441.74541614861,1065.57650410653,9,1,0,0,10,2,0,0,15,9,30,16,56,30,0,0,8,-8,3,-3,1,1,3,6,11,19
2024-03-30,I1,Napoli,Atalanta,0,0,3,20,12,6,6,1078.28368232851,1133.28279630757,0,0,0,0,7,1,1,3,9,5,17,18,28,34,-3,3,8,-8,0,0,3,0,6,6,12,20
2024-03-30,I1,Genoa,Frosinone,1,1,1,9,15,3,3,975.54107576701,746.749801003501,0,0,1,3,0,0,1,14,5,1,13,5,26,12,0,0,-6,6,0,0,1,1,3,3,15,9
2024-03-30,I1,Torino,Monza,2,1,0,15,9,6,2,1047.07824726641,1026.08311980145,0,2,0,0,1,3,2,0,5,12,14,17,32,30,1,-1,6,-6,4,-4,0,1,2,6,9,15
2024-03-30,I1,Lazio,Juventus,2,1,0,16,9,4,3,1000.64926617806,1128.68488149953,0,0,3,1,0,0,4,3,6,6,13,13,30,39,1,-1,7,-7,1,-1,0,1,3,4,9,16
2024-03-30,I1,Fiorentina,Milan,0,1,2,17,14,7,10,1044.62048277587,1189.51094957873,0,2,0,0,3,2,1,0,6,10,10,23,26,41,-1,1,3,-3,-3,3,2,1,10,7,14,17
2024-04-01,I1,Bologna,Salernitana,2,3,0,14,8,3,2,1196.7780780683,688.007533515101,0,0,1,1,0,0,1,5,12,1,22,2,40,10,3,-3,6,-6,1,-1,0,3,2,3,8,14
2024-04-01,I1,Cagliari,Verona,1,1,1,11,8,2,5,856.963974444169,876.693243957196,1,1,0,0,2,1,0,0,8,7,11,12,23,18,0,0,3,-3,-3,3,1,1,5,2,8,11
2024-04-01,I1,Sassuolo,Udinese,1,1,1,14,12,5,3,774.383923915872,925.618894296804,1,1,0,0,1,1,0,0,3,5,4,10,13,21,0,0,2,-2,2,-2,1,1,3,5,12,14
2024-04-01,I1,Lecce,Roma,1,0,0,27,10,6,3,836.940066408854,1168.64095566466,0,0,2,0,0,4,2,1,4,13,7,22,15,37,0,0,17,-17,3,-3,0,0,3,6,10,27
2024-04-01,I1,Inter,Empoli,2,2,0,19,14,7,3,1429.03823792663,876.450789295778,0,0,0,1,11,0,1,1,13,4,28,12,54,18,2,-2,5,-5,4,-4,0,2,3,7,14,19
2024-04-05,I1,Salernitana,Sassuolo,1,2,2,5,16,2,5,682.472356466092,780.93963756357,0,0,6,7,0,0,8,9,1,4,2,5,10,13,0,0,-11,11,-3,3,2,2,5,2,16,5
2024-04-06,I1,Milan,Lecce,2,3,0,16,12,8,7,1208.88938241775,848.810607265461,1,1,0,0,9,2,0,0,13,5,23,8,43,16,3,-3,4,-4,1,-1,0,3,7,8,12,16
2024-04-06,I1,Roma,Lazio,2,1,0,15,11,3,1,1156.77041480805,1043.93544537825,2,1,0,0,2,1,0,0,11,6,23,13,38,30,1,-1,4,-4,2,-2,0,1,1,3,11,15
2024-04-06,I1,Empoli,Torino,2,3,2,4,19,3,5,872.951918758939,1077.14687488805,0,1,2,0,0,2,4,0,3,8,12,16,18,32,1,-1,-15,15,-2,2,2,3,5,3,19,4
2024-04-07,I1,Frosinone,Bologna,1,0,0,12,13,5,5,755.987781568307,1202.31325511731,0,3,1,0,0,4,4,0,2,12,6,25,13,42,0,0,-1,1,0,0,0,0,5,5,13,12
2024-04-07,I1,Monza,Napoli,0,2,4,7,19,2,8,996.014492179808,1032.31305793626,1,0,0,0,1,3,0,1,9,8,17,14,29,27,-2,2,-12,12,-6,6,4,2,8,2,19,7
2024-04-07,I1,Cagliari,Atalanta,2,2,1,11,7,3,2,857.87156555738,1179.25342069981,0,1,0,0,3,2,1,0,8,5,9,20,21,34,1,-1,4,-4,1,-1,1,2,2,3,7,11
2024-04-07,I1,Verona,Genoa,0,1,2,12,11,3,5,875.785652843985,966.303095202204,0,0,1,0,0,1,1,4,7,5,10,13,19,24,-1,1,1,-1,-2,2,2,1,5,3,11,12
2024-04-07,I1,Juventus,Fiorentina,2,1,0,7,13,2,2,1085.39870229934,1025.24204993685,0,0,0,0,3,2,2,5,5,6,10,10,36,26,1,-1,-6,6,0,0,0,1,2,2,13,7
2024-04-08,I1,Udinese,Inter,0,1,2,3,23,1,6,919.063180649105,1432.53710846347,0,5,1,0,0,14,6,0,5,13,10,28,21,54,-1,1,-20,20,-5,5,2,1,6,1,23,3
2024-04-12,I1,Lazio,Salernitana,2,4,1,17,8,6,5,1021.97734030599,686.889311036325,1,0,0,2,1,0,0,6,6,2,12,3,30,11,3,-3,9,-9,1,-1,1,4,5,6,8,17
2024-04-13,I1,Lecce,Empoli,2,1,0,14,3,7,0,836.62053353548,921.856048765894,0,0,0,2,1,0,3,2,5,3,8,12,16,21,1,-1,11,-11,7,-7,0,1,0,7,3,14
2024-04-13,I1,Torino,Juventus,1,0,0,13,8,2,3,1028.2427448811,1111.91278161172,1,0,0,2,2,0,0,4,8,5,13,10,29,36,0,0,5,-5,-1,1,0,0,3,2,8,13
2024-04-13,I1,Bologna,Monza,1,0,0,17,4,7,0,1188.58984572292,956.722329379203,1,0,0,1,1,0,0,1,10,6,25,17,40,26,0,0,13,-13,7,-7,0,0,0,7,4,17
2024-04-14,I1,Napoli,Frosinone,1,2,2,20,13,9,6,1071.60522073686,769.711190962699,0,0,1,0,0,1,2,15,8,3,16,4,27,11,0,0,7,-7,3,-3,2,2,6,9,13,20
2024-04-14,I1,Sassuolo,Milan,1,3,3,10,23,5,7,776.522682993338,1221.07945614773,0,3,0,0,2,3,1,0,5,15,6,23,14,46,0,0,-13,13,-2,2,3,3,7,5,23,10
2024-04-14,I1,Inter,Cagliari,1,2,2,12,11,7,6,1435.70276647127,913.175870512532,1,0,0,1,12,0,0,1,13,10,28,12,54,21,0,0,1,-1,1,-1,2,2,6,7,11,12
2024-04-15,I1,Fiorentina,Genoa,1,1,1,20,7,3,3,998.727970624462,990.149772793759,0,1,1,0,0,2,2,0,5,5,9,13,26,27,0,0,13,-13,0,0,1,1,3,3,7,20
2024-04-15,I1,Atalanta,Verona,1,2,2,16,13,9,5,1123.94911574466,851.938975252431,0,0,1,0,0,2,1,1,4,7,17,10,31,19,0,0,3,-3,4,-4,2,2,5,9,13,16
2024-04-19,I1,Genoa,Lazio,0,0,1,8,13,2,1,990.544733150336,1035.81418435874,0,0,0,1,1,0,2,1,6,9,11,15,25,32,-1,1,-5,5,1,-1,1,0,1,2,13,8
2024-04-19,I1,Cagliari,Juventus,1,2,2,9,11,4,3,927.669631962255,1108.13243358053,1,0,0,0,4,1,0,5,8,6,13,10,22,34,0,0,-2,2,1,-1,2,2,3,4,11,9
2024-04-20,I1,Empoli,Napoli,2,1,0,7,9,1,1,882.159361583785,1060.39201376949,1,1,0,0,1,4,0,0,3,6,11,14,18,28,1,-1,-2,2,0,0,0,1,1,1,9,7
2024-04-20,I1,Verona,Udinese,2,1,0,16,18,4,1,862.408938821765,915.897522641311,0,0,2,0,0,2,2,1,5,5,10,10,20,18,1,-1,-2,2,3,-3,0,1,1,4,18,16
2024-04-21,I1,Sassuolo,Lecce,0,0,3,10,14,3,8,790.224468178478,876.317220717589,0,0,0,1,3,0,2,1,6,7,7,11,14,18,-3,3,-4,4,-5,5,3,0,8,3,14,10
2024-04-21,I1,Torino,Frosinone,1,0,0,13,12,2,3,1032.02309291229,780.924397930074,0,0,0,0,3,2,1,16,8,3,13,4,29,12,0,0,1,-1,-1,1,0,0,3,2,12,13
2024-04-21,I1,Salernitana,Fiorentina,0,0,2,5,12,1,7,673.052466983574,998.333010267884,0,0,0,1,1,0,9,6,1,3,3,10,10,27,-2,2,-7,7,-6,6,2,0,7,1,12,5
2024-04-21,I1,Monza,Atalanta,0,1,2,17,12,2,6,966.054267424273,1113.47915217533,0,0,1,1,0,0,1,1,7,5,15,15,26,32,-1,1,5,-5,-4,4,2,1,6,2,12,17
2024-04-22,I1,Roma,Bologna,0,1,3,14,11,5,3,1178.72851988032,1179.25790767785,3,0,0,0,3,5,0,1,11,8,23,23,38,41,-2,2,3,-3,2,-2,3,1,3,5,11,14
2024-04-22,I1,Milan,Inter,0,1,2,15,11,6,3,1207.37767096259,1421.20900502154,2,6,0,0,10,15,0,0,13,11,23,26,46,52,-1,1,4,-4,3,-3,2,1,3,6,11,15
2024-04-25,I1,Udinese,Roma,0,1,2,9,19,3,5,879.009597981137,1134.93772768044,0,0,2,0,0,5,7,2,4,8,10,20,17,37,-1,1,-10,10,-2,2,2,1,5,3,19,9
2024-04-26,I1,Frosinone,Salernitana,2,3,0,11,17,4,2,790.821860218678,661.363822200462,0,0,0,3,1,0,5,7,4,1,5,2,10,7,3,-3,-6,6,2,-2,0,3,2,4,17,11
2024-04-27,I1,Lecce,Monza,1,1,1,12,9,4,1,917.606107842598,946.872379584903,1,0,0,0,2,1,0,2,10,4,11,14,20,25,0,0,3,-3,3,-3,1,1,1,4,9,12
2024-04-27,I1,Juventus,Milan,1,0,0,18,9,7,0,1100.49647558881,1192.9122741115,1,0,0,0,4,4,0,1,6,10,11,20,34,43,0,0,9,-9,7,-7,0,0,0,7,9,18
2024-04-27,I1,Lazio,Verona,2,1,0,17,7,5,1,1063.66814976507,899.296863481939,2,0,0,0,2,3,0,2,12,5,15,13,35,22,1,-1,10,-10,4,-4,0,1,1,5,7,17
2024-04-28,I1,Inter,Torino,2,2,0,17,11,5,3,1435.67440187264,1022.12563062369,0,0,0,1,13,0,1,1,11,8,26,13,54,30,2,-2,6,-6,2,-2,0,2,3,5,11,17
2024-04-28,I1,Bologna,Udinese,1,1,1,15,11,4,4,1223.04869987773,867.076763613554,0,0,0,1,2,0,1,2,11,1,23,9,41,17,0,0,4,-4,0,0,1,1,4,4,11,15
2024-04-28,I1,Atalanta,Empoli,2,2,0,17,11,5,2,1132.6610400147,929.272171929347,0,0,0,3,1,0,2,3,8,6,15,13,34,21,2,-2,6,-6,3,-3,0,2,2,5,11,17
2024-04-28,I1,Napoli,Roma,1,2,2,27,10,9,4,1013.27920342393,1146.87056204802,0,1,0,0,1,6,3,0,5,10,14,20,25,37,0,0,17,-17,5,-5,2,2,4,9,10,27
2024-04-28,I1,Fiorentina,Sassuolo,2,5,1,22,7,10,2,1010.021655051,748.935581053469,0,0,0,0,1,1,3,10,5,3,13,6,27,11,4,-4,15,-15,8,-8,1,5,2,10,7,22
2024-04-29,I1,Genoa,Cagliari,2,3,0,12,12,5,1,962.690767744011,935.305589953968,0,0,1,0,0,1,3,2,6,6,10,14,25,22,3,-3,0,0,4,-4,0,3,1,5,12,12
2024-05-03,I1,Torino,Bologna,1,0,0,8,5,1,1,1014.69915398385,1210.70116038192,0,1,0,0,4,6,2,0,5,9,10,21,27,41,0,0,3,-3,0,0,0,0,1,1,5,8
2024-05-04,I1,Monza,Lazio,1,2,2,17,9,7,5,945.527796646929,1081.5657652356,0,1,2,0,0,1,2,0,2,12,14,18,26,35,0,0,8,-8,2,-2,2,2,5,7,9,17
2024-05-04,I1,Sassuolo,Inter,2,1,0,6,14,2,1,725.457985724987,1443.10087851247,0,7,1,0,0,16,3,0,3,13,6,26,11,54,1,-1,-8,8,1,-1,0,1,1,2,14,6
2024-05-05,I1,Cagliari,Lecce,1,1,1,9,16,3,3,885.063343986292,918.950690780572,0,1,0,0,5,1,1,0,6,8,14,12,22,20,0,0,-7,7,0,0,1,1,3,3,16,9
2024-05-05,I1,Empoli,Frosinone,1,0,0,7,17,1,5,908.509069319393,825.925336466631,2,0,0,0,2,3,0,17,6,7,10,8,20,13,0,0,-10,10,-4,4,0,0,5,1,17,7
2024-05-05,I1,Verona,Fiorentina,2,2,1,9,13,4,4,881.399248011402,1033.49925037948,1,1,0,0,1,1,0,0,5,7,12,13,21,30,1,-1,-4,4,0,0,1,2,4,4,13,9
2024-05-05,I1,Milan,Genoa,1,3,3,26,6,7,2,1188.75398018314,1012.93301371169,0,0,1,0,0,3,1,1,8,8,18,13,41,27,0,0,20,-20,5,-5,3,3,2,7,6,26
2024-05-05,I1,Roma,Juventus,1,1,1,19,16,5,6,1141.004722249,1104.65476951717,0,0,1,0,0,2,1,6,8,6,21,12,35,32,0,0,3,-3,-1,1,1,1,6,5,16,19
2024-05-06,I1,Salernitana,Atalanta,0,1,2,9,17,2,4,626.260345952508,1153.42414262465,0,1,1,0,0,1,10,0,1,10,2,15,7,37,-1,1,-8,8,-2,2,2,1,4,2,17,9
2024-05-06,I1,Udinese,Napoli,1,1,1,10,12,2,4,879.424303109364,1019.14504322295,0,0,3,1,0,0,8,1,2,5,7,14,17,26,0,0,-2,2,-2,2,1,1,4,2,12,10
2024-05-10,I1,Frosinone,Inter,0,0,5,17,14,8,5,829.658416267248,1380.11280988417,1,0,0,1,2,0,0,1,7,10,9,23,13,51,-5,5,3,-3,3,-3,5,0,5,8,14,17
2024-05-11,I1,Napoli,Bologna,0,0,2,16,11,6,4,1013.03646882917,1202.52448788843,0,0,0,0,2,7,4,1,6,7,14,19,27,39,-2,2,5,-5,2,-2,2,0,4,6,11,16
2024-05-11,I1,Milan,Cagliari,2,5,1,17,13,10,7,1181.28414789646,886.618984066065,0,0,0,1,1,0,2,3,6,6,19,14,42,20,4,-4,4,-4,3,-3,1,5,7,10,13,17
2024-05-12,I1,Lazio,Empoli,2,2,0,11,16,5,3,1075.6026512817,904.775989518776,3,0,0,4,3,0,0,4,10,7,16,10,35,20,2,-2,-5,5,2,-2,0,2,3,5,16,11
2024-05-12,I1,Genoa,Sassuolo,2,2,1,8,12,2,4,1020.40284599836,788.446054353288,1,0,0,1,1,0,0,11,8,5,13,9,28,14,1,-1,-4,4,-2,2,1,2,4,2,12,8
2024-05-12,I1,Verona,Torino,0,1,2,13,6,5,2,926.576904565016,1022.87582647734,2,0,0,2,2,0,0,2,7,3,14,11,23,27,-1,1,7,-7,3,-3,2,1,2,5,6,13
2024-05-12,I1,Juventus,Salernitana,1,1,1,25,13,6,4,1106.32266549157,623.323573718495,0,0,0,4,5,0,1,8,7,1,12,2,30,7,0,0,12,-12,2,-2,1,1,4,6,13,25
2024-05-12,I1,Atalanta,Roma,2,2,1,24,9,7,6,1156.36091485867,1139.3368262746,1,0,0,0,2,7,0,1,10,8,15,19,40,35,1,-1,15,-15,1,-1,1,2,6,7,9,24
2024-05-13,I1,Lecce,Udinese,0,0,2,9,16,2,3,917.395050700799,885.532877503136,0,0,0,0,3,1,1,3,8,2,13,7,20,18,-2,2,-7,7,-1,1,2,0,3,2,16,9
2024-05-13,I1,Fiorentina,Monza,2,2,1,15,5,8,2,988.321593825865,951.490910600833,1,0,0,0,2,2,0,3,7,3,13,12,27,24,1,-1,10,-10,6,-6,1,2,2,8,5,15
2024-05-17,I1,Fiorentina,Napoli,1,2,2,14,15,5,3,1016.94201245062,990.978605070034,2,0,0,0,3,1,0,2,10,3,15,11,29,24,0,0,-1,1,2,-2,2,2,3,5,15,14
2024-05-18,I1,Lecce,Atalanta,0,0,2,11,19,3,9,869.526632451612,1186.79419201713,0,2,1,0,0,2,2,0,8,13,13,17,17,40,-2,2,-8,8,-6,6,2,0,9,3,19,11
2024-05-18,I1,Torino,Milan,2,3,1,11,16,5,4,1046.2267266715,1201.27469177101,0,0,0,0,5,5,3,2,6,6,14,21,27,42,2,-2,-5,5,1,-1,1,3,4,5,16,11
2024-05-19,I1,Sassuolo,Cagliari,0,0,2,7,13,0,3,775.115355071806,866.628440191515,1,0,0,2,1,0,0,4,4,3,9,13,13,20,-2,2,-6,6,-3,3,2,0,3,0,13,7
2024-05-19,I1,Monza,Frosinone,0,0,1,14,16,2,5,922.870491976078,823.686279349276,0,0,0,0,1,4,3,18,3,6,9,9,24,13,-1,1,-2,2,-3,3,1,0,5,2,16,14
2024-05-19,I1,Udinese,Empoli,1,1,1,8,4,2,1,933.401295752324,880.897610467161,0,0,0,5,1,0,9,5,5,4,10,7,20,20,0,0,4,-4,1,-1,1,1,1,2,4,8
2024-05-19,I1,Inter,Lazio,1,1,1,19,8,7,3,1386.08494680214,1099.48103033332,1,0,0,0,14,2,0,1,10,13,23,19,51,38,0,0,11,-11,4,-4,1,1,3,7,8,19
2024-05-19,I1,Roma,Genoa,2,1,0,21,11,6,4,1108.90354911613,1033.73354527985,0,0,0,0,1,4,2,2,5,8,16,13,35,30,1,-1,10,-10,2,-2,0,1,4,6,11,21
2024-05-20,I1,Salernitana,Verona,0,1,2,9,17,1,5,637.454952501826,903.226004370858,0,0,2,1,0,0,11,3,1,7,3,14,8,23,-1,1,-8,8,-4,4,2,1,5,1,17,9
2024-05-20,I1,Bologna,Juventus,1,3,3,10,11,5,4,1224.58235164757,1092.19128670824,0,0,0,0,3,3,2,7,9,5,19,10,39,30,0,0,-1,1,1,-1,3,3,4,5,11,10
2024-05-23,I1,Cagliari,Fiorentina,0,2,3,14,11,6,5,899.1940804431,1015.74857406492,0,0,0,1,6,0,2,1,5,10,13,13,23,27,-1,1,3,-3,1,-1,3,2,5,6,11,14
2024-05-24,I1,Genoa,Bologna,2,2,0,14,11,3,1,1008.55091482099,1218.76441850301,2,1,0,0,2,8,0,0,7,9,13,17,27,37,2,-2,3,-3,2,-2,0,2,1,3,11,14
2024-05-25,I1,Juventus,Monza,2,2,0,12,12,4,4,1098.0092198528,881.975618032349,0,0,0,1,6,0,2,4,5,2,11,9,28,24,2,-2,0,0,0,0,0,2,4,4,12,12
2024-05-25,I1,Milan,Salernitana,1,3,3,23,14,11,6,1139.04848994757,626.062431005333,1,0,0,0,2,1,0,9,5,1,18,2,41,7,0,0,9,-9,5,-5,3,3,6,11,14,23
2024-05-26,I1,Atalanta,Torino,2,3,0,18,8,7,1,1198.9581018784,1108.45292849493,2,1,0,0,3,1,0,0,15,8,20,16,40,29,3,-3,10,-10,6,-6,0,3,1,7,8,18
2024-05-26,I1,Napoli,Lecce,1,0,0,24,10,5,0,992.172043455737,857.362722590345,0,0,1,0,0,2,5,1,3,5,9,12,25,17,0,0,14,-14,5,-5,0,0,0,5,10,24
2024-05-26,I1,Empoli,Roma,2,2,1,17,15,7,3,883.297255717826,1134.08617957498,0,0,0,1,3,0,1,2,5,8,8,16,21,35,1,-1,2,-2,4,-4,1,2,3,7,15,17
2024-05-26,I1,Frosinone,Udinese,0,0,1,21,10,5,5,864.581153293005,931.001650501659,0,1,1,0,0,2,1,0,8,6,11,10,16,20,-1,1,11,-11,0,0,1,0,5,5,10,21
2024-05-26,I1,Lazio,Sassuolo,1,1,1,8,8,6,3,1110.32478602578,742.549714820221,4,0,0,2,4,0,0,12,11,3,20,9,36,13,0,0,0,0,3,-3,1,1,3,6,8,8
2024-05-26,I1,Verona,Inter,1,2,2,18,15,8,11,914.618525867351,1375.24119110968,0,1,1,0,0,1,1,0,9,10,14,21,23,49,0,0,3,-3,-3,3,2,2,11,8,15,18
2024-06-02,I1,Atalanta,Fiorentina,0,2,3,12,8,3,4,1239.59732016878,1037.39888018576,3,1,0,0,4,1,0,0,15,10,23,15,43,27,-1,1,4,-4,-1,1,3,2,4,3,8,12
2022-08-13,I1,Milan,Udinese,2,4,2,14,9,5,4,1124.63554964159,956.957549764445,0,2,0,0,3,3,1,0,6,9,16,10,39,20,2,-2,5,-5,1,-1,2,4,4,5,9,14
2022-08-13,I1,Sampdoria,Atalanta,0,0,2,11,9,1,3,1000,1190.82616448218,0,3,0,0,0,3,0,0,0,12,0,22,0,40,-2,2,2,-2,-2,2,2,0,3,1,9,11
2022-08-13,I1,Lecce,Inter,0,1,2,10,19,4,9,863.277050347788,1361.34977020628,0,0,2,0,0,2,3,1,3,8,13,19,18,49,-1,1,-9,9,-5,5,2,1,9,4,19,10
2022-08-13,I1,Monza,Torino,0,1,2,15,13,4,6,862.343911357572,1067.81371020455,0,0,1,1,0,0,4,1,2,7,6,15,23,29,-1,1,2,-2,-2,2,2,1,6,4,13,15
2022-08-14,I1,Fiorentina,Cremonese,2,3,2,27,13,11,4,1086.17003587236,1000,0,0,0,0,4,0,1,0,10,0,17,0,27,0,1,-1,14,-14,7,-7,2,3,4,11,13,27
2022-08-14,I1,Lazio,Bologna,2,2,1,9,11,6,3,1097.76310445433,1151.19612655042,0,0,0,1,5,0,1,1,9,6,21,17,34,37,1,-1,-2,2,3,-3,1,2,3,6,11,9
2022-08-14,I1,Salernitana,Roma,0,0,1,13,20,2,5,640.475371311313,1082.30887815871,0,0,3,2,0,0,12,3,2,5,3,15,5,35,-1,1,-7,7,-3,3,1,0,5,2,20,13
2022-08-14,I1,Spezia,Empoli,2,1,0,9,18,2,5,1000,935.074557134103,0,0,0,0,0,1,0,6,0,5,0,11,0,23,1,-1,-9,9,-3,3,0,1,5,2,18,9
2022-08-15,I1,Verona,Napoli,0,2,5,6,25,3,8,928.509946770746,986.257715698293,0,0,0,0,1,2,2,3,7,4,12,9,24,25,-3,3,-19,19,-5,5,5,2,8,3,25,6
2022-08-15,I1,Juventus,Sassuolo,2,3,0,14,19,4,7,1117.64092652758,755.111396391675,1,0,0,0,7,1,0,13,7,4,13,7,28,14,3,-3,-5,5,-3,3,0,3,7,4,19,14
2022-08-20,I1,Torino,Lazio,1,0,0,10,7,1,2,1082.82509257616,1134.64603096754,1,0,0,0,6,3,0,2,10,9,15,21,29,34,0,0,3,-3,-1,1,0,0,2,1,7,10
2022-08-20,I1,Udinese,Salernitana,1,0,0,15,17,2,6,932.762893606745,635.811610691656,0,0,0,0,2,2,10,10,8,2,10,3,20,5,0,0,-2,2,-4,4,0,0,6,2,17,15
2022-08-20,I1,Inter,Spezia,2,3,0,19,2,8,0,1364.79311175449,1026.0887936212,0,0,0,0,15,0,1,0,8,3,21,3,49,3,3,-3,17,-17,8,-8,0,3,0,8,2,19
2022-08-20,I1,Sassuolo,Lecce,2,1,0,12,7,3,1,743.073240120829,859.833708799581,0,0,1,0,0,3,1,2,4,2,7,10,11,17,1,-1,5,-5,2,-2,0,1,1,3,7,12
2022-08-21,I1,Empoli,Fiorentina,1,0,0,4,19,2,2,908.985763512908,1110.3923081285,1,2,0,0,4,2,0,0,5,13,11,20,23,30,0,0,-15,15,0,0,0,0,2,2,19,4
2022-08-21,I1,Napoli,Monza,2,4,0,22,4,5,1,1031.80808961984,847.332528985961,0,0,0,2,1,0,6,5,6,1,11,3,28,20,4,-4,18,-18,4,-4,0,4,1,5,4,22
2022-08-21,I1,Atalanta,Milan,1,1,1,11,18,2,7,1212.75708834068,1148.83020579929,0,0,1,1,0,0,1,3,12,8,22,16,42,39,0,0,-7,7,-5,5,1,1,7,2,18,11
2022-08-21,I1,Bologna,Verona,1,1,1,17,19,5,3,1114.31320003721,882.959572849194,0,1,0,0,4,1,3,0,5,7,14,12,36,24,0,0,-2,2,2,-2,1,1,3,5,19,17
2022-08-22,I1,Roma,Cremonese,2,1,0,27,14,12,3,1086.97263877836,975.777727743853,1,0,0,1,2,0,0,1,7,0,15,0,37,0,1,-1,13,-13,9,-9,0,1,3,12,14,27
2022-08-22,I1,Sampdoria,Juventus,1,0,0,10,10,1,4,978.069076141506,1129.67908279843,0,0,1,0,0,4,1,8,0,9,0,15,0,28,0,0,0,0,-3,3,0,0,4,1,10,10
2022-08-26,I1,Monza,Udinese,0,1,2,10,15,5,4,814.185578262174,921.66666906,0,0,2,1,0,0,5,1,0,8,3,10,20,20,-1,1,-5,5,1,-1,2,1,4,5,15,10
2022-08-26,I1,Lazio,Inter,2,3,1,11,19,7,7,1132.27712916632,1378.38040505241,1,1,0,0,6,3,0,0,9,11,19,21,32,49,2,-2,-8,8,0,0,1,3,7,7,19,11
2022-08-27,I1,Cremonese,Torino,0,1,2,16,14,6,5,953.683242022015,1085.19399437738,0,1,0,0,0,1,0,0,0,10,0,13,0,29,-1,1,2,-2,1,-1,2,1,5,6,14,16
2022-08-27,I1,Juventus,Roma,1,1,1,14,8,3,4,1123.10900392321,1109.0671245002,2,1,0,0,8,1,0,0,9,9,16,17,26,40,0,0,6,-6,-1,1,1,1,4,3,8,14
2022-08-27,I1,Milan,Bologna,2,2,0,19,8,7,0,1151.74136929319,1104.99689050719,1,0,0,2,4,0,0,2,8,5,14,12,37,37,2,-2,11,-11,7,-7,0,2,0,7,8,19
2022-08-27,I1,Spezia,Sassuolo,1,2,2,7,21,2,8,1012.50150032328,785.43991727164,1,0,0,1,1,0,0,14,3,4,3,9,3,14,0,0,-14,14,-6,6,2,2,8,2,21,7
2022-08-28,I1,Salernitana,Sampdoria,2,4,0,9,17,6,6,646.9078352384,984.639155016727,0,0,4,0,0,0,13,0,3,1,4,1,6,1,4,-4,-8,8,0,0,0,4,6,6,17,9
2022-08-28,I1,Verona,Atalanta,0,0,1,14,15,2,7,892.275882379217,1209.84592484678,0,4,1,0,0,4,3,0,5,10,12,23,22,40,-1,1,-1,1,-5,5,1,0,7,2,15,14
2022-08-28,I1,Fiorentina,Napoli,1,0,0,10,13,5,2,1102.03321296137,1064.95504034363,1,1,0,0,5,3,0,0,11,8,21,14,30,28,0,0,-3,3,3,-3,0,0,2,5,13,10
2022-08-28,I1,Lecce,Empoli,1,1,1,15,9,5,3,817.46703164877,917.34485868004,0,0,3,1,0,0,4,7,1,5,9,12,17,24,0,0,6,-6,2,-2,1,1,3,5,9,15
2022-08-30,I1,Sassuolo,Milan,1,0,0,8,10,3,2,794.62464386669,1189.73366840829,1,0,0,0,1,1,0,4,5,8,9,14,15,37,0,0,-2,2,1,-1,0,0,2,3,10,8
2022-08-30,I1,Inter,Cremonese,2,3,1,18,11,7,4,1307.78559555548,933.248684170699,1,0,0,2,16,0,0,2,8,0,18,0,46,0,2,-2,7,-7,3,-3,1,3,4,7,11,18
2022-08-30,I1,Roma,Monza,2,3,0,14,13,7,1,1109.71342508657,791.780797763569,2,0,0,3,3,0,0,6,10,0,15,3,38,20,3,-3,1,-1,6,-6,0,3,1,7,13,14
2022-08-31,I1,Empoli,Verona,1,1,1,16,9,4,3,912.867963960544,883.413985095221,0,0,0,0,5,2,1,1,6,5,10,12,22,22,0,0,7,-7,1,-1,1,1,3,4,9,16
2022-08-31,I1,Sampdoria,Lazio,1,1,1,10,13,3,6,871.784052414238,1202.87193866325,0,0,0,0,1,4,2,3,1,9,1,22,1,34,0,0,-3,3,-3,3,1,1,6,3,13,10
2022-08-31,I1,Udinese,Fiorentina,2,1,0,8,12,3,2,944.071449558605,1100.3321529399,0,0,0,0,3,3,11,1,8,11,13,21,23,31,1,-1,-4,4,1,-1,0,1,2,3,12,8
2022-08-31,I1,Juventus,Spezia,2,2,0,15,9,3,0,1122.46270333684,1003.31677372823,0,0,0,1,9,0,1,1,9,4,14,4,24,4,2,-2,6,-6,3,-3,0,2,0,3,9,15
2022-08-31,I1,Napoli,Lecce,1,1,1,19,9,7,4,1066.6561003651,821.943926368267,1,0,0,1,2,0,0,3,9,2,12,10,28,18,0,0,10,-10,3,-3,1,1,4,7,9,19
2022-09-01,I1,Atalanta,Torino,2,3,1,12,8,5,2,1218.70782213078,1105.6285522287,0,2,0,0,1,2,2,0,10,10,25,16,40,29,2,-2,4,-4,3,-3,1,3,2,5,8,12
2022-09-01,I1,Bologna,Salernitana,1,1,1,11,20,4,4,1067.00459139209,759.762937840889,0,0,0,0,5,3,4,11,2,5,11,6,36,9,0,0,-9,9,0,0,1,1,4,4,20,11
2022-09-03,I1,Fiorentina,Juventus,1,1,1,17,4,5,1,1054.83784419306,1151.84334869172,0,0,0,0,6,5,1,9,8,11,18,16,31,26,0,0,13,-13,4,-4,1,1,1,5,4,17
2022-09-03,I1,Milan,Inter,2,3,2,21,16,5,5,1176.718080639,1316.88790669511,2,0,0,1,5,0,0,1,9,10,14,20,37,46,1,-1,5,-5,0,0,2,3,5,5,16,21
2022-09-03,I1,Lazio,Napoli,0,1,2,8,19,2,7,1191.01410575103,1056.94227282722,2,0,0,0,7,4,0,1,9,9,20,12,35,26,-1,1,-11,11,-5,5,2,1,7,2,19,8
2022-09-04,I1,Cremonese,Sassuolo,1,0,0,10,17,0,7,924.14637303107,807.640231635972,0,0,1,0,0,1,1,15,0,6,0,9,0,16,0,0,-7,7,-7,7,0,0,7,0,17,10
2022-09-04,I1,Spezia,Bologna,1,2,2,15,13,5,6,973.936128373345,1055.66741990278,0,0,0,3,2,0,1,3,4,2,4,11,4,34,0,0,2,-2,-1,1,2,2,6,5,13,15
2022-09-04,I1,Verona,Sampdoria,2,2,1,17,11,9,3,884.767150828525,883.641885326455,0,0,2,1,0,0,4,1,3,2,12,2,22,2,1,-1,6,-6,6,-6,1,2,3,9,11,17
2022-09-04,I1,Udinese,Roma,2,4,0,11,12,5,2,989.565758305447,1124.78795834252,1,0,0,0,4,2,0,1,10,10,16,18,26,38,4,-4,-1,1,3,-3,0,4,2,5,12,11
2022-09-05,I1,Monza,Atalanta,0,0,2,11,13,3,6,776.706264507619,1248.77471978793,0,5,3,0,0,5,6,0,0,10,2,25,17,40,-2,2,-2,2,-3,3,2,0,6,3,13,11
2022-09-05,I1,Salernitana,Empoli,1,2,2,15,11,4,5,771.100109330201,911.51479822724,1,0,0,0,1,1,0,8,6,6,7,11,10,22,0,0,4,-4,-1,1,2,2,5,4,11,15
2022-09-05,I1,Torino,Lecce,2,1,0,13,10,4,2,1075.56165457155,831.657753906151,0,0,0,0,7,1,1,4,7,3,15,8,28,19,1,-1,3,-3,2,-2,0,1,2,4,10,13
2022-09-10,I1,Napoli,Spezia,2,1,0,28,10,6,1,1100.71223837255,977.632067614879,0,0,0,2,3,0,1,2,11,5,15,5,29,5,1,-1,18,-18,5,-5,0,1,1,6,10,28
2022-09-10,I1,Inter,Torino,2,1,0,16,9,3,7,1272.63544200609,1088.18107121112,2,0,0,1,17,0,0,1,9,10,17,17,43,30,1,-1,7,-7,-4,4,0,1,7,3,9,16
2022-09-10,I1,Sampdoria,Milan,0,1,2,10,15,4,4,851.7455257469,1220.97054532802,0,0,0,0,2,2,3,5,2,11,2,17,2,37,-1,1,-5,5,0,0,2,1,4,4,15,10
2022-09-11,I1,Atalanta,Cremonese,1,1,1,14,7,6,4,1254.20883756957,918.973519957955,1,0,0,3,2,0,0,3,13,1,25,1,40,1,0,0,7,-7,2,-2,1,1,4,6,7,14
2022-09-11,I1,Bologna,Fiorentina,2,2,1,12,13,4,2,1051.97148066125,1059.19253969806,0,0,0,1,6,0,5,2,3,6,9,16,32,29,1,-1,-1,1,2,-2,1,2,2,4,13,12
2022-09-11,I1,Lecce,Monza,1,1,1,7,2,3,1,819.038337266573,771.272146725981,0,0,0,4,1,0,5,7,2,0,5,2,16,16,0,0,5,-5,2,-2,1,1,1,3,2,7
2022-09-11,I1,Sassuolo,Udinese,0,1,3,5,17,2,4,812.813084709087,1077.97805537156,0,1,0,0,2,1,1,0,6,10,10,19,16,28,-2,2,-12,12,-2,2,3,1,4,2,17,5
2022-09-11,I1,Lazio,Verona,2,2,0,15,7,6,1,1147.24414020569,916.66351040808,0,0,1,0,0,3,1,2,8,5,17,12,32,25,2,-2,8,-8,5,-5,0,2,1,6,7,15
2022-09-11,I1,Juventus,Salernitana,1,2,2,22,11,7,5,1147.48865318672,777.235962265107,1,0,0,0,10,4,0,12,9,6,16,8,27,10,0,0,11,-11,2,-2,2,2,5,7,11,22
2022-09-12,I1,Empoli,Roma,0,1,2,20,13,3,7,905.378945292334,1036.3756612764,0,0,0,1,6,0,2,2,4,10,9,15,22,35,-1,1,7,-7,-4,4,2,1,7,3,13,20
2022-09-16,I1,Salernitana,Lecce,0,1,2,8,13,4,4,789.841168779064,816.852378097267,0,0,0,1,2,0,1,5,7,3,9,5,11,17,-1,1,-5,5,0,0,2,1,4,4,13,8
2022-09-17,I1,Bologna,Empoli,0,0,1,16,12,3,5,1084.63646902817,884.903205300352,1,0,0,0,7,2,0,9,6,4,11,9,32,19,-1,1,4,-4,-2,2,1,0,5,3,12,16
2022-09-17,I1,Spezia,Sampdoria,2,2,1,6,11,3,8,956.516614712793,844.919950556112,0,0,0,2,3,0,2,2,2,2,5,2,5,2,1,-1,-5,5,-5,5,1,2,8,3,11,6
2022-09-17,I1,Torino,Sassuolo,0,0,1,12,10,3,5,1071.73532893275,797.154229201241,1,0,0,0,8,2,0,16,7,6,17,10,27,16,-1,1,2,-2,-2,2,1,0,5,3,10,12
2022-09-18,I1,Udinese,Inter,2,3,1,20,14,6,3,1093.63691087941,1289.08118428447,2,0,0,2,5,0,0,2,13,9,21,17,28,43,2,-2,6,-6,3,-3,1,3,3,6,14,20
2022-09-18,I1,Cremonese,Lazio,0,0,4,18,14,3,6,930.916685310536,1165.62939015906,0,0,0,0,1,5,2,4,2,8,2,17,2,35,-4,4,4,-4,-3,3,4,0,6,3,14,18
2022-09-18,I1,Fiorentina,Verona,2,2,0,15,8,9,1,1026.52755133114,898.278260454713,0,0,0,1,7,0,2,3,3,5,16,12,29,24,2,-2,7,-7,8,-8,0,2,1,9,8,15
2022-09-18,I1,Monza,Juventus,2,1,0,17,10,4,2,773.458105895288,1134.88344667277,0,0,4,0,0,6,7,10,1,7,2,16,16,28,1,-1,7,-7,2,-2,0,1,2,4,10,17
2022-09-18,I1,Roma,Atalanta,0,0,1,21,4,5,1,1056.85140126838,1242.26567221699,3,6,0,0,4,6,0,0,10,11,17,23,38,38,-1,1,17,-17,4,-4,1,0,1,5,4,21
2022-09-18,I1,Milan,Napoli,0,1,2,22,9,5,4,1227.79612051881,1121.82769127464,3,1,0,0,6,5,0,0,11,11,19,17,37,31,-1,1,13,-13,1,-1,2,1,4,5,9,22
2022-10-01,I1,Napoli,Torino,2,3,1,15,16,7,3,1163.2959509863,1018.66065871375,1,0,0,2,4,0,0,2,11,6,19,16,33,27,2,-2,-1,1,4,-4,1,3,3,7,16,15
2022-10-01,I1,Inter,Roma,0,1,2,15,10,2,3,1222.8625397208,1040.47309016627,3,1,0,0,18,1,0,0,6,7,17,16,40,35,-1,1,5,-5,-1,1,2,1,3,2,10,15
2022-10-01,I1,Empoli,Milan,0,1,3,16,19,4,6,933.509064211193,1186.32786080715,0,1,1,0,0,3,3,0,6,10,11,18,21,37,-2,2,-3,3,-2,2,3,1,6,4,19,16
2022-10-02,I1,Lazio,Spezia,2,4,0,13,14,6,2,1192.16436725674,978.577655185273,1,0,0,3,1,0,0,3,10,5,19,8,35,8,4,-4,-1,1,4,-4,0,4,2,6,14,13
2022-10-02,I1,Lecce,Cremonese,1,1,1,6,13,1,4,846.369554001761,904.381708212855,0,0,0,0,2,1,6,4,6,2,7,2,20,2,0,0,-7,7,-3,3,1,1,4,1,13,6
2022-10-02,I1,Sampdoria,Monza,0,0,3,3,13,1,6,822.858910083633,830.35388150757,0,0,1,0,0,1,4,8,1,4,2,4,2,16,-3,3,-10,10,-5,5,3,0,6,1,13,3
2022-10-02,I1,Sassuolo,Salernitana,2,5,0,17,6,11,1,850.228899420236,760.323992874569,0,0,1,0,0,5,2,13,6,6,10,9,19,11,5,-5,11,-11,10,-10,0,5,1,11,6,17
2022-10-02,I1,Atalanta,Fiorentina,2,1,0,10,16,5,5,1258.64398331909,1054.89327765742,0,0,0,2,3,0,1,3,13,5,23,16,40,31,1,-1,-6,6,0,0,0,1,5,5,16,10
2022-10-02,I1,Juventus,Bologna,2,3,0,17,9,6,1,1077.98767106049,1036.03061011733,0,0,0,0,11,1,1,4,6,5,15,10,27,29,3,-3,8,-8,5,-5,0,3,1,6,9,17
2022-10-03,I1,Verona,Udinese,0,1,2,7,21,2,8,869.912534128434,1159.85555544307,1,2,0,0,1,2,0,0,4,15,9,23,23,30,-1,1,-14,14,-6,6,2,1,8,2,21,7
2022-10-08,I1,Sassuolo,Inter,0,1,2,15,16,3,4,905.483225209874,1175.45395310311,1,0,0,3,1,0,0,3,8,6,13,14,22,37,-1,1,-1,1,-1,1,2,1,4,3,16,15
2022-10-08,I1,Milan,Juventus,2,2,0,21,10,3,3,1202.92189856025,1125.96574135539,0,0,1,1,0,0,1,11,10,8,18,17,39,27,2,-2,11,-11,0,0,0,2,3,3,10,21
2022-10-08,I1,Bologna,Sampdoria,1,1,1,10,9,3,3,988.052539822416,769.503502518847,0,0,1,3,0,0,1,3,5,1,7,2,26,2,0,0,1,-1,0,0,1,1,3,3,9,10
2022-10-09,I1,Torino,Empoli,1,1,1,20,6,7,2,992.07432862589,916.915026458097,0,1,1,0,0,3,1,0,3,5,13,11,27,18,0,0,14,-14,5,-5,1,1,2,7,6,20
2022-10-09,I1,Monza,Spezia,2,2,0,7,9,4,1,883.709289072356,949.387723888557,1,0,0,4,1,0,0,4,7,4,7,8,16,8,2,-2,-2,2,3,-3,0,2,1,4,9,7
2022-10-09,I1,Salernitana,Verona,2,2,1,14,12,4,2,705.069667084931,859.765245359617,0,0,1,2,0,0,2,4,3,4,8,9,11,23,1,-1,2,-2,2,-2,1,2,2,4,12,14
2022-10-09,I1,Udinese,Atalanta,1,2,2,10,9,2,5,1170.00284421189,1273.76937223525,3,7,0,0,6,7,0,0,15,13,23,23,33,43,0,0,1,-1,-3,3,2,2,5,2,9,10
2022-10-09,I1,Cremonese,Napoli,0,1,4,12,21,1,10,901.73470348815,1189.88228107416,0,2,1,0,0,6,3,0,3,13,3,22,3,33,-3,3,-9,9,-9,9,4,1,10,1,21,12
2022-10-09,I1,Roma,Lecce,2,2,1,20,6,6,3,1087.88167678397,849.016558726466,0,1,1,0,0,1,1,0,9,6,19,8,35,21,1,-1,14,-14,3,-3,1,2,3,6,6,20
2022-10-10,I1,Fiorentina,Lazio,0,0,4,24,10,3,6,1039.76788874126,1221.35429855346,1,1,0,0,8,6,0,0,4,10,15,19,28,38,-4,4,14,-14,-3,3,4,0,6,3,10,24
2022-10-15,I1,Empoli,Monza,2,1,0,11,16,5,4,920.323240763729,935.760285909318,0,1,2,0,0,2,4,0,5,10,11,10,19,19,1,-1,-5,5,1,-1,0,1,4,5,16,11
2022-10-15,I1,Torino,Juventus,0,0,1,15,14,2,8,988.666114320258,1091.66667252297,0,0,0,2,1,0,2,12,4,5,11,16,27,27,-1,1,1,-1,-6,6,1,0,8,2,14,15
2022-10-15,I1,Atalanta,Sassuolo,2,2,1,16,11,4,3,1269.12793889882,894.31533503078,1,1,0,0,4,3,0,0,11,7,21,13,44,22,1,-1,5,-5,1,-1,1,2,3,4,11,16
2022-10-16,I1,Inter,Salernitana,2,2,0,16,8,6,3,1186.6218432822,750.445232285051,0,0,1,1,0,0,1,14,6,5,16,11,37,13,2,-2,8,-8,3,-3,0,2,3,6,8,16
2022-10-16,I1,Lazio,Udinese,1,0,0,8,12,3,2,1254.91253310059,1174.64427754832,2,3,0,0,2,3,0,0,12,13,21,23,41,33,0,0,-4,4,1,-1,0,0,2,3,12,8
2022-10-16,I1,Spezia,Cremonese,1,2,2,15,24,6,4,897.336727051596,884.291667622828,1,0,0,0,4,2,0,5,4,3,8,3,8,3,0,0,-9,9,2,-2,2,2,4,6,24,15
2022-10-16,I1,Napoli,Bologna,2,3,2,30,16,11,3,1207.32531693948,979.134345111047,2,0,0,1,5,0,0,5,15,5,24,7,33,24,1,-1,14,-14,8,-8,2,3,3,11,16,30
2022-10-16,I1,Verona,Milan,0,1,2,19,16,5,6,814.389680159497,1237.22096739268,0,2,1,0,0,4,1,0,3,12,6,21,20,39,-1,1,3,-3,-1,1,2,1,6,5,16,19
2022-10-17,I1,Sampdoria,Roma,0,0,1,8,7,1,4,778.421697230216,1100.79753589178,0,2,2,0,0,2,5,0,1,9,3,19,3,35,-1,1,1,-1,-3,3,1,0,4,1,7,8
2022-10-17,I1,Lecce,Fiorentina,1,1,1,6,10,2,5,836.100699618659,1006.20965419413,0,0,0,3,3,0,7,4,5,4,8,12,20,27,0,0,-4,4,-3,3,1,1,5,2,10,6
2022-10-21,I1,Juventus,Empoli,2,4,0,21,12,7,4,1114.44845873235,953.74411028571,1,0,0,0,12,4,0,1,7,7,16,11,29,22,4,-4,9,-9,3,-3,0,4,4,7,12,21
2022-10-22,I1,Salernitana,Spezia,2,1,0,17,14,4,2,743.857631260318,896.736262006979,1,0,0,5,1,0,0,5,4,4,10,9,13,9,1,-1,3,-3,2,-2,0,1,2,4,14,17
2022-10-22,I1,Milan,Monza,2,4,1,12,16,7,6,1242.38036384493,902.339416387337,1,0,0,1,1,0,0,1,12,10,23,10,39,16,3,-3,-4,4,1,-1,1,4,6,7,16,12
2022-10-22,I1,Fiorentina,Inter,0,3,4,10,8,4,7,998.94710755286,1193.20944430693,0,1,1,0,0,1,1,0,4,9,10,18,27,37,-1,1,2,-2,-3,3,4,3,7,4,8,10
2022-10-23,I1,Udinese,Torino,0,1,2,16,15,4,4,1178.27637486559,965.884328110879,0,0,0,3,7,0,1,3,11,1,21,11,31,26,-1,1,1,-1,0,0,2,1,4,4,15,16
2022-10-23,I1,Bologna,Lecce,2,2,0,12,9,3,3,965.573411009953,843.36324625993,0,0,0,1,1,0,2,1,4,6,7,8,24,21,2,-2,3,-3,0,0,0,2,3,3,9,12
2022-10-23,I1,Atalanta,Lazio,0,0,2,7,12,0,5,1275.7598524204,1251.28043578332,2,2,0,0,5,7,0,0,11,13,24,21,46,42,-2,2,-5,5,-5,5,2,0,5,0,12,7
2022-10-23,I1,Roma,Napoli,0,0,1,6,12,0,5,1109.45032542769,1220.88625104058,1,3,0,0,1,7,0,0,12,15,22,26,37,35,-1,1,-6,6,-5,5,1,0,5,0,12,6
2022-10-24,I1,Cremonese,Sampdoria,0,0,1,21,8,4,4,884.892132667445,769.768907694302,0,0,2,0,0,1,4,4,3,1,4,3,4,3,-1,1,13,-13,0,0,1,0,4,4,8,21
2022-10-24,I1,Sassuolo,Verona,2,2,1,14,13,3,5,887.683421509195,809.230283707248,0,0,1,3,0,0,1,5,6,0,12,5,19,17,1,-1,1,-1,-2,2,1,2,5,3,13,14
2022-10-29,I1,Napoli,Sassuolo,2,4,0,18,10,6,6,1242.96066983906,912.577977220244,3,0,0,1,6,0,0,1,15,9,26,15,37,22,4,-4,8,-8,0,0,0,4,6,6,10,18
2022-10-29,I1,Lecce,Juventus,0,0,1,5,13,0,5,814.326251026898,1151.07608561622,0,1,0,0,4,1,8,0,5,9,8,16,18,31,-1,1,-8,8,-5,5,1,0,5,0,13,5
2022-10-29,I1,Inter,Sampdoria,2,3,0,17,9,8,2,1208.97478535726,812.000409659733,1,1,0,0,1,2,0,0,9,4,18,6,39,6,3,-3,8,-8,6,-6,0,3,2,8,9,17
2022-10-30,I1,Empoli,Atalanta,0,0,2,13,20,3,6,917.116483401839,1228.81724277123,1,0,0,0,1,8,0,1,7,10,11,21,22,43,-2,2,-7,7,-3,3,2,0,6,3,20,13
2022-10-30,I1,Cremonese,Udinese,1,0,0,13,13,2,3,842.660630702013,1128.83474254978,0,0,3,0,0,4,5,1,2,8,4,21,4,31,0,0,0,0,-1,1,0,0,3,2,13,13
2022-10-30,I1,Spezia,Fiorentina,0,1,2,10,27,6,5,851.49910750333,983.181766502536,0,0,0,0,5,1,1,5,4,4,6,7,9,27,-1,1,-17,17,1,-1,2,1,5,6,27,10
2022-10-30,I1,Lazio,Salernitana,0,1,3,13,10,4,6,1298.22304543249,789.094785763967,0,0,0,2,3,0,1,15,13,6,21,13,42,16,-2,2,3,-3,-2,2,3,1,6,4,10,13
2022-10-30,I1,Torino,Milan,2,2,1,7,12,4,1,1015.32596042669,1255.87640136594,0,3,1,0,0,5,3,0,4,12,11,23,26,39,1,-1,-5,5,3,-3,1,2,1,4,12,7
2022-10-31,I1,Verona,Roma,0,1,3,7,14,3,6,784.335727996199,1087.37590662921,0,3,2,0,0,3,2,0,0,9,5,19,17,34,-2,2,-7,7,-3,3,3,1,6,3,14,7
2022-10-31,I1,Monza,Bologna,0,1,2,9,10,3,5,888.843378866322,994.610406242985,2,0,0,2,2,0,0,6,9,4,10,10,13,24,-1,1,-1,1,-2,2,2,1,5,3,10,9
2022-11-04,I1,Udinese,Lecce,1,1,1,16,9,5,1,1118.0016975513,806.274150318895,0,0,1,2,0,0,2,2,6,2,21,8,31,17,0,0,7,-7,4,-4,1,1,1,5,9,16
2022-11-05,I1,Empoli,Sassuolo,2,1,0,17,10,1,3,904.612931155627,895.820005647135,0,0,1,2,0,0,1,2,4,6,10,12,22,21,1,-1,7,-7,-2,2,0,1,3,1,10,17
2022-11-05,I1,Salernitana,Cremonese,1,2,2,11,11,2,5,872.366990112204,853.493675700489,2,0,0,0,2,3,0,6,9,3,15,5,19,5,0,0,0,0,-3,3,2,2,5,2,11,11
2022-11-05,I1,Atalanta,Napoli,0,1,2,17,7,4,5,1241.32079501744,1259.71864141217,0,4,1,0,0,8,1,0,10,15,23,26,46,40,-1,1,10,-10,-1,1,2,1,5,4,7,17
2022-11-05,I1,Milan,Spezia,2,2,1,23,13,11,5,1204.69253404062,831.07831217523,2,0,0,6,2,0,0,6,12,1,22,6,36,9,1,-1,10,-10,6,-6,1,2,5,11,13,23
2022-11-06,I1,Bologna,Torino,2,2,1,9,7,5,2,1017.15907525477,1066.50982775201,1,1,0,0,2,1,0,0,7,7,12,13,24,26,1,-1,2,-2,3,-3,1,2,2,5,7,9
2022-11-06,I1,Monza,Verona,2,2,0,14,7,3,2,866.294709854538,771.288094205222,0,0,1,4,0,0,1,6,6,0,10,4,13,16,2,-2,7,-7,1,-1,0,2,2,3,7,14
2022-11-06,I1,Sampdoria,Fiorentina,0,0,2,14,5,2,4,801.927464724191,1003.60256183064,0,1,3,0,0,2,6,0,4,4,5,9,6,30,-2,2,9,-9,-2,2,2,0,4,2,5,14
2022-11-06,I1,Roma,Lazio,0,0,1,8,5,2,3,1100.42354042018,1214.95084108425,0,3,1,0,0,8,1,0,12,10,19,20,36,39,-1,1,3,-3,-1,1,1,0,3,2,5,8
2022-11-06,I1,Juventus,Inter,2,2,0,8,14,3,4,1159.12818632422,1219.0477302928,2,2,0,0,13,2,0,0,12,12,18,18,34,39,2,-2,-6,6,-1,1,0,2,4,3,14,8
2022-11-08,I1,Napoli,Empoli,2,2,0,18,6,4,1,1290.02571918721,935.80324564774,4,0,0,1,7,0,0,2,15,7,28,12,40,22,2,-2,12,-12,3,-3,0,2,1,4,6,18
2022-11-08,I1,Spezia,Udinese,1,1,1,21,10,6,2,824.405277276993,1106.56260155085,0,0,1,0,0,5,2,2,1,4,5,19,9,32,0,0,11,-11,4,-4,1,1,2,6,10,21
2022-11-08,I1,Cremonese,Milan,1,0,0,6,16,1,5,854.361970046844,1211.36556893886,0,0,0,1,1,0,6,1,3,12,6,22,6,36,0,0,-10,10,-4,4,0,0,5,1,16,6
2022-11-09,I1,Lecce,Atalanta,2,2,1,15,12,3,4,817.713246319349,1211.0137172424,0,1,1,0,0,9,9,0,2,7,8,20,18,45,1,-1,3,-3,-1,1,1,2,4,3,12,15
2022-11-09,I1,Sassuolo,Roma,1,1,1,14,10,6,4,864.629691155022,1078.60573980766,1,4,0,0,1,4,0,0,3,9,11,18,20,33,0,0,4,-4,2,-2,1,1,4,6,10,14
2022-11-09,I1,Fiorentina,Salernitana,2,2,1,18,4,7,1,1024.52241752581,871.498695765848,0,1,2,0,0,1,2,0,7,10,11,13,32,19,1,-1,14,-14,6,-6,1,2,1,7,4,18
2022-11-09,I1,Inter,Bologna,2,6,1,13,10,7,4,1167.70043506453,1053.67412282941,2,1,0,0,2,1,0,0,12,10,18,15,36,26,5,-5,3,-3,3,-3,1,6,4,7,10,13
2022-11-09,I1,Torino,Sampdoria,2,2,0,8,11,5,1,1029.99478017737,781.007609029013,1,0,0,1,1,0,0,1,7,4,10,5,26,6,2,-2,-3,3,4,-4,0,2,1,5,11,8
2022-11-10,I1,Verona,Juventus,0,0,1,15,11,2,3,739.133139735867,1210.47548155249,0,2,3,0,0,2,3,0,0,12,4,20,16,34,-1,1,4,-4,-1,1,1,0,3,2,11,15
2022-11-10,I1,Lazio,Monza,2,1,0,12,8,4,0,1236.76864169678,898.449664323893,0,0,1,2,0,0,2,2,10,6,20,13,42,16,1,-1,4,-4,4,-4,0,1,0,4,8,12
2022-11-11,I1,Empoli,Cremonese,2,2,0,13,19,6,5,925.701816912753,866.728680728844,1,0,0,0,1,4,0,7,6,4,11,7,22,7,2,-2,-6,6,1,-1,0,2,5,6,19,13
2022-11-12,I1,Napoli,Udinese,2,3,2,15,10,5,4,1300.1271479222,1095.83052429114,5,0,0,0,8,6,0,3,15,4,30,17,42,33,1,-1,5,-5,1,-1,2,3,4,5,10,15
2022-11-12,I1,Sampdoria,Lecce,0,0,2,11,11,2,3,764.114768429118,875.687837516256,0,0,4,0,0,1,7,3,3,5,4,10,6,18,-2,2,0,0,-1,1,2,0,3,2,11,11
2022-11-12,I1,Bologna,Sassuolo,2,3,0,8,9,4,3,1003.13655445799,873.401655005293,2,0,0,3,3,0,0,3,9,4,14,11,25,20,3,-3,-1,1,1,-1,0,3,3,4,9,8
2022-11-13,I1,Atalanta,Inter,0,2,3,19,14,7,3,1153.03912604549,1218.23800343595,0,0,2,1,0,0,2,1,6,12,17,18,42,38,-1,1,5,-5,4,-4,3,2,3,7,14,19
2022-11-13,I1,Monza,Salernitana,2,3,0,19,5,7,0,890.46093056881,852.746925051261,1,0,0,1,1,0,0,1,3,7,13,12,15,19,3,-3,14,-14,7,-7,0,3,0,7,5,19
2022-11-13,I1,Roma,Torino,1,1,1,13,10,4,2,1069.83377595738,1046.88762077727,0,0,2,1,0,0,2,1,7,9,16,13,34,28,0,0,3,-3,2,-2,1,1,2,4,10,13
2022-11-13,I1,Verona,Spezia,0,1,2,18,16,5,9,735.152649273628,835.137354536696,0,0,4,7,0,0,4,7,0,2,3,6,15,10,-1,1,2,-2,-4,4,2,1,9,5,16,18
2022-11-13,I1,Milan,Fiorentina,2,2,1,12,11,3,5,1198.99885825686,1043.2741882404,3,2,0,0,3,3,0,0,10,10,22,14,36,32,1,-1,1,-1,-2,2,1,2,5,3,11,12
2022-11-13,I1,Juventus,Lazio,2,3,0,13,10,9,3,1214.45597201473,1244.75737545186,3,4,0,0,14,9,0,0,15,10,20,22,36,42,3,-3,3,-3,6,-6,0,3,3,9,10,13
2023-01-04,I1,Salernitana,Milan,0,1,2,8,16,1,10,804.111574385398,1217.54516692039,0,0,0,0,3,1,1,2,7,10,11,22,19,39,-1,1,-8,8,-9,9,2,1,10,1,16,8
2023-01-04,I1,Sassuolo,Sampdoria,0,1,2,16,9,4,4,838.336106931927,733.876305789624,0,0,0,2,2,0,1,2,4,3,10,4,20,6,-1,1,7,-7,0,0,2,1,4,4,9,16
2023-01-04,I1,Spezia,Atalanta,1,2,2,7,19,3,3,858.174492718202,1126.97465376161,0,0,0,1,1,0,3,1,4,3,8,14,13,39,0,0,-12,12,0,0,2,2,3,3,19,7
2023-01-04,I1,Torino,Verona,1,1,1,9,10,3,2,1047.94279654571,712.115511092121,2,0,0,5,2,0,0,7,10,0,11,0,28,12,0,0,-1,1,1,-1,1,1,2,3,10,9
2023-01-04,I1,Lecce,Lazio,2,2,1,11,8,4,2,905.926300155749,1185.48185933132,1,0,0,1,1,0,0,1,7,9,13,22,18,39,1,-1,3,-3,2,-2,1,2,2,4,8,11
2023-01-04,I1,Roma,Bologna,2,1,0,14,10,4,2,1068.77860018894,1038.20210253136,0,0,0,1,1,0,3,1,5,12,17,16,32,25,1,-1,4,-4,2,-2,0,1,2,4,10,14
2023-01-04,I1,Cremonese,Juventus,0,0,1,13,19,3,8,830.244702971887,1273.73148813528,0,3,0,0,2,3,7,0,3,15,6,22,7,38,-1,1,-6,6,-5,5,1,0,8,3,19,13
2023-01-04,I1,Fiorentina,Monza,1,1,1,22,10,6,3,1024.72787957688,939.096281234674,1,0,0,3,1,0,0,3,9,6,13,16,29,18,0,0,12,-12,3,-3,1,1,3,6,10,22
2023-01-04,I1,Inter,Napoli,2,1,0,6,9,1,2,1244.30247571983,1315.2162680606,3,5,0,0,3,9,0,0,12,15,21,30,38,45,1,-1,-3,3,-1,1,0,1,2,1,9,6
2023-01-04,I1,Udinese,Empoli,1,1,1,21,6,3,1,1080.74140415274,962.18579466971,0,0,0,2,1,0,3,3,3,6,14,13,33,22,0,0,15,-15,2,-2,1,1,1,3,6,21
2023-01-07,I1,Fiorentina,Sassuolo,2,2,1,14,17,5,4,1020.86235561474,796.994794693449,0,0,0,4,2,0,1,4,10,1,14,10,30,20,1,-1,-3,3,1,-1,1,2,4,5,17,14
2023-01-07,I1,Juventus,Udinese,2,1,0,14,11,4,3,1278.354264894,1075.48419666717,4,0,0,1,15,0,0,4,15,4,24,12,40,33,1,-1,3,-3,1,-1,0,1,3,4,11,14
2023-01-07,I1,Monza,Inter,1,2,2,13,11,4,3,942.961805196812,1282.74466562055,2,1,0,0,2,1,0,0,7,12,16,21,18,38,0,0,2,-2,1,-1,2,2,3,4,11,13
2023-01-08,I1,Salernitana,Torino,1,1,1,11,23,4,8,798.689676711439,1035.98757488522,0,0,1,0,0,1,2,2,4,8,10,12,19,29,0,0,-12,12,-4,4,1,1,8,4,23,11
2023-01-08,I1,Lazio,Empoli,1,2,2,18,5,4,2,1132.15018614027,967.443002155278,1,0,0,0,1,1,0,4,6,7,19,14,36,23,0,0,13,-13,2,-2,2,2,2,4,5,18
2023-01-08,I1,Spezia,Lecce,1,0,0,10,15,2,4,868.559418784829,959.257973346799,0,1,0,0,2,2,4,0,5,10,9,15,14,20,0,0,-5,5,-2,2,0,0,4,2,15,10
2023-01-08,I1,Sampdoria,Napoli,0,0,2,9,24,2,8,775.217618028102,1276.77407815989,0,0,5,1,0,0,8,1,3,12,7,27,9,44,-2,2,-15,15,-6,6,2,0,8,2,24,9
2023-01-08,I1,Milan,Roma,1,2,2,12,12,5,3,1222.96706459435,1097.96964880647,4,0,0,0,4,5,0,1,10,8,22,17,41,34,0,0,0,0,2,-2,2,2,3,5,12,12
2023-01-09,I1,Verona,Cremonese,2,2,0,9,15,4,5,724.070732752611,825.621926213161,0,0,5,1,0,0,5,8,1,3,1,5,13,7,2,-2,-6,6,-1,1,0,2,5,4,15,9
2023-01-09,I1,Bologna,Atalanta,0,1,2,12,7,3,3,1009.01105391383,1116.58972769498,3,0,0,0,4,1,0,2,9,4,13,14,24,37,-1,1,5,-5,0,0,2,1,3,3,7,12
2023-01-13,I1,Napoli,Juventus,2,5,1,14,11,10,2,1281.4046004353,1293.53828688541,6,4,0,0,9,4,0,0,12,15,27,27,46,42,4,-4,3,-3,8,-8,1,5,2,10,11,14
2023-01-14,I1,Cremonese,Monza,0,2,3,11,8,7,3,769.298255260774,954.996803455363,0,0,1,0,0,1,8,4,2,8,5,14,7,18,-1,1,3,-3,4,-4,3,2,3,7,8,11
2023-01-14,I1,Lecce,Milan,1,2,2,17,12,3,5,955.173514109176,1217.44686084883,2,1,0,0,2,2,0,0,11,11,13,23,20,41,0,0,5,-5,-2,2,2,2,5,3,12,17
2023-01-14,I1,Inter,Verona,2,1,0,11,6,3,1,1270.70966736199,780.394403704998,4,0,0,0,4,1,0,8,10,4,22,4,39,13,1,-1,5,-5,2,-2,0,1,1,3,6,11
2023-01-15,I1,Sassuolo,Lazio,0,0,2,12,12,2,3,783.165967467832,1125.08653478939,0,0,1,2,0,0,2,2,1,7,7,17,17,36,-2,2,0,0,-1,1,2,0,3,2,12,12
2023-01-15,I1,Torino,Spezia,0,0,1,11,13,4,5,1026.49213299836,872.643878022452,0,1,0,0,3,1,1,0,6,6,13,7,29,15,-1,1,-2,2,-1,1,1,0,5,4,13,11
2023-01-15,I1,Udinese,Bologna,0,1,2,20,15,4,2,1060.30017467577,986.614452361276,0,0,0,2,2,0,4,2,3,6,9,13,32,23,-1,1,5,-5,2,-2,2,1,2,4,15,20
2023-01-15,I1,Atalanta,Salernitana,2,8,2,19,7,13,2,1138.98632924754,808.185118598298,0,0,3,2,0,0,3,2,4,2,14,11,37,20,6,-6,12,-12,11,-11,2,8,2,13,7,19
2023-01-15,I1,Roma,Fiorentina,2,2,0,10,7,4,3,1103.48985255199,1034.69118284036,1,0,0,1,2,0,0,1,6,10,18,14,34,30,2,-2,3,-3,1,-1,0,2,3,4,7,10
2023-01-16,I1,Empoli,Sampdoria,2,1,0,16,16,5,7,974.506653506156,770.587095752686,2,1,0,0,2,1,0,0,8,3,12,7,23,9,1,-1,0,0,-2,2,0,1,7,5,16,16
2023-01-21,I1,Verona,Lecce,2,2,0,11,9,4,3,776.802638131515,965.382366463709,1,0,0,0,1,3,0,1,4,11,4,13,13,21,2,-2,2,-2,1,-1,0,2,3,4,9,11
2023-01-21,I1,Salernitana,Napoli,0,0,2,5,9,2,4,786.64407846007,1348.1592869353,0,1,0,0,1,1,3,0,1,12,11,27,19,49,-2,2,-4,4,-2,2,2,0,4,2,9,5
2023-01-21,I1,Fiorentina,Torino,0,0,1,19,9,5,3,999.406424836094,981.181039939944,1,0,0,0,3,2,0,3,7,6,14,13,29,26,-1,1,10,-10,2,-2,1,0,3,5,9,19
2023-01-22,I1,Sampdoria,Udinese,0,0,1,9,14,1,5,755.472931173914,1021.61342583367,0,0,6,2,0,0,9,5,3,2,7,6,9,29,-1,1,-5,5,-4,4,1,0,5,1,14,9
2023-01-22,I1,Monza,Sassuolo,1,1,1,14,13,3,1,971.355179467594,772.414127214148,0,0,0,5,3,0,1,5,8,1,14,4,21,17,0,0,1,-1,2,-2,1,1,1,3,13,14
2023-01-22,I1,Spezia,Roma,0,0,2,8,13,0,3,917.954971080869,1138.77461055625,0,0,0,0,3,6,5,2,9,9,10,18,18,37,-2,2,-5,5,-3,3,2,0,3,0,13,8
2023-01-22,I1,Juventus,Atalanta,1,3,3,15,14,8,4,1226.78360038541,1160.52736938577,5,1,0,0,16,2,0,0,12,7,24,14,41,37,0,0,1,-1,4,-4,3,3,4,8,14,15
2023-01-23,I1,Bologna,Cremonese,1,1,1,21,9,8,2,1025.30120120337,752.939879248542,0,0,1,2,0,0,1,9,6,1,16,4,23,7,0,0,12,-12,6,-6,1,1,2,8,9,21
2023-01-23,I1,Inter,Empoli,0,0,1,16,13,1,8,1274.30143293548,989.620818084929,5,0,0,0,5,2,0,5,13,8,25,15,39,26,-1,1,3,-3,-7,7,1,0,8,1,13,16
2023-01-24,I1,Lazio,Milan,2,4,0,10,10,5,3,1135.83837504307,1207.23800849429,0,0,0,0,2,3,1,1,7,9,17,21,36,39,4,-4,0,0,2,-2,0,4,3,5,10,10
2023-01-27,I1,Bologna,Spezia,2,2,0,18,6,6,4,1014.82199637102,898.739881916553,0,2,0,0,1,2,2,0,7,8,16,10,23,18,2,-2,12,-12,2,-2,0,2,4,6,6,18
2023-01-27,I1,Lecce,Salernitana,0,1,2,15,10,5,6,899.811434460062,783.313826064178,0,0,0,3,3,0,1,3,8,1,13,8,21,19,-1,1,5,-5,-1,1,2,1,6,5,10,15
2023-01-28,I1,Empoli,Torino,1,2,2,11,16,4,4,1043.21219307157,1014.85812191638,3,1,0,0,3,3,0,0,11,6,17,15,28,26,0,0,-5,5,0,0,2,2,4,4,16,11
2023-01-28,I1,Cremonese,Inter,0,1,2,12,30,4,10,763.419084080893,1220.71005794884,0,0,2,0,0,2,9,1,1,10,5,22,8,38,-1,1,-18,18,-6,6,2,1,10,4,30,12
2023-01-28,I1,Atalanta,Sampdoria,2,2,0,21,15,5,5,1163.54212423665,744.100311498017,1,0,0,1,1,0,0,1,8,3,14,6,35,9,2,-2,6,-6,0,0,0,2,5,5,15,21
2023-01-29,I1,Milan,Sassuolo,0,2,5,10,9,5,7,1129.66293101827,780.690366927772,0,0,0,0,5,1,1,6,8,1,18,5,39,18,-3,3,1,-1,-2,2,5,2,7,5,9,10
2023-01-29,I1,Juventus,Monza,0,0,2,22,3,8,3,1223.76884553453,963.07893975397,0,1,0,0,17,2,1,0,10,9,25,12,41,22,-2,2,19,-19,5,-5,2,0,3,8,3,22
2023-01-29,I1,Lazio,Fiorentina,1,1,1,13,17,1,6,1213.41345251909,965.729342859662,1,0,0,2,3,0,0,2,7,4,17,14,38,26,0,0,-4,4,-5,5,1,1,6,1,17,13
2023-01-29,I1,Napoli,Roma,2,2,1,11,11,6,3,1351.48953933119,1157.98969972056,7,1,0,0,10,7,0,0,12,11,27,18,51,37,1,-1,0,0,3,-3,1,2,3,6,11,11
2023-01-30,I1,Udinese,Verona,1,1,1,26,10,8,2,1032.98604550957,842.373570135161,0,0,1,1,0,0,5,9,4,7,8,7,31,13,0,0,16,-16,6,-6,1,1,2,8,10,26
2023-02-04,I1,Cremonese,Lecce,0,0,2,12,9,3,4,759.125743527394,857.466432089558,0,0,3,1,0,0,10,2,1,5,4,12,8,20,-2,2,3,-3,-1,1,2,0,4,3,9,12
2023-02-04,I1,Roma,Empoli,2,2,0,12,11,6,2,1142.17214795434,1041.9093309641,2,1,0,0,3,3,0,0,10,9,15,15,37,26,2,-2,1,-1,4,-4,0,2,2,6,11,12
2023-02-04,I1,Sassuolo,Atalanta,2,1,0,18,7,8,2,876.853877922027,1170.74122708143,0,0,2,0,0,3,3,1,4,11,8,14,20,38,1,-1,11,-11,6,-6,0,1,2,8,7,18
2023-02-05,I1,Spezia,Napoli,0,0,3,9,12,3,5,869.013627254308,1367.30709109741,0,2,1,0,0,2,6,0,5,12,9,27,18,53,-3,3,-3,3,-2,2,3,0,5,3,12,9
2023-02-05,I1,Torino,Udinese,2,1,0,11,11,3,3,1016.16098402385,1024.99420034524,0,1,1,0,0,1,2,0,6,5,16,8,27,29,1,-1,0,0,0,0,0,1,3,3,11,11
2023-02-05,I1,Fiorentina,Bologna,0,1,2,18,11,6,7,975.529138642208,1044.54825103327,0,1,1,0,0,1,1,0,5,7,14,19,24,26,-1,1,7,-7,-1,1,2,1,7,6,11,18
2023-02-05,I1,Inter,Milan,2,1,0,15,4,4,0,1225.00339850234,1033.49942002402,0,0,1,1,0,0,1,2,10,5,22,15,40,38,1,-1,11,-11,4,-4,0,1,0,4,4,15
2023-02-06,I1,Verona,Lazio,1,1,1,15,9,4,2,850.365415299495,1203.61365673655,2,1,0,0,2,1,0,0,8,8,8,17,13,38,0,0,6,-6,2,-2,1,1,2,4,9,15
2023-02-06,I1,Monza,Sampdoria,1,2,2,17,11,5,6,1034.80120232653,736.901208653228,0,0,0,2,4,0,2,2,9,3,15,6,25,9,0,0,6,-6,-1,1,2,2,6,5,11,17
2023-02-07,I1,Salernitana,Juventus,0,0,3,10,17,1,5,825.658828434682,1152.04658296197,0,0,1,1,0,0,4,1,4,7,11,22,21,38,-3,3,-7,7,-4,4,3,0,5,1,17,10
2023-02-10,I1,Milan,Torino,2,1,0,9,12,4,2,1017.54465601771,1048.97437806602,0,0,1,0,0,4,2,1,2,8,12,16,35,27,1,-1,-3,3,2,-2,0,1,2,4,12,9
2023-02-11,I1,Empoli,Spezia,1,2,2,25,9,8,3,1010.36811357283,863.152837550124,0,0,0,1,4,0,1,1,8,4,15,9,26,15,0,0,16,-16,5,-5,2,2,3,8,9,25
2023-02-11,I1,Lecce,Roma,1,1,1,8,12,3,5,889.23149470223,1173.71336534561,0,0,1,1,0,0,2,1,5,10,15,18,23,37,0,0,-4,4,-2,2,1,1,5,3,12,8
2023-02-11,I1,Lazio,Atalanta,0,0,2,13,23,5,10,1191.3171549893,1116.69614740768,0,0,0,1,4,0,1,2,9,10,15,14,36,35,-2,2,-10,10,-5,5,2,0,10,5,23,13
2023-02-12,I1,Udinese,Sassuolo,1,2,2,17,6,8,1,992.180806303066,930.89895759578,0,1,0,0,1,2,6,0,4,7,8,8,29,23,0,0,11,-11,7,-7,2,2,1,8,6,17
2023-02-12,I1,Bologna,Monza,0,0,1,12,5,3,4,1070.27367736932,1023.68234404761,1,2,0,0,2,3,0,0,10,9,19,16,29,26,-1,1,7,-7,-1,1,1,0,4,3,5,12
2023-02-12,I1,Juventus,Fiorentina,2,1,0,7,11,3,2,1166.49988682157,949.803712306152,0,0,1,0,0,1,2,3,7,4,22,14,38,21,1,-1,-4,4,1,-1,0,1,2,3,11,7
2023-02-12,I1,Napoli,Cremonese,2,3,0,15,6,10,1,1373.1678808016,727.360680914721,8,0,0,0,11,1,0,10,15,1,27,4,53,8,3,-3,9,-9,9,-9,0,3,1,10,6,15
2023-02-13,I1,Verona,Salernitana,2,1,0,14,8,4,3,862.661917046742,811.205524575087,0,1,0,0,3,1,1,0,8,4,9,8,14,21,1,-1,6,-6,1,-1,0,1,3,4,8,14
2023-02-13,I1,Sampdoria,Inter,1,0,0,7,25,2,5,748.02006693215,1240.95816250864,0,1,7,0,0,3,10,0,1,10,4,22,10,40,0,0,-18,18,-3,3,0,0,5,2,25,7
2023-02-17,I1,Sassuolo,Napoli,0,0,2,11,15,2,4,933.692184156418,1375.75452069485,1,3,0,0,1,3,0,0,8,15,9,27,21,53,-2,2,-4,4,-2,2,2,0,4,2,15,11
2023-02-18,I1,Sampdoria,Bologna,0,1,2,9,12,4,5,762.249606237109,1034.00799627125,0,2,0,0,1,2,11,0,2,10,5,16,10,28,-1,1,-3,3,-1,1,2,1,5,4,12,9
2023-02-18,I1,Monza,Milan,0,0,1,11,14,5,8,1059.94802514568,1052.43156978931,0,0,0,2,5,0,3,3,11,4,19,15,29,37,-1,1,-3,3,-3,3,1,0,8,5,14,11
2023-02-18,I1,Inter,Udinese,2,3,1,19,9,7,1,1226.72862320368,989.387579742429,1,0,0,1,1,0,0,1,10,5,20,8,38,29,2,-2,10,-10,6,-6,1,3,1,7,9,19
2023-02-19,I1,Atalanta,Lecce,0,1,2,20,4,10,2,1169.83113716094,900.022194544314,2,1,0,0,2,1,0,0,10,5,14,16,37,24,-1,1,16,-16,8,-8,2,1,2,10,4,20
2023-02-19,I1,Fiorentina,Empoli,1,1,1,27,5,4,3,935.522116326938,1003.96716346098,0,0,2,1,0,0,2,1,1,8,11,16,20,26,0,0,22,-22,1,-1,1,1,3,4,5,27
2023-02-19,I1,Salernitana,Lazio,0,0,2,9,21,2,7,783.910483174378,1138.18216523604,0,0,2,0,0,2,5,1,3,8,5,15,20,35,-2,2,-12,12,-5,5,2,0,7,2,21,9
2023-02-19,I1,Spezia,Juventus,0,0,2,18,15,7,3,869.553787661972,1180.78148280078,0,1,2,0,0,1,7,0,4,7,10,22,16,40,-2,2,3,-3,4,-4,2,0,3,7,15,18
2023-02-19,I1,Roma,Verona,2,1,0,9,7,5,1,1162.92266550352,889.956958447451,3,0,0,0,4,1,0,10,10,8,16,12,35,16,1,-1,2,-2,4,-4,0,1,1,5,7,9
2023-02-20,I1,Torino,Cremonese,1,2,2,16,11,6,2,1014.08746429442,724.774041021467,1,0,0,1,1,0,0,11,7,1,13,3,26,8,0,0,5,-5,4,-4,2,2,2,6,11,16
2023-02-25,I1,Empoli,Napoli,0,0,2,9,19,2,6,1000.85530510108,1382.1386386343,0,4,0,0,5,4,2,0,6,15,14,27,26,55,-2,2,-10,10,-4,4,2,0,6,2,19,9
2023-02-25,I1,Lecce,Sassuolo,0,0,1,16,7,0,3,952.845715902197,927.308066216968,0,0,0,0,1,3,3,1,7,8,18,9,26,20,-1,1,9,-9,-3,3,1,0,3,0,7,16
2023-02-26,I1,Bologna,Inter,2,1,0,14,13,5,4,1045.08133370381,1244.55474690637,0,0,1,0,0,4,1,1,10,10,16,23,31,41,1,-1,1,-1,1,-1,0,1,4,5,13,14
2023-02-26,I1,Salernitana,Monza,2,3,0,12,14,5,3,773.811586041404,1027.25584200854,0,3,3,0,0,4,6,0,3,8,4,16,17,29,3,-3,-2,2,2,-2,0,3,3,5,14,12
2023-02-26,I1,Udinese,Spezia,1,2,2,15,9,6,2,971.561456039743,857.021011246155,0,0,0,0,2,1,7,2,5,1,7,10,26,15,0,0,6,-6,4,-4,2,2,2,6,9,15
2023-02-26,I1,Milan,Atalanta,2,2,0,13,3,3,0,1085.12375292645,1117.00761580306,1,1,0,0,1,1,0,0,6,7,15,14,37,34,2,-2,10,-10,3,-3,0,2,0,3,3,13
2023-02-27,I1,Verona,Fiorentina,0,0,3,12,16,3,7,878.94711938057,938.633974686842,1,0,0,1,4,0,0,4,8,2,12,9,16,20,-3,3,-4,4,-4,4,3,0,7,3,16,12
2023-02-27,I1,Lazio,Sampdoria,2,1,0,15,8,4,2,1148.28106236901,751.176268804548,0,0,1,0,0,1,2,3,8,2,15,5,35,10,1,-1,7,-7,2,-2,0,1,2,4,8,15
2023-02-28,I1,Cremonese,Roma,2,2,1,6,10,2,3,735.684904762063,1173.9325045704,0,0,4,0,0,1,11,2,2,10,3,19,9,37,1,-1,-4,4,-1,1,1,2,3,2,10,6
2023-02-28,I1,Juventus,Torino,2,4,2,13,8,6,3,1193.3142592166,1003.17660055383,1,0,0,1,1,0,0,2,10,8,22,14,42,24,2,-2,5,-5,3,-3,2,4,3,6,8,13
2023-03-03,I1,Napoli,Lazio,0,0,1,14,5,2,2,1390.92897884084,1154.18799878532,9,1,0,0,12,3,0,0,15,8,27,15,57,37,-1,1,9,-9,0,0,1,0,2,2,5,14
2023-03-04,I1,Monza,Empoli,2,2,1,10,18,3,3,938.765147092054,992.064964894543,0,0,1,0,0,1,4,2,7,3,16,14,29,25,1,-1,-8,8,0,0,1,2,3,3,18,10
2023-03-04,I1,Atalanta,Udinese,1,0,0,17,5,5,1,1069.13648252767,966.469812328948,0,0,1,2,0,0,1,2,6,3,14,7,31,24,0,0,12,-12,4,-4,0,0,1,5,5,17
2023-03-04,I1,Fiorentina,Milan,2,2,1,16,8,8,6,983.888530710274,1132.99488620185,0,1,0,0,1,1,3,0,5,9,9,17,23,39,1,-1,8,-8,2,-2,1,2,6,8,8,16
2023-03-05,I1,Spezia,Verona,1,0,0,20,11,4,3,862.112654956949,833.692563357138,0,0,3,1,0,0,8,11,2,5,10,12,16,15,0,0,9,-9,1,-1,0,0,3,4,11,20
2023-03-05,I1,Sampdoria,Salernitana,1,0,0,9,10,3,4,745.269332388238,862.30228095789,0,0,1,1,0,0,12,1,2,6,5,7,9,19,0,0,-1,1,-1,1,0,0,4,3,10,9
2023-03-05,I1,Inter,Lecce,2,2,0,14,11,4,1,1195.96638291367,918.497838237268,2,2,0,0,2,2,0,0,10,7,20,15,38,25,2,-2,3,-3,3,-3,0,2,1,4,11,14
2023-03-05,I1,Roma,Juventus,2,1,0,6,14,2,5,1114.68631059418,1215.31043562095,4,2,0,0,5,2,0,0,7,12,18,22,34,42,1,-1,-8,8,-3,3,0,1,5,2,14,6
2023-03-06,I1,Sassuolo,Cremonese,2,3,2,13,13,7,6,961.655943881897,794.931098738287,0,0,1,0,0,1,1,12,10,4,11,5,22,12,1,-1,0,0,1,-1,2,3,6,7,13,13
2023-03-06,I1,Torino,Bologna,2,1,0,12,11,5,1,981.180424149478,1093.6696976965,0,3,0,0,2,3,1,0,5,12,11,19,24,33,1,-1,1,-1,4,-4,0,1,1,5,11,12
2023-03-10,I1,Spezia,Inter,2,2,1,4,28,2,7,860.806772701973,1210.73482961808,0,0,0,1,1,0,9,2,3,10,8,20,16,41,1,-1,-24,24,-5,5,1,2,7,2,28,4
2023-03-11,I1,Empoli,Udinese,0,0,1,17,14,3,4,955.19402198743,971.064815182193,0,0,1,0,0,1,3,3,2,3,11,8,24,22,-1,1,3,-3,-1,1,1,0,4,3,14,17
2023-03-11,I1,Napoli,Atalanta,2,2,0,18,6,6,3,1339.97135492331,1064.54147967443,0,0,1,1,0,0,1,1,12,4,24,15,54,29,2,-2,12,-12,3,-3,0,2,3,6,6,18
2023-03-11,I1,Bologna,Lazio,1,0,0,16,5,2,2,1051.65651603203,1205.14562270284,1,2,0,0,1,4,0,0,9,10,16,18,32,40,0,0,11,-11,0,0,0,0,2,2,5,16
2023-03-12,I1,Lecce,Torino,0,0,2,13,4,1,2,903.729391532863,1023.19360581395,0,0,1,2,0,0,4,3,7,7,12,13,25,24,-2,2,9,-9,-1,1,2,0,2,1,4,13
2023-03-12,I1,Cremonese,Fiorentina,0,0,2,16,10,5,3,777.207631127834,1028.83641022515,1,1,0,0,1,1,0,0,4,7,5,12,11,25,-2,2,6,-6,2,-2,2,0,3,5,10,16
2023-03-12,I1,Verona,Monza,1,1,1,8,9,3,3,834.998445612114,975.636089999167,0,0,1,1,0,0,1,1,5,7,13,16,13,32,0,0,-1,1,0,0,1,1,3,3,9,8
2023-03-12,I1,Roma,Sassuolo,0,3,4,17,19,7,10,1155.70341698582,979.37941149235,5,1,0,0,6,4,0,0,10,10,20,14,37,24,-1,1,-2,2,-3,3,4,3,10,7,19,17
2023-03-12,I1,Juventus,Sampdoria,2,4,2,24,9,8,3,1174.29332922931,750.463899351455,2,0,0,1,2,0,0,4,12,3,19,6,41,10,2,-2,15,-15,5,-5,2,4,3,8,9,24
2023-03-13,I1,Milan,Salernitana,1,1,1,24,6,4,3,1088.04700668697,857.107713994673,2,0,0,0,2,1,0,2,9,4,14,8,36,19,0,0,18,-18,1,-1,1,1,3,4,6,24
2023-03-17,I1,Sassuolo,Spezia,2,1,0,15,11,6,1,1026.35528461947,917.273671615914,1,0,0,0,1,2,0,3,10,6,17,10,27,19,1,-1,4,-4,5,-5,0,1,1,6,11,15
2023-03-17,I1,Atalanta,Empoli,2,2,1,27,5,6,2,1049.62833681649,924.654760187456,0,0,0,1,1,0,2,3,4,2,14,10,28,24,1,-1,22,-22,4,-4,1,2,2,6,5,27
2023-03-18,I1,Monza,Cremonese,1,1,1,15,8,7,2,969.491481729298,760.521228013682,1,0,0,1,1,0,0,13,7,4,16,5,32,10,0,0,7,-7,5,-5,1,1,2,7,8,15
2023-03-18,I1,Salernitana,Bologna,1,2,2,14,10,4,2,866.411403069951,1058.29837914244,1,0,0,1,1,0,0,1,5,7,9,17,19,30,0,0,4,-4,2,-2,2,2,2,4,10,14
2023-03-18,I1,Udinese,Milan,2,3,1,14,10,5,6,1001.60407698217,1078.7433176117,0,0,0,1,3,0,8,1,6,10,10,12,22,34,2,-2,4,-4,-1,1,1,3,6,5,10,14
2023-03-19,I1,Sampdoria,Verona,2,3,1,11,16,4,6,743.429949937713,841.143053881983,0,0,0,0,1,1,13,12,2,5,3,13,10,14,2,-2,-5,5,-2,2,1,3,6,4,16,11
2023-03-19,I1,Fiorentina,Lecce,2,1,0,18,8,3,2,1045.5228133393,874.384535415164,1,0,0,1,2,0,0,1,10,4,14,9,28,24,1,-1,10,-10,1,-1,0,1,2,3,8,18
2023-03-19,I1,Torino,Napoli,0,0,4,12,12,2,6,1052.53846193165,1354.88449778124,1,5,0,0,3,5,0,0,7,12,15,27,27,54,-4,4,0,0,-4,4,4,0,6,2,12,12
2023-03-19,I1,Lazio,Roma,2,1,0,12,8,5,3,1198.50375959243,1108.72754385869,1,0,0,1,1,0,0,3,10,7,19,17,38,34,1,-1,4,-4,2,-2,0,1,3,5,8,12
2023-03-19,I1,Inter,Juventus,0,0,1,18,7,3,3,1154.26793070414,1181.32727864306,3,0,0,1,3,0,0,1,7,12,17,19,38,43,-1,1,11,-11,0,0,1,0,3,3,7,18
2023-04-01,I1,Cremonese,Atalanta,0,1,3,15,12,4,4,769.130684375334,1070.58986368028,0,0,1,2,0,0,1,2,5,4,6,14,11,28,-2,2,3,-3,0,0,3,1,4,4,12,15
2023-04-01,I1,Inter,Fiorentina,0,0,1,16,19,3,3,1124.75516179228,1062.92255001949,0,2,1,0,0,2,1,0,6,13,16,14,38,28,-1,1,-3,3,0,0,1,0,3,3,19,16
2023-04-01,I1,Juventus,Verona,2,1,0,10,9,2,3,1210.84004755492,785.266115662766,3,0,0,1,3,0,0,13,12,2,19,10,46,14,1,-1,1,-1,-1,1,0,1,3,2,9,10
2023-04-02,I1,Bologna,Udinese,2,3,0,11,15,4,5,1050.2625651449,1055.04225494993,0,1,0,0,2,2,1,0,8,8,18,13,31,22,3,-3,-4,4,-1,1,0,3,5,4,15,11
2023-04-02,I1,Monza,Lazio,0,0,2,11,8,3,4,960.882025367646,1222.41430934022,0,0,0,0,2,5,1,1,5,13,16,21,30,38,-2,2,3,-3,-1,1,2,0,4,3,8,11
2023-04-02,I1,Spezia,Salernitana,1,1,1,14,12,3,2,895.002864644174,874.447217067488,1,0,0,0,2,2,0,3,5,6,9,9,16,20,0,0,2,-2,1,-1,1,1,2,3,12,14
2023-04-02,I1,Roma,Sampdoria,2,3,0,28,6,11,3,1084.81699411091,799.30688815693,0,0,1,2,0,0,1,5,6,4,16,6,34,13,3,-3,22,-22,8,-8,0,3,3,11,6,28
2023-04-02,I1,Napoli,Milan,0,0,4,20,14,4,8,1374.13947214988,1025.30513964393,1,0,0,2,1,0,0,2,12,7,27,11,54,34,-4,4,6,-6,-4,4,4,0,8,4,14,20
2023-04-03,I1,Empoli,Lecce,2,1,0,14,5,7,0,903.693233323673,856.984798734977,0,0,2,2,0,0,4,2,1,3,9,8,21,21,1,-1,9,-9,7,-7,0,1,0,7,5,14
2023-04-03,I1,Sassuolo,Torino,1,1,1,12,16,4,2,1048.62609159121,1033.28348756301,2,1,0,0,2,1,0,0,12,7,20,14,27,27,0,0,-4,4,2,-2,1,1,2,4,16,12
2023-04-07,I1,Salernitana,Inter,1,1,1,11,25,3,11,875.392736656353,1087.11954117793,0,0,0,2,2,0,1,3,7,3,10,13,21,38,0,0,-14,14,-8,8,1,1,11,3,25,11
2023-04-07,I1,Lecce,Napoli,0,1,2,11,9,3,3,829.261073129651,1260.40276095407,0,6,2,0,0,6,5,0,0,9,7,24,20,51,-1,1,2,-2,0,0,2,1,3,3,9,11
2023-04-07,I1,Milan,Empoli,1,0,0,23,2,4,1,1139.04185083975,931.416958928998,0,0,0,2,3,0,1,4,7,3,13,9,34,24,0,0,21,-21,3,-3,0,0,1,4,2,23
2023-04-08,I1,Udinese,Monza,1,2,2,14,12,5,5,999.760513259704,944.952366164569,1,0,0,0,4,1,0,2,8,5,13,13,19,27,0,0,2,-2,0,0,2,2,5,5,12,14
2023-04-08,I1,Fiorentina,Spezia,1,1,1,19,4,4,3,1100.55817063383,894.05734505531,2,0,0,1,3,0,0,4,15,6,17,7,31,17,0,0,15,-15,1,-1,1,1,3,4,4,19
2023-04-08,I1,Atalanta,Bologna,0,0,2,15,13,6,6,1083.73890351569,1105.54430683513,1,0,0,0,2,1,0,2,7,8,14,18,28,34,-2,2,2,-2,0,0,2,0,6,6,13,15
2023-04-08,I1,Sampdoria,Cremonese,0,2,3,13,17,9,4,781.640228456346,755.981644539926,1,0,0,0,2,1,0,14,4,4,6,6,13,10,-1,1,-4,4,5,-5,3,2,4,9,17,13
2023-04-08,I1,Torino,Roma,0,0,1,7,9,1,1,1033.98958167216,1102.4836538115,0,0,1,2,0,0,1,4,7,6,15,16,28,34,-1,1,-2,2,0,0,1,0,1,1,9,7
2023-04-08,I1,Verona,Sassuolo,2,2,1,11,17,3,5,780.181114638519,1047.91999748206,0,2,0,0,1,5,2,0,2,13,10,21,14,25,1,-1,-6,6,-2,2,1,2,5,3,17,11
2023-04-08,I1,Lazio,Juventus,2,2,1,9,11,4,4,1238.34396854329,1215.92504857916,2,1,0,0,2,1,0,0,13,12,21,22,38,46,1,-1,-2,2,0,0,1,2,4,4,11,9
2023-04-14,I1,Cremonese,Empoli,2,1,0,14,15,5,1,790.340600413831,939.982306322713,0,0,2,0,0,1,2,5,4,4,8,7,13,24,1,-1,-1,1,4,-4,0,1,1,5,15,14
2023-04-14,I1,Spezia,Lazio,0,0,3,6,13,2,7,902.585698339939,1268.28197076838,0,1,0,0,3,6,1,0,6,13,8,21,18,38,-3,3,-7,7,-5,5,3,0,7,2,13,6
2023-04-15,I1,Bologna,Milan,1,1,1,6,19,2,5,1146.65298543788,1130.47650344604,1,1,0,0,3,1,0,0,8,5,20,14,36,32,0,0,-13,13,-3,3,1,1,5,2,19,6
2023-04-15,I1,Napoli,Verona,1,0,0,9,5,1,2,1265.33974160487,832.894285855976,0,0,1,2,0,0,1,14,9,5,24,10,51,17,0,0,4,-4,-1,1,0,0,2,1,5,9
2023-04-15,I1,Inter,Monza,0,0,1,25,7,6,2,1078.42028180396,947.455644100244,0,0,2,0,0,2,2,3,4,6,14,13,36,25,-1,1,18,-18,4,-4,1,0,2,6,7,25
2023-04-16,I1,Lecce,Sampdoria,1,1,1,30,8,11,2,824.324092478849,747.28127258244,0,0,3,3,0,0,6,6,0,4,7,6,20,12,0,0,22,-22,9,-9,1,1,2,11,8,30
2023-04-16,I1,Torino,Salernitana,1,1,1,16,8,5,1,1008.21764284054,884.091996030325,0,0,2,0,0,3,2,4,7,5,12,11,27,19,0,0,8,-8,4,-4,1,1,1,5,8,16
2023-04-16,I1,Sassuolo,Juventus,2,1,0,11,13,4,3,995.206826264599,1185.98704635408,0,0,0,1,3,0,1,1,10,9,20,21,25,46,1,-1,-2,2,1,-1,0,1,3,4,13,11
2023-04-16,I1,Roma,Udinese,2,3,0,12,10,7,2,1128.25559264311,997.257235324029,1,0,0,1,1,0,0,1,9,8,16,11,34,19,3,-3,2,-2,5,-5,0,3,2,7,10,12
2023-04-17,I1,Fiorentina,Atalanta,1,1,1,18,6,7,1,1092.0298173492,1042.63022491294,0,1,0,0,4,1,1,0,13,7,18,13,32,27,0,0,12,-12,6,-6,1,1,1,7,6,18
2023-04-21,I1,Verona,Bologna,2,2,1,9,17,5,7,846.442838488151,1145.90856875025,1,1,0,0,2,2,0,0,5,9,10,18,18,37,1,-1,-8,8,-2,2,1,2,7,5,17,9
2023-04-22,I1,Salernitana,Sassuolo,2,3,0,13,11,5,2,889.576801544575,1043.20210906159,0,0,0,1,3,0,2,1,5,10,9,20,20,28,3,-3,2,-2,3,-3,0,3,2,5,11,13
2023-04-22,I1,Lazio,Torino,0,0,1,10,7,5,3,1280.12628481661,1002.73283732629,3,0,0,0,3,2,0,1,13,5,23,12,40,28,-1,1,3,-3,2,-2,1,0,3,5,7,10
2023-04-22,I1,Sampdoria,Spezia,1,1,1,13,19,3,7,750.772193999965,890.741384291708,0,0,1,0,0,1,1,5,4,5,7,8,13,17,0,0,-6,6,-4,4,1,1,7,3,19,13
2023-04-23,I1,Empoli,Inter,0,0,3,11,16,3,4,894.993217495314,1034.89859321136,1,0,0,0,1,1,0,4,4,1,6,11,21,33,-3,3,-5,5,-1,1,3,0,4,3,16,11
2023-04-23,I1,Monza,Fiorentina,2,3,2,13,10,5,5,990.977332692844,1089.77008921933,0,3,1,0,0,3,2,0,6,11,13,18,28,32,1,-1,3,-3,0,0,2,3,5,5,10,13
2023-04-23,I1,Udinese,Cremonese,2,3,0,17,12,9,2,962.364498282011,835.329689241231,0,1,0,0,5,2,1,0,7,7,10,11,18,15,3,-3,5,-5,7,-7,0,3,2,9,12,17
2023-04-23,I1,Milan,Lecce,2,2,0,8,9,5,4,1131.22092013366,820.833171061325,0,0,0,3,4,0,2,3,6,1,15,8,30,20,2,-2,-1,1,1,-1,0,2,4,5,9,8
2023-04-23,I1,Juventus,Napoli,0,0,1,7,17,4,6,1137.99176355709,1251.79118897269,4,7,0,0,4,7,0,0,9,10,21,22,43,49,-1,1,-10,10,-2,2,1,0,6,4,17,7
2023-04-24,I1,Atalanta,Roma,2,3,1,7,14,4,1,1044.88995304281,1163.14832968513,0,1,1,0,0,1,1,0,7,9,11,19,25,34,2,-2,-7,7,3,-3,1,3,1,4,14,7
2023-04-28,I1,Lecce,Udinese,2,1,0,15,10,3,3,808.248365632525,997.800856864743,0,0,0,2,1,0,7,2,1,7,5,13,20,21,1,-1,5,-5,0,0,0,1,3,3,10,15
2023-04-28,I1,Spezia,Monza,0,0,2,12,8,4,4,884.623038739989,1031.83892751486,0,1,1,0,0,3,2,0,3,8,9,15,18,31,-2,2,4,-4,0,0,2,0,4,4,8,12
2023-04-29,I1,Roma,Milan,1,1,1,11,11,1,1,1104.91365333538,1143.80572556246,2,0,0,0,2,2,0,1,9,8,16,18,34,30,0,0,0,0,0,0,1,1,1,1,11,11
2023-04-29,I1,Torino,Atalanta,0,1,2,4,9,4,5,1055.95340513328,1103.12462939256,0,0,0,0,1,2,3,1,5,10,12,14,28,28,-1,1,-5,5,-1,1,2,1,5,4,9,4
2023-04-30,I1,Inter,Lazio,2,3,1,25,9,9,5,1068.58604381236,1226.90571700962,0,2,3,0,0,7,3,0,4,12,11,22,33,37,2,-2,16,-16,4,-4,1,3,5,9,9,25
2023-04-30,I1,Cremonese,Verona,1,1,1,12,14,5,6,799.893330658499,900.754888845932,1,0,0,0,1,1,0,15,7,7,11,12,15,21,0,0,-2,2,-1,1,1,1,6,5,14,12
2023-04-30,I1,Napoli,Salernitana,1,1,1,24,5,8,2,1273.66928188237,966.763049001454,0,0,0,0,1,4,2,5,10,7,22,12,49,20,0,0,19,-19,6,-6,1,1,2,8,5,24
2023-04-30,I1,Sassuolo,Empoli,2,2,1,13,7,4,1,966.015861604711,861.305766894312,1,0,0,1,4,0,0,6,7,4,17,6,25,21,1,-1,6,-6,3,-3,1,2,1,4,7,13
2023-04-30,I1,Fiorentina,Sampdoria,2,5,0,23,4,10,1,1048.90849439731,756.890539551684,0,0,0,0,5,1,2,7,8,5,18,7,32,11,5,-5,19,-19,9,-9,0,5,1,10,4,23
2023-04-30,I1,Bologna,Juventus,1,1,1,16,14,6,5,1091.59651839247,1116.11367064741,0,0,0,2,4,0,1,2,8,6,15,18,34,40,0,0,2,-2,1,-1,1,1,5,6,14,16
2023-05-03,I1,Atalanta,Spezia,2,3,2,14,9,6,4,1130.8064991547,858.311137246933,1,0,0,0,1,2,0,6,10,3,14,8,28,18,1,-1,5,-5,2,-2,2,3,4,6,9,14
2023-05-03,I1,Juventus,Lecce,2,2,1,16,14,4,5,1114.98648440642,856.158673518458,0,0,1,4,0,0,1,4,4,4,16,7,38,23,1,-1,2,-2,-1,1,1,2,5,4,14,16
2023-05-03,I1,Salernitana,Fiorentina,1,3,3,4,12,3,3,978.092523949253,1072.1336858346,1,0,0,1,4,0,0,1,7,8,13,21,18,32,0,0,-8,8,0,0,3,3,3,3,12,4
2023-05-03,I1,Sampdoria,Torino,0,0,2,7,12,0,4,733.665348114395,1028.27153537113,0,1,0,0,1,3,2,0,2,5,6,12,11,25,-2,2,-5,5,-4,4,2,0,4,0,12,7
2023-05-03,I1,Lazio,Sassuolo,2,2,0,13,13,5,2,1164.340312227,988.653465365189,0,0,1,2,0,0,1,2,9,7,22,19,37,28,2,-2,0,0,3,-3,0,2,2,5,13,13
2023-05-03,I1,Milan,Cremonese,1,1,1,18,6,5,2,1142.02212313027,804.411947912446,1,0,0,1,5,0,0,1,9,7,16,12,31,15,0,0,12,-12,3,-3,1,1,2,5,6,18
2023-05-03,I1,Monza,Roma,1,1,1,8,14,4,8,1058.15082900791,1106.69725576758,1,0,0,1,1,0,0,1,10,10,15,16,34,32,0,0,-6,6,-4,4,1,1,8,4,14,8
2023-05-03,I1,Verona,Inter,0,0,6,7,20,2,10,896.236271591985,1131.15144859499,2,1,0,0,3,2,0,0,8,7,10,13,22,33,-6,6,-13,13,-8,8,6,0,10,2,20,7
2023-05-04,I1,Empoli,Bologna,2,3,1,13,18,3,3,838.668163133833,1092.72370463347,0,0,1,1,0,0,1,1,4,8,5,16,21,32,2,-2,-5,5,0,0,1,3,3,3,18,13
2023-05-04,I1,Udinese,Napoli,1,1,1,7,7,3,4,949.89054897881,1262.33980693457,1,8,0,0,6,8,0,0,4,8,12,20,20,47,0,0,0,0,-1,1,1,1,4,3,7,7
2023-05-06,I1,Milan,Lazio,2,2,0,10,8,3,0,1130.03077528972,1187.73560702208,0,0,0,1,6,0,1,1,7,9,14,22,29,37,2,-2,2,-2,3,-3,0,2,0,3,8,10
2023-05-06,I1,Roma,Inter,0,0,2,15,10,3,4,1104.47604694771,1165.30000485946,0,2,0,0,3,3,1,0,8,10,14,13,33,36,-2,2,5,-5,-1,1,2,0,4,3,10,15
2023-05-06,I1,Cremonese,Spezia,2,2,0,9,18,4,8,816.403295752997,847.276594926482,0,0,0,1,2,0,1,7,8,2,12,8,15,18,2,-2,-9,9,-4,4,0,2,8,4,18,9
2023-05-07,I1,Atalanta,Juventus,0,0,2,24,10,1,5,1141.84104147515,1126.75812196643,2,0,0,0,2,1,0,3,10,4,17,16,31,38,-2,2,14,-14,-4,4,2,0,5,1,10,24
2023-05-07,I1,Torino,Monza,1,1,1,14,10,5,8,1041.86764939478,1060.37203782778,0,2,1,0,0,4,4,0,7,11,14,16,28,32,0,0,4,-4,-3,3,1,1,8,5,10,14
2023-05-07,I1,Napoli,Fiorentina,2,1,0,10,15,3,3,1250.88448743669,1067.90568218188,0,0,0,0,2,1,3,2,9,6,18,21,45,30,1,-1,-5,5,0,0,0,1,3,3,15,10
2023-05-07,I1,Lecce,Verona,0,0,1,15,9,2,3,844.387035958448,862.08771532751,1,0,0,0,2,2,0,16,4,8,4,10,22,22,-1,1,6,-6,-1,1,1,0,3,2,9,15
2023-05-08,I1,Empoli,Salernitana,2,2,1,11,13,4,2,909.884937717792,982.320527601971,1,0,0,0,1,5,0,6,4,7,7,14,21,18,1,-1,-2,2,2,-2,1,2,2,4,13,11
2023-05-08,I1,Udinese,Sampdoria,2,2,0,13,11,6,3,961.345868476689,720.069234090751,0,0,0,1,7,0,1,8,5,2,13,6,20,11,2,-2,2,-2,3,-3,0,2,3,6,11,13
2023-05-08,I1,Sassuolo,Bologna,1,1,1,6,12,2,3,965.258170570102,1021.50693004951,2,0,0,2,5,0,0,2,6,5,19,13,28,29,0,0,-6,6,-1,1,1,1,3,2,12,6
2023-05-12,I1,Lazio,Lecce,1,2,2,20,13,6,4,1136.66001914164,814.015919731115,1,0,0,5,1,0,0,5,6,4,19,4,34,19,0,0,7,-7,2,-2,2,2,4,6,13,20
2023-05-13,I1,Salernitana,Atalanta,2,1,0,10,13,4,3,943.743974978085,1096.08066591618,0,1,0,0,5,3,1,0,6,10,11,17,18,31,1,-1,-3,3,1,-1,0,1,3,4,13,10
2023-05-13,I1,Spezia,Milan,2,2,0,14,14,4,3,799.53199252456,1181.10636317016,0,0,2,0,0,3,3,2,1,9,7,14,17,31,2,-2,0,0,1,-1,0,2,3,4,14,14
2023-05-13,I1,Inter,Sassuolo,2,4,2,11,16,3,5,1201.55715832701,967.82612488599,1,0,0,3,1,0,0,3,12,7,16,17,36,28,2,-2,-5,5,-2,2,2,4,5,3,16,11
2023-05-14,I1,Verona,Torino,0,0,1,14,15,4,8,892.458831554843,1042.71900313769,0,2,1,0,0,4,1,0,8,8,13,15,25,26,-1,1,-1,1,-4,4,1,0,8,4,15,14
2023-05-14,I1,Fiorentina,Udinese,2,2,0,18,5,3,1,1051.35593065433,978.852376237635,1,0,0,3,6,0,0,3,5,7,18,15,27,22,2,-2,13,-13,2,-2,0,2,1,3,5,18
2023-05-14,I1,Monza,Napoli,2,2,0,10,20,4,7,1059.52068408487,1267.43423896424,0,0,0,0,2,9,1,1,11,9,17,18,33,45,2,-2,-10,10,-3,3,0,2,7,4,20,10
2023-05-14,I1,Bologna,Roma,1,0,0,12,7,3,2,1018.93897573362,1068.21889348016,0,0,0,0,5,1,2,2,3,5,11,14,30,32,0,0,5,-5,1,-1,0,0,2,3,7,12
2023-05-14,I1,Juventus,Cremonese,2,2,0,24,3,7,2,1172.5184975254,864.147898154919,1,0,0,0,1,1,0,2,7,8,16,12,38,17,2,-2,21,-21,5,-5,0,2,2,7,3,24
2023-05-15,I1,Sampdoria,Empoli,1,1,1,13,16,3,4,702.562726329805,948.461490341678,0,0,1,2,0,0,3,7,2,6,6,10,11,24,0,0,-3,3,-1,1,1,1,4,3,16,13
2023-05-19,I1,Sassuolo,Monza,0,1,2,13,16,4,5,949.703021692569,1126.88276987263,0,0,0,0,6,5,1,1,4,11,14,17,28,33,-1,1,-3,3,-1,1,2,1,5,4,16,13
2023-05-20,I1,Cremonese,Bologna,0,1,5,13,19,2,9,851.437409324779,1021.19330230886,1,0,0,0,3,1,0,3,5,3,12,12,17,28,-4,4,-6,6,-7,7,5,1,9,2,19,13
2023-05-20,I1,Atalanta,Verona,2,3,1,13,10,5,2,1050.88491144872,873.495463461636,0,1,1,0,0,3,1,0,9,7,16,12,31,25,2,-2,3,-3,3,-3,1,3,2,5,10,13
2023-05-20,I1,Milan,Sampdoria,2,5,1,19,6,9,3,1102.16822519567,712.310985545018,1,0,0,2,7,0,0,9,8,2,14,6,28,12,4,-4,13,-13,6,-6,1,5,3,9,6,19
2023-05-21,I1,Lecce,Spezia,1,0,0,6,14,1,0,825.695299405731,878.470130499048,0,0,1,2,0,0,1,8,4,4,5,9,17,17,0,0,-8,8,1,-1,0,0,0,1,14,6
2023-05-21,I1,Torino,Fiorentina,1,1,1,10,8,4,1,1061.6823712309,1086.19183415079,0,0,0,1,1,0,5,3,10,7,15,18,28,30,0,0,2,-2,3,-3,1,1,1,4,8,10
2023-05-21,I1,Napoli,Inter,2,3,1,22,6,9,2,1200.07215317648,1219.68026152043,1,3,0,0,3,4,0,0,8,15,18,16,42,36,2,-2,16,-16,7,-7,1,3,2,9,6,22
2023-05-21,I1,Udinese,Lazio,0,0,1,12,14,2,4,944.016472741178,1124.98063946703,1,0,0,2,8,0,0,2,7,4,14,17,22,35,-1,1,-2,2,-2,2,1,0,4,2,14,12
2023-05-22,I1,Roma,Salernitana,1,2,2,22,8,5,3,1065.96456690492,988.939729445539,0,0,1,1,0,0,2,7,3,8,12,13,32,21,0,0,14,-14,2,-2,2,2,3,5,8,22
2023-05-22,I1,Empoli,Juventus,2,4,1,14,19,7,4,938.713231126466,1185.22898635554,2,1,0,0,2,2,0,0,7,10,11,19,22,38,3,-3,-5,5,3,-3,1,4,4,7,19,14
2023-05-26,I1,Sampdoria,Sassuolo,1,2,2,17,22,3,8,699.945638166013,932.740378157102,0,0,0,4,1,0,4,4,1,4,6,11,9,28,0,0,-5,5,-5,5,2,2,8,3,22,17
2023-05-27,I1,Salernitana,Udinese,2,3,2,11,10,3,4,992.429862153944,927.324023985544,1,0,0,4,6,0,0,4,6,4,13,11,22,21,1,-1,1,-1,-1,1,2,3,4,3,10,11
2023-05-27,I1,Spezia,Torino,0,0,4,8,11,1,4,876.058280821703,1062.80920512184,1,3,0,0,1,5,0,0,4,8,7,13,17,28,-4,4,-3,3,-3,3,4,0,4,1,11,8
2023-05-27,I1,Fiorentina,Roma,2,2,1,15,8,5,4,1085.06500025985,1062.47443419652,2,0,0,0,7,2,0,3,8,4,16,13,30,30,1,-1,7,-7,1,-1,1,2,4,5,8,15
2023-05-27,I1,Inter,Atalanta,2,3,2,20,11,11,3,1173.35009002234,1074.11245241531,2,0,0,1,2,0,0,1,12,9,16,19,33,33,1,-1,9,-9,8,-8,2,3,3,11,11,20
2023-05-28,I1,Verona,Empoli,1,1,1,13,13,4,3,850.267922495046,1026.52991012352,0,0,2,0,0,1,2,8,4,10,11,14,24,24,0,0,0,0,1,-1,1,1,3,4,13,13
2023-05-28,I1,Bologna,Napoli,1,2,2,18,11,6,8,1056.46982773143,1246.40232467457,0,0,0,1,6,0,3,2,6,8,14,18,31,45,0,0,7,-7,-2,2,2,2,8,6,11,18
2023-05-28,I1,Monza,Lecce,0,0,1,5,9,1,1,1143.8454134081,828.107149083076,1,0,0,0,3,1,0,6,11,5,19,6,35,15,-1,1,-4,4,0,0,1,0,1,1,9,5
2023-05-28,I1,Lazio,Cremonese,2,3,2,12,11,8,5,1141.67308822266,816.16088390221,0,0,0,1,2,0,1,3,7,5,19,12,38,17,1,-1,1,-1,3,-3,2,3,5,8,11,12
2023-05-28,I1,Juventus,Milan,0,0,1,16,9,3,3,1097.41230735849,1114.53357257467,2,0,0,1,2,0,0,3,10,8,16,16,35,28,-1,1,7,-7,0,0,1,0,3,3,9,16
2023-06-02,I1,Sassuolo,Fiorentina,0,1,3,5,15,2,7,923.38030933307,1114.98725944005,0,0,1,0,0,1,2,4,2,8,9,16,29,30,-2,2,-10,10,-5,5,3,1,7,2,15,5
2023-06-03,I1,Torino,Inter,0,0,1,17,14,5,4,1095.63457769412,1196.45067583931,0,0,0,1,2,0,6,1,11,12,16,19,30,35,-1,1,3,-3,1,-1,1,0,4,5,14,17
2023-06-03,I1,Cremonese,Salernitana,2,2,0,12,11,4,1,807.642306438835,1018.50260925528,0,0,1,0,0,1,1,8,4,8,11,15,17,24,2,-2,1,-1,3,-3,0,2,1,4,11,12
2023-06-03,I1,Empoli,Lazio,0,0,2,7,21,1,11,1019.04420424638,1150.19166568603,3,1,0,0,3,1,0,0,11,10,15,19,24,40,-2,2,-14,14,-10,10,2,0,11,1,21,7
2023-06-04,I1,Napoli,Sampdoria,2,2,0,21,6,9,4,1238.43400405206,709.305706990045,2,0,0,3,4,0,0,10,8,2,16,4,43,10,2,-2,15,-15,5,-5,0,2,4,9,6,21
2023-06-04,I1,Atalanta,Monza,2,5,2,20,8,10,4,1051.01186659834,1088.78812381138,1,1,0,0,1,6,0,0,6,8,16,18,30,34,3,-3,12,-12,6,-6,2,5,4,10,8,20
2023-06-04,I1,Lecce,Bologna,0,2,3,20,11,7,7,883.164438679789,1064.43814835394,0,1,0,0,1,2,2,0,5,6,9,14,17,32,-1,1,9,-9,0,0,3,2,7,7,11,20
2023-06-04,I1,Milan,Verona,2,3,1,14,6,5,1,1144.95792101174,857.753628372182,2,0,0,1,8,0,0,1,10,4,19,12,30,22,2,-2,8,-8,4,-4,1,3,1,5,6,14
2023-06-04,I1,Roma,Spezia,2,2,1,19,8,5,2,1032.55217501631,843.232908249426,0,0,0,0,1,1,3,9,3,4,13,7,29,16,1,-1,11,-11,3,-3,1,2,2,5,8,19
2023-06-04,I1,Udinese,Juventus,0,0,1,13,20,3,5,901.251276884206,1066.98795892143,0,0,1,1,0,0,1,1,4,9,8,13,21,32,-1,1,-7,7,-2,2,1,0,5,3,20,13
2021-08-21,I1,Inter,Genoa,2,4,0,17,11,8,5,1219.41729455208,1076.11920677358,3,0,0,1,3,0,0,3,12,10,22,16,35,29,4,-4,6,-6,3,-3,0,4,5,8,11,17
2021-08-21,I1,Verona,Sassuolo,0,2,3,12,15,4,8,843.660769453067,901.523227454824,0,0,0,0,1,1,3,5,4,2,12,8,22,29,-1,1,-3,3,-4,4,3,2,8,4,15,12
2021-08-21,I1,Empoli,Lazio,0,1,3,16,8,5,5,990.997725657487,1178.23814427493,0,2,1,0,0,2,1,0,8,10,12,19,21,40,-2,2,8,-8,0,0,3,1,5,5,8,16
2021-08-21,I1,Torino,Atalanta,0,1,2,19,6,8,2,1072.66795898135,1111.4493621311,0,0,1,2,0,0,7,2,8,6,15,16,30,30,-1,1,13,-13,6,-6,2,1,2,8,6,19
2021-08-22,I1,Bologna,Salernitana,2,3,2,18,8,7,4,1081.10862043429,950.876592184066,0,0,0,1,7,0,4,9,9,7,14,14,32,24,1,-1,10,-10,3,-3,2,3,4,7,8,18
2021-08-22,I1,Udinese,Juventus,1,2,2,11,11,6,4,883.454819147207,1084.78441665843,0,1,2,0,0,1,2,0,3,9,8,13,21,35,0,0,0,0,2,-2,2,2,4,6,11,11
2021-08-22,I1,Napoli,Venezia,2,2,0,13,8,4,4,1242.41579292088,1000,3,0,0,0,5,0,0,0,10,0,19,0,43,0,2,-2,5,-5,0,0,0,2,4,4,8,13
2021-08-22,I1,Roma,Fiorentina,2,3,1,11,11,6,8,1048.65804314132,1136.8443413183,1,1,0,0,2,2,0,0,5,10,13,16,29,33,2,-2,0,0,-2,2,1,3,8,6,11,11
2021-08-23,I1,Cagliari,Spezia,1,2,2,16,13,10,6,877.543774322261,827.127040124415,0,0,1,1,0,0,3,10,4,4,10,6,22,13,0,0,3,-3,4,-4,2,2,6,10,13,16
2021-08-23,I1,Sampdoria,Milan,0,0,1,11,10,3,4,705.323918121231,1159.05077993085,0,1,0,0,2,1,5,0,2,12,4,19,10,32,-1,1,1,-1,-1,1,1,0,4,3,10,11
2021-08-27,I1,Udinese,Venezia,2,3,0,18,8,10,3,891.811337671699,982.585198542867,0,0,0,1,1,0,3,1,1,0,8,0,19,0,3,-3,10,-10,7,-7,0,3,3,10,8,18
2021-08-27,I1,Verona,Inter,0,1,3,4,15,1,8,816.941367777027,1258.72881354326,0,1,1,0,0,1,4,0,1,12,9,24,19,38,-2,2,-11,11,-7,7,3,1,8,1,15,4
2021-08-28,I1,Atalanta,Bologna,1,0,0,21,3,3,1,1139.8922239571,1101.64570476945,2,2,0,0,2,3,0,0,9,11,19,14,32,34,0,0,18,-18,2,-2,0,0,1,3,3,21
2021-08-28,I1,Lazio,Spezia,2,6,1,18,5,10,2,1200.51031652224,829.432655930711,1,0,0,0,3,1,0,11,13,5,19,6,40,14,5,-5,13,-13,8,-8,1,6,2,10,5,18
2021-08-28,I1,Fiorentina,Torino,2,2,1,10,4,7,1,1082.08781226291,1044.22509715535,3,4,0,0,8,6,0,0,10,7,15,15,33,27,1,-1,6,-6,6,-6,1,2,1,7,4,10
2021-08-28,I1,Juventus,Empoli,0,0,1,20,9,6,3,1076.42789813394,968.725553410172,0,0,1,0,0,2,1,9,7,5,14,11,35,18,-1,1,11,-11,3,-3,1,0,3,6,9,20
2021-08-29,I1,Genoa,Napoli,0,1,2,7,12,3,8,1036.8076877824,1259.83059437801,3,0,0,0,3,1,0,3,7,10,15,19,28,43,-1,1,-5,5,-5,5,2,1,8,3,12,7
2021-08-29,I1,Sassuolo,Sampdoria,1,0,0,19,13,6,3,928.242629130864,700.947668037217,0,0,2,4,0,0,3,11,4,2,11,4,31,10,0,0,6,-6,3,-3,0,0,3,6,13,19
2021-08-29,I1,Milan,Cagliari,2,4,1,17,6,5,2,1163.42703001487,875.238158515965,3,1,0,0,9,1,0,0,12,5,21,11,35,22,3,-3,11,-11,3,-3,1,4,2,5,6,17
2021-08-29,I1,Salernitana,Roma,0,0,4,4,21,0,10,930.339507848905,1103.41457219671,2,0,0,1,7,0,0,4,7,8,13,13,24,29,-4,4,-17,17,-10,10,4,0,10,0,21,4
2021-09-11,I1,Empoli,Venezia,0,1,2,17,10,6,3,1010.33931539259,914.121799977386,0,0,2,2,0,0,2,2,7,0,14,0,20,0,-1,1,7,-7,3,-3,2,1,3,6,10,17
2021-09-11,I1,Napoli,Juventus,2,2,1,24,7,7,4,1273.71220452705,1034.81413615152,4,0,0,0,6,2,0,1,13,4,21,14,43,35,1,-1,17,-17,3,-3,1,2,4,7,7,24
2021-09-11,I1,Atalanta,Fiorentina,0,1,2,10,7,5,2,1138.13798695822,1110.61426720921,0,0,0,1,3,0,1,1,10,10,19,17,30,35,-1,1,3,-3,3,-3,2,1,2,5,7,10
2021-09-12,I1,Sampdoria,Inter,1,2,2,12,8,3,3,710.139597720578,1265.12230477307,0,2,1,0,0,2,6,0,2,12,4,27,11,38,0,0,4,-4,0,0,2,2,3,3,8,12
2021-09-12,I1,Cagliari,Genoa,0,2,3,8,9,3,3,857.798605554796,1022.92607763336,0,0,0,2,1,0,4,4,4,6,10,14,19,27,-1,1,-1,1,0,0,3,2,3,3,9,8
2021-09-12,I1,Spezia,Udinese,0,0,1,20,8,5,4,813.801987724732,960.27473623718,0,0,1,5,0,0,1,5,2,4,6,11,14,21,-1,1,12,-12,1,-1,1,0,4,5,8,20
2021-09-12,I1,Torino,Salernitana,2,4,0,15,7,7,2,1015.69864220905,895.550565104987,0,0,2,2,0,0,8,10,4,4,14,12,26,21,4,-4,8,-8,5,-5,0,4,2,7,7,15
2021-09-12,I1,Milan,Lazio,2,2,0,17,7,3,5,1180.86658297604,1216.14098472822,4,3,0,0,10,3,0,0,15,15,23,19,38,42,2,-2,10,-10,-2,2,0,2,5,3,7,17
2021-09-12,I1,Roma,Sassuolo,2,2,1,19,13,9,7,1138.20351494063,919.050699447502,2,1,0,0,3,2,0,0,10,5,13,9,32,29,1,-1,6,-6,2,-2,1,2,7,9,13,19
2021-09-13,I1,Bologna,Verona,2,1,0,13,5,4,1,1103.39994176833,810.547876547215,1,0,0,2,8,0,0,2,11,1,14,8,32,18,1,-1,8,-8,3,-3,0,1,1,4,5,13
2021-09-17,I1,Sassuolo,Torino,0,0,1,9,18,1,6,904.92538481487,1058.74416052921,0,0,0,1,1,0,4,1,5,6,9,14,26,26,-1,1,-9,9,-5,5,1,0,6,1,18,9
2021-09-18,I1,Genoa,Fiorentina,0,1,2,9,16,3,5,1040.76762630623,1145.14400569151,0,1,1,0,0,1,1,0,6,12,14,20,27,38,-1,1,-7,7,-2,2,2,1,5,3,16,9
2021-09-18,I1,Inter,Bologna,2,6,1,19,7,11,2,1250.38196076163,1113.4050640112,4,0,0,0,4,4,0,1,13,11,25,17,36,32,5,-5,12,-12,9,-9,1,6,2,11,7,19
2021-09-18,I1,Salernitana,Atalanta,0,0,1,11,10,1,3,852.505046784829,1103.60824847591,0,1,1,0,0,1,1,0,3,7,9,16,21,30,-1,1,1,-1,-2,2,1,0,3,1,10,11
2021-09-19,I1,Empoli,Sampdoria,0,0,3,15,14,4,7,969.697166099548,724.879941732022,0,0,3,0,0,1,3,12,4,3,14,4,20,11,-3,3,1,-1,-3,3,3,0,7,4,14,15
2021-09-19,I1,Venezia,Spezia,0,1,2,14,12,3,3,954.763949270427,794.546395107801,0,0,0,1,0,0,0,12,3,1,3,5,3,14,-1,1,2,-2,0,0,2,1,3,3,12,14
2021-09-19,I1,Lazio,Cagliari,1,2,2,28,10,10,3,1167.84583207579,839.957056881922,2,0,0,1,4,0,0,1,12,4,19,7,41,19,0,0,18,-18,7,-7,2,2,3,10,10,28
2021-09-19,I1,Verona,Roma,2,3,2,10,15,6,2,800.542754304344,1152.32882957326,0,1,2,0,0,1,5,0,1,12,5,16,17,32,1,-1,-5,5,4,-4,2,3,2,6,15,10
2021-09-19,I1,Juventus,Milan,1,1,1,9,13,4,3,1021.90023237416,1229.16173562847,0,2,2,0,0,2,2,0,4,15,14,23,32,41,0,0,-4,4,1,-1,1,1,3,4,13,9
2021-09-20,I1,Udinese,Napoli,0,0,4,9,18,1,8,979.530328854111,1286.62610830441,1,1,0,0,2,2,0,0,7,13,11,21,24,43,-4,4,-9,9,-7,7,4,0,8,1,18,9
2021-09-21,I1,Bologna,Genoa,1,2,2,17,11,6,6,1067.16751263684,1018.10190936735,2,1,0,0,9,1,0,0,10,6,16,13,32,24,0,0,6,-6,0,0,2,2,6,6,11,17
2021-09-21,I1,Atalanta,Sassuolo,2,2,1,14,8,5,1,1115.81306765134,886.234232461015,0,0,1,1,0,0,2,1,10,4,16,6,30,25,1,-1,6,-6,4,-4,1,2,1,5,8,14
2021-09-21,I1,Fiorentina,Inter,0,1,3,14,17,6,5,1167.80972263039,1296.61951213599,4,0,0,0,9,3,0,1,12,13,20,25,41,38,-2,2,-3,3,1,-1,3,1,5,6,17,14
2021-09-22,I1,Salernitana,Verona,1,2,2,15,10,4,5,840.300227609407,857.080450596289,0,0,2,3,0,0,2,3,0,3,8,7,21,17,0,0,5,-5,-1,1,2,2,5,4,10,15
2021-09-22,I1,Spezia,Juventus,0,2,3,10,26,5,9,840.338890606563,1030.45363428381,0,0,2,1,0,0,2,2,4,5,8,14,16,30,-1,1,-16,16,-4,4,3,2,9,5,26,10
2021-09-22,I1,Cagliari,Empoli,0,0,2,16,17,1,5,851.748029018007,882.048255432352,0,1,1,0,0,3,5,0,2,3,7,14,20,19,-2,2,-1,1,-4,4,2,0,5,1,17,16
2021-09-22,I1,Milan,Venezia,2,2,0,15,8,4,2,1220.60833371882,908.971453771664,5,1,0,0,11,1,0,0,13,3,23,3,39,3,2,-2,7,-7,2,-2,0,2,2,4,8,15
2021-09-23,I1,Sampdoria,Napoli,0,0,4,13,17,5,9,812.528852399218,1305.43747852662,0,2,0,0,1,3,7,0,5,15,7,23,13,43,-4,4,-4,4,-4,4,4,0,9,5,17,13
2021-09-23,I1,Torino,Lazio,1,1,1,16,6,5,2,1077.43531288307,1156.05485993971,1,0,0,1,1,0,0,1,6,10,17,20,29,42,0,0,10,-10,3,-3,1,1,2,5,6,16
2021-09-23,I1,Roma,Udinese,2,1,0,12,8,2,3,1095.79113328132,960.718958631902,3,1,0,0,4,1,0,0,12,7,15,11,31,23,1,-1,4,-4,-1,1,0,1,3,2,8,12
2021-09-25,I1,Spezia,Milan,0,1,2,8,18,2,5,824.288150881201,1233.11582888034,0,0,3,0,0,3,3,1,4,13,8,25,16,39,-1,1,-10,10,-3,3,2,1,5,2,18,8
2021-09-25,I1,Inter,Atalanta,1,2,2,19,23,6,5,1324.92334874886,1129.28881378143,5,2,0,0,5,2,0,0,13,10,25,16,38,33,0,0,-4,4,1,-1,2,2,5,6,23,19
2021-09-25,I1,Genoa,Verona,1,3,3,10,12,4,7,1020.34656148206,856.308293064137,0,0,2,0,0,1,2,4,4,4,14,8,24,18,0,0,-2,2,-3,3,3,3,7,4,12,10
2021-09-26,I1,Juventus,Sampdoria,2,3,2,16,5,6,3,1046.50437400917,805.390214593267,0,1,0,0,1,2,3,0,5,5,14,7,30,13,1,-1,11,-11,3,-3,2,3,3,6,5,16
2021-09-26,I1,Empoli,Bologna,2,4,2,15,20,7,5,922.090671624107,1064.92286052213,0,0,4,1,0,0,4,2,6,8,14,17,21,30,2,-2,-5,5,2,-2,2,4,5,7,20,15
2021-09-26,I1,Sassuolo,Salernitana,2,1,0,17,12,6,5,872.758486330922,841.072385141559,0,0,1,3,0,0,5,11,4,1,6,8,25,22,1,-1,5,-5,1,-1,0,1,5,6,12,17
2021-09-26,I1,Udinese,Fiorentina,0,0,1,12,8,5,2,940.568510063685,1139.50588601752,0,2,1,0,0,2,1,0,7,9,10,19,23,40,-1,1,4,-4,3,-3,1,0,2,5,8,12
2021-09-26,I1,Lazio,Roma,2,3,2,9,20,4,8,1152.4948529792,1115.94158184953,0,0,0,1,5,0,1,1,8,12,18,17,40,31,1,-1,-11,11,-4,4,2,3,8,4,20,9
2021-09-26,I1,Napoli,Cagliari,2,2,0,18,6,7,1,1312.57611633258,811.705612826252,5,0,0,0,7,1,0,2,15,2,25,6,43,20,2,-2,12,-12,6,-6,0,2,1,7,6,18
2021-09-27,I1,Venezia,Torino,1,1,1,8,8,2,3,896.463958610145,1080.99531984358,0,1,1,0,0,1,1,0,3,7,3,15,3,29,0,0,0,0,-1,1,1,1,3,2,8,8
2021-10-01,I1,Cagliari,Venezia,1,1,1,9,10,3,4,807.057740711777,904.243795034294,0,0,2,1,0,0,6,1,1,4,6,4,20,4,0,0,-1,1,-1,1,1,1,4,3,10,9
2021-10-02,I1,Salernitana,Genoa,2,1,0,10,19,4,4,811.982718553446,1013.30773196994,0,0,0,0,1,2,3,1,1,5,8,12,19,25,1,-1,-9,9,0,0,0,1,4,4,19,10
2021-10-02,I1,Torino,Juventus,0,0,1,12,10,2,3,1073.21548341943,1059.28727858639,0,1,0,0,2,1,1,0,8,7,15,14,30,30,-1,1,2,-2,-1,1,1,0,3,2,10,12
2021-10-02,I1,Sassuolo,Inter,0,1,2,12,18,8,3,901.848152919035,1316.75918610189,1,1,0,0,1,4,0,0,4,11,8,23,25,39,-1,1,-6,6,5,-5,2,1,3,8,18,12
2021-10-03,I1,Bologna,Lazio,2,3,0,10,8,3,4,1003.98665863017,1181.1405393393,0,0,0,0,10,1,1,2,5,8,16,21,27,40,3,-3,2,-2,-1,1,0,3,4,3,8,10
2021-10-03,I1,Sampdoria,Udinese,1,3,3,13,18,3,7,792.607310016048,925.120741486643,0,0,1,1,0,0,8,1,5,6,7,7,13,22,0,0,-5,5,-4,4,3,3,7,3,18,13
2021-10-03,I1,Verona,Spezia,2,4,0,6,12,4,4,863.347122576258,818.733219741834,1,1,0,0,1,1,0,0,5,3,6,8,19,15,4,-4,-6,6,0,0,0,4,4,4,12,6
2021-10-03,I1,Fiorentina,Napoli,0,1,2,10,12,3,6,1154.95365459456,1317.22398844705,0,3,1,0,0,4,1,0,12,15,22,25,40,43,-1,1,-2,2,-3,3,2,1,6,3,12,10
2021-10-03,I1,Roma,Empoli,2,2,0,18,11,7,3,1087.29589548943,983.026873516061,4,2,0,0,5,4,0,0,9,9,17,14,31,24,2,-2,7,-7,4,-4,0,2,3,7,11,18
2021-10-03,I1,Atalanta,Milan,0,2,3,17,13,6,7,1137.45297642841,1238.67076001971,1,1,0,0,1,4,0,0,8,13,17,25,34,39,-1,1,4,-4,-1,1,3,2,7,6,13,17
2021-10-16,I1,Spezia,Salernitana,2,2,1,18,15,5,4,762.467828734367,860.69544855977,0,0,4,4,0,0,4,12,3,4,5,8,14,21,1,-1,3,-3,1,-1,1,2,4,5,15,18
2021-10-16,I1,Lazio,Inter,2,3,1,19,12,8,4,1100.98676320823,1322.13902674718,1,2,0,0,6,5,0,0,5,11,20,23,37,39,2,-2,7,-7,4,-4,1,3,4,8,12,19
2021-10-16,I1,Milan,Verona,2,3,2,17,10,4,5,1261.60334149737,919.612513583725,6,0,0,0,12,2,0,5,13,8,28,9,42,21,1,-1,7,-7,-1,1,2,3,5,4,10,17
2021-10-17,I1,Cagliari,Sampdoria,2,3,1,12,17,5,3,811.420133842433,798.430132636241,0,0,0,1,1,0,7,1,2,5,6,7,20,13,2,-2,-5,5,2,-2,1,3,3,5,17,12
2021-10-17,I1,Empoli,Atalanta,0,1,4,13,22,6,7,951.949962394063,1114.52039495074,1,0,0,0,1,3,0,1,6,7,13,17,24,33,-3,3,-9,9,-1,1,4,1,7,6,22,13
2021-10-17,I1,Genoa,Sassuolo,1,2,2,19,15,4,5,964.59500196362,896.468312273743,0,0,0,2,1,0,3,2,5,3,11,8,24,22,0,0,4,-4,-1,1,2,2,5,4,15,19
2021-10-17,I1,Udinese,Bologna,1,1,1,10,23,2,11,919.297918866449,1084.14043476125,0,0,2,2,0,0,2,3,4,7,8,18,22,30,0,0,-13,13,-9,9,1,1,11,2,23,10
2021-10-17,I1,Napoli,Torino,2,1,0,10,11,3,3,1335.27794175589,1039.93333511796,6,0,0,0,8,2,0,1,15,8,28,12,46,27,1,-1,-1,1,0,0,0,1,3,3,11,10
2021-10-17,I1,Juventus,Roma,2,1,0,6,14,2,4,1092.56942688786,1118.37280661143,1,0,0,2,2,0,0,2,10,9,14,19,33,31,1,-1,-8,8,-2,2,0,1,4,2,14,6
2021-10-18,I1,Venezia,Fiorentina,2,1,0,4,10,2,2,899.881401903638,1136.89970128572,0,3,0,0,1,3,2,0,5,9,5,19,5,37,1,-1,-6,6,0,0,0,1,2,2,10,4
2021-10-22,I1,Torino,Genoa,2,3,2,17,14,6,4,1030.04873017354,961.49725244115,0,0,1,1,0,0,2,2,5,3,11,9,24,22,1,-1,3,-3,2,-2,2,3,4,6,14,17
2021-10-22,I1,Sampdoria,Spezia,2,2,1,6,17,2,7,756.211509638576,803.281342582388,0,0,0,1,1,0,9,1,4,6,7,7,13,14,1,-1,-11,11,-5,5,1,2,7,2,17,6
2021-10-23,I1,Salernitana,Empoli,0,2,4,12,11,6,6,819.881934711749,921.22213898113,1,0,0,1,2,0,0,1,4,6,7,10,20,24,-2,2,1,-1,0,0,4,2,6,6,11,12
2021-10-23,I1,Sassuolo,Venezia,2,3,1,14,8,7,3,899.566061796213,950.855595585859,0,0,1,0,0,1,1,2,4,5,9,8,20,8,2,-2,6,-6,4,-4,1,3,3,7,8,14
2021-10-23,I1,Bologna,Milan,0,2,4,9,15,4,7,1077.0717666957,1269.44546389209,1,2,0,0,11,5,0,0,5,13,16,28,30,44,-2,2,-6,6,-3,3,4,2,7,4,15,9
2021-10-24,I1,Atalanta,Udinese,1,1,1,8,9,3,3,1145.24821836368,926.36658693199,0,0,1,0,0,1,1,2,10,2,17,9,36,20,0,0,-1,1,0,0,1,1,3,3,9,8
2021-10-24,I1,Fiorentina,Cagliari,2,3,0,21,3,5,1,1085.9255076035,853.638756840098,0,0,2,1,0,0,2,3,6,5,18,9,34,22,3,-3,18,-18,4,-4,0,3,1,5,3,21
2021-10-24,I1,Verona,Lazio,2,4,1,16,9,7,4,911.770391189007,1169.51562679586,2,0,0,1,2,0,0,3,8,8,9,20,20,39,3,-3,7,-7,3,-3,1,4,4,7,9,16
2021-10-24,I1,Roma,Napoli,1,0,0,13,11,1,3,1084.00058743127,1345.1625467003,5,4,0,0,6,5,0,0,6,15,18,28,31,46,0,0,2,-2,-2,2,0,0,3,1,11,13
2021-10-24,I1,Inter,Juventus,1,1,1,10,16,2,4,1253.61016315955,1126.94164606802,0,2,0,0,6,2,1,0,10,13,23,17,39,33,0,0,-6,6,-2,2,1,1,4,2,16,10
2021-10-26,I1,Spezia,Genoa,1,1,1,13,9,3,2,766.972381143996,935.730400417303,1,0,0,2,1,0,0,3,3,3,7,9,14,22,0,0,4,-4,1,-1,1,1,2,3,9,13
2021-10-26,I1,Venezia,Salernitana,0,1,2,8,21,4,7,900.570202987523,788.465883508204,1,0,0,5,2,0,0,13,5,4,8,4,8,19,-1,1,-13,13,-3,3,2,1,7,4,21,8
2021-10-26,I1,Milan,Torino,2,1,0,10,12,2,2,1291.23019330933,1055.81558219739,7,0,0,1,13,0,0,2,15,5,28,11,47,27,1,-1,-2,2,0,0,0,1,2,2,12,10
2021-10-27,I1,Juventus,Sassuolo,0,1,2,14,8,3,4,1132.52953354285,949.851454394549,2,0,0,0,3,1,0,3,13,7,18,11,31,20,-1,1,6,-6,-1,1,2,1,4,3,8,14
2021-10-27,I1,Sampdoria,Atalanta,0,1,3,8,13,3,4,792.520471076967,1136.31947130557,1,1,0,0,2,4,0,0,4,8,9,18,13,34,-2,2,-5,5,-1,1,3,1,4,3,13,8
2021-10-27,I1,Udinese,Verona,1,1,1,16,5,5,2,935.295333990096,1000.67116959561,0,0,0,1,1,0,3,6,3,8,10,11,18,23,0,0,11,-11,3,-3,1,1,2,5,5,16
2021-10-27,I1,Cagliari,Roma,0,1,2,7,22,5,3,830.95588983704,1094.17903305815,1,0,0,3,2,0,0,3,4,7,6,19,19,32,-1,1,-15,15,2,-2,2,1,3,5,22,7
2021-10-27,I1,Empoli,Inter,0,0,2,9,21,3,9,952.638190184675,1248.02227568472,0,0,1,1,0,0,1,1,9,8,12,21,27,40,-2,2,-12,12,-6,6,2,0,9,3,21,9
2021-10-27,I1,Lazio,Fiorentina,2,1,0,5,9,2,1,1080.61484838925,1108.60837460656,2,0,0,1,7,0,0,1,7,6,17,18,36,34,1,-1,-4,4,1,-1,0,1,1,2,9,5
2021-10-28,I1,Napoli,Bologna,2,3,0,18,8,6,1,1334.98410107342,1055.28703727846,7,0,0,0,9,1,0,4,13,5,28,15,44,29,3,-3,10,-10,5,-5,0,3,1,6,8,18
2021-10-30,I1,Atalanta,Lazio,1,2,2,17,8,3,5,1146.9697170224,1115.18758259954,0,0,0,2,1,0,2,4,8,9,18,17,34,36,0,0,9,-9,-2,2,2,2,5,3,8,17
2021-10-30,I1,Verona,Juventus,2,2,1,12,15,5,4,997.69553762691,1085.10053503686,3,0,0,0,3,3,0,1,8,10,12,15,24,28,1,-1,-3,3,1,-1,1,2,4,5,15,12
2021-10-30,I1,Torino,Sampdoria,2,3,0,16,5,6,1,1042.69373904998,781.870225360138,1,0,0,2,1,0,0,2,4,4,11,9,26,13,3,-3,11,-11,5,-5,0,3,1,6,5,16
2021-10-31,I1,Inter,Udinese,2,2,0,15,9,6,5,1261.56702351556,938.270965958798,0,0,0,0,7,2,2,3,8,4,21,11,43,19,2,-2,6,-6,1,-1,0,2,5,6,9,15
2021-10-31,I1,Fiorentina,Spezia,2,3,0,27,3,12,0,1074.03564039626,774.18544576941,1,0,0,2,1,0,0,2,6,4,15,8,31,14,3,-3,24,-24,12,-12,0,3,0,12,3,27
2021-10-31,I1,Genoa,Venezia,1,0,0,19,6,4,2,928.517335791889,858.589016389446,0,0,0,1,2,0,4,3,3,5,7,8,23,8,0,0,13,-13,2,-2,0,0,2,4,6,19
2021-10-31,I1,Sassuolo,Empoli,0,1,2,15,14,5,6,997.280452900538,939.093442353836,1,1,0,0,1,1,0,0,10,6,14,12,22,24,-1,1,1,-1,-1,1,2,1,6,5,14,15
2021-10-31,I1,Salernitana,Napoli,0,0,1,9,18,3,3,830.447070106281,1353.15179150366,0,0,1,0,0,6,1,1,6,13,7,28,21,47,-1,1,-9,9,0,0,1,0,3,3,18,9
2021-10-31,I1,Roma,Milan,0,1,2,24,8,6,3,1105.70955324666,1304.35203645674,0,3,0,0,7,6,1,0,7,15,19,28,32,47,-1,1,16,-16,3,-3,2,1,3,6,8,24
2021-11-01,I1,Bologna,Cagliari,2,2,0,8,9,3,2,1037.11934684822,819.425369648537,0,0,1,2,0,0,1,4,4,4,12,6,26,16,2,-2,-1,1,1,-1,0,2,2,3,9,8
2021-11-05,I1,Empoli,Genoa,1,2,2,10,15,2,7,976.403114576788,925.339808988299,0,0,2,0,0,1,2,4,6,3,15,8,26,23,0,0,-5,5,-5,5,2,2,7,2,15,10
2021-11-06,I1,Spezia,Torino,2,1,0,7,9,3,1,757.707074174132,1062.56654715403,0,0,0,2,2,0,1,3,4,6,7,14,13,29,1,-1,-2,2,2,-2,0,1,1,3,9,7
2021-11-06,I1,Juventus,Fiorentina,2,1,0,13,6,3,1,1045.21587542859,1090.51401199154,0,0,1,2,0,0,1,2,7,6,14,18,28,33,1,-1,7,-7,2,-2,0,1,1,3,6,13
2021-11-06,I1,Cagliari,Atalanta,0,1,2,7,21,1,8,799.938920564348,1145.51016451375,0,2,1,0,0,5,1,0,4,8,5,16,16,35,-1,1,-14,14,-7,7,2,1,8,1,21,7
2021-11-07,I1,Venezia,Roma,2,3,2,13,27,7,10,861.766543193036,1090.2418822735,0,1,1,0,0,1,1,0,5,7,9,16,9,29,1,-1,-14,14,-3,3,2,3,10,7,27,13
2021-11-07,I1,Sampdoria,Bologna,0,1,2,10,14,4,7,761.997417256081,1056.60579593241,0,0,1,1,0,0,1,5,4,7,9,12,13,26,-1,1,-4,4,-3,3,2,1,7,4,14,10
2021-11-07,I1,Udinese,Sassuolo,2,3,2,13,10,2,4,926.466102240619,959.970780677586,0,1,0,0,2,2,4,0,4,7,10,11,18,22,1,-1,3,-3,-2,2,2,3,4,2,10,13
2021-11-07,I1,Lazio,Salernitana,2,3,0,16,5,5,0,1116.6471351082,827.437530202301,3,1,0,0,8,1,0,0,7,6,15,7,34,20,3,-3,11,-11,5,-5,0,3,0,5,5,16
2021-11-07,I1,Napoli,Verona,1,1,1,16,11,1,3,1356.16133140764,1037.58019723518,8,0,0,0,10,1,0,7,13,10,28,15,47,24,0,0,5,-5,-2,2,1,1,3,1,11,16
2021-11-07,I1,Milan,Inter,1,1,1,16,13,4,3,1319.8197074299,1273.37188723374,8,1,0,0,14,1,0,0,15,10,28,21,49,45,0,0,3,-3,1,-1,1,1,3,4,13,16
2021-11-20,I1,Atalanta,Spezia,2,5,2,18,10,9,5,1153.21156146735,812.271637550374,0,0,0,3,2,0,3,3,11,7,18,10,37,16,3,-3,8,-8,4,-4,2,5,5,9,10,18
2021-11-20,I1,Lazio,Juventus,0,0,2,8,11,1,5,1134.0007739676,1081.36450766243,4,0,0,1,9,0,0,2,10,7,15,17,34,31,-2,2,-3,3,-4,4,2,0,5,1,11,8
2021-11-20,I1,Fiorentina,Milan,2,4,3,9,17,5,7,1054.3653797577,1317.69335882214,2,4,0,0,2,7,0,0,6,13,15,26,32,49,1,-1,-8,8,-2,2,3,4,7,5,17,9
2021-11-21,I1,Sassuolo,Cagliari,1,2,2,20,11,4,4,924.894416122988,792.23752361075,0,0,1,3,0,0,1,5,7,3,10,5,19,15,0,0,9,-9,0,0,2,2,4,4,11,20
2021-11-21,I1,Bologna,Venezia,0,0,1,22,8,6,6,1066.52587437441,912.223095760306,1,0,0,0,1,1,0,4,7,7,14,12,28,12,-1,1,14,-14,0,0,1,0,6,6,8,22
2021-11-21,I1,Salernitana,Sampdoria,0,0,2,18,13,2,6,810.083891342897,752.077338814085,0,0,2,3,0,0,2,3,3,3,7,8,19,12,-2,2,5,-5,-4,4,2,0,6,2,13,18
2021-11-21,I1,Inter,Napoli,2,3,2,17,9,7,3,1275.49823584149,1344.57010826331,1,1,0,0,8,7,0,0,8,11,19,26,46,47,1,-1,8,-8,4,-4,2,3,3,7,9,17
2021-11-21,I1,Genoa,Roma,0,0,2,1,19,1,4,927.674574361339,1039.78532970623,0,0,0,1,3,0,5,1,4,4,9,13,23,26,-2,2,-18,18,-3,3,2,0,4,1,19,1
2021-11-22,I1,Verona,Empoli,2,2,1,22,9,5,4,1049.17142037952,974.068349203748,4,2,0,0,4,2,0,0,8,7,16,13,24,27,1,-1,13,-13,1,-1,1,2,4,5,9,22
2021-11-22,I1,Torino,Udinese,2,2,1,14,18,4,7,1008.00198377779,961.542466795217,2,0,0,1,2,0,0,4,6,6,14,10,28,21,1,-1,-4,4,-3,3,1,2,7,4,18,14
2021-11-26,I1,Cagliari,Salernitana,1,1,1,19,8,3,2,798.066076997057,758.971253446448,0,0,2,1,0,0,2,1,1,3,6,7,13,16,0,0,11,-11,1,-1,1,1,2,3,8,19
2021-11-27,I1,Empoli,Fiorentina,2,2,1,17,16,5,7,948.879833577428,1106.840563278,0,0,0,3,1,0,3,3,7,9,13,15,27,35,1,-1,1,-1,-2,2,1,2,7,5,16,17
2021-11-27,I1,Sampdoria,Verona,2,3,1,15,14,5,3,803.189976710534,1074.35993600584,0,0,2,0,0,2,2,8,6,11,10,19,14,24,2,-2,1,-1,2,-2,1,3,3,5,14,15
2021-11-27,I1,Juventus,Atalanta,0,0,1,15,7,2,1,1131.81615461846,1166.64651955666,1,3,0,0,1,6,0,0,7,11,20,21,34,37,-1,1,8,-8,1,-1,1,0,1,2,7,15
2021-11-27,I1,Venezia,Inter,0,0,2,6,27,1,11,957.568789457665,1313.77748191357,1,0,0,0,1,2,0,1,7,11,12,21,15,46,-2,2,-21,21,-10,10,2,0,11,1,27,6
2021-11-28,I1,Udinese,Genoa,1,0,0,17,8,3,2,933.79622229279,897.497410621439,1,0,0,0,3,2,0,5,5,3,7,6,18,20,0,0,9,-9,1,-1,0,0,2,3,8,17
2021-11-28,I1,Milan,Sassuolo,0,1,3,15,15,2,5,1265.21817530184,919.065862736681,0,0,0,1,15,0,1,1,10,7,23,11,46,20,-2,2,0,0,-3,3,3,1,5,2,15,15
2021-11-28,I1,Spezia,Bologna,0,0,1,13,17,5,5,798.836679461061,1021.18018067705,1,1,0,0,3,1,0,0,4,6,10,11,15,28,-1,1,-4,4,0,0,1,0,5,5,17,13
2021-11-28,I1,Roma,Torino,2,1,0,10,17,2,3,1069.96249344613,1035.74822828022,0,0,1,3,0,0,2,4,7,9,13,14,29,28,1,-1,-7,7,-1,1,0,1,3,2,17,10
2021-11-28,I1,Napoli,Lazio,2,4,0,18,6,8,2,1306.29086219123,1083.54912701157,0,0,0,0,11,1,1,5,8,7,23,15,44,34,4,-4,12,-12,6,-6,0,4,2,8,6,18
2021-11-30,I1,Atalanta,Venezia,2,4,0,19,8,6,4,1195.44922818396,947.569106903244,1,1,0,0,3,2,0,0,13,7,21,12,37,15,4,-4,11,-11,2,-2,0,4,4,6,8,19
2021-11-30,I1,Fiorentina,Sampdoria,2,3,1,17,11,7,4,1061.21778649202,875.686084060181,3,1,0,0,3,1,0,0,6,6,12,10,32,17,2,-2,6,-6,3,-3,1,3,4,7,11,17
2021-11-30,I1,Salernitana,Juventus,0,0,2,4,18,0,7,760.764076292554,1103.01344599116,0,1,3,0,0,1,3,0,4,6,8,19,16,33,-2,2,-14,14,-7,7,2,0,7,0,18,4
2021-11-30,I1,Verona,Cagliari,1,0,0,15,12,6,4,1001.86382865619,796.273254150951,5,0,0,0,5,1,0,6,8,2,16,6,23,13,0,0,3,-3,2,-2,0,0,4,6,12,15
2021-12-01,I1,Bologna,Roma,2,1,0,6,13,3,5,1035.1043528449,1098.82139036727,0,1,1,0,0,1,1,0,9,9,14,16,30,31,1,-1,-7,7,-2,2,0,1,5,3,13,6
2021-12-01,I1,Inter,Spezia,2,2,0,31,7,11,4,1323.777164468,784.912507293203,2,0,0,4,9,0,0,4,13,4,21,7,46,15,2,-2,24,-24,7,-7,0,2,4,11,7,31
2021-12-01,I1,Genoa,Milan,0,0,3,10,18,3,5,899.16297701978,1188.02707518688,0,0,1,1,0,0,6,1,4,7,7,22,20,45,-3,3,-8,8,-2,2,3,0,5,3,18,10
2021-12-01,I1,Sassuolo,Napoli,1,2,2,9,9,7,4,996.256962851644,1334.30773607904,0,0,0,1,1,0,2,1,7,10,14,23,20,46,0,0,0,0,3,-3,2,2,4,7,9,9
2021-12-02,I1,Torino,Empoli,1,2,2,10,16,3,5,1006.88933135908,994.502610363407,3,0,0,1,3,0,0,1,6,7,11,16,28,30,0,0,-6,6,-2,2,2,2,5,3,16,10
2021-12-02,I1,Lazio,Udinese,1,4,4,13,12,5,5,1055.53225312376,932.130655894449,0,0,1,2,0,0,1,5,7,5,14,8,34,19,0,0,1,-1,0,0,4,4,5,5,12,13
2021-12-04,I1,Milan,Salernitana,2,2,0,22,7,8,2,1205.40975651618,750.030079223576,0,0,1,0,0,1,2,2,7,1,22,7,47,15,2,-2,15,-15,6,-6,0,2,2,8,7,22
2021-12-04,I1,Roma,Inter,0,0,3,9,10,1,4,1061.0177530372,1327.55126277532,1,1,0,0,1,3,0,0,6,13,13,21,30,46,-3,3,-1,1,-3,3,3,0,4,1,10,9
2021-12-04,I1,Napoli,Atalanta,0,2,3,15,21,4,7,1322.30750323434,1220.42220586457,1,4,0,0,12,7,0,0,8,13,21,21,46,37,-1,1,-6,6,-3,3,3,2,7,4,21,15
2021-12-05,I1,Bologna,Fiorentina,0,2,3,8,6,3,3,1072.90799017497,1083.6538009443,1,0,0,4,1,0,0,4,12,9,16,15,33,34,-1,1,2,-2,0,0,3,2,3,3,6,8
2021-12-05,I1,Spezia,Sassuolo,1,2,2,9,20,4,5,781.138408985881,1008.25719569634,0,1,1,0,0,1,1,0,3,5,7,15,15,21,0,0,-11,11,-1,1,2,2,5,4,20,9
2021-12-05,I1,Venezia,Verona,0,3,4,9,16,5,6,922.596129222627,993.365526276106,0,0,1,1,0,0,1,9,7,8,12,16,15,24,-1,1,-7,7,-1,1,4,3,6,5,16,9
2021-12-05,I1,Sampdoria,Lazio,0,1,3,18,6,5,5,853.250069607906,1050.0768940293,1,0,0,1,1,0,0,6,6,5,10,14,17,32,-2,2,12,-12,0,0,3,1,5,5,6,18
2021-12-05,I1,Juventus,Genoa,2,2,0,27,0,12,0,1113.74744306014,881.78029569048,0,0,1,0,0,3,1,6,9,3,19,6,33,20,2,-2,27,-27,12,-12,0,2,0,12,0,27
2021-12-06,I1,Empoli,Udinese,2,3,1,22,19,9,8,995.072798386204,937.586014988905,1,0,0,0,2,1,0,6,8,5,14,9,28,19,2,-2,3,-3,1,-1,1,3,8,9,19,22
2021-12-06,I1,Cagliari,Torino,1,1,1,15,8,2,3,804.771556531033,1006.31914333628,0,0,0,4,1,0,3,5,3,7,7,11,13,26,0,0,7,-7,-1,1,1,1,3,2,8,15
2021-12-10,I1,Genoa,Sampdoria,0,1,3,12,14,2,6,863.51076054772,831.882371080307,0,0,2,1,0,0,7,1,2,6,5,10,17,17,-2,2,-2,2,-4,4,3,1,6,2,14,12
2021-12-11,I1,Fiorentina,Salernitana,2,4,0,17,11,9,6,1114.66439066612,744.08515324677,4,0,0,1,4,0,0,3,9,1,15,7,37,15,4,-4,6,-6,3,-3,0,4,6,9,11,17
2021-12-11,I1,Venezia,Juventus,1,1,1,13,20,4,6,897.025557767629,1132.0169782029,0,2,2,0,0,2,2,0,6,12,11,19,15,33,0,0,-7,7,-2,2,1,1,6,4,20,13
2021-12-11,I1,Udinese,Milan,1,1,1,11,12,6,1,900.91958482447,1211.35468249299,0,1,0,0,4,1,1,0,5,7,9,22,16,47,0,0,-1,1,5,-5,1,1,1,6,12,11
2021-12-12,I1,Torino,Bologna,2,2,1,16,8,7,5,997.955326793226,1041.89740045315,0,2,0,0,4,2,1,0,5,9,11,16,26,32,1,-1,8,-8,2,-2,1,2,5,7,8,16
2021-12-12,I1,Verona,Atalanta,0,1,2,19,14,4,6,1018.9360977311,1261.54613752282,0,5,0,0,6,8,1,0,8,15,18,23,24,40,-1,1,5,-5,-2,2,2,1,6,4,14,19
2021-12-12,I1,Napoli,Empoli,0,0,1,30,12,6,5,1281.1835715761,1031.73922855064,0,0,1,0,0,1,1,2,5,8,18,14,43,28,-1,1,18,-18,1,-1,1,0,5,6,12,30
2021-12-12,I1,Sassuolo,Lazio,2,2,1,17,6,6,2,999.070703026867,1071.4445925569,0,1,0,0,2,1,3,0,6,7,13,14,21,35,1,-1,11,-11,4,-4,1,2,2,6,6,17
2021-12-12,I1,Inter,Cagliari,2,4,0,24,5,15,2,1346.89545645531,813.13537307409,3,0,0,0,10,2,0,7,13,4,23,8,46,14,4,-4,19,-19,13,-13,0,4,2,15,5,24
2021-12-13,I1,Roma,Spezia,2,2,0,12,8,6,2,1041.67355935721,790.324901655355,0,0,1,5,0,0,1,5,6,4,13,8,30,16,2,-2,4,-4,4,-4,0,2,2,6,8,12
2021-12-17,I1,Lazio,Genoa,2,3,1,11,4,5,2,1032.87348291731,815.671608363054,0,0,0,1,1,0,2,7,4,1,14,5,34,16,2,-2,7,-7,3,-3,1,3,2,5,4,11
2021-12-17,I1,Salernitana,Inter,0,0,5,10,23,2,8,730.42225015115,1352.60435300661,0,2,4,0,0,4,4,0,1,15,4,23,12,46,-5,5,-13,13,-6,6,5,0,8,2,23,10
2021-12-18,I1,Atalanta,Roma,0,1,4,17,8,6,5,1274.24118174699,1058.38176170583,2,0,0,1,4,0,0,1,15,9,26,13,43,32,-3,3,9,-9,1,-1,4,1,5,6,8,17
2021-12-18,I1,Bologna,Juventus,0,0,2,11,11,3,7,1005.87162851705,1122.59061488306,0,0,1,0,0,3,1,1,6,10,13,17,31,31,-2,2,0,0,-4,4,2,0,7,3,11,11
2021-12-18,I1,Cagliari,Udinese,0,0,4,5,10,2,5,807.42647652279,912.329506916245,0,0,0,1,2,0,4,7,4,3,7,9,13,17,-4,4,-5,5,-3,3,4,0,5,2,10,5
2021-12-19,I1,Fiorentina,Sassuolo,1,2,2,23,8,8,4,1128.32729376174,1037.64181266646,5,0,0,0,5,2,0,1,12,9,18,16,37,24,0,0,15,-15,4,-4,2,2,4,8,8,23
2021-12-19,I1,Spezia,Empoli,1,1,1,9,22,2,6,773.616699306736,1083.43981025194,0,1,0,0,1,2,2,0,1,10,8,17,13,30,0,0,-13,13,-4,4,1,1,6,2,22,9
2021-12-19,I1,Sampdoria,Venezia,1,1,1,18,12,8,1,879.721523264974,906.451921087462,0,0,1,1,0,0,1,1,9,4,12,11,19,16,0,0,6,-6,7,-7,1,1,1,8,12,18
2021-12-19,I1,Torino,Verona,2,1,0,8,8,1,2,1033.98109872933,1006.24105350693,1,1,0,0,5,1,0,0,8,7,14,15,26,24,1,-1,0,0,-1,1,0,1,2,1,8,8
2021-12-19,I1,Milan,Napoli,0,0,1,12,11,2,2,1199.94476040121,1229.4829898748,1,0,0,0,1,1,0,2,7,4,20,15,48,43,-1,1,1,-1,0,0,1,0,2,2,11,12
2021-12-21,I1,Genoa,Atalanta,1,0,0,1,17,0,3,796.142187989859,1189.60662524856,0,6,3,0,0,9,8,0,1,12,4,23,13,40,0,0,-16,16,-3,3,0,0,3,0,17,1
2021-12-21,I1,Juventus,Cagliari,2,2,0,15,6,4,1,1152.24486473479,761.828231484291,1,0,0,1,1,0,0,8,10,3,17,4,34,13,2,-2,9,-9,3,-3,0,2,1,4,6,15
2021-12-22,I1,Sassuolo,Bologna,0,0,3,13,9,5,5,1041.72570907756,976.217378665321,1,0,0,1,3,0,0,1,9,6,16,12,25,28,-3,3,4,-4,0,0,3,0,5,5,9,13
2021-12-22,I1,Venezia,Lazio,0,1,3,11,7,2,4,905.223363841408,1052.4029032905,0,0,0,1,1,0,3,1,2,7,9,14,17,34,-2,2,4,-4,-2,2,3,1,4,2,7,11
2021-12-22,I1,Inter,Torino,2,1,0,14,12,3,3,1356.61099789976,1063.43156143043,4,0,0,0,11,1,0,6,15,8,26,17,49,28,1,-1,2,-2,0,0,0,1,3,3,12,14
2021-12-22,I1,Roma,Sampdoria,1,1,1,15,10,4,2,1143.01631820426,880.950080511028,1,1,0,0,1,1,0,0,9,7,16,13,34,20,0,0,5,-5,2,-2,1,1,2,4,10,15
2021-12-22,I1,Verona,Fiorentina,1,1,1,7,11,2,1,976.790590805831,1124.24339735064,0,1,1,0,0,1,2,0,4,10,15,19,24,37,0,0,-4,4,1,-1,1,1,1,2,11,7
2021-12-22,I1,Empoli,Milan,0,2,4,16,18,5,8,1072.04375638889,1170.65879597519,2,0,0,0,3,2,0,1,11,7,18,17,28,45,-2,2,-2,2,-3,3,4,2,8,5,18,16
2021-12-22,I1,Napoli,Spezia,0,0,1,25,8,7,0,1258.76895430082,785.012753169782,0,0,2,6,0,0,2,6,7,2,15,6,43,13,-1,1,17,-17,7,-7,1,0,0,7,8,25
2022-01-06,I1,Sampdoria,Cagliari,0,1,2,4,15,1,7,891.153275912267,753.445080540088,0,0,0,2,1,0,2,9,5,2,11,4,20,10,-1,1,-11,11,-6,6,2,1,7,1,15,4
2022-01-06,I1,Lazio,Empoli,1,3,3,23,11,10,4,1078.71865902918,1040.31068595097,1,0,0,0,2,3,0,1,10,8,17,15,34,27,0,0,12,-12,6,-6,3,3,4,10,11,23
2022-01-06,I1,Spezia,Verona,0,1,2,9,22,3,5,845.083818298349,983.200726379486,0,0,0,1,2,0,3,1,5,5,9,13,16,24,-1,1,-13,13,-2,2,2,1,5,3,22,9
2022-01-06,I1,Sassuolo,Genoa,1,1,1,28,4,7,1,977.032416814195,809.132058475851,0,0,1,2,0,0,1,8,6,1,13,5,24,14,0,0,24,-24,6,-6,1,1,1,7,4,28
2022-01-06,I1,Milan,Roma,2,3,1,19,11,5,5,1202.39186641311,1132.81312280302,0,1,1,0,0,1,1,0,10,7,17,16,45,35,2,-2,8,-8,0,0,1,3,5,5,11,19
2022-01-06,I1,Juventus,Napoli,1,1,1,22,16,5,4,1160.628015679,1198.69788917225,2,1,0,0,2,2,0,0,13,4,19,14,37,42,0,0,6,-6,1,-1,1,1,4,5,16,22
2022-01-09,I1,Empoli,Sassuolo,0,1,5,15,25,4,14,1042.07226842348,969.850856787816,0,0,1,0,0,3,1,2,8,6,16,11,28,25,-4,4,-10,10,-10,10,5,1,14,4,25,15
2022-01-09,I1,Venezia,Milan,0,0,3,9,18,3,8,878.907608102728,1237.58195797007,0,1,1,0,0,3,4,0,2,10,9,17,17,45,-3,3,-9,9,-5,5,3,0,8,3,18,9
2022-01-09,I1,Napoli,Sampdoria,2,1,0,22,10,5,1,1196.95168966763,847.09482003838,0,0,3,0,0,2,3,1,4,5,12,11,40,20,1,-1,12,-12,4,-4,0,1,1,5,10,22
2022-01-09,I1,Udinese,Atalanta,0,2,6,8,21,4,7,957.927751954743,1176.61675476257,0,0,0,0,5,10,2,1,6,10,11,23,20,41,-4,4,-13,13,-3,3,6,2,7,4,21,8
2022-01-09,I1,Genoa,Spezia,0,0,1,15,17,2,9,816.313618502231,825.174558314091,0,1,0,0,1,1,9,0,2,5,5,8,12,16,-1,1,-2,2,-7,7,1,0,9,2,17,15
2022-01-09,I1,Roma,Juventus,0,3,4,19,14,7,5,1097.62303124606,1162.37421518362,0,1,0,0,2,4,1,0,7,11,13,20,32,35,-1,1,5,-5,2,-2,4,3,5,7,14,19
2022-01-09,I1,Inter,Lazio,2,2,1,17,5,6,2,1366.60022333523,1076.95707655667,5,1,0,0,12,1,0,0,15,10,28,15,49,32,1,-1,12,-12,4,-4,1,2,2,6,5,17
2022-01-09,I1,Verona,Salernitana,0,1,2,24,9,7,5,1003.10998636375,726.415605257992,0,0,0,2,1,0,3,4,7,1,15,4,27,11,-1,1,15,-15,2,-2,2,1,5,7,9,24
2022-01-10,I1,Torino,Fiorentina,2,4,0,9,10,6,3,1053.44233599496,1117.83326177699,2,0,0,0,6,2,0,1,8,11,14,17,25,35,4,-4,-1,1,3,-3,0,4,3,6,10,9
2022-01-11,I1,Cagliari,Bologna,2,2,1,13,9,4,3,797.503536413975,1040.91067092869,0,1,1,0,0,1,5,0,4,6,7,15,13,30,1,-1,4,-4,1,-1,1,2,3,4,9,13
2022-01-15,I1,Sampdoria,Torino,0,1,2,11,20,3,12,839.558994909484,1129.76470640205,0,0,1,1,0,0,3,7,5,10,11,17,20,28,-1,1,-9,9,-9,9,2,1,12,3,20,11
2022-01-15,I1,Salernitana,Lazio,0,0,3,6,15,1,8,779.600052976352,1066.7950399331,0,0,5,1,0,0,5,1,3,7,7,14,11,29,-3,3,-9,9,-7,7,3,0,8,1,15,6
2022-01-15,I1,Juventus,Udinese,2,2,0,14,16,4,3,1188.47851240524,929.395835560506,0,1,0,0,3,1,1,0,11,5,23,10,37,20,2,-2,-2,2,1,-1,0,2,3,4,16,14
2022-01-16,I1,Sassuolo,Verona,0,2,4,13,21,5,6,1047.57216453396,949.925538645385,0,1,0,0,1,1,2,0,8,4,14,12,25,27,-2,2,-8,8,-1,1,4,2,6,5,21,13
2022-01-16,I1,Venezia,Empoli,1,1,1,14,17,3,6,866.629723435605,964.350960677333,0,0,2,0,0,4,5,2,2,5,9,13,17,28,0,0,-3,3,-3,3,1,1,6,3,17,14
2022-01-16,I1,Roma,Cagliari,2,1,0,15,8,7,2,1071.51873402444,848.855123515114,0,1,1,0,0,1,2,0,7,6,13,10,29,15,1,-1,7,-7,5,-5,0,1,2,7,8,15
2022-01-16,I1,Atalanta,Inter,1,0,0,12,11,6,3,1205.14867115681,1376.76225995881,0,3,1,0,0,5,1,0,10,15,23,28,41,49,0,0,1,-1,3,-3,0,0,3,6,11,12
2022-01-17,I1,Bologna,Napoli,0,0,2,12,14,5,5,989.55908382755,1204.48751479653,0,0,2,0,0,3,2,1,3,7,15,12,27,40,-2,2,-2,2,0,0,2,0,5,5,14,12
2022-01-17,I1,Milan,Spezia,0,1,2,25,10,8,6,1249.85984263719,856.358612499045,1,2,0,0,1,2,0,0,10,7,17,11,45,18,-1,1,15,-15,2,-2,2,1,6,8,10,25
2022-01-17,I1,Fiorentina,Genoa,2,6,0,22,3,12,0,1041.5108913699,785.129564317276,0,0,0,0,6,1,1,9,8,2,17,4,32,12,6,-6,19,-19,12,-12,0,6,0,12,3,22
2022-01-21,I1,Verona,Bologna,2,2,1,14,8,6,2,1005.79471503364,969.830265243635,0,0,1,1,0,0,4,1,7,3,14,12,30,24,1,-1,6,-6,4,-4,1,2,2,6,8,14
2022-01-22,I1,Genoa,Udinese,1,0,0,10,2,3,0,754.21188766795,913.281518502549,0,0,1,1,0,0,10,1,2,4,3,9,12,20,0,0,8,-8,3,-3,0,0,0,3,2,10
2022-01-22,I1,Inter,Venezia,2,2,1,24,3,12,3,1369.44480688812,871.014920919602,6,0,0,0,13,1,0,2,13,3,26,9,47,18,1,-1,21,-21,9,-9,1,2,3,12,3,24
2022-01-22,I1,Lazio,Atalanta,1,0,0,9,6,1,2,1084.31857775208,1212.46612422749,0,1,0,0,3,11,1,0,10,8,14,23,29,39,0,0,3,-3,-1,1,0,0,2,1,6,9
2022-01-23,I1,Cagliari,Fiorentina,1,1,1,12,16,3,6,834.951016637176,1072.42856801922,1,0,0,1,1,0,0,2,6,8,10,17,15,35,0,0,-4,4,-3,3,1,1,6,3,16,12
2022-01-23,I1,Napoli,Salernitana,2,4,1,26,1,14,1,1224.21633338044,762.076515157373,1,1,0,0,1,1,0,0,10,3,14,4,40,11,3,-3,25,-25,13,-13,1,4,1,14,1,26
2022-01-23,I1,Spezia,Sampdoria,2,1,0,7,8,2,0,914.339508501949,829.424610988492,0,0,1,1,0,0,4,2,10,2,11,11,21,19,1,-1,-1,1,2,-2,0,1,0,2,8,7
2022-01-23,I1,Torino,Sassuolo,1,1,1,21,6,6,1,1139.89909032304,991.702988145706,3,1,0,0,7,4,0,0,12,5,17,14,31,24,0,0,15,-15,5,-5,1,1,1,6,6,21
2022-01-23,I1,Empoli,Roma,0,2,4,16,16,7,8,959.965763193336,1085.42284090237,0,0,2,1,0,0,2,1,3,7,13,16,26,29,-2,2,0,0,-1,1,4,2,8,7,16,16
2022-01-23,I1,Milan,Juventus,1,0,0,14,8,4,0,1191.87894663428,1204.5928294632,0,2,1,0,0,5,1,0,9,13,16,23,42,40,0,0,6,-6,4,-4,0,0,0,4,8,14
2022-02-05,I1,Roma,Genoa,1,0,0,23,10,3,3,1114.09792820141,761.065031109961,1,0,0,1,1,0,0,10,7,3,16,4,29,10,0,0,13,-13,0,0,0,0,3,3,10,23
2022-02-05,I1,Inter,Milan,0,1,2,11,10,5,3,1372.88145591775,1192.46418137297,7,2,0,0,14,4,0,0,13,10,28,17,47,40,-1,1,1,-1,2,-2,2,1,3,5,10,11
2022-02-05,I1,Fiorentina,Lazio,0,0,3,9,12,3,7,1062.92776831695,1089.96618026368,1,1,0,0,7,1,0,0,6,8,18,15,33,30,-3,3,-3,3,-4,4,3,0,7,3,12,9
2022-02-06,I1,Atalanta,Cagliari,0,1,2,10,7,3,4,1206.81852171589,844.45181633945,0,0,0,1,1,0,2,1,6,7,21,10,39,16,-1,1,3,-3,-1,1,2,1,4,3,7,10
2022-02-06,I1,Bologna,Empoli,1,0,0,12,15,2,4,941.130932845848,931.290675894295,0,0,3,0,0,5,3,3,3,2,9,13,23,26,0,0,-3,3,-2,2,0,0,4,2,15,12
2022-02-06,I1,Sampdoria,Sassuolo,2,4,0,11,26,7,9,805.093470345556,998.141834930468,0,0,2,0,0,5,4,1,1,5,8,14,18,25,4,-4,-15,15,-2,2,0,4,9,7,26,11
2022-02-06,I1,Venezia,Napoli,0,0,2,7,16,3,6,867.578271889976,1231.344439226,0,1,0,0,1,4,6,0,2,10,6,17,18,40,-2,2,-9,9,-3,3,2,0,6,3,16,7
2022-02-06,I1,Udinese,Torino,2,2,0,11,5,3,1,906.428375060538,1133.46024353828,0,1,1,0,0,1,3,0,5,10,10,18,20,32,2,-2,6,-6,2,-2,0,2,1,3,5,11
2022-02-06,I1,Juventus,Verona,2,2,0,11,13,8,1,1204.00759472452,1034.49404743143,1,2,0,0,4,2,0,0,11,10,21,14,41,33,2,-2,-2,2,7,-7,0,2,1,8,13,11
2022-02-07,I1,Salernitana,Spezia,1,2,2,9,13,5,2,754.948409311812,938.670649144885,0,3,6,0,0,3,6,0,3,12,4,14,11,24,0,0,-4,4,3,-3,2,2,2,5,13,9
2022-02-12,I1,Lazio,Bologna,2,3,0,12,11,6,3,1140.26252019455,940.677893397635,0,0,0,2,4,0,2,2,8,4,18,10,32,21,3,-3,1,-1,3,-3,0,3,3,6,11,12
2022-02-12,I1,Napoli,Inter,1,1,1,13,8,4,2,1240.96511079504,1325.61277827117,2,0,0,0,2,6,0,1,13,10,17,25,40,46,0,0,5,-5,2,-2,1,1,2,4,8,13
2022-02-12,I1,Torino,Venezia,0,1,2,14,5,2,2,1064.42887611964,857.957600320937,0,0,0,1,8,0,1,3,7,1,15,3,29,15,-1,1,9,-9,0,0,2,1,2,2,5,14
2022-02-13,I1,Milan,Sampdoria,2,1,0,15,4,7,1,1239.73285901954,902.153205365847,0,0,0,2,1,0,2,3,10,3,20,8,42,18,1,-1,11,-11,6,-6,0,1,1,7,4,15
2022-02-13,I1,Empoli,Cagliari,1,1,1,13,17,4,5,931.743715342508,901.381743839307,0,1,3,0,0,1,3,0,3,10,11,12,27,18,0,0,-4,4,-1,1,1,1,5,4,17,13
2022-02-13,I1,Genoa,Salernitana,1,1,1,15,12,5,4,773.357471315186,762.699761799649,0,0,0,1,1,0,11,1,3,4,4,5,11,12,0,0,3,-3,1,-1,1,1,4,5,12,15
2022-02-13,I1,Verona,Udinese,2,4,0,6,21,5,7,1010.48408352901,975.459742479175,1,0,0,0,1,1,0,2,9,7,14,10,30,20,4,-4,-15,15,-2,2,0,4,7,5,21,6
2022-02-13,I1,Sassuolo,Roma,1,2,2,12,12,3,7,901.082099910177,1101.80548799619,0,1,1,0,0,1,3,0,5,7,11,14,25,30,0,0,0,0,-4,4,2,2,7,3,12,12
2022-02-13,I1,Atalanta,Juventus,1,1,1,21,15,3,6,1149.88859421603,1228.01755862693,0,0,1,0,0,6,3,1,6,11,18,24,39,43,0,0,6,-6,-3,3,1,1,6,3,15,21
2022-02-14,I1,Spezia,Fiorentina,0,1,2,9,21,1,4,930.919296657049,1012.63142838609,1,0,0,0,1,1,0,3,10,5,15,15,22,30,-1,1,-12,12,-3,3,2,1,4,1,21,9
2022-02-18,I1,Juventus,Torino,1,1,1,11,10,3,3,1224.47903210868,1015.3741180233,2,0,0,1,5,0,0,1,11,7,22,15,41,26,0,0,1,-1,0,0,1,1,3,3,10,11
2022-02-19,I1,Sampdoria,Empoli,2,2,0,8,10,3,2,894.134668812693,930.349043353148,1,0,0,0,1,6,0,4,3,3,8,11,18,25,2,-2,-2,2,1,-1,0,2,2,3,10,8
2022-02-19,I1,Roma,Verona,1,2,2,7,5,3,3,1093.46928978206,1068.50652946736,0,0,0,1,2,0,1,1,8,9,15,16,28,32,0,0,2,-2,0,0,2,2,3,3,5,7
2022-02-19,I1,Salernitana,Milan,1,2,2,9,14,5,5,763.190413573022,1247.7513955727,0,3,0,0,1,5,7,0,5,10,6,20,13,42,0,0,-5,5,0,0,2,2,5,5,14,9
2022-02-20,I1,Fiorentina,Atalanta,2,1,0,6,7,3,1,1037.24122044498,1153.42712073428,0,0,1,0,0,12,1,1,7,6,18,16,30,37,1,-1,-1,1,2,-2,0,1,1,3,7,6
2022-02-20,I1,Venezia,Genoa,1,1,1,15,12,4,3,907.012358417279,772.866819541813,0,0,1,0,0,1,7,11,4,3,6,5,18,11,0,0,3,-3,1,-1,1,1,3,4,12,15
2022-02-20,I1,Inter,Sassuolo,0,0,2,29,13,8,5,1321.78995033339,909.418298124303,0,0,1,1,0,0,1,2,8,5,23,11,44,26,-2,2,16,-16,3,-3,2,0,5,8,13,29
2022-02-20,I1,Udinese,Lazio,1,1,1,12,10,2,2,917.437296540829,1166.51291668755,1,2,0,0,1,2,0,0,4,10,10,20,17,34,0,0,2,-2,0,0,1,1,2,2,10,12
2022-02-21,I1,Cagliari,Napoli,1,1,1,13,7,5,3,902.776415828667,1244.78793873282,0,2,0,0,2,5,1,0,8,13,12,17,19,38,0,0,6,-6,2,-2,1,1,3,5,7,13
2022-02-21,I1,Bologna,Spezia,2,2,1,19,6,7,2,914.427496904636,906.309504598153,0,0,0,0,1,4,4,1,1,10,7,15,21,22,1,-1,13,-13,5,-5,1,2,2,7,6,19
2022-02-25,I1,Milan,Udinese,1,1,1,9,11,3,6,1233.60425982116,927.277036005826,1,0,0,1,2,0,0,3,8,5,18,10,40,18,0,0,-2,2,-3,3,1,1,6,3,11,9
2022-02-25,I1,Genoa,Inter,1,0,0,7,21,1,4,778.754737173339,1241.54738229974,0,0,0,0,2,7,12,2,4,5,6,20,11,41,0,0,-14,14,-3,3,0,0,4,1,21,7
2022-02-26,I1,Salernitana,Bologna,1,1,1,15,8,4,3,777.337549324554,945.679938218794,0,0,0,3,2,0,8,3,3,4,6,7,14,23,0,0,7,-7,1,-1,1,1,3,4,8,15
2022-02-26,I1,Empoli,Juventus,0,2,3,11,12,2,5,881.936482860962,1215.86517087454,0,0,0,0,1,7,4,2,3,9,8,20,22,39,-1,1,-1,1,-3,3,3,2,5,2,12,11
2022-02-26,I1,Sassuolo,Fiorentina,2,2,1,16,15,6,6,989.660866157954,1079.56050642652,0,1,0,0,1,2,4,0,5,10,13,18,26,33,1,-1,1,-1,0,0,1,2,6,6,15,16
2022-02-27,I1,Torino,Cagliari,0,1,2,15,11,6,5,1023.98797925744,914.855764491493,0,0,1,0,0,2,2,1,5,6,15,12,26,20,-1,1,4,-4,1,-1,2,1,5,6,11,15
2022-02-27,I1,Verona,Venezia,2,3,1,19,9,11,4,1069.65413301442,901.124440785753,2,1,0,0,2,1,0,0,10,5,14,7,32,19,2,-2,10,-10,7,-7,1,3,4,11,9,19
2022-02-27,I1,Spezia,Roma,0,0,1,9,31,3,10,875.057063283995,1092.321686235,0,0,1,0,0,2,1,1,7,9,14,16,22,29,-1,1,-22,22,-7,7,1,0,10,3,31,9
2022-02-27,I1,Lazio,Napoli,0,1,2,13,15,8,7,1156.67317722255,1232.70859007,1,0,0,0,5,6,0,1,11,11,18,18,32,36,-1,1,-2,2,1,-1,2,1,7,8,15,13
2022-02-28,I1,Atalanta,Sampdoria,2,4,0,19,6,9,1,1111.10783475275,942.54722930488,0,0,0,3,1,0,4,4,3,6,13,11,34,21,4,-4,13,-13,8,-8,0,4,1,9,6,19
2022-03-04,I1,Inter,Salernitana,2,5,0,23,11,12,3,1227.63149085251,784.535355269191,0,0,2,0,0,1,2,2,5,4,18,7,41,14,5,-5,12,-12,9,-9,0,5,3,12,11,23
2022-03-05,I1,Udinese,Sampdoria,2,2,1,19,8,5,4,938.593200266767,907.094077414991,0,0,0,4,2,0,1,5,6,6,10,8,19,20,1,-1,11,-11,1,-1,1,2,4,5,8,19
2022-03-05,I1,Roma,Atalanta,2,1,0,13,7,4,4,1106.56701058406,1146.56098664264,0,0,0,1,3,0,2,2,9,5,16,13,29,36,1,-1,6,-6,0,0,0,1,4,4,7,13
2022-03-05,I1,Cagliari,Lazio,0,0,3,16,13,3,5,956.589187107826,1131.56659568057,0,0,0,0,3,3,2,1,9,8,15,18,22,32,-3,3,3,-3,-2,2,3,0,5,3,13,16
2022-03-06,I1,Genoa,Empoli,1,0,0,18,8,7,2,792.670628620563,873.769373136797,0,0,0,1,3,0,13,5,5,2,7,5,12,22,0,0,10,-10,5,-5,0,0,2,7,8,18
2022-03-06,I1,Bologna,Torino,1,0,0,6,13,1,2,938.482132274157,982.254556641102,1,0,0,0,2,1,0,2,5,2,8,14,24,25,0,0,-7,7,-1,1,0,0,2,1,13,6
2022-03-06,I1,Fiorentina,Verona,1,1,1,8,2,2,2,1039.46041577645,1093.76298282692,1,0,0,0,1,1,0,2,7,10,15,17,30,32,0,0,6,-6,0,0,1,1,2,2,2,8
2022-03-06,I1,Venezia,Sassuolo,0,1,4,16,16,5,10,877.01559097325,1029.76095680802,0,1,0,0,1,1,8,0,4,8,7,13,18,29,-3,3,0,0,-5,5,4,1,10,5,16,16
2022-03-06,I1,Juventus,Spezia,2,1,0,10,9,3,4,1224.03228059871,860.811738934939,0,0,0,1,6,0,1,2,9,4,22,14,39,22,1,-1,1,-1,-1,1,0,1,4,3,9,10
2022-03-06,I1,Napoli,Milan,0,0,1,9,12,2,7,1257.81517161198,1222.28809556022,0,0,0,0,3,6,1,1,11,9,21,18,36,38,-1,1,-3,3,-5,5,1,0,7,2,12,9
2022-03-12,I1,Salernitana,Sassuolo,1,2,2,15,20,5,7,773.825411057396,1061.75229354285,0,2,0,0,3,2,9,0,4,10,7,15,14,31,0,0,-5,5,-2,2,2,2,7,5,20,15
2022-03-12,I1,Spezia,Cagliari,2,2,0,12,11,7,1,853.772518430654,927.41279967914,0,1,2,0,0,3,2,0,1,8,13,15,19,19,2,-2,1,-1,6,-6,0,2,1,7,11,12
2022-03-12,I1,Sampdoria,Juventus,0,1,3,16,6,5,3,877.987331097981,1231.07150110299,2,1,0,0,2,8,0,0,6,11,7,22,20,39,-2,2,10,-10,2,-2,3,1,3,5,6,16
2022-03-12,I1,Milan,Empoli,2,1,0,15,5,5,2,1257.5489029779,870.10102098545,0,0,0,0,3,1,1,6,11,3,21,5,38,23,1,-1,10,-10,3,-3,0,1,2,5,5,15
2022-03-13,I1,Fiorentina,Bologna,2,1,0,14,4,5,0,1041.94097565432,940.487328782365,0,0,0,0,2,1,1,4,7,6,13,9,31,22,1,-1,10,-10,5,-5,0,1,0,5,4,14
2022-03-13,I1,Verona,Napoli,0,1,2,8,13,1,4,1091.28242294905,1222.5543641943,3,1,0,0,3,7,0,0,8,8,18,18,33,33,-1,1,-5,5,-3,3,2,1,4,1,13,8
2022-03-13,I1,Atalanta,Genoa,1,0,0,11,13,2,3,1110.89358961888,796.33898077191,1,0,0,0,2,2,0,12,4,5,10,8,36,12,0,0,-2,2,-1,1,0,0,3,2,13,11
2022-03-13,I1,Udinese,Roma,1,1,1,11,10,5,2,967.699946583777,1142.23440760782,1,1,0,0,3,3,0,0,8,9,13,16,22,32,0,0,1,-1,3,-3,1,1,2,5,10,11
2022-03-13,I1,Torino,Inter,1,1,1,13,15,4,7,980.249360132893,1238.34143506431,0,0,2,0,0,8,3,3,2,5,12,18,26,41,0,0,-2,2,-3,3,1,1,7,4,15,13
2022-03-14,I1,Lazio,Venezia,2,1,0,10,7,1,2,1160.74298310926,845.024254238419,0,0,1,1,0,0,1,1,10,4,18,6,32,17,1,-1,3,-3,-1,1,0,1,2,1,7,10
2022-03-18,I1,Sassuolo,Spezia,2,4,1,16,5,7,1,1050.87568222435,906.789178031159,1,0,0,2,2,0,0,3,11,3,16,13,29,22,3,-3,11,-11,6,-6,1,4,1,7,5,16
2022-03-18,I1,Genoa,Torino,2,1,0,7,9,2,3,807.841351899679,990.343171302823,0,0,0,0,4,2,14,3,5,3,8,10,13,27,1,-1,-2,2,-1,1,0,1,3,2,9,7
2022-03-19,I1,Napoli,Udinese,2,2,1,20,10,8,3,1243.00804898388,975.123366436337,0,0,1,0,0,1,2,4,8,6,21,13,35,22,1,-1,10,-10,5,-5,1,2,3,8,10,20
2022-03-19,I1,Inter,Fiorentina,1,1,1,13,17,5,4,1228.24762389438,1064.85358139518,1,0,0,1,1,0,0,1,6,10,16,15,42,34,0,0,-4,4,1,-1,1,1,4,5,17,13
2022-03-19,I1,Cagliari,Milan,0,0,1,13,21,1,5,874.396140078635,1263.76072877938,0,1,1,0,0,7,3,0,5,11,15,21,19,38,-1,1,-8,8,-4,4,1,0,5,1,21,13
2022-03-20,I1,Venezia,Sampdoria,0,0,2,13,8,1,4,836.080678666378,867.827186490304,0,0,1,5,0,0,9,6,4,3,5,6,14,17,-2,2,5,-5,-3,3,2,0,4,1,8,13
2022-03-20,I1,Empoli,Verona,1,1,1,7,14,2,4,863.889195183966,1070.82873815947,0,0,1,0,0,2,5,3,2,8,5,17,20,30,0,0,-7,7,-2,2,1,1,4,2,14,7
2022-03-20,I1,Juventus,Salernitana,2,2,0,12,12,7,4,1241.23164571067,784.702022375896,1,0,0,1,7,0,0,3,11,4,22,8,41,12,2,-2,0,0,3,-3,0,2,4,7,12,12
2022-03-20,I1,Roma,Lazio,2,3,0,11,9,5,3,1134.81098775526,1169.6865586813,1,1,0,0,4,4,0,0,9,10,16,18,32,35,3,-3,2,-2,2,-2,0,3,3,5,9,11
2022-03-20,I1,Bologna,Atalanta,0,0,1,12,15,3,2,917.574723041505,1099.39121849111,0,0,0,2,3,0,1,3,5,5,9,11,21,34,-1,1,-3,3,1,-1,1,0,2,3,15,12
2022-04-02,I1,Spezia,Venezia,2,1,0,11,13,5,2,873.659499437693,796.219381818421,1,0,0,2,1,0,0,2,3,1,13,5,21,14,1,-1,-2,2,3,-3,0,1,2,5,13,11
2022-04-02,I1,Lazio,Sassuolo,2,2,1,14,20,5,5,1109.69939566437,1084.00536081782,1,0,0,0,1,3,0,1,7,13,17,18,32,29,1,-1,-6,6,0,0,1,2,5,5,20,14
2022-04-02,I1,Salernitana,Torino,0,0,1,14,8,3,5,778.793677588735,942.926635945592,0,0,0,1,4,0,10,4,3,3,8,10,12,24,-1,1,6,-6,-2,2,1,0,5,3,8,14
2022-04-03,I1,Fiorentina,Empoli,2,1,0,24,5,11,1,1071.86846545883,872.432002295753,1,0,0,1,3,0,0,7,8,2,15,5,32,21,1,-1,19,-19,10,-10,0,1,1,11,5,24
2022-04-03,I1,Atalanta,Napoli,0,1,3,19,6,3,5,1116.02319958907,1254.28707757125,0,2,0,0,3,8,1,0,7,10,13,23,36,35,-2,2,13,-13,-2,2,3,1,5,3,6,19
2022-04-03,I1,Udinese,Cagliari,2,5,1,24,6,11,3,963.844337848968,868.245925343462,0,0,0,1,4,0,1,1,6,4,10,12,21,19,4,-4,18,-18,8,-8,1,5,3,11,6,24
2022-04-03,I1,Sampdoria,Roma,0,0,1,8,6,3,1,907.688483338261,1194.79815077219,0,0,1,0,0,4,1,1,6,11,9,19,20,32,-1,1,2,-2,2,-2,1,0,1,3,6,8
2022-04-03,I1,Juventus,Inter,0,0,1,23,5,5,1,1247.13999049783,1221.23273983073,2,0,0,0,8,9,0,4,13,6,24,14,44,42,-1,1,18,-18,4,-4,1,0,1,5,5,23
2022-04-04,I1,Verona,Genoa,2,1,0,7,7,3,4,1062.28593104769,855.257887256911,0,0,1,0,0,3,1,13,6,7,15,10,30,15,1,-1,0,0,-1,1,0,1,4,3,7,7
2022-04-04,I1,Milan,Bologna,1,0,0,33,8,7,4,1269.91094351456,900.942741943539,1,0,0,1,4,0,0,5,11,5,21,6,38,21,0,0,25,-25,3,-3,0,0,4,7,8,33
2022-04-09,I1,Empoli,Spezia,1,0,0,15,11,4,5,857.01787745639,898.64281477309,0,0,0,3,1,0,6,4,2,6,5,13,18,24,0,0,4,-4,-1,1,0,0,5,4,11,15
2022-04-09,I1,Inter,Verona,2,2,0,18,9,6,3,1255.61447309217,1077.19449011247,0,0,0,0,2,3,1,4,9,8,14,18,42,30,2,-2,9,-9,3,-3,0,2,3,6,9,18
2022-04-09,I1,Cagliari,Juventus,0,1,2,4,20,1,6,821.05651160582,1212.75825723638,0,2,2,0,0,9,4,0,3,12,9,21,19,44,-1,1,-16,16,-5,5,2,1,6,1,20,4
2022-04-10,I1,Genoa,Lazio,0,1,4,15,17,4,11,840.349328192123,1139.33719240722,1,0,0,1,5,0,0,1,6,9,10,20,14,34,-3,3,-2,2,-7,7,4,1,11,4,17,15
2022-04-10,I1,Napoli,Fiorentina,0,2,3,15,11,3,4,1281.55782377107,1087.2825902982,1,0,0,0,1,1,0,2,12,8,23,18,35,35,-1,1,4,-4,-1,1,3,2,4,3,11,15
2022-04-10,I1,Sassuolo,Atalanta,2,2,1,14,15,7,4,1054.36756407497,1088.75245338925,2,1,0,0,3,1,0,0,10,7,15,10,29,33,1,-1,-1,1,3,-3,1,2,4,7,15,14
2022-04-10,I1,Venezia,Udinese,0,1,2,9,16,4,5,771.236066483024,1011.03375158661,0,0,2,1,0,0,10,5,0,8,5,13,14,23,-1,1,-7,7,-1,1,2,1,5,4,16,9
2022-04-10,I1,Roma,Salernitana,2,2,1,17,6,7,3,1205.0854788073,760.878369159659,2,0,0,2,5,0,0,4,13,2,22,5,35,12,1,-1,11,-11,4,-4,1,2,3,7,6,17
2022-04-10,I1,Torino,Milan,1,0,0,14,14,3,3,960.841944374668,1257.32824098809,0,2,0,0,1,8,4,0,5,11,10,19,27,36,0,0,0,0,0,0,0,0,3,3,14,14
2022-04-11,I1,Bologna,Sampdoria,2,2,0,19,9,4,2,913.525444470008,897.401155303151,0,1,1,0,0,1,2,0,3,3,7,9,22,20,2,-2,10,-10,2,-2,0,2,2,4,9,19
2022-04-15,I1,Spezia,Inter,0,1,3,10,23,2,7,896.735034637712,1278.74085222215,2,1,0,0,2,10,0,0,7,11,11,16,22,42,-2,2,-13,13,-5,5,3,1,7,2,23,10
2022-04-15,I1,Milan,Genoa,2,2,0,10,7,5,1,1246.24314114003,823.801396973335,0,0,0,1,5,0,1,14,11,5,20,10,36,13,2,-2,3,-3,4,-4,0,2,1,5,7,10
2022-04-16,I1,Cagliari,Sassuolo,2,1,0,16,8,8,2,814.980683613172,1089.5242300481,0,0,3,1,0,0,5,2,0,10,9,18,19,32,1,-1,8,-8,6,-6,0,1,2,8,8,16
2022-04-16,I1,Sampdoria,Salernitana,0,1,2,5,7,1,2,855.577484490564,756.273344774792,0,0,2,3,0,0,2,5,3,1,9,5,20,9,-1,1,-2,2,-1,1,2,1,2,1,7,5
2022-04-16,I1,Udinese,Empoli,2,4,1,13,15,5,4,1023.89435596062,858.925657591768,1,0,0,2,5,0,0,8,10,3,16,5,25,18,3,-3,-2,2,1,-1,1,4,4,5,15,13
2022-04-16,I1,Fiorentina,Venezia,2,1,0,22,3,6,1,1135.51813133068,758.375462109013,2,0,0,3,4,0,0,3,11,0,18,4,35,13,1,-1,19,-19,5,-5,0,1,1,6,3,22
2022-04-16,I1,Juventus,Bologna,1,1,1,23,9,4,2,1218.83408522903,955.349115282595,0,0,1,0,0,1,1,6,12,5,21,10,44,22,0,0,14,-14,2,-2,1,1,2,4,9,23
2022-04-16,I1,Lazio,Torino,1,1,1,10,12,4,4,1155.88512362601,971.927044222729,2,1,0,0,2,1,0,0,12,6,20,8,34,25,0,0,-2,2,0,0,1,1,4,4,12,10
2022-04-18,I1,Napoli,Roma,1,1,1,9,8,4,6,1233.32228273859,1209.69050319217,0,1,1,0,0,5,1,0,9,13,20,22,34,38,0,0,1,-1,-2,2,1,1,6,4,8,9
2022-04-18,I1,Atalanta,Verona,0,1,2,17,21,4,6,1053.59578741611,1054.0681109825,0,0,1,1,0,0,2,5,4,5,9,15,32,29,-1,1,-4,4,-2,2,2,1,6,4,21,17
2022-04-20,I1,Udinese,Salernitana,0,0,1,11,9,3,2,1054.31840509882,797.178409994135,2,1,0,0,6,1,0,0,10,4,18,8,28,12,-1,1,2,-2,1,-1,1,0,2,3,9,11
2022-04-23,I1,Torino,Spezia,2,2,1,14,7,6,2,979.686705746219,887.977534684956,0,0,0,0,2,1,5,5,6,7,8,8,26,22,1,-1,7,-7,4,-4,1,2,2,6,7,14
2022-04-23,I1,Venezia,Atalanta,0,1,3,8,19,2,5,751.822861468661,1021.63928999743,0,0,3,1,0,0,11,1,0,4,4,8,10,29,-2,2,-11,11,-3,3,3,1,5,2,19,8
2022-04-23,I1,Inter,Roma,2,3,1,11,9,8,2,1287.49835217491,1210.77711167554,1,0,0,0,3,6,0,1,11,11,16,20,44,36,2,-2,2,-2,6,-6,1,3,2,8,9,11
2022-04-23,I1,Verona,Sampdoria,1,1,1,12,4,1,3,1086.02460840118,814.67241927122,1,0,0,1,1,0,0,1,7,3,15,9,29,17,0,0,8,-8,-2,2,1,1,3,1,4,12
2022-04-24,I1,Salernitana,Fiorentina,2,2,1,10,8,4,3,849.313150772333,1142.07073197103,0,1,1,0,0,2,11,0,6,13,10,20,15,38,1,-1,2,-2,1,-1,1,2,3,4,8,10
2022-04-24,I1,Bologna,Udinese,1,2,2,10,17,3,5,965.590975614311,1002.18366432062,1,1,0,0,1,1,0,0,5,9,11,15,20,25,0,0,-7,7,-2,2,2,2,5,3,17,10
2022-04-24,I1,Empoli,Napoli,2,3,2,17,16,7,2,828.501608453571,1232.23567425521,0,3,0,0,2,9,7,0,2,10,5,18,18,35,1,-1,1,-1,5,-5,2,3,2,7,16,17
2022-04-24,I1,Genoa,Cagliari,2,1,0,13,11,2,1,816.715591397403,868.053395093195,0,0,1,2,0,0,1,2,4,3,9,11,13,21,1,-1,2,-2,1,-1,0,1,1,2,11,13
2022-04-24,I1,Lazio,Milan,0,1,2,7,25,2,8,1148.12546210252,1253.32894671596,0,0,0,0,3,9,1,1,10,11,20,22,35,39,-1,1,-18,18,-6,6,2,1,8,2,25,7
2022-04-25,I1,Sassuolo,Juventus,0,1,2,22,10,7,5,1036.45151856808,1208.59222489732,3,3,0,0,4,10,0,0,7,10,17,21,31,42,-1,1,12,-12,2,-2,2,1,5,7,10,22
2022-04-27,I1,Fiorentina,Udinese,0,0,4,18,17,7,8,1088.08044609077,1000.50471222096,3,0,0,0,5,2,0,1,10,10,20,16,35,26,-4,4,1,-1,-1,1,4,0,8,7,17,18
2022-04-27,I1,Atalanta,Torino,1,4,4,16,5,5,4,1036.9566742902,1003.43083670597,0,0,2,0,0,2,3,1,6,8,11,11,29,26,0,0,11,-11,1,-1,4,4,4,5,5,16
2022-04-27,I1,Bologna,Inter,2,2,1,5,26,3,7,967.269927713978,1321.82567068861,0,2,0,0,2,11,1,0,6,13,11,19,21,44,1,-1,-21,21,-4,4,1,2,7,3,26,5
2022-04-30,I1,Cagliari,Verona,0,1,2,14,13,5,4,831.359123340717,1075.57199161067,1,1,0,0,1,1,0,0,3,8,8,16,20,30,-1,1,1,-1,1,-1,2,1,4,5,13,14
2022-04-30,I1,Napoli,Sassuolo,2,6,1,18,13,8,4,1173.94115878817,1019.12479277061,0,0,0,2,1,0,2,3,7,6,15,17,32,28,5,-5,5,-5,4,-4,1,6,4,8,13,18
2022-04-30,I1,Sampdoria,Genoa,2,1,0,10,14,2,4,825.12503606173,853.409863149881,0,0,3,2,0,0,3,15,4,6,7,11,15,15,1,-1,-4,4,-2,2,0,1,4,2,14,10
2022-04-30,I1,Spezia,Lazio,0,3,4,9,22,3,9,864.233403725205,1125.52939403204,0,1,1,0,0,1,1,0,4,7,7,17,22,35,-1,1,-13,13,-6,6,4,3,9,3,22,9
2022-05-01,I1,Juventus,Venezia,2,2,1,17,9,4,3,1225.91895069479,736.505477175894,0,0,0,4,1,0,2,4,10,0,21,4,45,7,1,-1,8,-8,1,-1,1,2,3,4,9,17
2022-05-01,I1,Empoli,Torino,0,1,3,11,13,4,3,886.796123920619,1004.96998438662,1,0,0,0,3,3,0,2,5,9,7,12,18,27,-2,2,-2,2,1,-1,3,1,3,4,13,11
2022-05-01,I1,Milan,Fiorentina,2,1,0,13,8,2,2,1275.92501478644,1007.65450701708,1,0,0,1,6,0,0,1,11,9,22,17,42,35,1,-1,5,-5,0,0,0,1,2,2,8,13
2022-05-01,I1,Udinese,Inter,0,1,2,7,12,3,5,1080.93065129464,1265.18351232846,0,0,1,1,0,0,1,1,10,12,18,18,28,41,-1,1,-5,5,-2,2,2,1,5,3,12,7
2022-05-01,I1,Roma,Bologna,1,0,0,17,10,5,4,1176.44979316184,1023.91208607412,3,0,0,0,6,2,0,7,10,9,19,14,33,21,0,0,7,-7,1,-1,0,0,4,5,10,17
2022-05-02,I1,Atalanta,Salernitana,1,1,1,20,11,5,9,1035.41752660956,903.303436652593,0,2,0,0,1,2,4,0,4,9,11,12,27,18,0,0,9,-9,-4,4,1,1,9,5,11,20
2022-05-05,I1,Salernitana,Venezia,2,2,1,19,10,4,4,909.11029791048,732.896072104397,1,0,0,5,1,0,0,5,10,0,12,1,18,7,1,-1,9,-9,0,0,1,2,4,4,10,19
2022-05-06,I1,Inter,Empoli,2,4,2,37,4,10,2,1281.64343332933,857.30604124721,2,0,0,3,4,0,0,9,12,4,21,6,41,17,2,-2,33,-33,8,-8,2,4,2,10,4,37
2022-05-06,I1,Genoa,Juventus,2,2,1,18,12,6,4,818.81047436412,1229.52835576628,1,4,0,0,1,11,0,0,3,10,10,23,15,45,1,-1,6,-6,2,-2,1,2,4,6,12,18
2022-05-07,I1,Torino,Napoli,0,0,1,10,11,3,6,1034.46006706002,1216.97868157184,1,0,0,1,3,0,0,1,9,7,14,17,29,34,-1,1,-1,1,-3,3,1,0,6,3,11,10
2022-05-07,I1,Sassuolo,Udinese,1,1,1,15,13,6,6,976.087269986934,1064.47073029378,0,1,1,0,0,3,1,0,3,7,16,17,27,27,0,0,2,-2,0,0,1,1,6,6,13,15
2022-05-07,I1,Lazio,Sampdoria,2,2,0,16,9,10,2,1137.1651556551,859.724424847491,0,0,1,0,0,1,2,2,10,4,17,10,37,18,2,-2,7,-7,8,-8,0,2,2,10,9,16
2022-05-08,I1,Spezia,Atalanta,0,1,3,5,17,1,6,852.597642102149,1029.61066535167,0,1,2,0,0,1,2,0,4,5,7,12,22,25,-2,2,-12,12,-5,5,3,1,6,1,17,5
2022-05-08,I1,Venezia,Bologna,2,4,3,18,23,9,10,715.864047513343,1030.51764446375,0,0,4,0,0,3,12,8,0,9,0,12,7,19,1,-1,-5,5,-1,1,3,4,10,9,23,18
2022-05-08,I1,Salernitana,Cagliari,1,1,1,13,9,2,3,926.142322501534,818.757715843141,2,0,0,3,2,0,0,3,13,3,14,7,21,19,0,0,4,-4,-1,1,1,1,3,2,9,13
2022-05-08,I1,Verona,Milan,0,1,3,10,18,3,8,1088.17339910824,1287.18342240425,0,1,0,0,2,10,1,0,10,11,16,22,32,42,-2,2,-8,8,-5,5,3,1,8,3,18,10
2022-05-09,I1,Fiorentina,Roma,2,2,0,12,6,7,1,996.396099399267,1169.84423477221,0,0,1,1,0,0,1,2,6,8,14,19,32,34,2,-2,6,-6,6,-6,0,2,1,7,6,12
2022-05-14,I1,Empoli,Salernitana,1,1,1,16,28,6,9,850.290987012702,921.348756851182,0,0,1,0,0,3,1,1,4,11,6,15,14,22,0,0,-12,12,-3,3,1,1,9,6,28,16
2022-05-14,I1,Udinese,Spezia,0,2,3,17,10,6,6,1060.48610569,829.333079114381,0,0,2,1,0,0,2,6,5,1,15,7,28,21,-1,1,7,-7,0,0,3,2,6,6,10,17
2022-05-14,I1,Verona,Torino,0,0,1,10,11,5,5,1067.00816730397,1017.87779024513,0,1,1,0,0,4,2,0,7,8,15,14,29,28,-1,1,-1,1,0,0,1,0,5,5,11,10
2022-05-14,I1,Roma,Venezia,1,1,1,46,4,16,2,1105.74603886136,770.873194136055,0,0,0,6,7,0,1,6,5,3,18,3,34,10,0,0,42,-42,14,-14,1,1,2,16,4,46
2022-05-15,I1,Bologna,Sassuolo,0,1,3,8,16,2,7,975.50849784104,980.071894590715,1,0,0,3,3,0,0,4,6,4,11,14,19,27,-2,2,-8,8,-5,5,3,1,7,2,16,8
2022-05-15,I1,Napoli,Genoa,2,3,0,17,11,9,3,1233.56095838673,877.310492039518,1,0,0,3,2,0,0,16,7,6,19,12,37,18,3,-3,6,-6,6,-6,0,3,3,9,11,17
2022-05-15,I1,Milan,Atalanta,2,2,0,12,12,6,2,1308.34865420853,1052.87522833944,2,2,0,0,7,2,0,0,13,8,24,12,42,25,2,-2,0,0,4,-4,0,2,2,6,12,12
2022-05-15,I1,Cagliari,Inter,0,1,3,10,17,2,7,823.551281493493,1288.65848756384,0,1,1,0,0,1,1,0,4,12,7,23,19,41,-2,2,-7,7,-5,5,3,1,7,2,17,10
2022-05-16,I1,Sampdoria,Fiorentina,2,4,1,12,12,5,1,844.954011587964,1060.49429531012,1,0,0,2,1,0,0,2,4,6,7,17,18,32,3,-3,0,0,4,-4,1,4,1,5,12,12
2022-05-16,I1,Juventus,Lazio,1,2,2,4,18,2,7,1171.02833809089,1151.93556891462,1,2,0,0,2,2,0,0,10,10,22,19,42,37,0,0,-14,14,-5,5,2,2,7,2,18,4
2022-05-20,I1,Torino,Roma,0,0,3,13,14,2,6,1054.37294279043,1093.81027096383,0,0,1,2,0,0,1,3,10,3,16,16,28,32,-3,3,-1,1,-4,4,3,0,6,2,14,13
2022-05-21,I1,Genoa,Bologna,0,0,1,18,11,5,4,864.879756056249,932.226895087513,2,0,0,1,2,0,0,9,6,5,11,10,18,19,-1,1,7,-7,1,-1,1,0,4,5,11,18
2022-05-21,I1,Atalanta,Empoli,0,0,1,40,7,10,3,1036.48582062057,853.518443116225,0,0,0,4,2,0,5,10,8,4,12,7,22,12,-1,1,33,-33,7,-7,1,0,3,10,7,40
2022-05-21,I1,Fiorentina,Juventus,2,2,0,13,1,4,0,975.894582231796,1170.14996758942,1,0,0,1,1,0,0,1,3,8,16,20,29,42,2,-2,12,-12,4,-4,0,2,0,4,1,13
2022-05-21,I1,Lazio,Verona,1,3,3,19,10,7,7,1152.81393941609,1030.51301475867,1,2,0,0,1,2,0,0,8,7,20,12,38,29,0,0,9,-9,0,0,3,3,7,7,10,19
2022-05-22,I1,Spezia,Napoli,0,0,3,16,10,4,4,879.953482127962,1245.99169437,0,1,3,0,0,1,3,0,3,10,10,19,24,40,-3,3,6,-6,0,0,3,0,4,4,10,16
2022-05-22,I1,Inter,Sampdoria,2,3,0,27,9,12,3,1294.3004931613,929.553724666293,3,0,0,1,5,0,0,3,12,7,23,10,41,18,3,-3,18,-18,9,-9,0,3,3,12,9,27
2022-05-22,I1,Sassuolo,Milan,0,0,3,15,18,3,12,1023.35349734424,1324.7380619274,0,2,0,0,1,11,2,0,4,15,14,26,27,44,-3,3,-3,3,-9,9,3,0,12,3,18,15
2022-05-22,I1,Salernitana,Udinese,0,0,4,25,19,10,11,918.121300747658,1009.86570267642,0,0,0,0,3,4,1,1,9,5,15,14,23,27,-4,4,6,-6,-1,1,4,0,11,10,19,25
2022-05-22,I1,Venezia,Cagliari,1,0,0,7,31,1,7,782.808962033578,817.909275896032,1,0,0,0,1,1,0,4,4,4,4,4,10,19,0,0,-24,24,-6,6,0,0,7,1,31,7
2020-09-19,I1,Fiorentina,Torino,2,1,0,17,6,8,3,1042.00196958252,1006.00476772872,2,2,0,0,2,5,0,0,6,7,16,15,31,25,1,-1,11,-11,5,-5,0,1,3,8,6,17
2020-09-20,I1,Parma,Napoli,0,0,2,4,12,2,7,1000,1257.81524240711,0,2,0,0,0,2,0,0,0,12,0,22,0,40,-2,2,-8,8,-5,5,2,0,7,2,12,4
2020-09-20,I1,Genoa,Crotone,2,4,1,10,11,8,5,839.006117279595,1000,0,0,1,0,0,0,1,0,6,0,10,0,18,0,3,-3,-1,1,3,-3,1,4,5,8,11,10
2020-09-20,I1,Sassuolo,Cagliari,1,1,1,21,8,10,4,1006.99830073163,816.298323665869,0,0,1,0,0,2,3,5,4,2,11,5,26,20,0,0,13,-13,6,-6,1,1,4,10,8,21
2020-09-20,I1,Juventus,Sampdoria,2,3,0,14,10,9,2,1104.0425802387,917.651579208344,0,0,0,2,3,0,1,4,7,7,17,10,39,17,3,-3,4,-4,7,-7,0,3,2,9,10,14
2020-09-21,I1,Milan,Bologna,2,2,0,14,6,6,5,1341.09325854001,958.100533864166,3,1,0,0,8,1,0,0,15,7,26,13,47,22,2,-2,8,-8,1,-1,0,2,5,6,6,14
2020-09-26,I1,Torino,Atalanta,0,2,4,5,12,5,7,977.308419784889,989.036379333592,0,0,2,1,0,0,2,1,6,5,15,11,25,22,-2,2,-7,7,-2,2,4,2,7,5,12,5
2020-09-26,I1,Cagliari,Lazio,0,0,2,9,9,3,7,824.293192703847,1147.4034238061,0,0,2,0,0,3,2,1,3,8,6,18,21,36,-2,2,0,0,-4,4,2,0,7,3,9,9
2020-09-26,I1,Sampdoria,Benevento,0,2,3,5,11,4,6,889.857704386899,1000,2,0,0,0,2,0,0,0,6,0,10,0,16,0,-1,1,-6,6,-2,2,3,2,6,4,11,5
2020-09-26,I1,Inter,Fiorentina,2,4,3,12,8,6,4,1306.20263861924,1070.69831752635,4,0,0,3,6,0,0,3,12,9,25,18,41,33,1,-1,4,-4,2,-2,3,4,4,6,8,12
2020-09-27,I1,Spezia,Sassuolo,0,1,4,11,10,6,8,868.129934090848,999.003431693655,0,1,4,0,0,1,4,0,3,5,10,11,23,27,-3,3,1,-1,-2,2,4,1,8,6,10,11
2020-09-27,I1,Napoli,Genoa,2,6,0,18,3,11,1,1274.0257512711,917.140790446225,2,0,0,4,3,0,0,17,15,6,22,12,43,20,6,-6,15,-15,10,-10,0,6,1,11,3,18
2020-09-27,I1,Verona,Udinese,2,1,0,8,14,2,6,1035.92353036865,1057.72103557069,0,1,2,0,0,5,3,0,5,7,12,17,30,27,1,-1,-6,6,-4,4,0,1,6,2,14,8
2020-09-27,I1,Crotone,Milan,0,0,2,5,11,1,7,921.865326833371,1349.80607527757,0,3,0,0,0,12,0,0,0,15,0,26,0,47,-2,2,-6,6,-6,6,2,0,7,1,11,5
2020-09-27,I1,Roma,Juventus,1,2,2,7,6,6,3,1142.17844602555,1131.83645506014,0,0,0,2,8,0,2,2,5,7,16,17,32,39,0,0,1,-1,3,-3,2,2,3,6,6,7
2020-09-28,I1,Bologna,Parma,2,4,1,11,8,8,4,949.387717126605,983.789491136013,0,0,1,0,0,0,1,0,4,0,13,0,19,0,3,-3,3,-3,4,-4,1,4,4,8,8,11
2020-09-30,I1,Benevento,Inter,0,2,5,11,18,7,12,1022.18222754975,1319.31909564026,0,2,0,0,0,2,0,0,3,15,3,27,3,41,-3,3,-7,7,-5,5,5,2,12,7,18,11
2020-09-30,I1,Udinese,Spezia,0,0,2,10,4,5,3,1023.71604107166,833.220139288552,0,1,3,0,0,1,3,0,4,3,14,7,27,20,-2,2,6,-6,2,-2,2,0,3,5,4,10
2020-09-30,I1,Lazio,Atalanta,0,1,4,11,8,8,6,1159.21922003857,1031.41411125235,0,1,0,0,2,1,1,0,11,7,18,11,36,24,-3,3,3,-3,2,-2,4,1,6,8,8,11
2020-10-02,I1,Fiorentina,Sampdoria,0,1,2,16,14,6,10,1057.58186050533,867.675476837144,3,0,0,3,3,0,0,5,9,3,15,7,33,16,-1,1,2,-2,-4,4,2,1,10,6,14,16
2020-10-03,I1,Sassuolo,Crotone,2,4,1,7,10,4,6,1033.91322649595,914.982984730968,0,0,0,1,1,0,4,1,8,0,11,0,29,0,3,-3,-3,3,-2,2,1,4,6,4,10,7
2020-10-03,I1,Udinese,Roma,0,0,1,9,8,5,3,957.963013130416,1141.70232035686,0,1,4,0,0,1,4,0,4,6,11,16,27,32,-1,1,1,-1,2,-2,1,0,3,5,8,9
2020-10-04,I1,Atalanta,Cagliari,2,5,2,19,7,14,3,1105.14693743413,812.477396471376,0,0,1,0,0,3,6,6,9,3,14,6,24,18,3,-3,12,-12,11,-11,2,5,3,14,7,19
2020-10-04,I1,Benevento,Bologna,2,1,0,6,13,3,7,1005.4841721729,1009.3012498662,0,0,1,1,0,0,1,1,3,6,3,15,3,22,1,-1,-7,7,-4,4,0,1,7,3,13,6
2020-10-04,I1,Lazio,Inter,1,1,1,11,10,5,4,1085.4863938568,1336.01715101712,0,3,1,0,0,3,2,0,8,15,18,27,35,41,0,0,1,-1,1,-1,1,1,4,5,10,11
2020-10-04,I1,Parma,Verona,2,1,0,7,8,5,5,923.875958396416,1069.92852486768,0,0,1,0,0,3,1,1,0,7,0,15,0,32,1,-1,-1,1,0,0,0,1,5,5,8,7
2020-10-04,I1,Milan,Spezia,2,3,0,10,3,5,2,1356.68841737997,898.973167229798,4,2,0,0,9,2,0,0,15,6,26,10,47,23,3,-3,7,-7,3,-3,0,3,2,5,3,10
2020-10-17,I1,Napoli,Atalanta,2,4,1,18,11,14,3,1292.9047125488,1122.21190885065,3,2,0,0,4,2,0,0,15,9,22,17,45,26,3,-3,7,-7,11,-11,1,4,3,14,11,18
2020-10-17,I1,Inter,Milan,0,1,2,12,8,6,4,1326.13585140122,1363.98809942376,5,4,0,0,7,13,0,0,13,15,25,28,41,47,-1,1,4,-4,2,-2,2,1,4,6,8,12
2020-10-17,I1,Sampdoria,Lazio,2,3,0,11,8,8,1,915.610309420716,1095.3676934727,0,1,1,0,0,4,1,0,6,6,10,16,19,36,3,-3,3,-3,7,-7,0,3,1,8,8,11
2020-10-17,I1,Crotone,Juventus,1,1,1,9,8,3,3,878.421567555284,1132.31258072883,0,0,1,0,0,1,1,3,0,5,0,15,0,39,0,0,1,-1,0,0,1,1,3,3,8,9
2020-10-18,I1,Bologna,Sassuolo,0,3,4,11,20,7,12,976.949698162568,1070.47464367164,1,2,0,0,1,2,0,0,6,10,12,14,22,29,-1,1,-9,9,-5,5,4,3,12,7,20,11
2020-10-18,I1,Spezia,Fiorentina,1,2,2,6,7,2,6,891.673485186009,1009.64702792176,0,0,5,4,0,0,5,4,6,6,7,12,20,30,0,0,-1,1,-4,4,2,2,6,2,7,6
2020-10-18,I1,Torino,Cagliari,0,2,3,10,9,6,7,934.930687866129,795.412425054847,0,0,3,1,0,0,3,7,3,2,12,6,22,15,-1,1,1,-1,-1,1,3,2,7,6,9,10
2020-10-18,I1,Udinese,Parma,2,3,2,9,7,4,3,941.46692110066,968.587788270248,0,0,5,1,0,0,5,1,3,3,8,3,26,3,1,-1,2,-2,1,-1,2,3,3,4,7,9
2020-10-18,I1,Roma,Benevento,2,5,2,16,8,10,4,1158.19841238662,1037.83572387653,0,1,0,0,9,1,3,0,8,6,16,6,35,6,3,-3,8,-8,6,-6,2,5,4,10,8,16
2020-10-19,I1,Verona,Genoa,1,0,0,18,5,12,2,1025.21669499385,898.261829168528,1,0,0,5,1,0,0,18,4,6,14,9,29,19,0,0,13,-13,10,-10,0,0,2,12,5,18
2020-10-23,I1,Sassuolo,Torino,1,3,3,13,14,9,12,1094.06287898862,890.729473205763,1,0,0,1,2,0,0,1,10,3,14,11,32,19,0,0,-1,1,-3,3,3,3,12,9,14,13
2020-10-24,I1,Atalanta,Sampdoria,0,1,3,10,5,5,4,1092.50540642396,996.081381406653,1,1,0,0,1,1,0,0,9,6,17,13,25,22,-2,2,5,-5,1,-1,3,1,4,5,5,10
2020-10-24,I1,Genoa,Inter,0,0,2,1,10,0,6,903.861291747252,1297.60844375685,1,0,0,0,1,4,0,1,4,10,10,22,20,38,-2,2,-9,9,-6,6,2,0,6,0,10,1
2020-10-24,I1,Lazio,Bologna,2,2,1,6,16,4,6,1014.89662148676,953.361462845586,0,0,0,2,1,0,3,2,5,6,13,11,33,22,1,-1,-10,10,-2,2,1,2,6,4,16,6
2020-10-25,I1,Cagliari,Crotone,2,4,2,15,11,8,6,839.613639715213,888.398020409033,0,0,3,2,0,0,3,2,5,1,9,1,18,1,2,-2,4,-4,2,-2,2,4,6,8,11,15
2020-10-25,I1,Benevento,Napoli,0,1,2,6,14,3,8,1001.47444745003,1322.61121497549,1,3,0,0,1,3,0,0,6,15,6,22,6,45,-1,1,-8,8,-5,5,2,1,8,3,14,6
2020-10-25,I1,Parma,Spezia,1,2,2,15,13,7,9,934.094925360083,896.906768294809,1,0,0,1,1,0,0,1,3,4,3,7,3,18,0,0,2,-2,-2,2,2,2,9,7,13,15
2020-10-25,I1,Fiorentina,Udinese,2,3,2,4,11,3,6,1004.41374481296,975.959784010826,0,0,1,1,0,0,1,1,7,6,10,11,30,26,1,-1,-7,7,-3,3,2,3,6,3,11,4
2020-10-25,I1,Juventus,Verona,1,1,1,16,5,8,2,1122.33612787508,1019.61723241512,1,0,0,1,4,0,0,2,6,5,16,12,37,30,0,0,11,-11,6,-6,1,1,2,8,5,16
2020-10-26,I1,Milan,Roma,1,3,3,13,11,11,9,1392.51550706814,1194.55968881312,5,2,0,0,10,2,0,0,15,11,30,16,50,38,0,0,2,-2,2,-2,3,3,9,11,11,13
2020-10-31,I1,Crotone,Atalanta,0,1,2,4,16,2,7,838.422388599298,1036.77912281865,0,0,0,1,1,0,2,1,1,9,1,14,1,25,-1,1,-12,12,-5,5,2,1,7,2,16,4
2020-10-31,I1,Inter,Parma,1,2,2,18,4,9,3,1305.84735623231,932.388857786426,0,0,1,2,0,0,1,2,10,4,22,4,41,4,0,0,14,-14,6,-6,2,2,3,9,4,18
2020-10-31,I1,Bologna,Cagliari,2,3,2,16,6,11,4,926.970532741071,889.589271524948,0,1,1,0,0,1,1,0,3,7,10,9,21,20,1,-1,10,-10,7,-7,2,3,4,11,6,16
2020-11-01,I1,Udinese,Milan,0,1,2,7,8,3,4,946.574647184777,1384.27254799292,1,5,0,0,1,14,0,0,3,13,10,28,26,50,-1,1,-1,1,-1,1,2,1,4,3,8,7
2020-11-01,I1,Spezia,Juventus,0,1,4,11,8,3,5,898.612835868466,1117.73891841669,0,0,0,0,1,2,6,4,5,6,8,14,16,35,-3,3,3,-3,-2,2,4,1,5,3,8,11
2020-11-01,I1,Torino,Lazio,0,3,4,8,9,6,5,899.152896531647,1041.28755159127,0,0,4,1,0,0,4,1,1,7,11,15,19,35,-1,1,-1,1,1,-1,4,3,5,6,9,8
2020-11-01,I1,Napoli,Sassuolo,0,0,2,18,8,7,5,1331.31751679705,1085.63945566273,4,3,0,0,5,3,0,0,15,11,25,15,45,32,-2,2,10,-10,2,-2,2,0,5,7,8,18
2020-11-01,I1,Roma,Fiorentina,2,2,0,11,3,7,1,1202.80264788833,1033.798881639,1,0,0,0,10,1,0,5,11,7,14,13,36,33,2,-2,8,-8,6,-6,0,2,1,7,3,11
2020-11-01,I1,Sampdoria,Genoa,1,1,1,9,7,3,4,1051.80766501197,895.622379271787,1,0,0,0,1,1,0,19,9,4,16,10,25,20,0,0,2,-2,-1,1,1,1,4,3,7,9
2020-11-02,I1,Verona,Benevento,2,3,1,10,10,7,5,1024.21444187351,992.768145628472,0,0,0,1,2,0,1,1,6,6,13,6,28,6,2,-2,0,0,2,-2,1,3,5,7,10,10
2020-11-04,I1,Genoa,Torino,0,1,2,9,6,4,1,902.366677891139,879.559462716122,0,0,1,0,0,1,1,2,5,1,11,8,20,19,-1,1,3,-3,3,-3,2,1,1,4,6,9
2020-11-06,I1,Sassuolo,Udinese,1,0,0,3,0,1,0,1156.20051310061,941.806897151762,0,0,0,2,3,0,1,2,13,3,18,7,35,25,0,0,3,-3,1,-1,0,0,0,1,0,3
2020-11-07,I1,Cagliari,Sampdoria,2,2,0,13,5,7,1,861.018988960028,1045.06336639261,1,2,0,0,1,2,0,0,6,10,9,16,17,23,2,-2,8,-8,6,-6,0,2,1,7,5,13
2020-11-07,I1,Benevento,Spezia,0,0,3,4,13,3,7,952.869264061792,874.538826052561,0,0,1,0,0,1,1,2,3,5,6,8,6,15,-3,3,-9,9,-4,4,3,0,7,3,13,4
2020-11-07,I1,Parma,Fiorentina,1,0,0,5,6,0,4,945.049660329451,1009.73771190959,0,0,0,1,2,0,1,6,5,4,5,13,5,30,0,0,-1,1,-4,4,0,0,4,0,6,5
2020-11-08,I1,Lazio,Juventus,1,1,1,7,9,3,6,1060.8809854068,1141.81292823259,1,1,0,0,2,3,0,0,7,9,18,16,35,37,0,0,-2,2,-3,3,1,1,6,3,9,7
2020-11-08,I1,Atalanta,Inter,1,1,1,9,10,4,3,1052.26609573189,1293.18655368928,0,1,1,0,0,5,1,0,9,8,16,23,27,41,0,0,-1,1,1,-1,1,1,3,4,10,9
2020-11-08,I1,Genoa,Roma,0,1,3,7,18,5,11,868.269067880901,1226.86381761775,0,0,2,0,0,3,2,1,2,11,8,16,19,36,-2,2,-11,11,-6,6,3,1,11,5,18,7
2020-11-08,I1,Torino,Crotone,1,0,0,5,7,1,2,913.65707272636,822.935415686056,0,0,5,3,0,0,5,3,4,1,10,1,22,1,0,0,-2,2,-1,1,0,0,2,1,7,5
2020-11-08,I1,Bologna,Napoli,0,0,1,6,8,4,4,955.540815305992,1260.75645935917,1,4,0,0,1,4,0,0,6,12,10,24,24,42,-1,1,-2,2,0,0,1,0,4,4,8,6
2020-11-08,I1,Milan,Verona,1,2,2,21,5,9,3,1389.04029802594,1064.11332344019,0,0,0,0,11,1,1,3,13,8,28,13,50,28,0,0,16,-16,6,-6,2,2,3,9,5,21
2020-11-21,I1,Crotone,Lazio,0,0,2,12,13,6,9,827.020869483288,1064.54205903899,0,1,1,0,0,1,3,0,2,8,2,16,2,33,-2,2,-1,1,-3,3,2,0,9,6,13,12
2020-11-21,I1,Spezia,Atalanta,1,0,0,6,9,3,5,941.160586115881,1061.86893827452,0,1,1,0,0,1,7,0,5,7,11,16,18,28,0,0,-3,3,-2,2,0,0,5,3,9,6
2020-11-21,I1,Juventus,Cagliari,2,2,0,13,2,8,0,1138.1518546004,926.154954306094,0,0,0,1,5,0,1,1,7,9,14,12,35,19,2,-2,11,-11,8,-8,0,2,0,8,2,13
2020-11-22,I1,Fiorentina,Benevento,0,0,1,5,10,3,4,1006.79266927787,886.247503998472,1,0,0,2,1,0,0,2,5,3,14,6,28,6,-1,1,-5,5,-1,1,1,0,4,3,10,5
2020-11-22,I1,Inter,Torino,2,4,2,9,11,7,6,1283.58371114666,909.571618929127,0,1,0,0,1,2,2,0,6,5,21,8,42,22,2,-2,-2,2,1,-1,2,4,6,7,11,9
2020-11-22,I1,Roma,Parma,2,3,0,12,1,7,1,1236.74245361567,947.994702961169,2,0,0,0,11,1,0,3,13,6,19,6,38,6,3,-3,11,-11,6,-6,0,3,1,7,1,12
2020-11-22,I1,Sampdoria,Bologna,0,1,2,8,7,4,5,979.927401046549,946.121860043411,0,0,0,3,2,0,1,3,10,3,13,9,23,21,-1,1,1,-1,-1,1,2,1,5,4,7,8
2020-11-22,I1,Verona,Sassuolo,0,0,2,13,10,7,5,1075.84158028886,1147.41510840226,1,4,0,0,3,4,0,0,6,11,13,19,29,35,-2,2,3,-3,2,-2,2,0,5,7,10,13
2020-11-22,I1,Udinese,Genoa,2,1,0,7,5,4,1,950.592301850114,858.390431882985,0,0,1,0,0,2,1,20,4,2,8,8,25,18,1,-1,2,-2,3,-3,0,1,1,4,5,7
2020-11-22,I1,Napoli,Milan,0,1,3,16,11,9,7,1270.17541462175,1377.31204117728,0,6,1,0,0,15,1,0,12,11,27,26,42,48,-2,2,5,-5,2,-2,3,1,7,9,11,16
2020-11-28,I1,Sassuolo,Inter,0,0,3,7,9,3,4,1182.3635053141,1292.71069721079,0,0,0,0,4,6,2,1,11,8,21,21,35,44,-3,3,-2,2,-1,1,3,0,4,3,9,7
2020-11-28,I1,Benevento,Juventus,1,1,1,8,11,5,5,928.925071614311,1158.13991717652,0,0,2,0,0,4,2,1,3,9,9,14,9,37,0,0,-3,3,0,0,1,1,5,5,11,8
2020-11-28,I1,Atalanta,Verona,0,0,2,15,7,6,3,1056.52347719134,1040.89318337701,0,0,0,0,1,2,2,4,5,6,14,10,26,26,-2,2,8,-8,3,-3,2,0,3,6,7,15
2020-11-29,I1,Lazio,Udinese,0,1,3,8,6,6,4,1082.35345831892,974.294089612197,0,0,0,0,3,1,1,3,10,7,16,10,35,25,-2,2,2,-2,2,-2,3,1,4,6,6,8
2020-11-29,I1,Bologna,Crotone,2,1,0,11,5,7,1,981.225676666336,809.209470203358,0,0,1,0,0,1,1,4,6,2,12,2,23,2,1,-1,6,-6,6,-6,0,1,1,7,5,11
2020-11-29,I1,Milan,Fiorentina,2,2,0,11,5,5,3,1408.05851047163,964.11510166203,0,0,0,0,12,1,2,7,11,5,26,11,50,28,2,-2,6,-6,2,-2,0,2,3,5,5,11
2020-11-29,I1,Cagliari,Spezia,1,2,2,9,12,4,5,906.166891729976,946.506047199053,2,1,0,0,2,2,0,0,9,6,11,12,18,19,0,0,-3,3,-1,1,2,2,5,4,12,9
2020-11-29,I1,Napoli,Roma,2,4,0,13,4,9,1,1239.4289453274,1254.13492369993,0,1,2,0,0,4,2,0,9,13,24,21,41,40,4,-4,9,-9,8,-8,0,4,1,9,4,13
2020-11-30,I1,Torino,Sampdoria,1,2,2,11,7,8,2,900.444632864999,944.823584423624,0,0,0,1,1,0,6,1,5,7,8,13,22,20,0,0,4,-4,6,-6,2,2,2,8,7,11
2020-11-30,I1,Genoa,Parma,0,1,2,12,7,5,3,834.688644120902,930.602232876911,0,0,3,1,0,0,3,4,1,3,5,6,17,6,-1,1,5,-5,2,-2,2,1,3,5,7,12
2020-12-05,I1,Spezia,Lazio,0,1,2,11,3,6,2,944.656663167465,1025.27870583315,0,2,0,0,1,2,8,0,6,10,10,15,20,35,-1,1,8,-8,4,-4,2,1,2,6,3,11
2020-12-05,I1,Juventus,Torino,2,2,1,9,5,5,2,1148.88894219047,902.477316238774,1,0,0,1,6,0,0,1,9,5,15,6,37,22,1,-1,4,-4,3,-3,1,2,2,5,5,9
2020-12-05,I1,Inter,Bologna,2,3,1,11,9,9,7,1330.48257798573,998.561459804971,1,1,0,0,2,1,0,0,11,9,21,15,44,25,2,-2,2,-2,2,-2,1,3,7,9,9,11
2020-12-06,I1,Verona,Cagliari,1,1,1,12,9,6,5,1086.72252046572,908.016275761565,0,0,1,2,0,0,1,2,8,7,13,12,28,16,0,0,3,-3,1,-1,1,1,5,6,9,12
2020-12-06,I1,Parma,Benevento,1,0,0,6,6,0,4,953.986040707576,938.176046600362,0,1,0,0,3,1,2,0,6,4,9,10,9,10,0,0,0,0,-4,4,0,0,4,0,6,6
2020-12-06,I1,Roma,Sassuolo,1,0,0,14,7,5,2,1186.90339393539,1144.59162453916,3,5,0,0,12,5,0,0,10,8,21,18,39,32,0,0,7,-7,3,-3,0,0,2,5,7,14
2020-12-06,I1,Crotone,Napoli,0,0,4,4,11,1,6,791.873687064723,1306.66047509193,0,5,2,0,0,5,4,0,1,9,2,24,2,43,-4,4,-7,7,-5,5,4,0,6,1,11,4
2020-12-06,I1,Sampdoria,Milan,0,1,2,6,9,3,6,942.79090104985,1414.37882628848,0,7,1,0,0,16,2,0,5,11,11,26,21,52,-1,1,-3,3,-3,3,2,1,6,3,9,6
2020-12-07,I1,Fiorentina,Genoa,1,1,1,16,3,8,3,957.794785845185,811.304836290237,0,0,1,1,0,0,1,21,4,1,11,5,27,16,0,0,13,-13,5,-5,1,1,3,8,3,16
2020-12-11,I1,Sassuolo,Benevento,2,1,0,4,17,2,7,1146.53057738256,938.903621610914,0,0,1,0,0,2,3,1,8,5,19,11,30,11,1,-1,-13,13,-5,5,0,1,7,2,17,4
2020-12-12,I1,Crotone,Spezia,2,4,1,7,9,7,5,785.538301152377,919.951756483934,0,0,3,0,0,3,5,1,1,5,2,10,2,20,3,-3,-2,2,2,-2,1,4,5,7,9,7
2020-12-12,I1,Torino,Udinese,0,2,3,6,5,5,3,890.003509912902,1031.36884209796,0,1,0,0,2,2,7,0,5,7,6,13,21,27,-1,1,1,-1,2,-2,3,2,3,5,5,6
2020-12-12,I1,Lazio,Verona,0,1,2,8,3,5,3,1049.98361251668,1079.14918099519,0,1,1,0,0,3,2,0,10,8,17,14,35,26,-1,1,5,-5,2,-2,2,1,3,5,3,8
2020-12-13,I1,Cagliari,Inter,0,1,3,7,20,2,11,915.589615232091,1341.78935088065,0,1,0,0,3,7,1,0,5,11,12,21,17,46,-2,2,-13,13,-9,9,3,1,11,2,20,7
2020-12-13,I1,Atalanta,Fiorentina,2,3,0,14,3,10,2,1010.69414010264,951.421915672943,0,0,1,1,0,0,3,8,5,2,14,9,26,25,3,-3,11,-11,8,-8,0,3,2,10,3,14
2020-12-13,I1,Bologna,Roma,0,1,5,4,13,1,8,987.254686910053,1184.96444109199,1,0,0,1,1,0,0,1,9,10,12,21,25,37,-4,4,-9,9,-7,7,5,1,8,1,13,4
2020-12-13,I1,Napoli,Sampdoria,2,2,1,13,4,8,3,1312.99586100428,938.81568452557,1,0,0,0,1,1,0,2,9,2,24,11,43,21,1,-1,9,-9,5,-5,1,2,3,8,4,13
2020-12-13,I1,Genoa,Juventus,0,1,3,2,15,2,9,817.67770646248,1161.36274851634,0,0,4,0,0,5,4,2,1,11,6,17,16,37,-2,2,-13,13,-7,7,3,1,9,2,15,2
2020-12-13,I1,Milan,Parma,1,2,2,16,5,10,3,1418.35404281276,953.258465697023,1,1,0,0,13,1,0,0,13,6,26,10,52,10,0,0,11,-11,7,-7,2,2,3,10,5,16
2020-12-15,I1,Udinese,Crotone,1,0,0,8,4,6,2,1051.02253387047,860.173588202991,1,0,0,1,1,0,0,5,10,4,13,5,30,5,0,0,4,-4,4,-4,0,0,2,6,4,8
2020-12-15,I1,Benevento,Lazio,1,1,1,7,8,6,3,924.034452010414,1020.66356855718,0,3,0,0,1,3,3,0,5,7,8,14,11,32,0,0,-1,1,3,-3,1,1,3,6,8,7
2020-12-16,I1,Juventus,Atalanta,1,1,1,11,11,7,6,1172.01913398413,1056.01190366368,2,0,0,0,7,2,0,1,11,8,20,17,37,28,0,0,0,0,1,-1,1,1,6,7,11,11
2020-12-16,I1,Fiorentina,Sassuolo,1,1,1,12,12,7,7,906.104152111901,1161.39974698306,0,0,0,0,1,6,2,1,2,8,6,21,24,32,0,0,0,0,0,0,1,1,7,7,12,12
2020-12-16,I1,Genoa,Milan,1,2,2,6,8,4,4,807.021320994693,1404.41247069955,0,8,5,0,0,17,5,0,1,11,3,24,15,50,0,0,-2,2,0,0,2,2,4,4,8,6
2020-12-16,I1,Inter,Napoli,2,1,0,3,9,2,5,1348.73552550454,1319.64944768814,2,6,0,0,3,6,0,0,13,12,21,24,48,46,1,-1,-6,6,-3,3,0,1,5,2,9,3
2020-12-16,I1,Parma,Cagliari,1,0,0,10,5,3,4,967.200037810231,908.643440608201,0,0,0,0,4,1,3,3,6,5,11,11,11,17,0,0,5,-5,-1,1,0,0,4,3,5,10
2020-12-16,I1,Spezia,Bologna,1,2,2,7,9,5,6,845.31646943332,955.949124943538,0,0,1,1,0,0,9,1,5,6,10,12,17,25,0,0,-2,2,-1,1,2,2,6,5,9,7
2020-12-16,I1,Verona,Sampdoria,0,1,2,6,6,6,3,1108.46922495469,932.162097841713,0,0,0,1,1,0,2,3,8,1,16,11,28,21,-1,1,0,0,3,-3,2,1,3,6,6,6
2020-12-17,I1,Roma,Torino,2,3,1,10,12,8,8,1216.2700030585,870.349818140398,0,0,0,2,13,0,1,2,10,2,21,6,37,21,2,-2,-2,2,0,0,1,3,8,8,12,10
2020-12-19,I1,Fiorentina,Verona,1,1,1,5,5,1,3,916.120040629568,1061.4945659321,0,2,0,0,2,4,3,0,2,7,7,13,22,28,0,0,0,0,-2,2,1,1,3,1,5,5
2020-12-19,I1,Sampdoria,Crotone,2,3,1,6,5,4,3,979.136756864309,868.173603530586,0,0,2,0,0,1,3,6,4,4,14,6,21,6,2,-2,1,-1,1,-1,1,3,3,4,5,6
2020-12-19,I1,Parma,Juventus,0,0,4,9,12,5,7,964.528653126225,1166.8668646208,0,1,0,0,5,6,4,0,6,11,12,18,12,35,-4,4,-3,3,-2,2,4,0,7,5,12,9
2020-12-20,I1,Torino,Bologna,1,1,1,13,14,5,9,859.813300462889,951.019791303002,0,0,1,0,0,1,8,2,1,7,6,10,18,25,0,0,-1,1,-4,4,1,1,9,5,14,13
2020-12-20,I1,Benevento,Genoa,2,2,0,10,6,3,2,928.373093458764,822.026030642289,0,0,0,0,2,1,4,22,6,2,9,4,12,13,2,-2,4,-4,1,-1,0,2,2,3,6,10
2020-12-20,I1,Cagliari,Udinese,1,1,1,7,11,3,5,911.314825292208,1043.02251854287,0,2,1,0,0,3,2,0,3,11,12,14,18,28,0,0,-4,4,-2,2,1,1,5,3,11,7
2020-12-20,I1,Inter,Spezia,2,2,1,10,7,4,1,1378.06283961296,850.245803073855,3,0,0,1,4,0,0,2,15,3,21,8,48,18,1,-1,3,-3,3,-3,1,2,1,4,7,10
2020-12-20,I1,Sassuolo,Milan,0,1,2,16,11,5,5,1151.3838584654,1389.40776105195,1,0,0,0,1,18,0,1,8,11,19,22,30,48,-1,1,5,-5,0,0,2,1,5,5,11,16
2020-12-20,I1,Atalanta,Roma,2,4,1,9,5,8,4,1061.16417302701,1226.80652073601,1,1,0,0,1,1,0,0,6,10,15,23,26,39,3,-3,4,-4,4,-4,1,4,4,8,5,9
2020-12-20,I1,Lazio,Napoli,2,2,0,9,7,2,6,1016.32492710883,1290.32213357971,0,0,2,1,0,0,3,1,7,9,15,21,33,43,2,-2,2,-2,-4,4,0,2,6,2,7,9
2020-12-22,I1,Crotone,Parma,2,2,1,10,14,6,7,837.865536127207,933.850436869539,1,0,0,0,1,2,0,1,4,6,6,9,6,12,1,-1,-4,4,-1,1,1,2,7,6,14,10
2020-12-22,I1,Juventus,Fiorentina,0,0,3,10,9,3,6,1197.54508087749,922.449637648587,0,0,0,2,8,0,1,9,11,3,20,8,35,20,-3,3,1,-1,-3,3,3,0,6,3,9,10
2020-12-23,I1,Verona,Inter,0,1,2,5,9,2,5,1055.16496891308,1380.98909327126,0,2,1,0,0,8,3,0,8,15,14,23,28,48,-1,1,-4,4,-3,3,2,1,5,2,9,5
2020-12-23,I1,Bologna,Atalanta,1,2,2,8,9,5,6,946.913473256617,1139.88830904074,0,0,1,0,0,3,1,2,5,8,11,15,23,29,0,0,-1,1,-1,1,2,2,6,5,9,8
2020-12-23,I1,Milan,Lazio,2,3,2,9,13,5,9,1402.37361429669,1089.02466259847,0,0,0,0,14,4,1,1,11,7,22,17,50,33,1,-1,-4,4,-4,4,2,3,9,5,13,9
2020-12-23,I1,Napoli,Torino,1,1,1,12,4,6,3,1217.62239809007,863.919618509273,2,0,0,3,2,0,0,3,9,2,18,7,40,18,0,0,8,-8,3,-3,1,1,3,6,4,12
2020-12-23,I1,Roma,Cagliari,2,3,2,13,6,9,3,1148.08238472228,917.105429520291,1,0,0,0,14,2,0,4,7,4,20,13,36,19,1,-1,7,-7,6,-6,2,3,3,9,6,13
2020-12-23,I1,Sampdoria,Sassuolo,0,2,3,14,10,6,8,1009.44482426769,1138.41800522066,1,0,0,0,1,7,0,2,7,5,14,16,24,30,-1,1,4,-4,-2,2,3,2,8,6,10,14
2020-12-23,I1,Spezia,Genoa,0,1,2,7,7,5,6,847.31954941556,791.188738665203,0,0,0,1,1,0,10,23,2,2,8,3,15,13,-1,1,0,0,-1,1,2,1,6,5,7,7
2020-12-23,I1,Udinese,Benevento,0,0,2,7,3,2,2,1037.23191431479,959.21038543585,0,0,0,1,2,0,1,2,11,6,15,9,26,15,-2,2,4,-4,0,0,2,0,2,2,3,7
2021-01-03,I1,Inter,Crotone,2,6,2,13,7,8,4,1389.49441976881,878.487819858817,4,0,0,1,5,0,0,7,15,7,26,8,48,9,4,-4,6,-6,4,-4,2,6,4,8,7,13
2021-01-03,I1,Atalanta,Sassuolo,2,5,1,20,7,8,4,1131.81509302783,1159.0562867698,2,1,0,0,2,8,0,0,8,8,13,16,30,30,4,-4,13,-13,4,-4,1,5,4,8,7,20
2021-01-03,I1,Cagliari,Napoli,0,1,4,6,22,1,12,903.715103486689,1205.31733613599,0,0,0,2,1,0,3,2,3,7,10,16,19,38,-3,3,-16,16,-11,11,4,1,12,1,22,6
2021-01-03,I1,Fiorentina,Bologna,1,0,0,10,5,1,4,1012.94050767338,954.98668926953,0,0,0,0,3,2,4,3,6,3,10,12,20,23,0,0,5,-5,-3,3,0,0,4,1,5,10
2021-01-03,I1,Genoa,Lazio,1,1,1,5,10,3,4,828.31406307727,1079.9756154996,0,0,0,1,1,0,6,2,5,7,6,17,16,30,0,0,-5,5,-1,1,1,1,4,3,10,5
2021-01-03,I1,Parma,Torino,0,0,3,15,14,6,8,893.228153137929,876.224680463351,0,0,1,0,0,1,5,4,3,2,9,7,12,18,-3,3,1,-1,-2,2,3,0,8,6,14,15
2021-01-03,I1,Roma,Sampdoria,2,1,0,12,2,8,2,1161.47271075588,988.806542718542,2,1,0,0,15,1,0,0,10,6,20,11,36,24,1,-1,10,-10,6,-6,0,1,2,8,2,12
2021-01-03,I1,Spezia,Verona,0,0,1,6,9,1,4,810.194225003492,1046.65964241553,0,0,1,0,0,5,11,1,1,5,7,13,14,25,-1,1,-3,3,-3,3,1,0,4,1,9,6
2021-01-03,I1,Benevento,Milan,0,0,2,14,8,7,5,1012.75456308403,1411.42266139556,1,1,0,0,3,19,0,0,8,11,12,22,18,52,-2,2,6,-6,2,-2,2,0,5,7,8,14
2021-01-03,I1,Juventus,Udinese,2,4,1,13,8,10,7,1107.05421085269,983.68773666661,0,0,1,0,0,4,2,1,10,8,19,15,35,23,3,-3,5,-5,3,-3,1,4,7,10,8,13
2021-01-06,I1,Cagliari,Benevento,0,1,2,10,9,5,3,887.377319115274,1004.7246962432,0,1,1,0,0,1,4,0,2,7,7,12,16,18,-1,1,1,-1,2,-2,2,1,3,5,9,10
2021-01-06,I1,Atalanta,Parma,2,3,0,17,3,6,1,1201.36513120472,836.029914455384,3,0,0,1,3,0,0,2,11,2,16,8,33,12,3,-3,14,-14,5,-5,0,3,1,6,3,17
2021-01-06,I1,Bologna,Udinese,1,2,2,10,12,7,9,957.63108098607,947.744359219817,0,0,0,1,1,0,2,2,4,5,13,12,23,23,0,0,-2,2,-2,2,2,2,9,7,12,10
2021-01-06,I1,Crotone,Roma,0,1,3,12,10,5,5,872.020049289416,1178.76124211223,2,0,0,1,2,0,0,1,7,12,8,22,9,36,-2,2,2,-2,0,0,3,1,5,5,10,12
2021-01-06,I1,Lazio,Fiorentina,2,2,1,11,9,6,8,1070.0621673355,1010.29611595685,1,1,0,0,1,1,0,0,5,6,15,8,30,21,1,-1,2,-2,-2,2,1,2,8,6,9,11
2021-01-06,I1,Sampdoria,Inter,2,2,1,8,23,6,11,971.518011362197,1395.96219033821,0,3,1,0,0,9,1,0,6,15,8,26,24,48,1,-1,-15,15,-5,5,1,2,11,6,23,8
2021-01-06,I1,Sassuolo,Genoa,2,2,1,13,7,6,3,1089.50624859291,838.227511241376,0,1,1,0,0,1,1,0,7,5,15,6,30,17,1,-1,6,-6,3,-3,1,2,3,6,7,13
2021-01-06,I1,Torino,Verona,1,1,1,15,8,5,2,933.422919145896,1059.71849883067,0,1,0,0,1,6,9,0,5,7,10,15,18,28,0,0,7,-7,3,-3,1,1,2,5,8,15
2021-01-06,I1,Napoli,Spezia,0,1,2,27,8,11,4,1221.65512050741,797.135368588353,0,0,0,2,3,0,1,3,7,1,16,6,41,14,-1,1,19,-19,7,-7,2,1,4,11,8,27
2021-01-06,I1,Milan,Juventus,0,1,3,18,13,7,10,1419.45252823639,1142.99758829948,1,2,0,0,15,7,0,0,11,10,24,21,52,35,-2,2,5,-5,-3,3,3,1,10,7,13,18
2021-01-09,I1,Benevento,Atalanta,0,1,4,4,26,2,15,1026.30966249829,1213.23140692848,0,0,1,0,0,4,1,3,10,11,15,19,21,33,-3,3,-22,22,-13,13,4,1,15,2,26,4
2021-01-09,I1,Genoa,Bologna,2,2,0,9,12,7,4,826.032669664718,957.175903477717,0,0,0,0,2,3,7,4,5,5,6,11,14,21,2,-2,-3,3,3,-3,0,2,4,7,12,9
2021-01-09,I1,Milan,Torino,2,2,0,8,8,4,4,1346.57753984707,938.99572134213,0,1,1,0,0,2,1,0,10,6,21,8,49,18,2,-2,0,0,0,0,0,2,4,4,8,8
2021-01-10,I1,Roma,Inter,1,2,2,14,16,8,6,1191.57401473494,1337.07771694714,3,0,0,1,16,0,0,1,12,12,22,25,38,48,0,0,-2,2,2,-2,2,2,6,8,16,14
2021-01-10,I1,Parma,Lazio,0,0,2,9,21,3,5,824.163638731619,1096.61117172049,0,0,2,0,0,1,6,3,1,8,7,15,12,33,-2,2,-12,12,-2,2,2,0,5,3,21,9
2021-01-10,I1,Udinese,Napoli,0,1,2,17,15,8,6,948.19953672817,1162.76859994667,0,1,1,0,0,1,2,0,3,4,13,16,23,40,-1,1,2,-2,2,-2,2,1,6,8,15,17
2021-01-10,I1,Verona,Crotone,2,2,1,11,7,7,3,1054.14569663444,859.207276666705,0,0,2,2,0,0,4,8,5,4,13,8,26,9,1,-1,4,-4,4,-4,1,2,3,7,7,11
2021-01-10,I1,Fiorentina,Cagliari,2,1,0,12,9,5,3,983.747111571851,865.792352860177,0,0,0,1,4,0,5,5,6,2,8,7,21,16,1,-1,3,-3,2,-2,0,1,3,5,9,12
2021-01-10,I1,Juventus,Sassuolo,2,3,1,20,10,10,2,1215.8725766888,1101.70109016957,1,0,0,1,1,0,0,1,10,7,21,15,37,33,2,-2,10,-10,8,-8,1,3,2,10,10,20
2021-01-11,I1,Spezia,Sampdoria,2,2,1,8,6,4,4,856.021889149091,1030.40248475327,0,0,2,1,0,0,12,1,4,9,9,10,17,26,1,-1,2,-2,0,0,1,2,4,4,6,8
2021-01-15,I1,Lazio,Roma,2,3,0,9,5,9,2,1111.73801616981,1197.90862884722,2,1,0,0,2,1,0,0,10,10,17,20,33,39,3,-3,4,-4,7,-7,0,3,2,9,5,9
2021-01-16,I1,Bologna,Verona,2,1,0,18,8,6,1,897.507610321906,1069.86484115282,0,0,0,0,2,7,3,1,4,8,11,15,20,28,1,-1,10,-10,5,-5,0,1,1,6,8,18
2021-01-16,I1,Torino,Spezia,1,0,0,8,6,2,3,931.332397733657,902.857605637204,0,1,0,0,2,1,10,0,6,6,7,9,15,20,0,0,2,-2,-1,1,0,0,3,2,6,8
2021-01-16,I1,Sampdoria,Udinese,2,2,1,15,14,8,7,983.566768265154,933.781630301562,1,0,0,0,1,1,0,3,6,2,10,13,23,20,1,-1,1,-1,1,-1,1,2,7,8,14,15
2021-01-17,I1,Napoli,Fiorentina,2,6,0,10,10,7,3,1177.18650637328,1005.28209036845,0,0,1,1,0,0,2,1,7,8,16,10,43,24,6,-6,0,0,4,-4,0,6,3,7,10,10
2021-01-17,I1,Crotone,Benevento,2,4,1,6,14,3,6,843.488132148317,998.579016091776,0,2,1,0,0,2,1,0,3,9,7,15,9,21,3,-3,-8,8,-3,3,1,4,6,3,14,6
2021-01-17,I1,Sassuolo,Parma,1,1,1,15,11,6,2,1071.75831038899,809.036794282307,1,0,0,2,1,0,0,3,6,0,14,6,33,12,0,0,4,-4,4,-4,1,1,2,6,11,15
2021-01-17,I1,Atalanta,Genoa,1,0,0,15,6,4,3,1240.962053335,885.70096282053,4,0,0,1,4,0,0,1,13,7,19,9,35,17,0,0,9,-9,1,-1,0,0,3,4,6,15
2021-01-17,I1,Inter,Juventus,2,2,0,16,8,6,4,1330.74310283486,1245.81535646938,5,3,0,0,6,8,0,0,10,12,25,23,46,37,2,-2,8,-8,2,-2,0,2,4,6,8,16
2021-01-18,I1,Cagliari,Milan,0,0,2,17,9,2,8,844.25737406358,1354.24086345554,0,2,2,0,0,20,5,0,1,12,4,23,16,49,-2,2,8,-8,-6,6,2,0,8,2,9,17
2021-01-20,I1,Udinese,Atalanta,1,1,1,6,18,1,8,906.3358828383,1228.62777457555,0,1,2,0,0,5,3,0,1,11,12,19,20,35,0,0,-12,12,-7,7,1,1,8,1,18,6
2021-01-22,I1,Benevento,Torino,1,2,2,10,14,3,6,921.202774769871,930.024013240397,0,0,2,1,0,0,2,1,6,6,12,8,21,16,0,0,-4,4,-3,3,2,2,6,3,14,10
2021-01-23,I1,Roma,Spezia,2,4,3,13,5,8,3,1130.1228268528,904.165990130464,0,0,0,0,17,2,1,1,10,7,17,9,38,21,1,-1,8,-8,5,-5,3,4,3,8,5,13
2021-01-23,I1,Milan,Atalanta,0,0,3,10,19,3,10,1358.66317551045,1216.95597767878,1,0,0,0,1,6,0,1,12,11,23,19,49,33,-3,3,-9,9,-7,7,3,0,10,3,19,10
2021-01-23,I1,Udinese,Inter,1,0,0,6,10,1,4,918.007679735077,1364.08863257411,0,0,0,0,1,1,4,2,2,10,10,25,20,46,0,0,-4,4,-3,3,0,0,4,1,10,6
2021-01-23,I1,Fiorentina,Crotone,2,2,1,12,7,6,3,960.248929576875,920.864373470222,1,0,0,3,5,0,0,9,7,6,10,10,21,12,1,-1,5,-5,3,-3,1,2,3,6,7,12
2021-01-24,I1,Juventus,Bologna,2,2,0,22,12,12,3,1212.46982673012,944.196629550983,2,0,0,1,2,0,0,5,9,6,20,11,34,23,2,-2,10,-10,9,-9,0,2,3,12,12,22
2021-01-24,I1,Genoa,Cagliari,2,1,0,8,13,6,7,898.035241579976,839.835062008675,1,0,0,2,3,0,0,6,8,0,10,4,15,15,1,-1,-5,5,-1,1,0,1,7,6,13,8
2021-01-24,I1,Verona,Napoli,2,3,1,15,12,7,4,1023.17582192375,1222.21966716485,1,2,0,0,1,2,0,0,7,10,15,19,25,43,2,-2,3,-3,3,-3,1,3,4,7,12,15
2021-01-24,I1,Lazio,Sassuolo,2,2,1,18,5,8,1,1179.52381816423,1061.53723151085,3,0,0,2,3,0,0,2,10,7,17,12,33,33,1,-1,13,-13,7,-7,1,2,1,8,5,18
2021-01-24,I1,Parma,Sampdoria,0,0,2,11,11,7,4,819.257873160448,1011.01251572842,0,0,3,2,0,0,7,2,1,6,7,13,13,26,-2,2,0,0,3,-3,2,0,4,7,11,11
2021-01-29,I1,Torino,Fiorentina,1,1,1,15,9,6,3,929.617867463821,988.636936046745,0,0,0,2,3,0,11,2,6,7,8,13,14,24,0,0,6,-6,3,-3,1,1,3,6,9,15
2021-01-30,I1,Bologna,Milan,0,1,2,10,17,5,13,928.766609507803,1283.04643165483,1,3,0,0,3,21,0,0,5,9,8,20,23,46,-1,1,-7,7,-8,8,2,1,13,5,17,10
2021-01-30,I1,Sampdoria,Juventus,0,0,2,6,10,2,4,1032.85564844538,1227.8998467733,2,0,0,1,2,0,0,1,9,12,15,22,26,37,-2,2,-4,4,-2,2,2,0,4,2,10,6
2021-01-30,I1,Inter,Benevento,2,4,0,13,0,8,0,1350.36820147051,921.608920546447,6,0,0,1,7,0,0,1,8,4,23,12,44,22,4,-4,13,-13,8,-8,0,4,0,8,0,13
2021-01-31,I1,Spezia,Udinese,0,0,1,9,6,5,4,890.46709768577,931.728110838682,1,0,0,1,1,0,0,4,7,3,8,8,18,21,-1,1,3,-3,1,-1,1,0,4,5,6,9
2021-01-31,I1,Atalanta,Lazio,0,1,3,8,15,4,7,1292.5727215344,1201.05617909695,0,1,0,0,5,2,1,0,11,13,22,20,36,35,-2,2,-7,7,-3,3,3,1,7,4,15,8
2021-01-31,I1,Cagliari,Sassuolo,1,1,1,9,14,6,5,813.145913742481,1040.00487057812,0,0,3,3,0,0,6,3,0,4,3,12,15,30,0,0,-5,5,1,-1,1,1,5,6,14,9
2021-01-31,I1,Crotone,Genoa,0,0,3,9,10,4,6,892.476367000353,924.72438984617,1,0,0,0,1,1,0,2,3,8,10,13,12,18,-3,3,-1,1,-2,2,3,0,6,4,10,9
2021-01-31,I1,Napoli,Parma,2,2,0,10,4,6,1,1155.66653663378,797.414740443485,1,0,0,0,1,1,0,4,9,1,16,4,40,13,2,-2,6,-6,5,-5,0,2,1,6,4,10
2021-01-31,I1,Roma,Verona,2,3,1,15,6,6,2,1143.82171929749,1089.72895245481,1,0,0,1,18,0,0,2,10,10,20,15,41,28,2,-2,9,-9,4,-4,1,3,2,6,6,15
2021-02-05,I1,Fiorentina,Inter,0,0,2,15,14,3,7,985.944852076145,1360.44643783642,2,0,0,0,6,2,0,3,7,8,13,23,22,44,-2,2,1,-1,-4,4,2,0,7,3,14,15
2021-02-06,I1,Atalanta,Torino,1,3,3,9,19,4,11,1237.42271824143,932.309951434421,0,0,1,0,0,1,2,2,8,4,19,9,36,15,0,0,-10,10,-7,7,3,3,11,4,19,9
2021-02-06,I1,Sassuolo,Spezia,0,1,2,8,13,4,7,1030.82640243971,862.249611731395,0,0,0,1,2,0,1,2,5,7,12,8,31,18,-1,1,-5,5,-3,3,2,1,7,4,13,8
2021-02-06,I1,Juventus,Roma,2,2,0,3,14,3,3,1249.43383441179,1180.90572128656,3,0,0,1,3,0,0,1,12,10,22,22,39,43,2,-2,-11,11,0,0,0,2,3,3,14,3
2021-02-06,I1,Genoa,Napoli,2,2,1,4,24,2,11,974.208996019977,1165.56249187518,2,0,0,1,4,0,0,1,10,9,15,16,21,40,1,-1,-20,20,-9,9,1,2,11,2,24,4
2021-02-07,I1,Benevento,Sampdoria,1,1,1,9,10,3,5,911.530684180535,1011.3216608069,0,1,0,0,1,1,3,0,4,9,11,15,22,26,0,0,-1,1,-2,2,1,1,5,3,10,9
2021-02-07,I1,Milan,Crotone,2,4,0,21,9,12,2,1290.41462271498,842.991760826546,0,0,1,4,0,0,1,10,9,3,20,10,46,12,4,-4,12,-12,10,-10,0,4,2,12,9,21
2021-02-07,I1,Udinese,Verona,2,2,0,14,5,8,1,959.945596793057,1052.64495046574,0,0,0,2,2,0,5,3,5,7,8,14,21,28,2,-2,9,-9,7,-7,0,2,1,8,5,14
2021-02-07,I1,Parma,Bologna,0,0,3,16,15,8,7,787.518785202092,921.398418447644,0,0,4,2,0,0,8,6,1,4,3,8,13,20,-3,3,1,-1,1,-1,3,0,7,8,15,16
2021-02-07,I1,Lazio,Cagliari,2,1,0,14,7,6,3,1256.20618238993,822.324381880893,4,0,0,3,4,0,0,7,15,1,20,3,37,15,1,-1,7,-7,3,-3,0,1,3,6,7,14
2021-02-12,I1,Bologna,Benevento,1,1,1,11,13,3,8,955.89876067577,916.003892168084,0,0,1,2,0,0,1,2,6,2,11,12,23,20,0,0,-2,2,-5,5,1,1,8,3,13,11
2021-02-13,I1,Torino,Genoa,1,0,0,10,6,2,3,943.598094770611,1022.24385440972,0,1,0,0,4,2,12,0,4,13,10,18,16,21,0,0,4,-4,-1,1,0,0,3,2,6,10
2021-02-13,I1,Napoli,Juventus,2,1,0,10,22,3,6,1117.52763348544,1284.75144547076,2,1,0,0,2,1,0,0,9,12,13,22,37,42,1,-1,-12,12,-3,3,0,1,6,3,22,10
2021-02-13,I1,Spezia,Milan,2,2,0,15,7,5,0,908.662438448217,1299.53883829203,0,4,1,0,0,22,1,0,7,12,11,22,21,46,2,-2,8,-8,5,-5,0,2,0,5,7,15
2021-02-14,I1,Roma,Udinese,2,3,0,12,6,8,1,1145.58811022759,1015.23488806486,2,1,0,0,19,1,0,0,7,8,19,10,40,24,3,-3,6,-6,7,-7,0,3,1,8,6,12
2021-02-14,I1,Cagliari,Atalanta,0,0,1,4,10,1,5,817.458789224596,1226.13457490524,0,1,0,0,1,7,7,0,1,6,3,19,14,34,-1,1,-6,6,-4,4,1,0,5,1,10,4
2021-02-14,I1,Sampdoria,Fiorentina,2,2,1,7,15,3,7,1006.84845281935,976.840881918381,0,0,1,0,0,1,1,3,7,7,16,13,27,19,1,-1,-8,8,-4,4,1,2,7,3,15,7
2021-02-14,I1,Crotone,Sassuolo,0,1,2,9,21,6,4,833.867545249495,984.413575722888,0,0,1,0,0,1,1,4,3,2,7,9,12,30,-1,1,-12,12,2,-2,2,1,4,6,21,9
2021-02-14,I1,Inter,Lazio,2,3,1,11,12,7,7,1369.55040799419,1261.07177504622,7,2,0,0,8,3,0,0,11,15,23,23,44,37,2,-2,-1,1,0,0,1,3,7,7,12,11
2021-02-15,I1,Verona,Parma,2,2,1,11,13,5,4,997.355659193946,753.018442973965,2,0,0,1,2,0,0,5,6,1,11,2,27,13,1,-1,-2,2,1,-1,1,2,4,5,13,11
2021-02-19,I1,Fiorentina,Spezia,2,3,0,10,11,5,3,947.597829539016,988.014568707612,0,1,1,0,0,1,1,0,4,7,12,13,19,21,3,-3,-1,1,2,-2,0,3,3,5,11,10
2021-02-19,I1,Cagliari,Torino,0,0,1,18,10,3,6,811.89942102835,947.159249084977,0,0,1,0,0,2,8,3,1,5,2,11,14,17,-1,1,8,-8,-3,3,1,0,6,3,10,18
2021-02-20,I1,Lazio,Sampdoria,2,1,0,11,11,8,2,1230.47939202798,1036.09150519871,5,0,0,0,5,2,0,1,12,10,22,16,37,30,1,-1,0,0,6,-6,0,1,2,8,11,11
2021-02-20,I1,Genoa,Verona,1,2,2,12,9,4,4,1018.68270009535,1009.94982415987,3,0,0,3,5,0,0,4,11,6,18,14,22,27,0,0,3,-3,0,0,2,2,4,4,9,12
2021-02-20,I1,Sassuolo,Bologna,1,1,1,32,4,11,2,1003.35499236871,954.069566435286,0,1,1,0,0,1,2,0,5,7,11,11,30,21,0,0,28,-28,9,-9,1,1,2,11,4,32
2021-02-21,I1,Parma,Udinese,1,2,2,15,12,6,3,740.424278008038,980.253968159153,0,0,5,1,0,0,9,1,1,8,1,9,13,24,0,0,3,-3,3,-3,2,2,3,6,12,15
2021-02-21,I1,Milan,Inter,0,0,3,16,16,10,8,1220.18670803264,1400.14279101242,1,1,0,0,1,3,0,0,9,13,21,23,43,44,-3,3,0,0,2,-2,3,0,8,10,16,16
2021-02-21,I1,Atalanta,Napoli,2,4,2,15,5,7,4,1231.69394310148,1163.84095152567,0,0,0,2,1,0,3,2,8,9,19,16,34,37,2,-2,10,-10,3,-3,2,4,4,7,5,15
2021-02-21,I1,Benevento,Roma,1,0,0,6,14,3,8,917.833086408568,1180.56903013329,0,0,0,2,2,0,4,2,3,9,12,19,21,42,0,0,-8,8,-5,5,0,0,8,3,14,6
2021-02-22,I1,Juventus,Crotone,2,3,0,26,16,9,3,1238.43812743053,814.926128603673,4,0,0,5,4,0,0,11,9,3,21,6,39,12,3,-3,10,-10,6,-6,0,3,3,9,16,26
2021-02-27,I1,Spezia,Parma,1,2,2,13,10,7,5,927.167843319139,749.99492240086,1,0,0,2,1,0,0,6,6,1,13,2,21,11,0,0,3,-3,2,-2,2,2,5,7,10,13
2021-02-27,I1,Bologna,Lazio,2,2,0,14,19,8,7,956.324141635788,1246.23614737945,0,0,0,1,1,0,2,1,5,12,11,22,22,39,2,-2,-5,5,1,-1,0,2,7,8,19,14
2021-02-27,I1,Verona,Juventus,1,1,1,13,15,6,6,1010.35190328719,1247.19869586928,3,0,0,1,3,0,0,1,7,12,14,21,28,41,0,0,-2,2,0,0,1,1,6,6,15,13
2021-02-28,I1,Sampdoria,Atalanta,0,0,2,7,20,3,11,1020.33474984725,1267.09357597318,1,2,0,0,1,8,0,0,7,10,13,21,27,34,-2,2,-13,13,-8,8,2,0,11,3,20,7
2021-02-28,I1,Crotone,Cagliari,0,0,2,11,9,4,4,806.165560164916,791.76388306144,0,0,2,4,0,0,2,8,0,1,6,1,12,14,-2,2,2,-2,0,0,2,0,4,4,9,11
2021-02-28,I1,Inter,Genoa,2,3,0,23,3,14,2,1428.71078541976,1018.28062096803,8,0,0,0,9,3,0,1,13,11,23,19,46,22,3,-3,20,-20,12,-12,0,3,2,14,3,23
2021-02-28,I1,Udinese,Fiorentina,2,1,0,9,8,3,2,970.683323766331,1008.44455492749,1,0,0,1,3,0,0,4,8,7,10,14,25,22,1,-1,1,-1,1,-1,0,1,2,3,8,9
2021-02-28,I1,Napoli,Benevento,2,2,0,20,4,8,4,1128.44131865397,928.054558552489,3,0,0,0,3,1,0,3,6,4,16,10,34,19,2,-2,16,-16,4,-4,0,2,4,8,4,20
2021-02-28,I1,Roma,Milan,0,1,2,17,20,10,14,1170.34755798937,1191.6187136253,3,0,0,1,20,0,0,1,10,6,20,18,40,40,-1,1,-3,3,-4,4,2,1,14,10,20,17
2021-03-02,I1,Juventus,Spezia,2,3,0,20,10,9,2,1237.71672184885,919.649410068059,5,0,0,1,5,0,0,1,10,7,22,14,41,21,3,-3,10,-10,7,-7,0,3,2,9,10,20
2021-03-03,I1,Sassuolo,Napoli,1,3,3,15,15,8,8,1001.10041716821,1149.47954835261,0,0,0,3,1,0,3,3,5,9,12,18,28,34,0,0,0,0,0,0,3,3,8,8,15,15
2021-03-03,I1,Atalanta,Crotone,2,5,1,21,4,11,2,1284.16206584457,760.491024779183,1,0,0,6,2,0,0,12,10,0,21,3,37,11,4,-4,17,-17,9,-9,1,5,2,11,4,21
2021-03-03,I1,Benevento,Verona,0,0,3,7,11,2,6,907.016328853851,1019.83387730763,0,0,0,0,3,1,5,5,3,5,7,15,19,28,-3,3,-4,4,-4,4,3,0,6,2,11,7
2021-03-03,I1,Cagliari,Bologna,2,1,0,8,11,5,6,837.438418447173,1030.12991588595,0,0,2,0,0,2,9,1,4,8,4,13,14,25,1,-1,-3,3,-1,1,0,1,6,5,11,8
2021-03-03,I1,Fiorentina,Roma,0,1,2,6,12,2,6,972.980247049911,1140.30425967121,1,0,0,0,1,1,0,3,4,7,11,17,21,37,-1,1,-6,6,-4,4,2,1,6,2,12,6
2021-03-03,I1,Genoa,Sampdoria,1,1,1,8,10,2,6,1008.89383431027,1003.26625997586,0,0,0,1,6,0,1,2,8,4,16,13,22,24,0,0,-2,2,-4,4,1,1,6,2,10,8
2021-03-03,I1,Milan,Udinese,1,1,1,11,6,7,2,1221.66201194346,1006.14763164391,0,0,1,0,0,1,1,2,9,10,18,13,40,25,0,0,5,-5,5,-5,1,1,2,7,6,11
2021-03-04,I1,Parma,Inter,0,1,2,11,12,3,8,757.51335565194,1438.09757207751,0,2,0,0,1,4,10,0,2,15,3,23,12,49,-1,1,-1,1,-5,5,2,1,8,3,12,11
2021-03-06,I1,Spezia,Benevento,1,1,1,14,5,7,2,904.584945954439,869.594785902708,0,0,0,1,2,0,1,4,7,3,14,7,20,19,0,0,9,-9,5,-5,1,1,2,7,5,14
2021-03-06,I1,Udinese,Sassuolo,2,2,0,12,8,8,2,1014.96902436165,1007.54632622356,2,1,0,0,4,2,0,0,8,6,13,10,26,26,2,-2,4,-4,6,-6,0,2,2,8,8,12
2021-03-06,I1,Juventus,Lazio,2,3,1,8,13,5,5,1252.78118596247,1172.43037312928,6,0,0,2,6,0,0,2,10,9,22,22,43,39,2,-2,-5,5,0,0,1,3,5,5,13,8
2021-03-07,I1,Roma,Genoa,2,1,0,18,7,4,2,1157.98356016823,1008.63469759661,0,0,1,1,0,0,1,2,7,6,17,16,39,22,1,-1,11,-11,2,-2,0,1,2,4,7,18
2021-03-07,I1,Crotone,Torino,2,4,2,19,17,10,6,754.45672235485,967.294787051887,0,1,3,0,0,3,3,0,0,7,3,13,11,20,2,-2,2,-2,4,-4,2,4,6,10,17,19
2021-03-07,I1,Fiorentina,Parma,1,3,3,6,11,5,6,955.300946552889,756.265489633779,0,0,1,0,0,1,1,7,3,2,10,3,18,11,0,0,-5,5,-1,1,3,3,6,5,11,6
2021-03-07,I1,Verona,Milan,0,0,2,8,12,1,4,1057.25542025878,1212.84061922572,0,1,0,0,4,1,1,0,8,7,15,16,30,40,-2,2,-4,4,-3,3,2,0,4,1,12,8
2021-03-07,I1,Sampdoria,Cagliari,1,2,2,11,10,5,5,1003.52539668952,885.565390113813,0,1,1,0,0,1,1,0,5,6,14,7,22,14,0,0,1,-1,0,0,2,2,5,5,10,11
2021-03-07,I1,Napoli,Bologna,2,3,1,15,17,8,7,1143.03363929726,982.002944219315,4,0,0,1,4,0,0,2,7,8,16,12,32,25,2,-2,-2,2,1,-1,1,3,7,8,17,15
2021-03-08,I1,Inter,Atalanta,2,1,0,5,10,1,3,1439.34543809568,1290.1963682689,9,3,0,0,10,9,0,0,15,13,23,21,49,40,1,-1,-5,5,-2,2,0,1,3,1,10,5
2021-03-12,I1,Lazio,Crotone,2,3,2,23,6,9,3,1138.53858498695,822.258527381401,6,0,0,7,6,0,0,13,6,3,21,6,36,14,1,-1,17,-17,6,-6,2,3,3,9,6,23
2021-03-12,I1,Atalanta,Spezia,2,3,1,14,6,9,3,1271.14753766559,902.979015230295,2,0,0,2,3,0,0,2,12,5,18,12,37,21,2,-2,8,-8,6,-6,1,3,3,9,6,14
2021-03-13,I1,Sassuolo,Verona,2,3,2,14,12,8,7,964.625550459339,1031.82227025275,0,1,0,0,2,2,4,0,5,8,10,14,25,27,1,-1,2,-2,1,-1,2,3,7,8,12,14
2021-03-13,I1,Benevento,Fiorentina,0,1,4,16,11,6,7,871.200716626851,947.021523020525,0,0,1,2,0,0,6,5,3,4,5,11,20,19,-3,3,5,-5,-1,1,4,1,7,6,11,16
2021-03-13,I1,Genoa,Udinese,1,1,1,10,9,3,3,989.601250793774,1057.88980012587,0,0,0,0,7,2,2,3,3,8,16,16,22,29,0,0,1,-1,0,0,1,1,3,3,9,10
2021-03-14,I1,Bologna,Sampdoria,2,3,1,10,20,7,9,957.132130247204,998.292670262722,1,0,0,0,2,1,0,3,5,5,11,12,22,22,2,-2,-10,10,-2,2,1,3,9,7,20,10
2021-03-14,I1,Parma,Roma,2,2,0,5,20,4,6,764.544913166144,1177.01700697107,0,1,1,0,0,2,11,0,3,10,4,17,11,39,2,-2,-15,15,-2,2,0,2,6,4,20,5
2021-03-14,I1,Torino,Inter,0,1,2,6,13,4,4,899.492982025336,1458.39426869899,0,3,0,0,5,5,13,0,6,15,12,26,19,51,-1,1,-7,7,0,0,2,1,4,4,13,6
2021-03-14,I1,Cagliari,Juventus,0,1,3,15,9,7,7,890.798116540614,1286.6729741048,1,0,0,0,1,1,0,2,7,10,8,22,15,43,-2,2,6,-6,0,0,3,1,7,7,9,15
2021-03-14,I1,Milan,Napoli,0,0,1,12,14,4,5,1238.27376923174,1167.90445326937,0,0,0,0,1,1,2,4,7,10,19,19,40,35,-1,1,-2,2,-1,1,1,0,5,4,14,12
2021-03-17,I1,Torino,Sassuolo,2,3,2,23,12,15,5,897.027697879231,1002.7385642436,0,0,1,1,0,0,14,1,5,8,9,10,19,25,1,-1,11,-11,10,-10,2,3,5,15,12,23
2021-03-19,I1,Parma,Genoa,0,1,2,12,7,9,3,844.791432778292,992.706174173904,1,0,0,2,1,0,0,3,6,3,7,14,13,23,-1,1,5,-5,6,-6,2,1,3,9,7,12
2021-03-20,I1,Crotone,Bologna,0,2,3,15,19,7,10,813.339783514512,1006.1613688464,1,0,0,2,1,0,0,3,3,7,6,14,13,25,-1,1,-4,4,-3,3,3,2,10,7,19,15
2021-03-20,I1,Spezia,Cagliari,2,2,1,12,11,6,7,893.573272261478,882.650182779176,0,0,0,0,3,2,2,1,2,7,9,8,18,12,1,-1,1,-1,-1,1,1,2,7,6,11,12
2021-03-21,I1,Verona,Atalanta,0,0,2,3,14,1,8,993.709256468488,1280.55328063441,0,0,1,1,0,0,2,1,5,12,11,20,26,39,-2,2,-11,11,-7,7,2,0,8,1,14,3
2021-03-21,I1,Juventus,Benevento,0,0,1,23,7,9,1,1294.82090786624,828.384156507715,7,0,0,0,7,1,0,5,13,2,22,5,45,20,-1,1,16,-16,8,-8,1,0,1,9,7,23
2021-03-21,I1,Sampdoria,Torino,2,1,0,7,9,5,1,949.263431663528,938.474307250255,0,0,0,1,1,0,2,1,2,7,12,11,22,19,1,-1,-2,2,4,-4,0,1,1,5,9,7
2021-03-21,I1,Udinese,Lazio,0,0,1,14,16,6,8,1054.78487674574,1147.45732885383,3,0,0,3,5,0,0,3,9,6,17,21,29,36,-1,1,-2,2,-2,2,1,0,8,6,16,14
2021-03-21,I1,Fiorentina,Milan,0,2,3,9,14,4,6,989.838083139661,1199.87971014512,0,2,0,0,1,2,2,0,7,7,11,16,21,39,-1,1,-5,5,-2,2,3,2,6,4,14,9
2021-03-21,I1,Roma,Napoli,0,0,2,7,10,5,5,1096.77048735892,1206.298512356,1,1,0,0,1,2,0,0,7,10,16,19,36,35,-2,2,-3,3,0,0,2,0,5,5,10,7
2021-04-03,I1,Milan,Sampdoria,1,1,1,14,5,5,4,1214.59080781759,980.270035880459,0,0,1,1,0,0,3,4,10,5,16,12,39,25,0,0,9,-9,1,-1,1,1,4,5,5,14
2021-04-03,I1,Atalanta,Udinese,2,3,2,22,8,11,4,1294.67068785458,1031.12350237273,3,0,0,0,4,3,0,4,12,8,22,16,41,26,1,-1,14,-14,7,-7,2,3,4,11,8,22
2021-04-03,I1,Benevento,Parma,1,2,2,4,15,4,7,888.296940221604,825.647401759767,0,0,2,0,0,2,7,8,4,5,8,6,20,13,0,0,-11,11,-3,3,2,2,7,4,15,4
2021-04-03,I1,Cagliari,Verona,0,0,2,15,9,4,5,851.655905162101,979.591849248311,0,0,1,1,0,0,1,1,7,4,8,11,12,26,-2,2,6,-6,-1,1,2,0,5,4,9,15
2021-04-03,I1,Genoa,Fiorentina,1,1,1,8,11,2,3,1011.85020519243,975.126985467196,0,1,0,0,8,1,3,0,5,4,16,11,26,21,0,0,-3,3,-1,1,1,1,3,2,11,8
2021-04-03,I1,Lazio,Spezia,2,2,1,11,7,5,3,1171.11870322684,924.567549878553,7,0,0,3,7,0,0,3,9,5,21,11,38,20,1,-1,4,-4,2,-2,1,2,3,5,7,11
2021-04-03,I1,Napoli,Crotone,2,4,3,28,8,11,4,1236.77065682164,797.475691917944,5,0,0,8,5,0,0,14,13,3,19,3,38,13,1,-1,20,-20,7,-7,3,4,4,11,8,28
2021-04-03,I1,Sassuolo,Roma,1,2,2,12,12,6,9,961.291954872579,1066.29834289328,1,0,0,1,3,0,0,1,5,6,10,16,24,33,0,0,0,0,-3,3,2,2,9,6,12,12
2021-04-03,I1,Torino,Juventus,1,2,2,10,18,7,9,907.467703033324,1234.90812415235,1,1,0,0,1,2,0,0,6,10,11,22,18,42,0,0,-8,8,-2,2,2,2,9,7,18,10
2021-04-03,I1,Bologna,Inter,0,0,1,12,12,3,5,1022.02546044297,1460.85955284509,2,4,0,0,3,6,0,0,9,15,14,28,25,53,-1,1,0,0,-2,2,1,0,5,3,12,12
2021-04-07,I1,Inter,Sassuolo,2,2,1,8,14,5,5,1465.59852289711,965.985626691534,10,0,0,2,11,0,0,2,15,5,28,10,53,22,1,-1,-6,6,0,0,1,2,5,5,14,8
2021-04-07,I1,Juventus,Napoli,2,2,1,12,15,3,5,1223.12659535015,1241.49799850141,0,2,1,0,0,3,1,0,10,13,20,22,42,38,1,-1,-3,3,-2,2,1,2,5,3,15,12
2021-04-10,I1,Spezia,Crotone,2,3,2,9,9,7,6,912.101807651461,792.748350238173,1,0,0,9,4,0,0,15,4,3,11,3,19,13,1,-1,0,0,1,-1,2,3,6,7,9,9
2021-04-10,I1,Parma,Milan,0,1,3,15,11,5,7,828.501650932249,1205.1846320773,0,3,1,0,0,3,1,0,5,8,7,17,11,37,-2,2,4,-4,-2,2,3,1,7,5,11,15
2021-04-10,I1,Udinese,Torino,0,0,1,12,9,5,2,1019.61060494261,919.249231835524,0,0,1,2,0,0,1,2,5,4,15,11,23,19,-1,1,3,-3,3,-3,1,0,2,5,9,12
2021-04-11,I1,Inter,Cagliari,2,1,0,15,8,8,2,1469.01309240396,823.255548618687,11,0,0,1,12,0,0,2,15,4,30,8,53,11,1,-1,7,-7,6,-6,0,1,2,8,8,15
2021-04-11,I1,Juventus,Genoa,2,3,1,23,11,14,3,1256.81708886915,1010.1653083424,1,1,0,0,1,1,0,0,10,6,20,14,42,27,2,-2,12,-12,11,-11,1,3,3,14,11,23
2021-04-11,I1,Sampdoria,Napoli,0,0,2,11,20,5,9,989.676211620748,1207.80750498241,1,0,0,1,2,0,0,1,6,12,10,19,25,35,-2,2,-9,9,-4,4,2,0,9,5,20,11
2021-04-11,I1,Verona,Lazio,0,0,1,4,14,1,5,1007.99220579173,1183.58444545393,0,1,2,0,0,1,3,0,6,9,11,21,26,38,-1,1,-10,10,-4,4,1,0,5,1,14,4
2021-04-11,I1,Roma,Bologna,2,1,0,14,11,7,5,1061.60467107433,1017.28649039095,0,1,1,0,0,1,1,0,7,6,14,14,34,22,1,-1,3,-3,2,-2,0,1,5,7,11,14
2021-04-11,I1,Fiorentina,Atalanta,0,2,3,8,14,2,9,976.811882317225,1306.18358528471,0,1,1,0,0,1,3,0,5,12,9,22,22,44,-1,1,-6,6,-7,7,3,2,9,2,14,8
2021-04-12,I1,Benevento,Sassuolo,0,0,1,9,14,5,4,885.442691049123,962.571057184687,0,0,0,3,1,0,8,3,5,4,8,10,20,22,-1,1,-5,5,1,-1,1,0,4,5,14,9
2021-04-17,I1,Crotone,Udinese,0,1,2,7,14,3,7,771.32826665811,978.615782072426,0,0,1,1,0,0,1,5,3,4,3,12,13,20,-1,1,-7,7,-4,4,2,1,7,3,14,7
2021-04-17,I1,Sampdoria,Verona,2,3,1,12,18,5,8,970.22789305047,990.915390495109,0,1,1,0,0,1,1,0,5,3,10,11,25,25,2,-2,-6,6,-3,3,1,3,8,5,18,12
2021-04-17,I1,Sassuolo,Fiorentina,2,3,1,11,7,6,6,987.581710726939,968.456038672026,0,0,0,0,4,2,1,1,7,5,12,8,24,21,2,-2,4,-4,0,0,1,3,6,6,7,11
2021-04-17,I1,Cagliari,Parma,2,4,3,23,11,9,6,821.73724388881,819.49962664035,0,0,2,0,0,3,2,9,1,5,7,7,10,10,1,-1,12,-12,3,-3,3,4,6,9,11,23
2021-04-18,I1,Milan,Genoa,2,2,1,18,11,5,6,1214.18665636919,993.088345836602,0,0,0,1,1,0,4,1,10,5,17,11,37,26,1,-1,7,-7,-1,1,1,2,6,5,11,18
2021-04-18,I1,Atalanta,Juventus,2,1,0,12,12,2,3,1314.53942892991,1273.89405137495,4,0,0,0,5,3,0,1,12,10,25,20,44,42,1,-1,0,0,-1,1,0,1,3,2,12,12
2021-04-18,I1,Bologna,Spezia,2,4,1,10,9,7,5,989.346350149766,933.521891231524,0,0,1,4,0,0,1,4,6,7,14,14,22,22,3,-3,1,-1,2,-2,1,4,5,7,9,10
2021-04-18,I1,Lazio,Benevento,2,5,3,12,16,8,8,1200.66126075055,860.432037506872,8,1,0,0,8,2,0,0,12,5,21,8,41,19,2,-2,-4,4,0,0,3,5,8,8,16,12
2021-04-18,I1,Torino,Roma,2,3,1,23,9,11,4,960.244054705705,1089.54481131551,0,0,0,0,2,1,1,2,7,7,13,14,21,36,2,-2,14,-14,7,-7,1,3,4,11,9,23
2021-04-18,I1,Napoli,Inter,1,1,1,12,10,3,5,1227.25582355268,1470.53139713384,6,5,0,0,6,7,0,0,12,15,22,30,35,53,0,0,2,-2,-2,2,1,1,5,3,10,12
2021-04-20,I1,Verona,Fiorentina,0,1,2,11,7,7,5,944.449422434033,927.010263886981,0,0,3,1,0,0,4,2,3,4,11,8,22,21,-1,1,4,-4,2,-2,2,1,5,7,7,11
2021-04-21,I1,Milan,Sassuolo,0,1,2,18,15,7,7,1228.1890790781,1029.02748551198,1,1,0,0,2,1,0,0,10,7,17,15,39,24,-1,1,3,-3,0,0,2,1,7,7,15,18
2021-04-21,I1,Bologna,Torino,1,1,1,9,18,2,5,1035.19067294762,1019.70960810936,1,1,0,0,1,1,0,0,9,10,14,15,25,24,0,0,-9,9,-3,3,1,1,5,2,18,9
2021-04-21,I1,Crotone,Sampdoria,0,0,1,7,11,4,5,756.436781533847,1016.69386111155,0,0,2,0,0,1,2,5,0,7,3,12,10,28,-1,1,-4,4,-1,1,1,0,5,4,11,7
2021-04-21,I1,Genoa,Benevento,1,2,2,10,8,5,2,979.085923127697,849.58800911787,0,0,0,1,9,0,4,1,5,4,8,7,26,19,0,0,2,-2,3,-3,2,2,2,5,8,10
2021-04-21,I1,Juventus,Parma,2,3,1,14,10,8,4,1245.62064387922,787.705715955738,2,0,0,1,2,0,0,10,7,4,20,7,41,9,2,-2,4,-4,4,-4,1,3,4,8,10,14
2021-04-21,I1,Spezia,Inter,1,1,1,1,15,1,6,887.67756843367,1460.85944739422,2,0,0,0,5,8,0,1,6,13,11,28,22,51,0,0,-14,14,-5,5,1,1,6,1,15,1
2021-04-21,I1,Udinese,Cagliari,0,0,1,14,13,4,5,993.507267196689,853.531154573422,0,0,2,2,0,0,2,3,4,3,12,10,22,13,-1,1,1,-1,-1,1,1,0,5,4,13,14
2021-04-22,I1,Roma,Atalanta,1,1,1,14,22,3,9,1030.07925791186,1342.81283642564,1,2,0,0,1,2,0,0,4,15,14,27,33,46,0,0,-8,8,-6,6,1,1,9,3,22,14
2021-04-22,I1,Napoli,Lazio,2,5,2,10,14,8,4,1236.9277732923,1211.50528913955,0,2,0,0,7,2,1,0,10,15,20,21,36,41,3,-3,-4,4,4,-4,2,5,4,8,14,10
2021-04-24,I1,Genoa,Spezia,2,2,0,11,7,6,1,973.383956683224,902.538741492866,0,0,0,5,10,0,5,5,5,7,8,9,26,22,2,-2,4,-4,5,-5,0,2,1,6,7,11
2021-04-24,I1,Parma,Crotone,0,3,4,15,13,4,5,781.841162040031,744.743975974971,0,0,2,10,0,0,2,16,1,0,7,3,8,9,-1,1,2,-2,-1,1,4,3,5,4,13,15
2021-04-24,I1,Sassuolo,Sampdoria,2,1,0,14,9,8,3,1077.59483775646,1028.38666667042,1,1,0,0,5,2,0,0,10,10,15,12,26,28,1,-1,5,-5,5,-5,0,1,3,8,9,14
2021-04-25,I1,Benevento,Udinese,0,2,4,22,10,9,7,855.289975562342,949.270031757195,0,1,1,0,0,1,9,0,5,3,7,12,19,21,-2,2,12,-12,2,-2,4,2,7,9,10,22
2021-04-25,I1,Fiorentina,Juventus,1,1,1,11,7,6,1,960.615122196942,1251.48519779492,0,0,2,1,0,0,4,2,4,10,11,20,23,41,0,0,4,-4,5,-5,1,1,1,6,7,11
2021-04-25,I1,Inter,Verona,2,1,0,10,12,4,1,1445.99827433502,910.84456412407,12,0,0,1,13,0,0,1,11,3,26,8,49,22,1,-1,-2,2,3,-3,0,1,1,4,12,10
2021-04-25,I1,Cagliari,Roma,2,3,2,10,12,6,7,897.768390012916,1041.54095548099,1,0,0,1,1,0,0,3,6,5,13,12,15,31,1,-1,-2,2,-1,1,2,3,7,6,12,10
2021-04-25,I1,Atalanta,Bologna,2,5,0,26,9,12,3,1331.35113885651,1034.47821501296,5,0,0,1,6,0,0,1,13,7,25,14,44,25,5,-5,17,-17,9,-9,0,5,3,12,9,26
2021-04-26,I1,Torino,Napoli,0,0,2,15,25,6,10,1020.42206604402,1287.47629983182,1,1,0,0,3,1,0,0,8,10,15,23,25,39,-2,2,-10,10,-4,4,2,0,10,6,25,15
2021-04-26,I1,Lazio,Milan,2,3,0,14,15,6,6,1160.95676260003,1179.62172683362,9,4,0,0,9,4,0,0,12,10,18,17,41,38,3,-3,-1,1,0,0,0,3,6,6,15,14
2021-05-01,I1,Verona,Spezia,1,1,1,7,12,6,2,908.03400819539,867.502164324973,0,0,4,6,0,0,5,6,3,4,7,9,21,22,0,0,-5,5,4,-4,1,1,2,6,12,7
2021-05-01,I1,Crotone,Inter,0,0,2,6,23,1,10,780.14782741695,1448.8088302637,0,0,3,0,0,9,3,2,3,11,6,26,12,49,-2,2,-17,17,-9,9,2,0,10,1,23,6
2021-05-01,I1,Milan,Benevento,2,2,0,20,14,11,2,1122.16339590099,823.014567883753,0,0,1,0,0,1,1,2,7,2,17,6,35,16,2,-2,6,-6,9,-9,0,2,2,11,14,20
2021-05-02,I1,Lazio,Genoa,2,4,3,18,10,12,5,1218.41509353267,1008.42053385112,10,0,0,2,10,0,0,2,12,5,21,10,43,29,1,-1,8,-8,7,-7,3,4,5,12,10,18
2021-05-02,I1,Bologna,Fiorentina,1,3,3,11,9,6,4,1011.79499409285,971.564219192937,0,1,0,0,2,1,1,0,4,5,13,9,24,23,0,0,2,-2,2,-2,3,3,4,6,9,11
2021-05-02,I1,Napoli,Cagliari,1,1,1,18,12,6,7,1302.99574802967,942.302902382812,1,1,0,0,8,1,0,0,10,9,23,16,41,17,0,0,6,-6,-1,1,1,1,7,6,12,18
2021-05-02,I1,Sassuolo,Atalanta,1,1,1,12,10,7,9,1105.09266172494,1354.03435977661,2,0,0,0,6,3,0,1,12,13,17,25,29,46,0,0,2,-2,-2,2,1,1,9,7,10,12
2021-05-02,I1,Udinese,Juventus,0,1,2,7,13,2,4,981.545439435784,1240.53610079893,0,0,3,0,0,1,3,3,6,10,14,20,24,42,-1,1,-6,6,-2,2,2,1,4,2,13,7
2021-05-02,I1,Sampdoria,Roma,2,2,0,12,10,9,5,1000.88884270194,997.006443111094,1,0,0,2,1,0,0,4,7,5,12,11,25,31,2,-2,2,-2,4,-4,0,2,5,9,10,12
2021-05-03,I1,Torino,Parma,2,1,0,13,8,5,1,1004.90261784618,746.437310598052,0,0,1,2,0,0,1,11,8,1,14,6,25,8,1,-1,5,-5,4,-4,0,1,1,5,8,13
2021-05-08,I1,Spezia,Napoli,0,1,4,6,13,3,7,869.360302869465,1290.56119726334,0,2,0,0,6,2,1,0,5,11,9,23,23,39,-3,3,-7,7,-4,4,4,1,7,3,13,6
2021-05-08,I1,Udinese,Bologna,1,1,1,9,16,5,4,969.782804712054,1009.9505346659,0,0,4,2,0,0,4,2,6,5,11,11,24,24,0,0,-7,7,1,-1,1,1,4,5,16,9
2021-05-08,I1,Inter,Sampdoria,2,5,1,12,13,7,4,1450.63806679959,1044.25639661624,13,0,0,1,14,0,0,1,11,9,26,15,49,28,4,-4,-1,1,3,-3,1,5,4,7,13,12
2021-05-08,I1,Fiorentina,Lazio,2,2,0,9,8,5,3,973.408678619882,1233.12926108401,0,0,0,1,1,0,5,1,5,12,10,21,21,43,2,-2,1,-1,2,-2,0,2,3,5,8,9
2021-05-09,I1,Genoa,Sassuolo,0,1,2,13,13,5,7,993.706366299775,1114.92856545927,1,2,0,0,11,2,0,0,4,13,10,17,26,27,-1,1,0,0,-2,2,2,1,7,5,13,13
2021-05-09,I1,Benevento,Cagliari,0,1,3,7,7,7,4,809.716174652426,954.737453149142,0,0,2,0,0,2,10,1,1,10,6,14,13,18,-2,2,0,0,3,-3,3,1,4,7,7,7
2021-05-09,I1,Parma,Atalanta,0,2,5,5,18,2,13,734.645613646167,1344.19845604229,0,0,3,0,0,4,3,2,0,11,5,23,8,44,-3,3,-13,13,-11,11,5,2,13,2,18,5
2021-05-09,I1,Verona,Torino,1,1,1,19,6,7,4,906.175869650898,1016.69431479806,0,0,0,0,1,2,6,1,1,10,7,14,22,27,0,0,13,-13,3,-3,1,1,4,7,6,19
2021-05-09,I1,Roma,Crotone,2,5,0,20,7,13,2,953.6388891968,778.318590881065,0,1,0,0,2,1,1,0,4,3,11,6,28,9,5,-5,13,-13,11,-11,0,5,2,13,7,20
2021-05-09,I1,Juventus,Milan,0,0,3,16,11,4,6,1252.29873552266,1135.46178913231,3,0,0,1,3,0,0,1,10,9,20,17,42,35,-3,3,5,-5,-2,2,3,0,6,4,11,16
2021-05-11,I1,Napoli,Udinese,2,5,1,21,5,12,2,1299.42955279871,971.624399334886,0,2,0,0,9,2,1,0,11,7,23,11,42,24,4,-4,16,-16,10,-10,1,5,2,12,5,21
2021-05-12,I1,Cagliari,Fiorentina,1,0,0,7,2,1,0,981.28263347373,1045.05784379921,2,0,0,0,2,2,0,1,13,8,14,13,21,23,0,0,5,-5,1,-1,0,0,0,1,2,7
2021-05-12,I1,Atalanta,Benevento,2,2,0,14,3,4,1,1347.36793634142,783.170994327838,6,0,0,1,7,0,0,3,11,1,23,6,44,13,2,-2,11,-11,3,-3,0,2,1,4,3,14
2021-05-12,I1,Bologna,Genoa,0,0,2,17,12,8,9,1008.10894004307,972.439312224226,0,0,0,3,3,0,2,3,6,4,12,9,24,25,-2,2,5,-5,-1,1,2,0,9,8,12,17
2021-05-12,I1,Inter,Roma,2,3,1,13,17,5,6,1461.98004950618,993.164947582936,14,0,0,3,15,0,0,5,11,4,26,11,49,28,2,-2,-4,4,-1,1,1,3,6,5,17,13
2021-05-12,I1,Lazio,Parma,2,1,0,14,11,6,5,1161.48009590468,731.476133347033,11,0,0,3,11,0,0,12,9,0,21,5,43,8,1,-1,3,-3,1,-1,0,1,5,6,11,14
2021-05-12,I1,Sampdoria,Spezia,1,2,2,14,12,6,7,1032.91441390964,860.491947334091,2,0,0,0,2,1,0,7,9,2,14,9,28,23,0,0,2,-2,-1,1,2,2,7,6,12,14
2021-05-12,I1,Sassuolo,Juventus,0,1,3,17,14,3,8,1136.19561953482,1180.09041507545,0,1,0,0,7,2,1,0,13,7,20,17,30,39,-2,2,3,-3,-5,5,3,1,8,3,14,17
2021-05-12,I1,Torino,Milan,0,0,7,14,14,1,11,1011.76974200606,1207.67010957953,1,1,0,0,1,1,0,0,8,9,15,19,27,35,-7,7,0,0,-10,10,7,0,11,1,14,14
2021-05-13,I1,Crotone,Verona,2,2,1,9,11,4,2,738.792532494929,911.100442442903,0,0,4,2,0,0,4,2,3,2,6,5,9,20,1,-1,-2,2,2,-2,1,2,2,4,11,9
2021-05-15,I1,Genoa,Atalanta,0,3,4,10,14,7,7,1020.78383874472,1350.64908173661,0,1,1,0,0,5,1,0,7,11,12,26,28,44,-1,1,-4,4,0,0,4,3,7,7,14,10
2021-05-15,I1,Spezia,Torino,2,4,1,14,6,11,3,867.83882794201,966.818345299043,0,0,1,0,0,3,2,2,3,5,9,15,21,24,3,-3,8,-8,8,-8,1,4,3,11,6,14
2021-05-15,I1,Juventus,Inter,2,3,2,13,7,7,3,1218.4363827799,1467.5104184185,0,1,1,0,0,10,1,0,10,13,17,26,39,52,1,-1,6,-6,4,-4,2,3,3,7,7,13
2021-05-15,I1,Roma,Lazio,2,2,0,13,10,2,5,987.634578670623,1166.44699872324,1,0,0,2,3,0,0,2,4,9,8,24,25,45,2,-2,3,-3,-3,3,0,2,5,2,10,13
2021-05-16,I1,Fiorentina,Napoli,0,0,2,7,18,3,8,1042.15343437461,1316.40506209719,1,3,0,0,2,3,0,0,9,13,13,23,24,42,-2,2,-11,11,-5,5,2,0,8,3,18,7
2021-05-16,I1,Benevento,Crotone,1,1,1,19,6,11,2,779.889848932649,785.477966045987,0,0,3,1,0,0,11,1,1,6,5,6,10,12,0,0,13,-13,9,-9,1,1,2,11,6,19
2021-05-16,I1,Udinese,Sampdoria,0,0,1,9,15,2,6,954.648890036405,1025.56753330172,0,0,0,2,1,0,5,2,4,7,8,14,24,26,-1,1,-6,6,-4,4,1,0,6,2,15,9
2021-05-16,I1,Parma,Sassuolo,0,1,3,16,15,8,12,726.509230528472,1097.84965183036,0,3,4,0,0,3,4,0,0,10,4,17,8,27,-2,2,1,-1,-4,4,3,1,12,8,15,16
2021-05-16,I1,Milan,Cagliari,1,0,0,20,6,4,2,1252.62150628654,984.187042898324,1,1,0,0,1,3,0,0,9,11,19,14,38,22,0,0,14,-14,2,-2,0,0,2,4,6,20
2021-05-17,I1,Verona,Bologna,1,2,2,11,13,5,5,864.415008891845,959.76441352258,0,0,0,0,2,1,7,3,2,3,5,12,19,23,0,0,-2,2,0,0,2,2,5,5,13,11
2021-05-18,I1,Lazio,Torino,1,0,0,21,6,11,4,1101.81969290157,897.158536225986,12,0,0,1,12,0,0,3,9,4,21,12,42,23,0,0,15,-15,7,-7,0,0,4,11,6,21
2021-05-22,I1,Cagliari,Genoa,0,0,1,16,11,7,5,994.562216017261,1012.44861336287,0,1,0,0,3,1,1,0,9,6,15,11,23,25,-1,1,5,-5,2,-2,1,0,5,7,11,16
2021-05-22,I1,Crotone,Fiorentina,1,0,0,12,11,4,3,785.220645931197,1027.15615167999,1,0,0,0,1,3,0,2,7,6,7,10,13,21,0,0,1,-1,1,-1,0,0,3,4,11,12
2021-05-22,I1,Sampdoria,Parma,2,3,0,12,11,4,1,1051.12491472341,717.255714698243,0,0,0,4,3,0,1,13,7,0,17,1,29,8,3,-3,1,-1,3,-3,0,3,1,4,11,12
2021-05-23,I1,Inter,Udinese,2,5,1,14,8,9,2,1415.83103023265,929.091508614711,15,0,0,1,16,0,0,1,12,4,23,7,51,24,4,-4,6,-6,7,-7,1,5,2,9,8,14
2021-05-23,I1,Atalanta,Milan,0,0,2,11,7,1,3,1358.98430711845,1242.2463331676,7,2,0,0,8,2,0,0,13,10,26,20,46,36,-2,2,4,-4,-2,2,2,0,3,1,7,11
2021-05-23,I1,Bologna,Juventus,0,1,4,18,19,5,11,955.480425959306,1270.11577096575,0,2,1,0,0,3,3,0,3,10,10,20,24,42,-3,3,-1,1,-6,6,4,1,11,5,19,18
2021-05-23,I1,Napoli,Verona,1,1,1,16,7,3,4,1331.40234479181,868.69899645512,1,0,0,3,10,0,0,3,13,3,23,6,42,17,0,0,9,-9,-1,1,1,1,4,3,7,16
2021-05-23,I1,Sassuolo,Lazio,2,2,0,10,9,5,2,1107.10316766059,1093.35216060916,0,0,1,3,0,0,2,3,10,7,20,19,30,40,2,-2,1,-1,3,-3,0,2,2,5,9,10
2021-05-23,I1,Spezia,Roma,1,2,2,18,14,9,10,937.498637015067,1052.2618844923,1,0,0,4,1,0,0,6,5,6,12,11,21,27,0,0,4,-4,-1,1,2,2,10,9,14,18
2021-05-23,I1,Torino,Benevento,1,1,1,12,9,7,3,905.626068518401,780.147169047439,0,0,1,2,0,0,1,4,5,1,13,6,24,11,0,0,3,-3,4,-4,1,1,3,7,9,12
2019-08-24,I1,Parma,Juventus,0,0,1,5,9,4,4,703.333883901222,1285.4385788557,0,3,5,0,0,4,5,0,0,12,1,22,7,42,-1,1,-4,4,0,0,1,0,4,4,9,5
2019-08-24,I1,Fiorentina,Napoli,0,3,4,10,8,6,6,1017.5234549429,1317.48745509824,0,4,1,0,0,4,1,0,6,11,11,21,22,43,-1,1,2,-2,0,0,4,3,6,6,8,10
2019-08-25,I1,Udinese,Milan,2,1,0,11,6,6,0,921.709573698604,1300.30946479536,0,3,1,0,0,3,6,0,1,13,7,20,23,36,1,-1,5,-5,6,-6,0,1,0,6,6,11
2019-08-25,I1,Cagliari,Brescia,0,0,1,9,8,5,3,964.208160260838,1000,0,0,1,0,0,0,2,0,6,0,15,0,23,0,-1,1,1,-1,2,-2,1,0,3,5,8,9
2019-08-25,I1,Roma,Genoa,1,3,3,17,6,9,4,1047.16102128509,1042.80266911929,2,2,0,0,4,2,0,0,7,6,12,11,28,27,0,0,11,-11,5,-5,3,3,4,9,6,17
2019-08-25,I1,Sampdoria,Lazio,0,0,3,12,16,8,10,1065.04674552043,1051.22945901899,1,0,0,4,4,0,0,4,10,4,17,16,29,37,-3,3,-4,4,-2,2,3,0,10,8,16,12
2019-08-25,I1,SPAL,Atalanta,0,2,3,8,18,3,14,1000,1300.9211754907,0,2,0,0,0,6,0,0,0,10,0,23,0,45,-1,1,-10,10,-11,11,3,2,14,3,18,8
2019-08-25,I1,Torino,Sassuolo,2,2,1,7,13,4,9,900.086340330677,1149.22586925076,0,4,0,0,1,4,2,0,3,10,13,22,24,32,1,-1,-6,6,-5,5,1,2,9,4,13,7
2019-08-25,I1,Verona,Bologna,1,1,1,5,14,2,5,882.613886148696,940.15761806936,0,0,0,0,3,2,8,4,4,3,7,7,18,21,0,0,-9,9,-3,3,1,1,5,2,14,5
2019-08-26,I1,Inter,Lecce,2,4,0,16,10,7,4,1423.21296514876,866.493966599439,16,1,0,0,17,2,0,0,12,5,23,9,51,16,4,-4,6,-6,3,-3,0,4,4,7,10,16
2019-08-30,I1,Bologna,SPAL,2,1,0,18,7,9,1,937.531599247821,990.38073038565,0,0,2,0,0,0,4,0,3,0,8,0,22,0,1,-1,11,-11,8,-8,0,1,1,9,7,18
2019-08-31,I1,Milan,Brescia,2,1,0,11,4,6,2,1242.81289129098,1028.71506203611,0,1,0,0,2,1,1,0,10,3,19,3,36,3,1,-1,7,-7,4,-4,0,1,2,6,4,11
2019-08-31,I1,Juventus,Napoli,2,4,3,10,12,8,7,1287.60605938829,1327.15184697539,1,5,0,0,1,5,0,0,12,13,22,24,42,43,1,-1,-2,2,1,-1,3,4,7,8,12,10
2019-09-01,I1,Lazio,Roma,1,1,1,21,8,13,5,1107.92859731907,1046.96032227781,0,0,0,0,13,1,1,7,7,8,16,12,37,26,0,0,13,-13,8,-8,1,1,5,13,8,21
2019-09-01,I1,Atalanta,Torino,0,2,3,19,8,12,6,1310.54044510505,951.769478866212,0,0,1,0,0,1,1,4,12,5,23,13,45,26,-1,1,11,-11,6,-6,3,2,6,12,8,19
2019-09-01,I1,Cagliari,Inter,0,1,2,7,9,3,8,935.493098224728,1428.24264960066,0,0,2,1,0,0,3,1,5,12,15,23,23,53,-1,1,-2,2,-5,5,2,1,8,3,9,7
2019-09-01,I1,Genoa,Fiorentina,2,2,1,18,15,10,7,1043.00336812657,1007.85906306574,0,0,2,0,0,4,2,3,7,5,11,10,25,19,1,-1,3,-3,3,-3,1,2,7,10,15,18
2019-09-01,I1,Lecce,Verona,0,0,1,9,11,3,6,861.464282147538,885.239904970235,0,0,1,0,0,1,3,4,5,4,9,5,16,16,-1,1,-2,2,-3,3,1,0,6,3,11,9
2019-09-01,I1,Sassuolo,Sampdoria,2,4,1,11,8,8,5,1097.54273071522,1008.34760722035,1,1,0,0,1,1,0,0,9,7,22,16,32,26,3,-3,3,-3,3,-3,1,4,5,8,8,11
2019-09-01,I1,Udinese,Parma,0,1,3,17,6,12,3,979.206147202981,701.166403368627,1,0,0,5,1,0,0,14,4,0,10,0,25,7,-2,2,11,-11,9,-9,3,1,3,12,6,17
2019-09-14,I1,Fiorentina,Juventus,1,0,0,15,5,8,4,979.084978140039,1323.23271291832,0,4,2,0,0,5,2,0,2,15,10,22,18,42,0,0,10,-10,4,-4,0,0,4,8,5,15
2019-09-14,I1,Napoli,Sampdoria,2,2,0,19,7,9,2,1291.52519344537,967.515931676649,0,0,0,1,11,0,1,1,10,7,21,16,43,26,2,-2,12,-12,7,-7,0,2,2,9,7,19
2019-09-14,I1,Inter,Udinese,2,1,0,15,6,10,4,1431.78720324566,906.219017891273,17,0,0,2,18,0,0,2,12,3,23,10,53,22,1,-1,9,-9,6,-6,0,1,4,10,6,15
2019-09-15,I1,Genoa,Atalanta,0,1,2,8,11,3,6,1071.77745305228,1253.74174623121,1,3,0,0,1,7,0,0,10,9,14,20,25,45,-1,1,-3,3,-3,3,2,1,6,3,11,8
2019-09-15,I1,Brescia,Bologna,0,3,4,9,17,7,6,1014.26683325864,974.361986175661,0,0,0,0,0,3,0,5,3,5,3,11,3,25,-1,1,-8,8,1,-1,4,3,6,7,17,9
2019-09-15,I1,Parma,Cagliari,0,1,3,14,6,8,4,774.153532680335,931.948544579725,0,0,6,0,0,4,6,1,3,2,3,15,10,22,-2,2,8,-8,4,-4,3,1,4,8,6,14
2019-09-15,I1,SPAL,Lazio,2,2,1,9,11,4,7,953.55034345781,1105.14937345556,0,1,1,0,0,1,1,0,0,5,0,14,0,35,1,-1,-2,2,-3,3,1,2,7,4,11,9
2019-09-15,I1,Roma,Sassuolo,2,4,2,14,10,10,5,1049.73954614133,1138.37440625893,0,0,0,1,5,0,1,1,6,9,10,22,24,34,2,-2,4,-4,5,-5,2,4,5,10,10,14
2019-09-15,I1,Verona,Milan,0,0,1,6,11,2,6,915.053501023925,1257.26112006845,0,0,0,1,4,0,9,1,6,10,8,19,19,36,-1,1,-5,5,-4,4,1,0,6,2,11,6
2019-09-16,I1,Torino,Lecce,0,1,2,12,12,3,5,1008.56817774005,831.650686093848,1,0,0,1,2,0,0,1,8,4,13,8,28,16,-1,1,0,0,-2,2,2,1,5,3,12,12
2019-09-20,I1,Cagliari,Genoa,2,3,1,8,7,4,2,957.152589483608,1055.15594285275,0,0,3,0,0,3,4,1,4,7,15,14,25,22,2,-2,1,-1,2,-2,1,3,2,4,7,8
2019-09-21,I1,Udinese,Brescia,0,0,1,6,5,3,3,903.25640134107,978.60753773214,0,0,1,1,0,0,1,1,3,3,7,3,19,3,-1,1,1,-1,0,0,1,0,3,3,5,6
2019-09-21,I1,Juventus,Verona,2,2,1,12,8,3,8,1311.11125490222,907.21996198173,2,1,0,0,2,2,0,0,13,6,23,8,43,19,1,-1,4,-4,-5,5,1,2,8,3,8,12
2019-09-21,I1,Milan,Inter,0,0,2,7,11,3,9,1265.09465911065,1434.74981979586,1,1,0,0,3,1,0,0,10,12,19,25,36,53,-2,2,-4,4,-6,6,2,0,9,3,11,7
2019-09-22,I1,Sassuolo,SPAL,2,3,0,17,8,8,3,1083.56476802277,998.689660679324,2,0,0,1,2,0,0,1,9,3,19,3,34,3,3,-3,9,-9,5,-5,0,3,3,8,8,17
2019-09-22,I1,Bologna,Roma,0,1,2,5,14,3,7,1010.02128170216,1104.54918437748,1,0,0,0,1,2,0,8,8,9,11,13,25,27,-1,1,-9,9,-4,4,2,1,7,3,14,5
2019-09-22,I1,Lecce,Napoli,0,1,4,8,12,3,10,878.669215066217,1303.28817732546,0,0,2,1,0,0,4,1,6,10,11,23,16,43,-3,3,-4,4,-7,7,4,1,10,3,12,8
2019-09-22,I1,Sampdoria,Torino,2,1,0,10,6,6,1,955.752947796558,961.549648767682,0,1,1,0,0,2,1,0,6,8,13,12,25,27,1,-1,4,-4,5,-5,0,1,1,6,6,10
2019-09-22,I1,Atalanta,Fiorentina,1,2,2,15,6,5,3,1270.36325643073,991.206436156137,0,0,2,1,0,0,2,4,9,2,20,11,47,19,0,0,9,-9,2,-2,2,2,3,5,6,15
2019-09-22,I1,Lazio,Parma,2,2,0,22,3,15,1,1060.01005623405,748.949487776452,0,1,0,0,14,1,2,0,5,3,14,3,32,10,2,-2,19,-19,14,-14,0,2,1,15,3,22
2019-09-24,I1,Verona,Udinese,1,0,0,8,5,4,3,901.519179224579,878.089694845141,0,0,1,3,0,0,10,3,5,3,8,7,16,19,0,0,3,-3,1,-1,0,0,3,4,5,8
2019-09-24,I1,Brescia,Juventus,0,1,2,13,15,3,7,1003.77424422807,1316.81203765937,0,0,1,0,0,6,1,1,6,13,6,23,6,43,-1,1,-2,2,-4,4,2,1,7,3,15,13
2019-09-25,I1,Roma,Atalanta,0,0,2,8,11,4,4,1128.05149247876,1259.70763035963,1,4,0,0,6,8,0,0,9,7,15,20,27,45,-2,2,-3,3,0,0,2,0,4,4,11,8
2019-09-25,I1,Fiorentina,Sampdoria,2,2,1,12,7,8,4,1001.86206222724,988.286794152713,0,0,0,2,1,0,3,2,3,6,9,13,20,25,1,-1,5,-5,4,-4,1,2,4,8,7,12
2019-09-25,I1,Genoa,Bologna,1,0,0,8,14,4,2,999.245125292748,986.518973600881,0,1,1,0,0,4,1,0,7,7,13,10,21,24,0,0,-6,6,2,-2,0,0,2,4,14,8
2019-09-25,I1,Inter,Lazio,2,1,0,9,6,4,4,1458.74557115684,1072.55317072001,18,0,0,1,19,0,0,1,15,7,27,14,53,35,1,-1,3,-3,0,0,0,1,4,4,6,9
2019-09-25,I1,Napoli,Cagliari,0,0,1,17,5,8,1,1311.99754292769,1013.06340704361,1,1,0,0,12,5,0,0,10,6,23,15,46,28,-1,1,12,-12,7,-7,1,0,1,8,5,17
2019-09-25,I1,Parma,Sassuolo,2,1,0,8,8,4,5,736.406373290492,1125.03365182917,0,0,7,2,0,0,7,2,3,9,3,19,10,34,1,-1,0,0,-1,1,0,1,5,4,8,8
2019-09-25,I1,SPAL,Lecce,0,1,3,14,9,7,5,957.220776872931,869.959849463984,1,1,0,0,1,1,0,0,3,3,3,8,3,15,-2,2,5,-5,2,-2,3,1,5,7,9,14
2019-09-26,I1,Torino,Milan,2,2,1,11,16,5,4,929.015802411527,1241.09890774967,0,1,1,0,0,1,1,0,7,9,12,19,26,36,1,-1,-5,5,1,-1,1,2,4,5,16,11
2019-09-28,I1,Juventus,SPAL,2,2,0,17,4,10,1,1325.8750103634,902.573918117741,3,0,0,2,3,0,0,2,13,3,25,3,45,3,2,-2,13,-13,9,-9,0,2,1,10,4,17
2019-09-28,I1,Sampdoria,Inter,0,1,3,15,11,2,7,957.536486653004,1464.99805148986,1,2,0,0,1,2,0,0,3,15,13,27,25,53,-2,2,4,-4,-5,5,3,1,7,2,11,15
2019-09-28,I1,Sassuolo,Atalanta,0,1,4,9,10,7,8,1067.20750193752,1287.69827245449,3,5,0,0,3,9,0,0,6,10,16,20,33,45,-3,3,-1,1,-1,1,4,1,8,7,10,9
2019-09-29,I1,Napoli,Brescia,2,2,1,16,7,7,3,1257.71067788569,994.711271524038,0,1,1,0,0,1,1,0,9,6,20,6,43,6,1,-1,9,-9,4,-4,1,2,3,7,7,16
2019-09-29,I1,Lazio,Genoa,2,4,0,13,12,11,6,1066.30069038698,998.659326308686,1,0,0,1,15,0,0,2,7,5,11,11,32,21,4,-4,1,-1,5,-5,0,4,6,11,12,13
2019-09-29,I1,Lecce,Roma,0,0,1,10,13,6,6,924.606708219174,1100.06085038391,0,1,3,0,0,3,5,0,6,8,11,15,15,26,-1,1,-3,3,0,0,1,0,6,6,13,10
2019-09-29,I1,Udinese,Bologna,2,1,0,9,10,4,4,879.167029893387,987.104772584943,0,0,2,0,0,5,2,1,4,8,5,11,19,24,1,-1,-1,1,0,0,0,1,4,4,10,9
2019-09-29,I1,Cagliari,Verona,1,1,1,10,11,5,5,1067.35027208561,900.441844176334,1,0,0,1,1,0,0,1,9,5,15,9,31,16,0,0,-1,1,0,0,1,1,5,5,11,10
2019-09-29,I1,Milan,Fiorentina,0,1,3,7,13,3,8,1186.20471835487,1032.61236972695,0,0,1,0,0,1,1,5,6,5,19,11,36,20,-2,2,-6,6,-5,5,3,1,8,3,13,7
2019-09-30,I1,Parma,Torino,2,3,2,13,6,7,5,794.232523182138,983.909991806334,1,0,0,1,1,0,0,1,6,9,6,12,12,26,1,-1,7,-7,2,-2,2,3,5,7,6,13
2019-10-05,I1,SPAL,Parma,2,1,0,12,5,7,2,895.520266319775,842.151494823653,0,0,1,1,0,0,1,1,3,9,3,9,3,14,1,-1,7,-7,5,-5,0,1,2,7,5,12
2019-10-05,I1,Verona,Sampdoria,2,2,0,6,9,4,3,907.586880309747,953.052811624736,0,0,0,3,1,0,11,3,5,3,9,10,16,25,2,-2,-3,3,1,-1,0,2,3,4,9,6
2019-10-05,I1,Genoa,Milan,0,1,2,11,9,6,7,946.558017490159,1124.13029650651,0,0,0,1,1,0,2,1,4,6,11,16,21,33,-1,1,2,-2,-1,1,2,1,7,6,9,11
2019-10-06,I1,Fiorentina,Udinese,2,1,0,8,5,4,1,1094.68679157531,920.800511928458,1,0,0,0,2,1,0,4,8,4,13,8,23,19,1,-1,3,-3,3,-3,0,1,1,4,5,8
2019-10-06,I1,Atalanta,Lecce,2,3,1,26,5,14,2,1311.62523093374,907.519938034515,0,2,0,0,1,2,3,0,10,6,22,11,45,15,2,-2,21,-21,12,-12,1,3,2,14,5,26
2019-10-06,I1,Bologna,Lazio,1,2,2,17,8,10,6,945.471290549872,1118.40199920551,0,0,1,2,0,0,1,2,7,7,10,14,21,35,0,0,9,-9,4,-4,2,2,6,10,8,17
2019-10-06,I1,Roma,Cagliari,1,1,1,17,6,8,3,1117.14762056856,1060.2052359522,0,2,1,0,0,6,1,0,10,10,18,15,29,29,0,0,11,-11,5,-5,1,1,3,8,6,17
2019-10-06,I1,Torino,Napoli,1,0,0,11,10,6,3,935.991020164819,1269.25337808839,1,1,0,0,1,1,0,0,6,9,11,22,26,45,0,0,1,-1,3,-3,0,0,3,6,10,11
2019-10-06,I1,Inter,Juventus,0,1,2,6,8,4,6,1469.48172651813,1332.92866216137,19,1,0,0,20,7,0,0,15,13,27,25,53,45,-1,1,-2,2,-2,2,2,1,6,4,8,6
2019-10-19,I1,Lazio,Atalanta,1,3,3,12,18,5,9,1111.03666054125,1319.42967876966,2,6,0,0,16,10,0,0,7,13,12,22,36,45,0,0,-6,6,-4,4,3,3,9,5,18,12
2019-10-19,I1,Napoli,Verona,2,2,0,13,14,7,6,1257.35061697674,957.151232396901,1,0,0,0,1,1,0,2,10,5,20,11,43,16,2,-2,-1,1,1,-1,0,2,6,7,14,13
2019-10-19,I1,Juventus,Bologna,2,2,1,13,7,11,4,1376.89571978773,952.836629214133,4,0,0,1,4,0,0,2,13,5,28,10,45,22,1,-1,6,-6,7,-7,1,2,4,11,7,13
2019-10-20,I1,Sassuolo,Inter,0,3,4,7,10,4,7,1043.28054345827,1425.51466889176,0,3,1,0,0,3,1,0,6,12,15,24,32,50,-1,1,-3,3,-3,3,4,3,7,4,10,7
2019-10-20,I1,Cagliari,SPAL,2,2,0,13,8,7,5,1062.80430005606,922.643119879953,0,0,0,3,2,0,1,3,11,6,13,6,27,6,2,-2,5,-5,2,-2,0,2,5,7,8,13
2019-10-20,I1,Sampdoria,Roma,1,0,0,7,5,2,1,903.488459537582,1114.5485564647,0,2,1,0,0,4,1,0,3,10,10,16,24,27,0,0,2,-2,1,-1,0,0,1,2,5,7
2019-10-20,I1,Udinese,Torino,2,1,0,10,8,6,5,903.600462490956,947.893781276476,1,0,0,2,1,0,0,2,4,4,7,12,18,27,1,-1,2,-2,1,-1,0,1,5,6,8,10
2019-10-20,I1,Parma,Genoa,2,5,1,15,11,7,6,815.028641263475,929.623528936419,2,0,0,2,2,0,0,3,6,1,9,11,14,20,4,-4,4,-4,1,-1,1,5,6,7,11,15
2019-10-20,I1,Milan,Lecce,1,2,2,18,11,8,7,1141.06478506025,899.715490198592,0,0,2,1,0,0,2,1,6,6,16,10,35,15,0,0,7,-7,1,-1,2,2,7,8,11,18
2019-10-21,I1,Brescia,Fiorentina,1,0,0,3,10,1,6,983.168571321338,1111.88684101281,0,1,2,0,0,2,2,0,3,11,6,13,6,26,0,0,-7,7,-5,5,0,0,6,1,10,3
2019-10-25,I1,Verona,Sassuolo,0,0,1,7,9,5,5,943.920924745744,1036.89833090898,1,0,0,3,2,0,0,3,5,3,11,12,16,32,-1,1,-2,2,0,0,1,0,5,5,9,7
2019-10-26,I1,Lecce,Juventus,1,1,1,9,16,5,6,909.33095831932,1382.02168955173,0,2,4,0,0,8,6,0,4,15,10,28,16,45,0,0,-7,7,-1,1,1,1,6,5,16,9
2019-10-26,I1,Inter,Parma,1,2,2,16,10,7,5,1431.89688144105,900.067276072606,0,0,1,2,0,0,1,2,12,9,24,12,50,16,0,0,6,-6,2,-2,2,2,5,7,10,16
2019-10-26,I1,Genoa,Brescia,2,3,1,12,4,11,2,844.584894127289,988.839168645334,0,0,1,1,0,0,3,1,1,4,8,7,20,7,2,-2,8,-8,9,-9,1,3,2,11,4,12
2019-10-27,I1,Bologna,Sampdoria,2,2,1,10,5,6,3,947.710659450137,912.166069565189,0,0,0,4,1,0,2,4,2,4,10,10,22,24,1,-1,5,-5,3,-3,1,2,3,6,5,10
2019-10-27,I1,Atalanta,Udinese,2,7,1,23,6,16,3,1310.83912516616,939.658069221933,1,0,0,1,2,0,0,5,11,7,20,10,46,18,6,-6,17,-17,13,-13,1,7,3,16,6,23
2019-10-27,I1,SPAL,Napoli,1,1,1,5,9,3,4,895.577192839519,1270.58092462789,1,0,0,0,1,2,0,1,3,10,6,20,6,43,0,0,-4,4,-1,1,1,1,4,3,9,5
2019-10-27,I1,Torino,Cagliari,1,1,1,8,10,5,5,911.836174545499,1089.87022709649,0,0,0,0,2,7,1,1,4,11,12,15,24,29,0,0,-2,2,0,0,1,1,5,5,10,8
2019-10-27,I1,Roma,Milan,2,2,1,10,8,5,4,1105.8709464371,1131.44931693952,0,1,0,0,1,1,2,0,8,4,17,14,25,33,1,-1,2,-2,1,-1,1,2,4,5,8,10
2019-10-27,I1,Fiorentina,Lazio,0,1,2,9,11,3,8,1106.21624368881,1119.62721414476,2,0,0,0,3,1,0,3,11,8,13,13,26,34,-1,1,-2,2,-5,5,2,1,8,3,11,9
2019-10-29,I1,Parma,Verona,0,0,1,15,6,7,2,914.636063324311,920.285724473409,3,0,0,1,3,0,0,3,10,5,13,10,14,16,-1,1,9,-9,5,-5,1,0,2,7,6,15
2019-10-29,I1,Brescia,Inter,0,1,2,6,6,5,2,927.750918089316,1417.32809418934,0,4,0,0,1,4,3,0,4,10,7,25,7,48,-1,1,0,0,3,-3,2,1,2,5,6,6
2019-10-30,I1,Napoli,Atalanta,1,2,2,15,12,11,6,1257.89361257866,1328.38412158406,2,0,0,0,2,11,0,1,8,13,18,20,41,46,0,0,3,-3,5,-5,2,2,6,11,12,15
2019-10-30,I1,Cagliari,Bologna,2,3,2,12,6,5,3,1082.32092976588,976.448255706719,1,0,0,2,3,0,0,3,9,5,15,12,30,22,1,-1,6,-6,2,-2,2,3,3,5,6,12
2019-10-30,I1,Juventus,Genoa,2,2,1,18,7,11,3,1367.99749653167,905.673144683308,5,0,0,3,5,0,0,4,13,4,26,11,46,22,1,-1,11,-11,8,-8,1,2,3,11,7,18
2019-10-30,I1,Lazio,Torino,2,4,0,16,6,8,3,1150.39263121347,919.385471876107,0,0,0,3,17,0,1,3,8,5,15,12,34,25,4,-4,10,-10,5,-5,0,4,3,8,6,16
2019-10-30,I1,Sampdoria,Lecce,1,1,1,15,9,6,4,883.428473308607,923.355151339375,0,0,0,0,1,1,2,2,1,5,7,8,24,17,0,0,6,-6,2,-2,1,1,4,6,9,15
2019-10-30,I1,Sassuolo,Fiorentina,0,1,2,6,10,5,8,1060.53353118132,1075.4508266201,0,0,2,0,0,3,2,1,6,10,15,13,32,23,-1,1,-4,4,-3,3,2,1,8,5,10,6
2019-10-30,I1,Udinese,Roma,0,0,4,8,10,5,6,922.113072804028,1140.22255440548,2,0,0,0,2,5,0,1,7,8,10,17,17,28,-4,4,-2,2,-1,1,4,0,6,5,10,8
2019-10-31,I1,Milan,SPAL,2,1,0,10,5,6,2,1097.09770897113,908.264504888755,0,0,0,4,1,0,3,4,4,4,13,7,33,7,1,-1,5,-5,4,-4,0,1,2,6,5,10
2019-11-02,I1,Roma,Napoli,2,2,1,13,12,7,6,1168.82867077174,1261.09600006263,1,0,0,0,2,3,0,2,11,9,19,18,31,39,1,-1,1,-1,1,-1,1,2,6,7,12,13
2019-11-02,I1,Bologna,Inter,0,1,2,8,11,3,9,953.908467492358,1420.93429111102,1,5,0,0,2,5,0,0,4,10,12,25,19,48,-1,1,-3,3,-6,6,2,1,9,3,11,8
2019-11-02,I1,Torino,Juventus,0,0,1,7,14,4,10,892.398080717154,1372.17623047263,0,0,0,0,3,9,2,1,2,13,11,26,24,48,-1,1,-7,7,-6,6,1,0,10,4,14,7
2019-11-03,I1,Atalanta,Cagliari,0,0,2,11,12,3,8,1325.18173410009,1104.86071798024,2,0,0,0,3,8,0,2,11,9,21,18,44,33,-2,2,-1,1,-5,5,2,0,8,3,12,11
2019-11-03,I1,Genoa,Udinese,0,1,3,10,13,2,5,901.494410742348,893.506956437763,1,0,0,2,1,0,0,6,3,6,8,10,19,17,-2,2,-3,3,-3,3,3,1,5,2,13,10
2019-11-03,I1,Lecce,Sassuolo,1,2,2,7,12,4,5,921.524511377551,1029.90662122782,0,1,0,0,1,1,7,0,3,3,9,12,18,32,0,0,-5,5,-1,1,2,2,5,4,12,7
2019-11-03,I1,Verona,Brescia,2,2,1,11,11,6,5,951.76541731098,924.144721167635,0,0,1,2,0,0,1,2,7,1,12,7,19,7,1,-1,0,0,1,-1,1,2,5,6,11,11
2019-11-03,I1,Fiorentina,Parma,1,1,1,15,7,4,3,1106.0777365736,883.15637048674,0,0,1,0,0,1,1,3,10,7,15,13,26,14,0,0,8,-8,1,-1,1,1,3,4,7,15
2019-11-03,I1,Milan,Lazio,0,1,2,9,8,4,7,1113.23732416437,1177.38002237242,1,1,0,0,2,2,0,0,7,11,13,18,33,34,-1,1,1,-1,-3,3,2,1,7,4,8,9
2019-11-04,I1,SPAL,Sampdoria,0,0,1,7,9,2,4,892.124889695523,885.259113270431,0,0,0,5,2,0,1,5,4,2,7,5,7,22,-1,1,-2,2,-2,2,1,0,4,2,9,7
2019-11-08,I1,Sassuolo,Bologna,2,3,1,13,9,8,7,1025.0712781361,949.834206557198,0,0,3,3,0,0,3,4,4,4,10,11,32,19,2,-2,4,-4,1,-1,1,3,7,8,9,13
2019-11-09,I1,Brescia,Torino,0,0,4,5,12,3,7,894.683335489446,888.595054786148,0,0,1,4,0,0,4,4,1,2,7,8,7,21,-4,4,-7,7,-4,4,4,0,7,3,12,5
2019-11-09,I1,Inter,Verona,2,2,1,19,5,13,2,1425.00855204618,981.226802989168,0,1,0,0,1,1,2,0,10,9,25,14,48,19,1,-1,14,-14,11,-11,1,2,2,13,5,19
2019-11-09,I1,Napoli,Genoa,1,0,0,13,8,8,3,1220.7921645034,856.6286950114,0,0,0,4,3,0,1,5,6,3,15,7,39,18,0,0,5,-5,5,-5,0,0,3,8,8,13
2019-11-10,I1,Cagliari,Fiorentina,2,5,2,12,10,8,7,1173.31775891567,1097.02171920897,2,1,0,0,4,4,0,0,11,8,21,16,36,26,3,-3,2,-2,1,-1,2,5,7,8,10,12
2019-11-10,I1,Lazio,Lecce,2,4,2,17,18,7,10,1203.53847824092,926.359854469264,1,0,0,0,18,2,0,3,11,4,18,10,34,19,2,-2,-1,1,-3,3,2,4,10,7,18,17
2019-11-10,I1,Sampdoria,Atalanta,1,0,0,5,7,2,3,917.89139234701,1256.72469316467,0,0,0,0,2,12,3,2,5,8,8,18,24,41,0,0,-2,2,-1,1,0,0,3,2,7,5
2019-11-10,I1,Udinese,SPAL,1,0,0,11,10,4,4,938.372672168711,859.492610618945,0,0,1,5,0,0,1,5,6,4,10,7,20,7,0,0,1,-1,0,0,0,0,4,4,10,11
2019-11-10,I1,Parma,Roma,2,2,0,13,10,8,7,892.212387851375,1209.13250633097,0,1,1,0,0,6,1,0,5,11,14,21,14,33,2,-2,3,-3,1,-1,0,2,7,8,10,13
2019-11-10,I1,Juventus,Milan,2,1,0,11,10,5,7,1375.97925640364,1087.07886829587,6,0,0,1,6,0,0,1,13,7,26,13,48,32,1,-1,1,-1,-2,2,0,1,7,5,10,11
2019-11-23,I1,Atalanta,Juventus,0,1,3,14,11,9,5,1244.70872165167,1386.17789683273,0,1,1,0,0,10,1,0,6,13,19,26,39,48,-2,2,3,-3,4,-4,3,1,5,9,11,14
2019-11-23,I1,Milan,Napoli,1,1,1,11,12,4,6,1076.88022786678,1208.29480775011,0,0,1,1,0,0,1,3,4,6,10,16,29,37,0,0,-1,1,-2,2,1,1,6,4,12,11
2019-11-23,I1,Torino,Inter,0,0,3,5,6,2,5,954.228185069876,1429.62405181194,0,6,1,0,0,6,3,0,4,13,8,25,21,48,-3,3,-1,1,-3,3,3,0,5,2,6,5
2019-11-24,I1,Bologna,Parma,1,2,2,11,11,7,7,915.328219730532,967.742744402906,0,0,1,0,0,2,1,4,3,8,8,14,19,17,0,0,0,0,0,0,2,2,7,7,11,11
2019-11-24,I1,Roma,Brescia,2,3,0,14,5,6,2,1133.60214977944,829.050205205718,2,0,0,3,3,0,0,3,10,1,20,4,30,7,3,-3,9,-9,4,-4,0,3,2,6,5,14
2019-11-24,I1,Sassuolo,Lazio,0,1,2,5,10,2,6,1059.57726496277,1218.32743380565,1,2,0,0,1,3,0,0,7,13,13,20,35,34,-1,1,-5,5,-4,4,2,1,6,2,10,5
2019-11-24,I1,Verona,Fiorentina,2,1,0,13,7,8,2,976.61130322341,1054.27628569325,1,0,0,1,1,0,0,1,6,5,11,16,19,26,1,-1,6,-6,6,-6,0,1,2,8,7,13
2019-11-24,I1,Sampdoria,Udinese,2,2,1,19,5,13,2,929.907363860006,934.801263912237,0,1,0,0,3,1,4,0,6,7,9,11,25,21,1,-1,14,-14,11,-11,1,2,2,13,5,19
2019-11-25,I1,Lecce,Cagliari,1,2,2,17,6,8,2,911.570898904535,1216.06319243138,0,1,0,0,2,9,8,0,4,13,10,24,18,39,0,0,11,-11,6,-6,2,2,2,8,6,17
2019-11-25,I1,SPAL,Genoa,1,1,1,13,13,7,6,863.064018875419,869.126051764688,0,0,1,0,0,1,2,6,2,4,8,5,8,19,0,0,0,0,1,-1,1,1,6,7,13,13
2019-11-30,I1,Brescia,Atalanta,0,0,3,9,19,5,12,812.946878165405,1217.7834990911,0,0,2,0,0,13,5,3,0,5,4,16,7,36,-3,3,-10,10,-7,7,3,0,12,5,19,9
2019-11-30,I1,Genoa,Torino,0,0,1,5,10,3,3,868.846913158921,947.591909340692,0,1,1,0,0,1,1,0,5,4,6,8,20,20,-1,1,-5,5,0,0,1,0,3,3,10,5
2019-11-30,I1,Fiorentina,Lecce,0,0,1,13,6,6,6,1015.23988878575,922.844672731658,0,0,0,1,1,0,2,4,4,4,15,8,26,19,-1,1,7,-7,0,0,1,0,6,6,6,13
2019-12-01,I1,Juventus,Sassuolo,1,2,2,17,8,9,4,1413.10311939329,1041.25951687175,7,0,0,0,7,2,0,1,13,7,28,10,51,32,0,0,9,-9,5,-5,2,2,4,9,8,17
2019-12-01,I1,Inter,SPAL,2,2,1,16,8,10,3,1436.26032754112,863.343157481185,1,0,0,0,2,1,0,6,13,3,25,6,50,9,1,-1,8,-8,7,-7,1,2,3,10,8,16
2019-12-01,I1,Lazio,Udinese,2,3,0,15,4,6,0,1236.64518189667,902.350548868224,2,0,0,1,19,0,0,1,15,4,23,11,37,18,3,-3,11,-11,6,-6,0,3,0,6,4,15
2019-12-01,I1,Parma,Milan,0,0,1,6,19,0,8,965.347112946949,1082.65909817344,1,0,0,2,1,0,0,2,6,4,15,8,18,27,-1,1,-13,13,-8,8,1,0,8,0,19,6
2019-12-01,I1,Napoli,Bologna,0,1,2,20,9,5,6,1202.51593744345,917.723851186489,0,0,0,4,4,0,2,5,4,4,14,6,37,17,-1,1,11,-11,-1,1,2,1,6,5,9,20
2019-12-01,I1,Verona,Roma,0,1,3,7,12,3,5,1015.64770013091,1149.70547681975,2,0,0,1,2,0,0,1,9,12,14,20,22,33,-2,2,-5,5,-2,2,3,1,5,3,12,7
2019-12-02,I1,Cagliari,Sampdoria,2,4,3,12,9,8,5,1204.78941860426,962.358078904019,3,1,0,0,5,1,0,0,11,8,22,12,37,25,1,-1,3,-3,3,-3,3,4,5,8,9,12
2019-12-06,I1,Inter,Roma,1,0,0,9,6,2,2,1438.5413309366,1177.43329626818,2,1,0,0,3,1,0,0,15,12,25,20,52,35,0,0,3,-3,0,0,0,0,2,2,6,9
2019-12-07,I1,Atalanta,Verona,2,3,2,21,7,10,2,1227.45022454965,987.919880682485,0,0,2,1,0,0,2,1,5,9,18,14,38,22,1,-1,14,-14,8,-8,2,3,2,10,7,21
2019-12-07,I1,Udinese,Napoli,1,1,1,5,12,1,3,888.458433248041,1148.91897089094,0,0,0,0,1,1,2,4,4,3,11,11,18,34,0,0,-7,7,-2,2,1,1,3,1,12,5
2019-12-07,I1,Lazio,Juventus,2,3,1,12,8,8,5,1250.53729751685,1400.4702215816,3,2,0,0,20,11,0,0,15,13,23,26,37,49,2,-2,4,-4,3,-3,1,3,5,8,8,12
2019-12-08,I1,Lecce,Genoa,1,2,2,22,14,5,4,963.159492891019,843.977908476774,0,0,0,0,3,2,9,7,6,2,11,6,19,19,0,0,8,-8,1,-1,2,2,4,5,14,22
2019-12-08,I1,Sassuolo,Cagliari,1,2,2,9,4,3,3,1053.89241468344,1217.49493480771,0,0,1,0,0,10,1,1,5,13,11,22,30,37,0,0,5,-5,0,0,2,2,3,3,4,9
2019-12-08,I1,SPAL,Brescia,0,0,1,18,12,4,7,861.062154085704,803.280152706862,0,0,0,4,1,0,3,4,2,0,6,4,9,7,-1,1,6,-6,-3,3,1,0,7,4,12,18
2019-12-08,I1,Torino,Fiorentina,2,2,1,10,15,5,5,972.46091402284,974.925068626392,0,0,2,2,0,0,4,2,6,4,11,14,23,23,1,-1,-5,5,0,0,1,2,5,5,15,10
2019-12-08,I1,Sampdoria,Parma,0,0,1,18,10,6,2,949.652562700566,943.75923218415,1,0,0,0,4,3,0,5,8,5,9,15,22,18,-1,1,8,-8,4,-4,1,0,2,6,10,18
2019-12-08,I1,Bologna,Milan,0,2,3,11,11,4,7,971.320817739001,1104.24697893624,0,1,0,0,1,1,2,0,4,7,9,11,19,30,-1,1,0,0,-3,3,3,2,7,4,11,11
2019-12-14,I1,Brescia,Lecce,2,3,0,13,11,9,4,840.553542218581,957.876585675134,0,1,3,0,0,1,6,0,3,6,4,9,10,20,3,-3,2,-2,5,-5,0,3,4,9,11,13
2019-12-14,I1,Napoli,Parma,0,1,2,22,7,9,5,1138.75977945246,976.301975931859,0,1,1,0,0,4,3,0,3,8,12,15,32,21,-1,1,15,-15,4,-4,2,1,5,9,7,22
2019-12-14,I1,Genoa,Sampdoria,0,0,1,5,2,1,1,849.260815692659,917.109818952857,0,0,2,1,0,0,2,1,3,7,6,9,17,22,-1,1,3,-3,0,0,1,0,1,1,2,5
2019-12-15,I1,Verona,Torino,1,3,3,12,12,8,8,975.043454414185,1004.68786724371,0,2,1,0,0,2,1,0,6,9,13,11,22,23,0,0,0,0,0,0,3,3,8,8,12,12
2019-12-15,I1,Bologna,Atalanta,2,2,1,8,15,5,7,950.999427883248,1240.32665081795,0,1,1,0,0,14,3,0,4,7,8,18,19,38,1,-1,-7,7,-2,2,1,2,7,5,15,8
2019-12-15,I1,Juventus,Udinese,2,3,1,14,9,12,7,1338.77970668571,898.617624686519,0,0,0,2,8,0,1,2,10,5,23,11,48,16,2,-2,5,-5,5,-5,1,3,7,12,9,14
2019-12-15,I1,Milan,Sassuolo,1,0,0,17,10,12,6,1124.568368792,1060.91505198938,0,0,0,0,1,3,2,2,7,6,14,9,33,28,0,0,7,-7,6,-6,0,0,6,12,10,17
2019-12-15,I1,Roma,SPAL,2,3,1,18,5,13,3,1187.61026340521,823.788764573986,3,0,0,1,4,0,0,7,10,2,21,6,36,9,2,-2,13,-13,10,-10,1,3,3,13,5,18
2019-12-15,I1,Fiorentina,Inter,1,1,1,10,7,5,5,942.698115405519,1428.36436379958,0,7,1,0,0,7,3,0,1,13,11,23,22,50,0,0,3,-3,0,0,1,1,5,5,7,10
2019-12-16,I1,Cagliari,Lazio,0,1,2,9,13,4,7,1210.47229750177,1312.22781241275,4,3,0,0,6,4,0,0,11,15,20,26,35,37,-1,1,-4,4,-3,3,2,1,7,4,13,9
2019-12-18,I1,Sampdoria,Juventus,0,1,2,13,10,4,4,942.938940877367,1345.22887953002,0,0,1,1,0,0,1,1,7,10,12,23,22,48,-1,1,3,-3,0,0,2,1,4,4,10,13
2019-12-18,I1,Brescia,Sassuolo,0,0,2,15,11,6,6,912.83010995721,1063.8140326346,1,0,0,0,1,4,0,3,6,6,7,10,13,26,-2,2,4,-4,0,0,2,0,6,6,11,15
2019-12-20,I1,Fiorentina,Roma,0,1,4,7,8,4,6,956.856326087473,1197.22820709419,0,0,0,0,1,2,4,1,1,10,9,21,22,39,-3,3,-1,1,-2,2,4,1,6,4,8,7
2019-12-21,I1,Udinese,Cagliari,2,2,1,9,13,2,2,892.168451842202,1187.58524633731,0,0,0,0,2,11,3,2,2,8,8,19,16,34,1,-1,-4,4,0,0,1,2,2,2,13,9
2019-12-21,I1,Inter,Genoa,2,4,0,12,7,9,4,1414.20615311762,823.431693768149,0,0,0,0,4,3,1,8,11,3,21,6,48,17,4,-4,5,-5,5,-5,0,4,4,9,7,12
2019-12-21,I1,Torino,SPAL,0,1,2,7,7,6,4,1003.32599483339,814.170820885003,1,0,0,2,1,0,0,8,10,2,12,6,23,9,-1,1,0,0,2,-2,2,1,4,6,7,7
2019-12-22,I1,Atalanta,Milan,2,5,0,14,4,12,1,1186.5042434069,1121.66938814678,1,2,0,0,1,2,0,0,7,8,15,15,37,31,5,-5,10,-10,11,-11,0,5,1,12,4,14
2019-12-22,I1,Lecce,Bologna,0,2,3,7,19,3,16,885.600017936505,1004.82183529429,0,1,0,0,4,1,10,0,5,7,9,11,20,21,-1,1,-12,12,-13,13,3,2,16,3,19,7
2019-12-22,I1,Parma,Brescia,1,1,1,13,11,6,4,1022.26200641777,886.915988033103,0,1,1,0,0,1,1,0,10,6,15,7,24,13,0,0,2,-2,2,-2,1,1,4,6,11,13
2019-12-22,I1,Sassuolo,Napoli,0,1,2,12,14,5,11,1089.7281545587,1092.79974896655,0,0,0,0,1,2,2,5,6,3,13,9,28,31,-1,1,-2,2,-6,6,2,1,11,5,14,12
2020-01-05,I1,Brescia,Lazio,0,1,2,4,15,3,7,892.851642313338,1335.1148635772,0,4,1,0,0,5,1,0,7,15,7,26,14,40,-1,1,-11,11,-4,4,2,1,7,3,15,4
2020-01-05,I1,SPAL,Verona,0,0,2,12,14,2,9,862.053565123341,976.405326824506,0,0,1,2,0,0,4,2,4,4,6,13,12,22,-2,2,-2,2,-7,7,2,0,9,2,14,12
2020-01-05,I1,Genoa,Sassuolo,2,2,1,10,6,7,3,819.268497560826,1058.01105148823,0,1,3,0,0,5,3,0,2,6,6,13,17,25,1,-1,4,-4,4,-4,1,2,3,7,6,10
2020-01-05,I1,Roma,Torino,0,0,2,25,9,11,6,1219.0862959572,955.443250595054,4,0,0,0,5,3,0,1,13,7,23,11,39,23,-2,2,16,-16,5,-5,2,0,6,11,9,25
2020-01-06,I1,Bologna,Fiorentina,1,1,1,12,7,7,4,1026.2527193811,934.998237224468,1,0,0,3,1,0,0,3,10,1,13,6,23,19,0,0,5,-5,3,-3,1,1,4,7,7,12
2020-01-06,I1,Atalanta,Parma,2,5,0,18,3,11,1,1246.83884013344,1016.32635213754,2,2,0,0,2,5,0,0,9,8,15,16,37,25,5,-5,15,-15,10,-10,0,5,1,11,3,18
2020-01-06,I1,Juventus,Cagliari,2,4,0,15,5,11,3,1350.97771362561,1133.46637865855,1,0,0,1,9,0,0,3,10,5,23,18,51,31,4,-4,10,-10,8,-8,0,4,3,11,5,15
2020-01-06,I1,Milan,Sampdoria,1,0,0,14,6,12,4,1061.33479142025,937.190106781782,0,1,0,0,2,1,3,0,8,6,12,12,28,22,0,0,8,-8,8,-8,0,0,4,12,6,14
2020-01-06,I1,Lecce,Udinese,0,0,1,10,7,6,4,864.169133849699,946.287319520971,0,0,1,3,0,0,11,3,5,4,9,11,19,18,-1,1,3,-3,2,-2,1,0,4,6,7,10
2020-01-06,I1,Napoli,Inter,0,1,3,18,9,8,8,1124.51685203701,1418.36934932495,0,0,2,0,0,8,4,1,5,11,11,24,31,48,-2,2,9,-9,0,0,3,1,8,8,9,18
2020-01-11,I1,Cagliari,Milan,0,0,2,6,8,2,4,1104.78353298204,1055.84921222184,0,0,1,1,0,0,1,1,4,8,15,12,30,26,-2,2,-2,2,-2,2,2,0,4,2,8,6
2020-01-11,I1,Lazio,Napoli,2,1,0,7,11,6,7,1339.76793972452,1110.87081873285,4,1,0,0,21,3,0,0,15,4,28,8,40,28,1,-1,-4,4,-1,1,0,1,7,6,11,7
2020-01-11,I1,Inter,Atalanta,1,1,1,8,12,5,7,1432.01538262911,1277.8620976672,1,0,0,1,5,0,0,1,11,12,24,17,48,37,0,0,-4,4,-2,2,1,1,7,5,12,8
2020-01-12,I1,Udinese,Sassuolo,2,3,0,13,10,9,5,970.86171687701,1006.93418571105,1,0,0,1,3,0,0,1,7,5,11,10,21,25,3,-3,3,-3,4,-4,0,3,5,9,10,13
2020-01-12,I1,Fiorentina,SPAL,2,1,0,11,9,5,3,939.106619708895,832.131247811248,0,1,1,0,0,1,5,0,2,3,6,6,19,12,1,-1,2,-2,2,-2,0,1,3,5,9,11
2020-01-12,I1,Sampdoria,Brescia,2,5,1,22,9,11,5,942.675685980186,888.198566166019,0,0,2,0,0,2,2,1,4,7,12,7,22,14,4,-4,13,-13,6,-6,1,5,5,11,9,22
2020-01-12,I1,Torino,Bologna,2,1,0,4,10,3,7,1027.38661809432,1022.14433689667,0,2,1,0,0,2,1,0,10,10,14,14,26,24,1,-1,-6,6,-4,4,0,1,7,3,10,4
2020-01-12,I1,Verona,Genoa,2,2,1,11,3,9,3,1006.3276441366,870.345363338007,0,0,0,1,1,0,2,9,7,4,13,9,24,17,1,-1,8,-8,6,-6,1,2,3,9,3,11
2020-01-12,I1,Roma,Juventus,0,1,2,16,5,9,4,1147.14292845793,1379.66055930212,0,1,1,0,0,1,1,0,10,10,22,23,39,51,-1,1,11,-11,5,-5,2,1,4,9,5,16
2020-01-13,I1,Parma,Lecce,2,2,0,9,11,5,6,985.303094603774,839.594736493659,0,0,0,1,1,0,2,1,7,4,13,8,25,18,2,-2,-2,2,-1,1,0,2,6,5,11,9
2020-01-18,I1,Lazio,Sampdoria,2,5,1,16,6,12,4,1353.28548080418,997.146779730584,5,0,0,0,22,2,0,1,15,7,30,15,43,22,4,-4,10,-10,8,-8,1,5,4,12,6,16
2020-01-18,I1,Sassuolo,Torino,2,2,1,7,7,6,3,946.761109180604,1058.90382279038,0,1,1,0,0,4,3,0,4,10,10,16,22,28,1,-1,0,0,3,-3,1,2,3,6,7,7
2020-01-18,I1,Napoli,Fiorentina,0,0,2,10,9,5,5,1097.35327765318,961.553809234333,0,0,3,0,0,1,5,4,4,5,7,9,25,22,-2,2,1,-1,0,0,2,0,5,5,9,10
2020-01-19,I1,Milan,Udinese,2,3,2,19,10,10,7,1105.84340188855,1031.03479340746,0,1,0,0,3,1,4,0,8,10,15,14,28,24,1,-1,9,-9,3,-3,2,3,7,10,10,19
2020-01-19,I1,Bologna,Verona,1,1,1,5,11,3,8,990.627132200614,1026.40583309808,0,1,0,0,2,1,1,0,7,7,11,16,23,27,0,0,-6,6,-5,5,1,1,8,3,11,5
2020-01-19,I1,Brescia,Cagliari,1,2,2,9,18,6,10,833.727472415621,1054.78934331533,0,0,2,2,0,0,2,4,4,1,7,14,14,29,0,0,-9,9,-4,4,2,2,10,6,18,9
2020-01-19,I1,Lecce,Inter,1,1,1,8,16,3,10,813.122716021752,1425.34822380609,0,1,2,0,0,9,12,0,1,9,7,24,15,49,0,0,-8,8,-7,7,1,1,10,3,16,8
2020-01-19,I1,Genoa,Roma,0,1,3,9,14,8,7,850.267174376527,1133.84627021008,1,1,0,0,1,3,0,0,4,7,6,19,17,36,-2,2,-5,5,1,-1,3,1,7,8,14,9
2020-01-19,I1,Juventus,Parma,2,2,1,14,8,6,7,1392.95721754996,1011.77511507568,2,0,0,1,10,0,0,1,12,10,25,15,51,28,1,-1,6,-6,-1,1,1,2,7,6,8,14
2020-01-20,I1,Atalanta,SPAL,0,1,2,14,13,8,7,1284.52925649022,809.68405828581,3,0,0,1,3,0,0,1,10,3,15,5,35,12,-1,1,1,-1,1,-1,2,1,7,8,13,14
2020-01-24,I1,Brescia,Milan,0,0,1,13,10,7,5,842.72511370704,1131.05781437345,0,1,0,0,1,1,3,0,2,8,8,15,15,28,-1,1,3,-3,2,-2,1,0,5,7,10,13
2020-01-25,I1,SPAL,Bologna,0,1,3,9,12,5,6,869.778177542638,992.269002490345,0,0,2,1,0,0,5,1,6,8,8,12,15,24,-2,2,-3,3,-1,1,3,1,6,5,12,9
2020-01-25,I1,Fiorentina,Genoa,1,0,0,15,8,6,6,1021.73099438795,835.925720887147,1,0,0,2,1,0,0,10,8,3,9,6,24,14,0,0,7,-7,0,0,0,0,6,6,8,15
2020-01-25,I1,Torino,Atalanta,0,0,7,6,17,4,15,1016.91944410905,1224.43513723339,1,0,0,0,1,1,0,2,7,7,16,14,27,35,-7,7,-11,11,-11,11,7,0,15,4,17,6
2020-01-26,I1,Inter,Cagliari,1,1,1,14,8,5,3,1410.26438292295,1045.79170202391,0,0,0,0,6,1,1,5,9,1,22,12,47,30,0,0,6,-6,2,-2,1,1,3,5,8,14
2020-01-26,I1,Parma,Udinese,2,2,0,10,15,5,5,1005.35802212424,1005.82038092255,1,0,0,1,2,0,0,1,7,9,15,14,28,24,2,-2,-5,5,0,0,0,2,5,5,15,10
2020-01-26,I1,Sampdoria,Sassuolo,1,0,0,15,6,5,2,982.434646706805,988.745487861932,1,0,0,2,1,0,0,2,7,6,14,12,19,22,0,0,9,-9,3,-3,0,0,2,5,6,15
2020-01-26,I1,Verona,Lecce,2,3,0,9,3,5,1,1024.76396280835,828.206556904895,1,0,0,2,2,0,0,2,8,1,17,7,27,16,3,-3,6,-6,4,-4,0,3,1,5,3,9
2020-01-26,I1,Roma,Lazio,1,1,1,16,3,7,2,1148.18772369946,1367.99761382796,0,5,2,0,0,6,2,0,9,15,19,30,38,45,0,0,13,-13,5,-5,1,1,2,7,3,16
2020-01-26,I1,Napoli,Juventus,2,2,1,11,7,4,5,1037.17609249956,1399.3743105014,0,2,4,0,0,2,6,0,3,15,6,25,24,51,1,-1,4,-4,-1,1,1,2,5,4,7,11
2020-02-01,I1,Bologna,Brescia,2,2,1,17,3,7,1,1021.27462359892,832.498425150341,0,0,0,1,3,0,2,2,8,2,15,8,26,12,1,-1,14,-14,6,-6,1,2,1,7,3,17
2020-02-01,I1,Cagliari,Parma,1,2,2,21,17,11,5,1058.29460707548,1049.27400476302,0,0,2,2,0,0,2,2,2,7,10,17,31,31,0,0,4,-4,6,-6,2,2,5,11,17,21
2020-02-01,I1,Sassuolo,Roma,2,4,2,16,19,9,9,988.454894844621,1157.14586237629,1,2,0,0,1,4,0,0,4,7,10,17,23,38,2,-2,-3,3,0,0,2,4,9,9,19,16
2020-02-02,I1,Juventus,Fiorentina,2,3,0,8,7,8,5,1342.45048499389,1013.90644236771,3,1,0,0,11,2,0,0,12,8,22,9,48,25,3,-3,1,-1,3,-3,0,3,5,8,7,8
2020-02-02,I1,Atalanta,Genoa,1,2,2,17,9,10,5,1267.15501023571,843.75027290739,0,0,1,0,0,1,1,11,10,4,17,7,35,14,0,0,8,-8,5,-5,2,2,5,10,9,17
2020-02-02,I1,Lazio,SPAL,2,5,1,12,10,10,5,1359.03947515114,840.772556434059,6,1,0,0,23,1,0,0,13,6,28,8,46,15,4,-4,2,-2,5,-5,1,5,5,10,10,12
2020-02-02,I1,Milan,Verona,1,1,1,17,8,6,6,1141.28450293015,1051.36326719606,1,0,0,0,4,2,0,1,10,11,18,17,31,29,0,0,9,-9,0,0,1,1,6,6,8,17
2020-02-02,I1,Lecce,Torino,2,4,0,14,11,11,4,801.607252517188,974.199571106735,0,0,0,1,1,0,13,1,1,6,6,16,16,24,4,-4,3,-3,7,-7,0,4,4,11,11,14
2020-02-02,I1,Udinese,Inter,0,0,2,11,14,4,10,961.904398283775,1397.76147787139,2,0,0,0,4,10,0,1,9,9,11,20,21,45,-2,2,-3,3,-6,6,2,0,10,4,14,11
2020-02-03,I1,Sampdoria,Napoli,0,2,4,12,12,10,10,982.725239724116,1094.09991800707,0,0,0,1,2,0,1,1,5,6,12,9,20,24,-2,2,0,0,0,0,4,2,10,10,12,12
2020-02-05,I1,Lazio,Verona,1,0,0,12,12,6,6,1365.25525994217,1055.41424329258,7,0,0,0,24,3,0,2,13,11,28,15,46,29,0,0,0,0,0,0,0,0,6,6,12,12
2020-02-07,I1,Roma,Bologna,0,2,3,14,12,10,8,1093.52324926088,1037.41819973138,0,1,0,0,1,1,3,0,4,8,17,18,37,26,-1,1,2,-2,2,-2,3,2,8,10,12,14
2020-02-08,I1,Fiorentina,Atalanta,0,1,2,5,13,3,7,999.60805795011,1253.72689009293,0,1,0,0,2,2,1,0,8,8,9,17,25,36,-1,1,-8,8,-4,4,2,1,7,3,13,5
2020-02-08,I1,Torino,Sampdoria,0,1,3,2,8,2,6,880.053303670024,952.464144651074,0,0,1,1,0,0,1,2,6,5,13,11,21,20,-2,2,-6,6,-4,4,3,1,6,2,8,2
2020-02-08,I1,Verona,Juventus,2,2,1,9,10,5,5,1066.8107034113,1356.74886941149,2,0,0,1,3,0,0,1,9,12,16,22,27,48,1,-1,-1,1,0,0,1,2,5,5,10,9
2020-02-09,I1,SPAL,Sassuolo,0,1,2,10,16,5,9,834.556771643028,1052.07750796002,0,0,3,0,0,1,6,3,3,7,7,13,15,23,-1,1,-6,6,-4,4,2,1,9,5,16,10
2020-02-09,I1,Brescia,Udinese,1,1,1,9,16,7,8,816.354849017881,955.305581472087,0,0,1,2,0,0,4,2,1,6,8,10,12,21,0,0,-7,7,-1,1,1,1,8,7,16,9
2020-02-09,I1,Genoa,Cagliari,2,1,0,8,8,5,6,857.178393050165,1057.87928630517,0,0,1,0,0,2,1,6,5,3,7,8,12,32,1,-1,0,0,-1,1,0,1,6,5,8,8
2020-02-09,I1,Napoli,Lecce,0,2,3,19,13,9,10,1124.36101308011,895.753519953898,1,0,0,3,1,0,0,3,6,4,11,9,27,19,-1,1,6,-6,-1,1,3,2,10,9,13,19
2020-02-09,I1,Parma,Lazio,0,0,1,16,17,6,6,1049.68932553333,1353.85879982346,2,0,0,0,3,7,0,1,7,11,15,26,29,46,-1,1,-1,1,0,0,1,0,6,6,17,16
2020-02-09,I1,Inter,Milan,2,4,2,14,8,11,5,1404.36029468307,1137.23352683363,0,2,0,0,7,2,2,0,9,11,20,19,45,29,2,-2,6,-6,6,-6,2,4,5,11,8,14
2020-02-15,I1,Lecce,SPAL,2,2,1,8,13,4,5,946.218193487292,820.327767909766,1,0,0,1,2,0,0,1,7,3,11,6,19,12,1,-1,-5,5,-1,1,1,2,5,4,13,8
2020-02-15,I1,Bologna,Genoa,0,0,3,11,5,6,5,1074.54121228729,905.849279988914,1,0,0,0,4,2,0,12,10,5,20,9,26,15,-3,3,6,-6,1,-1,3,0,5,6,5,11
2020-02-15,I1,Atalanta,Roma,2,2,1,11,5,7,1,1265.76116461738,1056.40023670497,0,0,0,1,1,0,2,1,8,4,20,14,36,34,1,-1,6,-6,6,-6,1,2,1,7,5,11
2020-02-16,I1,Udinese,Verona,1,0,0,10,9,6,6,949.227324154074,1120.66317599612,0,0,1,0,0,4,1,3,4,9,11,16,22,30,0,0,1,-1,0,0,0,0,6,6,9,10
2020-02-16,I1,Juventus,Brescia,2,2,0,20,5,11,2,1302.89639682667,822.433106335895,4,0,0,2,12,0,0,3,9,2,19,9,47,13,2,-2,15,-15,9,-9,0,2,2,11,5,20
2020-02-16,I1,Sampdoria,Fiorentina,0,1,5,13,12,8,9,987.31125697564,987.573783425666,0,0,1,1,0,0,2,1,7,7,11,9,23,24,-4,4,1,-1,-1,1,5,1,9,8,12,13
2020-02-16,I1,Sassuolo,Parma,0,0,1,10,6,5,6,1066.30651169328,1040.22189224455,2,0,0,0,2,1,0,3,10,7,15,14,26,29,-1,1,4,-4,-1,1,1,0,6,5,6,10
2020-02-16,I1,Cagliari,Napoli,0,0,1,10,12,4,4,1009.20839936643,1073.89633954672,0,1,0,0,1,1,3,0,3,6,7,10,29,24,-1,1,-2,2,0,0,1,0,4,4,12,10
2020-02-16,I1,Lazio,Inter,2,2,1,11,9,6,6,1363.32623311223,1419.87441011885,0,1,0,0,25,11,1,0,11,9,26,20,49,45,1,-1,2,-2,0,0,1,2,6,6,9,11
2020-02-17,I1,Milan,Torino,2,1,0,9,6,3,1,1121.71941139785,845.206191345457,0,0,0,2,5,0,1,2,10,3,18,13,26,21,1,-1,3,-3,2,-2,0,1,1,3,6,9
2020-02-21,I1,Brescia,Napoli,0,1,2,8,7,1,5,817.240168899937,1100.00626419597,0,2,0,0,1,2,5,0,2,9,6,13,10,24,-1,1,1,-1,-4,4,2,1,5,1,7,8
2020-02-22,I1,Bologna,Udinese,1,1,1,12,4,3,3,995.434137678324,956.538302619443,0,0,1,0,0,1,1,3,10,2,17,12,26,23,0,0,8,-8,0,0,1,1,3,3,4,12
2020-02-22,I1,SPAL,Juventus,0,1,2,10,17,5,9,799.440569845818,1308.08933426263,0,0,4,2,0,0,7,2,3,9,6,21,12,47,-1,1,-7,7,-4,4,2,1,9,5,17,10
2020-02-22,I1,Fiorentina,Milan,1,1,1,11,5,7,3,1052.02797438408,1132.54433981372,0,0,1,1,0,0,2,1,7,10,12,18,26,29,0,0,6,-6,4,-4,1,1,3,7,5,11
2020-02-23,I1,Genoa,Lazio,0,2,3,11,11,9,8,984.956354597884,1400.48900502039,1,1,0,0,1,8,0,0,8,11,12,26,18,49,-1,1,0,0,1,-1,3,2,8,9,11,11
2020-02-23,I1,Roma,Lecce,2,4,0,19,9,11,4,1041.64469796152,967.10539155124,0,1,1,0,0,1,4,0,4,10,11,11,31,22,4,-4,10,-10,7,-7,0,4,4,11,9,19
2020-02-29,I1,Lazio,Bologna,2,2,0,12,11,5,4,1405.85123933682,993.650364114889,1,2,0,0,26,2,0,0,13,10,26,18,52,26,2,-2,1,-1,1,-1,0,2,4,5,11,12
2020-02-29,I1,Napoli,Torino,2,2,1,16,5,10,3,1110.5113025476,834.381262929593,0,0,1,3,0,0,1,3,12,0,15,10,27,21,1,-1,11,-11,7,-7,1,2,3,10,5,16
2020-03-01,I1,Lecce,Atalanta,0,2,7,5,17,3,11,916.232525769576,1280.51670336084,2,2,0,0,3,3,0,0,9,10,10,20,19,38,-5,5,-12,12,-8,8,7,2,11,3,17,5
2020-03-01,I1,Cagliari,Roma,0,3,4,7,18,7,14,983.098474717176,1092.51756374318,0,0,1,2,0,0,4,2,3,4,4,13,26,34,-1,1,-11,11,-7,7,4,3,14,7,18,7
2020-03-08,I1,Parma,SPAL,0,0,1,11,6,2,2,1074.6198706578,796.190278521867,0,0,1,2,0,0,1,2,7,0,17,6,32,12,-1,1,5,-5,0,0,1,0,2,2,6,11
2020-03-08,I1,Milan,Genoa,0,1,2,13,6,4,3,1128.90140716852,979.594120281448,1,1,0,0,6,3,0,0,8,8,16,11,30,17,-1,1,7,-7,1,-1,2,1,3,4,6,13
2020-03-08,I1,Sampdoria,Verona,2,2,1,8,3,7,2,922.857066017231,1113.35219753075,0,0,2,0,0,5,3,4,4,9,11,17,20,31,1,-1,5,-5,5,-5,1,2,2,7,3,8
2020-03-08,I1,Udinese,Fiorentina,1,0,0,11,7,2,5,958.322076182878,1055.67090702927,0,1,0,0,1,1,2,0,3,5,12,13,23,24,0,0,4,-4,-3,3,0,0,5,2,7,11
2020-03-08,I1,Juventus,Inter,2,2,0,12,8,6,2,1311.33962558658,1382.71163821069,5,0,0,1,13,0,0,1,9,8,24,17,47,42,2,-2,4,-4,4,-4,0,2,2,6,8,12
2020-03-09,I1,Sassuolo,Brescia,2,3,0,13,6,10,4,1031.90853328004,806.735130548303,0,0,1,3,0,0,1,4,10,1,14,3,23,10,3,-3,7,-7,6,-6,0,3,4,10,6,13
2020-06-20,I1,Torino,Parma,1,1,1,14,6,9,5,823.536481380695,1021.34594329906,0,1,2,0,0,2,2,0,0,7,7,14,18,29,0,0,8,-8,4,-4,1,1,5,9,6,14
2020-06-20,I1,Verona,Cagliari,2,2,1,8,13,6,4,1065.37661990279,960.855868855985,3,0,0,1,4,0,0,7,6,2,17,3,30,23,1,-1,-5,5,2,-2,1,2,4,6,13,8
2020-06-21,I1,Atalanta,Sassuolo,2,4,1,12,10,5,6,1296.70255037948,1055.33583622273,1,1,0,0,2,2,0,0,13,10,20,16,38,26,3,-3,2,-2,-1,1,1,4,6,5,10,12
2020-06-21,I1,Inter,Sampdoria,2,2,1,11,7,5,3,1329.96919001268,970.83264364519,1,1,0,0,8,1,0,0,7,7,16,14,39,23,1,-1,4,-4,2,-2,1,2,3,5,7,11
2020-06-22,I1,Fiorentina,Brescia,1,1,1,15,5,8,3,1051.30157589559,783.307827605616,0,0,0,4,1,0,3,5,5,1,13,3,22,10,0,0,10,-10,5,-5,1,1,3,8,5,15
2020-06-22,I1,Lecce,Milan,0,1,4,6,12,1,11,900.046678750932,1083.93805465854,0,0,1,0,0,1,1,2,9,5,10,15,19,30,-3,3,-6,6,-10,10,4,1,11,1,12,6
2020-06-22,I1,Bologna,Juventus,0,0,2,6,12,1,5,986.170973027849,1364.08207378459,0,1,0,0,1,1,2,0,7,12,15,24,26,47,-2,2,-6,6,-4,4,2,0,5,1,12,6
2020-06-23,I1,SPAL,Cagliari,0,0,1,6,9,2,4,849.464205880598,938.202316154448,0,0,5,2,0,0,8,8,3,1,9,3,15,22,-1,1,-3,3,-2,2,1,0,4,2,9,6
2020-06-23,I1,Verona,Napoli,0,0,2,10,10,6,8,1088.03017260432,1121.3560840965,4,3,0,0,5,3,0,0,8,12,19,18,32,27,-2,2,0,0,-2,2,2,0,8,6,10,10
2020-06-23,I1,Genoa,Parma,0,1,4,9,11,3,8,1024.55747279143,1013.10793636706,0,0,1,0,0,3,1,1,10,5,14,12,20,27,-3,3,-2,2,-5,5,4,1,8,3,11,9
2020-06-23,I1,Torino,Udinese,2,1,0,4,7,3,5,831.774488312696,962.691407316555,0,0,0,0,1,2,3,4,1,4,7,13,19,21,1,-1,-3,3,-2,2,0,1,5,3,7,4
2020-06-24,I1,Inter,Sassuolo,1,3,3,14,8,10,4,1337.15705255484,1033.57766362492,2,0,0,1,9,0,0,1,9,9,18,13,39,26,0,0,6,-6,6,-6,3,3,4,10,8,14
2020-06-24,I1,Atalanta,Lazio,2,3,2,13,5,9,3,1318.46072297729,1413.33063042386,2,2,0,0,3,9,0,0,13,13,23,26,38,52,1,-1,8,-8,6,-6,2,3,3,9,5,13
2020-06-24,I1,Roma,Sampdoria,2,2,1,16,13,10,9,1114.76016960437,963.644781103032,1,0,0,1,1,0,0,1,6,6,13,11,34,23,1,-1,3,-3,1,-1,1,2,9,10,13,16
2020-06-26,I1,Juventus,Lecce,2,4,0,23,7,12,2,1373.02714869694,871.953746031543,6,0,0,1,14,0,0,1,12,6,24,10,47,19,4,-4,16,-16,10,-10,0,4,2,12,7,23
2020-06-27,I1,Brescia,Genoa,1,2,2,6,11,4,8,793.671229401803,968.229471271381,0,2,1,0,0,4,6,0,2,9,3,14,10,20,0,0,-5,5,-4,4,2,2,8,4,11,6
2020-06-27,I1,Cagliari,Torino,2,4,2,9,11,5,6,962.202436139919,875.292351427546,0,0,2,4,0,0,5,4,3,4,6,10,24,21,2,-2,-2,2,-1,1,2,4,6,5,11,9
2020-06-27,I1,Lazio,Fiorentina,2,2,1,12,9,4,5,1372.803667696,1040.9381740994,2,0,0,0,27,2,0,1,12,6,23,14,51,20,1,-1,3,-3,-1,1,1,2,5,4,9,12
2020-06-28,I1,Milan,Roma,2,2,0,11,3,7,2,1112.03098737793,1133.65790848181,0,1,1,0,0,1,1,0,7,9,18,13,30,36,2,-2,8,-8,5,-5,0,2,2,7,3,11
2020-06-28,I1,Napoli,SPAL,2,3,1,17,5,11,3,1161.01974766698,825.464085895127,1,1,0,0,1,1,0,0,12,3,18,6,29,12,2,-2,12,-12,8,-8,1,3,3,11,5,17
2020-06-28,I1,Sampdoria,Bologna,0,1,2,13,9,7,4,944.747042225595,977.225898115498,1,0,0,1,1,0,0,1,6,4,11,12,23,25,-1,1,4,-4,3,-3,2,1,4,7,9,13
2020-06-28,I1,Sassuolo,Verona,1,3,3,13,6,9,4,1044.83022969958,1048.36650903384,1,0,0,1,1,0,0,5,7,7,14,16,27,29,0,0,7,-7,5,-5,3,3,4,9,6,13
2020-06-28,I1,Udinese,Atalanta,0,2,3,9,13,4,13,919.173544201704,1358.98768570515,0,3,0,0,2,4,3,0,4,15,10,23,21,38,-1,1,-4,4,-9,9,3,2,13,4,13,9
2020-06-28,I1,Parma,Inter,0,1,2,9,14,2,6,1069.43593788712,1325.90448648018,0,0,2,2,0,0,2,2,7,7,14,16,30,40,-1,1,-5,5,-4,4,2,1,6,2,14,9
2020-06-30,I1,Torino,Lazio,0,1,2,2,12,1,6,842.18235634887,1381.05577259808,1,0,0,1,2,0,0,1,4,12,7,23,21,53,-1,1,-10,10,-5,5,2,1,6,1,12,2
2020-06-30,I1,Genoa,Juventus,0,1,3,2,11,2,9,960.805192041928,1379.85537943189,0,2,2,0,0,2,2,0,7,15,12,24,21,47,-2,2,-9,9,-7,7,3,1,9,2,11,2
2020-07-01,I1,Bologna,Cagliari,1,1,1,16,6,7,4,1006.24316839529,995.312431218595,0,1,1,0,0,1,3,0,4,6,14,9,28,24,0,0,10,-10,3,-3,1,1,4,7,6,16
2020-07-01,I1,Inter,Brescia,2,6,0,20,3,12,1,1337.80714982495,801.095508631256,0,0,0,0,10,1,1,6,7,2,16,4,40,11,6,-6,17,-17,11,-11,0,6,1,12,3,20
2020-07-01,I1,Fiorentina,Sassuolo,0,1,3,11,8,7,8,1032.68606919733,1044.99307575779,0,0,0,0,2,1,4,2,6,5,13,15,19,25,-2,2,3,-3,-1,1,3,1,8,7,8,11
2020-07-01,I1,Lecce,Sampdoria,0,1,2,12,8,6,5,865.125515296595,915.729771945803,0,0,2,2,0,0,2,2,3,3,10,10,18,22,-1,1,4,-4,1,-1,2,1,5,6,8,12
2020-07-01,I1,SPAL,Milan,1,2,2,4,25,3,12,814.361786043366,1158.61510238485,0,1,6,0,0,2,9,0,3,10,6,20,12,32,0,0,-21,21,-9,9,2,2,12,3,25,4
2020-07-01,I1,Verona,Parma,2,3,2,6,13,5,5,1048.20366297563,1057.53327454234,0,1,1,0,0,4,1,0,5,7,14,14,30,27,1,-1,-7,7,0,0,2,3,5,5,13,6
2020-07-02,I1,Atalanta,Napoli,2,2,0,6,15,4,8,1363.70195938384,1172.12204751874,3,4,0,0,4,4,0,0,15,15,23,21,40,29,2,-2,-9,9,-4,4,0,2,8,4,15,6
2020-07-02,I1,Roma,Udinese,0,0,2,9,8,6,3,1087.07379347488,914.459270523022,2,0,0,1,2,0,0,5,9,3,13,7,35,18,-2,2,1,-1,3,-3,2,0,3,6,8,9
2020-07-04,I1,Juventus,Torino,2,4,1,15,12,7,6,1387.06939379712,839.428779570705,7,0,0,5,15,0,0,5,15,4,24,4,49,20,3,-3,3,-3,1,-1,1,4,6,7,12,15
2020-07-04,I1,Sassuolo,Lecce,2,4,2,7,5,7,3,1087.29780059662,837.75365840486,0,0,0,2,2,0,1,2,8,0,18,10,28,17,2,-2,2,-2,4,-4,2,4,3,7,5,7
2020-07-04,I1,Lazio,Milan,0,0,3,8,7,2,5,1383.80934937624,1146.49157327313,3,0,0,0,28,3,0,1,12,8,23,18,53,33,-3,3,1,-1,-3,3,3,0,5,2,7,8
2020-07-05,I1,Inter,Bologna,0,1,2,15,11,9,8,1345.04238951175,1005.73995536261,1,1,0,0,11,1,0,0,10,5,18,15,42,26,-1,1,4,-4,1,-1,2,1,8,9,11,15
2020-07-05,I1,Brescia,Verona,2,2,0,7,14,6,9,793.860268944453,1081.0627454795,0,0,0,0,1,1,7,6,2,7,4,16,11,33,2,-2,-7,7,-3,3,0,2,9,6,14,7
2020-07-05,I1,Cagliari,Atalanta,0,0,1,6,22,1,12,995.815644251274,1385.56159559675,1,4,0,0,1,5,0,0,7,15,10,25,24,40,-1,1,-16,16,-11,11,1,0,12,1,22,6
2020-07-05,I1,Parma,Fiorentina,0,1,2,7,9,2,6,1024.67419203847,990.381344358496,0,0,3,1,0,0,3,2,4,3,11,10,26,19,-1,1,-2,2,-4,4,2,1,6,2,9,7
2020-07-05,I1,Sampdoria,SPAL,2,3,0,9,8,5,3,943.101628837538,826.48531515509,0,0,1,1,0,0,1,1,6,4,10,7,25,12,3,-3,1,-1,2,-2,0,3,3,5,8,9
2020-07-05,I1,Udinese,Genoa,1,2,2,9,6,6,4,978.474558433431,953.591177676697,0,0,1,0,0,5,4,1,5,4,7,12,21,18,0,0,3,-3,2,-2,2,2,4,6,6,9
2020-07-05,I1,Napoli,Roma,2,2,1,18,5,12,4,1150.26241130583,1023.05850556447,2,0,0,1,2,0,0,1,12,9,21,13,28,32,1,-1,13,-13,8,-8,1,2,4,12,5,18
2020-07-07,I1,Lecce,Lazio,2,2,1,7,14,3,10,820.904505422677,1296.91313395501,0,1,3,0,0,1,3,0,0,9,9,22,16,50,1,-1,-7,7,-7,7,1,2,10,3,14,7
2020-07-07,I1,Milan,Juventus,2,4,2,9,9,9,4,1233.38778869436,1391.54032518963,1,3,0,0,1,3,0,0,10,15,18,24,33,49,2,-2,0,0,5,-5,2,4,4,9,9,9
2020-07-08,I1,Fiorentina,Cagliari,1,0,0,11,11,7,7,1025.52961525768,989.677622803699,0,0,1,0,0,2,5,1,5,7,10,9,19,21,0,0,0,0,0,0,0,0,7,7,11,11
2020-07-08,I1,Genoa,Napoli,0,1,2,7,16,3,11,954.735144406559,1171.043363071,0,0,3,1,0,0,3,1,5,12,13,24,19,30,-1,1,-9,9,-8,8,2,1,11,3,16,7
2020-07-08,I1,Atalanta,Sampdoria,2,2,0,11,9,6,3,1391.69961704432,979.98749526252,4,1,0,0,5,1,0,0,15,6,28,13,42,27,2,-2,2,-2,3,-3,0,2,3,6,9,11
2020-07-08,I1,Bologna,Sassuolo,0,1,2,8,11,6,5,1061.79071839162,1104.14695357881,0,1,0,0,1,2,4,0,7,8,17,18,29,30,-1,1,-3,3,1,-1,2,1,5,6,11,8
2020-07-08,I1,Roma,Parma,2,2,1,15,4,7,2,1002.2775537993,989.525921139289,0,0,1,1,0,0,1,1,6,4,10,11,29,26,1,-1,11,-11,5,-5,1,2,2,7,4,15
2020-07-08,I1,Torino,Brescia,2,3,1,14,13,10,6,834.957848178197,867.482522415511,0,0,1,1,0,0,1,7,4,5,4,6,20,14,2,-2,1,-1,4,-4,1,3,6,10,13,14
2020-07-09,I1,SPAL,Udinese,0,0,3,11,7,3,4,789.599448730108,977.330591703568,0,1,0,0,1,1,10,0,4,5,4,8,12,22,-3,3,4,-4,-1,1,3,0,4,3,7,11
2020-07-09,I1,Verona,Inter,1,2,2,10,13,4,7,1007.44049200844,1288.99162648274,1,1,0,0,1,1,0,0,7,10,13,17,30,39,0,0,-3,3,-3,3,2,2,7,4,13,10
2020-07-11,I1,Lazio,Sassuolo,0,1,2,7,11,1,4,1236.79452459963,1132.26501264846,0,2,1,0,0,3,1,0,6,11,19,20,47,30,-1,1,-4,4,-3,3,2,1,4,1,11,7
2020-07-11,I1,Brescia,Roma,0,0,3,8,16,4,9,819.53118905391,1033.10361209951,1,0,0,2,2,0,0,2,5,6,6,12,14,29,-3,3,-8,8,-5,5,3,0,9,4,16,8
2020-07-11,I1,Juventus,Atalanta,1,2,2,6,9,5,4,1328.99218319416,1399.19827947179,8,5,0,0,16,6,0,0,12,15,24,28,46,45,0,0,-3,3,1,-1,2,2,4,5,9,6
2020-07-12,I1,Genoa,SPAL,2,2,0,12,3,9,0,940.428755924716,761.965044739748,0,0,4,2,0,0,4,2,2,1,12,4,19,12,2,-2,9,-9,9,-9,0,2,0,9,3,12
2020-07-12,I1,Cagliari,Lecce,1,0,0,12,15,6,10,991.322832680367,881.02311477806,0,0,1,3,0,0,1,3,8,3,9,12,19,18,0,0,-3,3,-4,4,0,0,10,6,15,12
2020-07-12,I1,Fiorentina,Verona,1,1,1,10,5,3,4,1023.88440538101,1018.15719499615,0,0,0,1,1,0,6,7,5,5,10,13,19,28,0,0,5,-5,-1,1,1,1,4,3,5,10
2020-07-12,I1,Parma,Bologna,1,2,2,13,9,5,6,958.699862839084,1033.67265932197,0,2,4,0,0,2,4,0,3,7,8,14,25,29,0,0,4,-4,-1,1,2,2,6,5,9,13
2020-07-12,I1,Udinese,Sampdoria,0,1,3,7,9,4,6,1004.96499569393,972.488832835054,0,0,0,1,1,0,5,1,7,6,11,12,22,24,-2,2,-2,2,-2,2,3,1,6,4,9,7
2020-07-12,I1,Napoli,Milan,1,2,2,14,4,9,4,1185.34975155285,1295.93593068983,3,1,0,0,3,4,0,0,12,13,24,18,33,36,0,0,10,-10,5,-5,2,2,4,9,4,14
2020-07-13,I1,Inter,Torino,2,3,1,20,6,11,4,1278.27492349503,882.909181539798,0,0,1,6,0,0,1,6,8,6,17,7,37,23,2,-2,14,-14,7,-7,1,3,4,11,6,20
2020-07-14,I1,Atalanta,Brescia,2,6,2,13,6,7,5,1396.00846704583,794.85208045491,5,0,0,2,6,0,0,8,13,4,28,6,45,14,4,-4,7,-7,2,-2,2,6,5,7,6,13
2020-07-15,I1,Bologna,Napoli,1,1,1,11,9,2,4,1030.2726451384,1190.27714794633,0,1,1,0,0,1,5,0,8,10,12,22,30,33,0,0,2,-2,-2,2,1,1,4,2,9,11
2020-07-15,I1,Milan,Parma,2,3,1,21,9,7,5,1291.00853429635,962.099877022651,2,0,0,2,2,0,0,2,11,1,18,8,37,23,2,-2,12,-12,2,-2,1,3,5,7,9,21
2020-07-15,I1,Sampdoria,Cagliari,2,3,0,9,15,4,3,1020.4340957643,986.407380202363,1,0,0,0,1,3,0,2,9,6,15,9,26,17,3,-3,-6,6,1,-1,0,3,3,4,15,9
2020-07-15,I1,Lecce,Fiorentina,0,1,3,10,12,3,7,885.938567256064,1023.62068148268,1,1,0,0,1,1,0,0,4,5,10,11,19,20,-2,2,-2,2,-4,4,3,1,7,3,12,10
2020-07-15,I1,Roma,Verona,2,2,1,20,9,6,3,1057.78272069851,1018.42091889448,1,0,0,0,1,1,0,8,6,6,15,13,32,29,1,-1,11,-11,3,-3,1,2,3,6,9,20
2020-07-15,I1,Sassuolo,Juventus,1,3,3,16,13,12,6,1173.61219801426,1332.18199562012,1,0,0,1,3,0,0,1,13,10,20,22,33,44,0,0,3,-3,6,-6,3,3,6,12,13,16
2020-07-15,I1,Udinese,Lazio,1,0,0,15,15,7,3,957.019732764679,1195.44733923383,0,0,1,1,0,0,6,1,7,6,11,18,21,44,0,0,0,0,4,-4,0,0,3,7,15,15
2020-07-16,I1,Torino,Genoa,2,3,0,8,10,4,4,874.739560884252,963.550848763078,1,0,0,0,1,6,0,2,3,5,7,14,20,21,3,-3,-2,2,0,0,0,3,4,4,10,8
2020-07-16,I1,SPAL,Inter,0,0,4,8,13,1,8,738.842951901386,1286.44454415058,0,0,1,0,0,2,11,1,1,10,4,17,11,37,-4,4,-5,5,-7,7,4,0,8,1,13,8
2020-07-18,I1,Verona,Atalanta,1,1,1,11,17,8,7,990.030843361944,1399.93750191671,0,0,0,0,2,7,1,1,5,13,10,28,26,48,0,0,-6,6,1,-1,1,1,7,8,17,11
2020-07-18,I1,Cagliari,Sassuolo,1,1,1,2,5,1,2,937.199423090427,1180.44653460665,0,3,0,0,1,4,2,0,3,13,9,18,16,33,0,0,-3,3,-1,1,1,1,2,1,5,2
2020-07-18,I1,Milan,Bologna,2,5,1,17,8,14,3,1302.48720687546,1037.16090210157,3,0,0,0,3,3,0,1,11,6,21,10,39,30,4,-4,9,-9,11,-11,1,5,3,14,8,17
2020-07-19,I1,Parma,Sampdoria,0,2,3,13,12,7,5,950.621204443536,1069.64205287624,0,1,0,0,1,1,5,0,1,12,8,15,22,26,-1,1,1,-1,2,-2,3,2,5,7,12,13
2020-07-19,I1,Brescia,SPAL,2,2,1,15,13,6,7,790.923045584035,733.553352240205,0,0,1,3,0,0,1,3,3,1,5,4,14,10,1,-1,2,-2,-1,1,1,2,7,6,13,15
2020-07-19,I1,Fiorentina,Torino,2,2,0,12,5,4,1,1050.95440088332,942.914617286054,0,0,0,7,2,0,7,7,8,6,14,10,23,23,2,-2,7,-7,3,-3,0,2,1,4,5,12
2020-07-19,I1,Genoa,Lecce,2,2,1,8,17,5,2,895.375792361276,858.604847855428,1,0,0,0,1,1,0,4,4,4,11,7,20,18,1,-1,-9,9,3,-3,1,2,2,5,17,8
2020-07-19,I1,Napoli,Udinese,2,2,1,17,3,10,3,1183.38889098316,966.548811368851,0,2,0,0,4,2,1,0,8,8,23,11,33,22,1,-1,14,-14,7,-7,1,2,3,10,3,17
2020-07-19,I1,Roma,Inter,1,2,2,6,4,3,3,1086.17279623104,1291.73414381176,2,1,0,0,2,3,0,0,9,10,18,17,32,37,0,0,2,-2,0,0,2,2,3,3,4,6
2020-07-20,I1,Juventus,Lazio,2,2,1,13,6,10,5,1325.34765902772,1185.91826062966,0,0,0,0,17,1,1,2,8,4,23,16,42,42,1,-1,7,-7,5,-5,1,2,5,10,6,13
2020-07-21,I1,Atalanta,Bologna,2,1,0,13,9,7,2,1386.69925404401,1014.1484414078,6,0,0,1,7,0,0,2,11,5,26,10,46,27,1,-1,4,-4,5,-5,0,1,2,7,9,13
2020-07-21,I1,Sassuolo,Milan,0,1,2,6,12,3,8,1170.77541667371,1325.49966756924,0,0,0,0,4,5,1,1,11,13,19,21,33,39,-1,1,-6,6,-5,5,2,1,8,3,12,6
2020-07-22,I1,Parma,Napoli,2,2,1,6,12,3,4,929.173826497571,1197.66129842864,0,0,1,0,0,2,6,1,1,11,5,23,22,36,1,-1,-6,6,-1,1,1,2,4,3,12,6
2020-07-22,I1,Inter,Fiorentina,1,0,0,12,6,9,4,1283.23680771345,1081.59713222794,1,2,0,0,1,2,0,0,8,11,18,14,35,26,0,0,6,-6,5,-5,0,0,4,9,6,12
2020-07-22,I1,Lecce,Brescia,2,3,1,13,10,10,3,829.978988362742,817.686606973124,0,0,1,3,0,0,1,9,4,6,4,8,15,14,2,-2,3,-3,7,-7,1,3,3,10,10,13
2020-07-22,I1,Sampdoria,Genoa,0,1,2,11,7,7,5,1091.0894308222,924.001651853962,2,0,0,1,2,0,0,3,12,7,18,11,29,23,-1,1,4,-4,2,-2,2,1,5,7,7,11
2020-07-22,I1,SPAL,Roma,0,1,6,9,13,4,9,706.789790851116,1094.67013232936,0,1,2,0,0,1,12,0,0,10,4,19,10,30,-5,5,-4,4,-5,5,6,1,9,4,13,9
2020-07-22,I1,Torino,Verona,1,1,1,6,8,4,6,912.271885941434,1003.26909123464,2,0,0,1,2,0,0,9,6,3,10,10,20,27,0,0,-2,2,-2,2,1,1,6,4,8,6
2020-07-23,I1,Udinese,Juventus,2,2,1,9,14,4,6,952.276403923369,1345.15343986635,0,0,0,0,1,1,7,2,5,8,10,23,22,44,1,-1,-5,5,-2,2,1,2,6,4,14,9
2020-07-23,I1,Lazio,Cagliari,2,2,1,16,8,12,4,1166.11247979104,946.870541023366,0,0,2,1,0,0,2,3,1,3,13,10,39,14,1,-1,8,-8,8,-8,1,2,4,12,8,16
2020-07-24,I1,Milan,Atalanta,1,1,1,6,9,3,4,1344.1219229875,1393.40896735047,4,0,0,0,4,8,0,2,13,11,23,26,39,46,0,0,-3,3,-1,1,1,1,4,3,9,6
2020-07-25,I1,Brescia,Parma,0,1,2,10,12,7,6,775.380038276082,981.927001801529,1,0,0,3,1,0,0,3,3,4,8,8,11,22,-1,1,-2,2,1,-1,2,1,6,7,12,10
2020-07-25,I1,Genoa,Inter,0,0,3,7,8,2,4,970.304945725675,1274.86990959027,2,0,0,0,2,4,0,1,9,9,14,19,25,35,-3,3,-1,1,-2,2,3,0,4,2,8,7
2020-07-25,I1,Napoli,Sassuolo,2,2,0,16,4,9,1,1144.90812312468,1152.15316125545,1,0,0,0,5,5,0,1,8,8,20,16,35,32,2,-2,12,-12,8,-8,0,2,1,9,4,16
2020-07-26,I1,Bologna,Lecce,2,3,2,18,19,12,10,1007.43872810133,872.285557059784,0,0,0,1,1,0,6,5,2,7,9,7,27,17,1,-1,-1,1,2,-2,2,3,10,12,19,18
2020-07-26,I1,Cagliari,Udinese,0,0,1,14,10,8,6,932.750872937427,1010.2376778168,0,0,0,1,2,0,3,1,3,7,10,12,13,24,-1,1,4,-4,2,-2,1,0,6,8,10,14
2020-07-26,I1,Roma,Fiorentina,2,2,1,12,4,7,2,1108.99930833927,1089.96403035111,0,0,0,0,3,3,1,1,13,9,19,14,32,27,1,-1,8,-8,5,-5,1,2,2,7,4,12
2020-07-26,I1,SPAL,Torino,1,1,1,3,14,2,7,692.460614841203,916.369199460539,0,0,3,8,0,0,13,8,0,7,4,11,10,18,0,0,-11,11,-5,5,1,1,7,2,14,3
2020-07-26,I1,Verona,Lazio,0,1,5,9,12,6,7,999.171777715535,1180.23214787698,0,0,0,1,3,0,2,3,4,4,11,13,28,39,-4,4,-3,3,-1,1,5,1,7,6,12,9
2020-07-26,I1,Juventus,Sampdoria,2,2,0,14,13,8,8,1287.19216597292,1044.78613695049,1,2,0,0,18,2,0,0,5,9,20,15,44,29,2,-2,1,-1,0,0,0,2,8,8,13,14
2020-07-28,I1,Parma,Atalanta,0,1,2,8,11,6,5,996.867253311075,1391.15431909847,1,0,0,0,1,9,0,3,7,9,10,24,22,47,-1,1,-3,3,1,-1,2,1,5,6,11,8
2020-07-28,I1,Inter,Napoli,2,2,0,6,8,5,2,1290.97220798812,1189.68016695742,0,0,0,1,2,0,1,2,11,8,19,20,37,38,2,-2,-2,2,3,-3,0,2,2,5,8,6
2020-07-29,I1,Lazio,Brescia,2,2,0,25,8,15,3,1213.86562163113,760.439786766537,1,0,0,4,1,0,0,10,7,3,13,8,39,11,2,-2,17,-17,12,-12,0,2,3,15,8,25
2020-07-29,I1,Sampdoria,Milan,0,1,4,16,18,5,11,1027.37055100264,1346.37657123951,0,1,1,0,0,6,1,0,9,11,15,24,26,39,-3,3,-2,2,-6,6,4,1,11,5,18,16
2020-07-29,I1,Sassuolo,Genoa,2,5,0,15,10,9,3,1107.38111742271,954.20264732783,0,1,1,0,0,1,2,0,5,9,16,11,29,25,5,-5,5,-5,6,-6,0,5,3,9,10,15
2020-07-29,I1,Udinese,Lecce,0,1,2,8,10,3,6,1035.2168999637,852.141545050852,1,0,0,2,2,0,0,6,7,4,14,7,27,17,-1,1,-2,2,-3,3,2,1,6,3,10,8
2020-07-29,I1,Verona,SPAL,2,3,0,14,12,9,5,965.538303961376,701.547481172539,0,0,1,4,0,0,3,4,3,1,8,2,27,11,3,-3,2,-2,4,-4,0,3,5,9,12,14
2020-07-29,I1,Cagliari,Juventus,2,2,0,9,20,5,10,907.77165079053,1304.60775192077,0,0,1,1,0,0,4,3,2,8,10,20,13,44,2,-2,-11,11,-5,5,0,2,10,5,20,9
2020-07-29,I1,Fiorentina,Bologna,2,4,0,15,8,9,3,1059.71549213054,1027.58274011026,1,0,0,2,3,0,0,3,8,5,13,12,26,27,4,-4,7,-7,6,-6,0,4,3,9,8,15
2020-07-29,I1,Torino,Roma,0,2,3,5,12,5,7,907.282333129203,1139.24784655984,0,2,0,0,3,2,1,0,5,13,11,19,18,32,-1,1,-7,7,-2,2,3,2,7,5,12,5
2020-08-01,I1,Brescia,Sampdoria,1,1,1,11,11,6,5,754.432224779212,1012.37610887504,0,0,1,1,0,0,1,1,3,6,7,15,10,26,0,0,0,0,1,-1,1,1,5,6,11,11
2020-08-01,I1,Atalanta,Inter,0,0,2,8,7,3,4,1397.14880090526,1322.39384990369,7,1,0,0,8,5,0,0,11,11,24,21,47,37,-2,2,1,-1,-1,1,2,0,4,3,7,8
2020-08-01,I1,Juventus,Roma,0,1,3,9,9,4,7,1224.99964420705,1152.57801596732,2,3,0,0,19,3,0,0,7,13,17,19,41,32,-2,2,0,0,-3,3,3,1,7,4,9,9
2020-08-01,I1,Milan,Cagliari,2,3,0,12,4,7,3,1361.3710133671,987.37975850425,0,0,0,2,5,0,1,4,13,4,24,10,42,16,3,-3,8,-8,4,-4,0,3,3,7,4,12
2020-08-01,I1,Napoli,Lazio,2,3,1,11,8,6,4,1158.25852504184,1219.87318361846,2,1,0,0,6,1,0,0,7,10,17,16,35,39,2,-2,3,-3,2,-2,1,3,4,6,8,11
2020-08-02,I1,SPAL,Fiorentina,0,1,3,7,20,5,11,681.969267269622,1118.2697878699,0,0,0,1,1,0,14,2,1,10,2,15,8,29,-2,2,-13,13,-6,6,3,1,11,5,20,7
2020-08-02,I1,Bologna,Torino,1,1,1,13,13,5,11,969.028444370907,893.95216372172,1,0,0,0,2,1,0,9,4,5,12,8,24,18,0,0,0,0,-6,6,1,1,11,5,13,13
2020-08-02,I1,Genoa,Verona,2,3,0,4,13,4,3,910.876805603311,985.116517864294,0,0,1,0,0,1,1,10,6,5,11,11,25,27,3,-3,-9,9,1,-1,0,3,3,4,13,4
2020-08-02,I1,Lecce,Parma,0,3,4,12,18,8,11,899.598612169468,990.872771504286,1,1,0,0,1,1,0,0,6,6,10,7,20,21,-1,1,-6,6,-3,3,4,3,11,8,18,12
2020-08-02,I1,Sassuolo,Udinese,0,0,1,18,7,14,3,1150.70695914723,987.759832845081,1,1,0,0,1,1,0,0,5,7,18,14,32,24,-1,1,11,-11,11,-11,1,0,3,14,7,18
2018-08-18,I1,Chievo,Juventus,0,2,3,7,23,2,11,1000,1172.13021626421,0,0,0,2,0,0,0,4,0,6,0,14,0,38,-1,1,-16,16,-9,9,3,2,11,2,23,7
2018-08-18,I1,Lazio,Napoli,0,1,2,9,11,5,6,1168.31832494551,1209.81338371479,2,0,0,2,2,0,0,3,9,9,13,17,36,38,-1,1,-2,2,-1,1,2,1,6,5,11,9
2018-08-19,I1,Bologna,SPAL,0,0,1,8,10,3,5,965.623880052908,675.386010848016,0,0,0,5,3,0,1,5,4,1,10,2,24,8,-1,1,-2,2,-2,2,1,0,5,3,10,8
2018-08-19,I1,Empoli,Cagliari,2,2,0,9,12,4,5,900.967884403201,976.030245688526,0,0,0,3,1,0,2,5,7,4,9,7,14,16,2,-2,-3,3,-1,1,0,2,5,4,12,9
2018-08-19,I1,Parma,Udinese,1,2,2,9,16,6,6,1014.65431371736,1033.75633202636,0,2,1,0,0,2,1,0,9,9,10,17,24,24,0,0,-7,7,0,0,2,2,6,6,16,9
2018-08-19,I1,Sassuolo,Inter,2,1,0,7,11,5,4,1104.71045996595,1375.54498975974,0,2,1,0,0,6,1,0,4,11,17,21,32,37,1,-1,-4,4,1,-1,0,1,4,5,11,7
2018-08-19,I1,Torino,Roma,0,0,1,8,16,5,13,897.35672803972,1205.44744391017,0,4,1,0,0,4,2,0,3,13,9,22,16,35,-1,1,-8,8,-8,8,1,0,13,5,16,8
2018-08-20,I1,Atalanta,Frosinone,2,4,0,16,6,10,1,1343.99766104921,838.625254030219,0,1,1,0,0,5,1,0,8,7,21,11,44,16,4,-4,10,-10,9,-9,0,4,1,10,6,16
2018-08-25,I1,Juventus,Lazio,2,2,0,14,8,9,3,1189.45770509708,1140.1220925057,0,0,1,1,0,0,1,1,6,9,14,10,38,33,2,-2,6,-6,6,-6,0,2,3,9,8,14
2018-08-25,I1,Napoli,Milan,2,3,2,21,6,13,4,1238.0096161546,1372.72052618283,3,2,0,0,7,7,0,0,9,13,20,24,41,44,1,-1,15,-15,9,-9,2,3,4,13,6,21
2018-08-26,I1,Cagliari,Sassuolo,1,2,2,12,12,7,6,922.842050107984,1157.58833713191,1,0,0,1,1,0,0,2,3,6,6,17,16,35,0,0,0,0,1,-1,2,2,6,7,12,12
2018-08-26,I1,Fiorentina,Chievo,2,6,1,19,5,15,3,1124.8530442915,982.672511167128,2,0,0,0,4,0,0,0,10,0,18,0,31,0,5,-5,14,-14,12,-12,1,6,3,15,5,19
2018-08-26,I1,Frosinone,Bologna,1,0,0,11,10,7,5,831.955298759804,911.756685118393,0,0,2,3,0,0,2,4,4,4,11,9,16,24,0,0,1,-1,2,-2,0,0,5,7,10,11
2018-08-26,I1,Genoa,Empoli,2,2,1,10,12,4,8,976.886498579159,954.156079983743,1,1,0,0,1,1,0,0,9,7,13,12,25,17,1,-1,-2,2,-4,4,1,2,8,4,12,10
2018-08-26,I1,Inter,Torino,1,2,2,9,10,6,7,1322.66711259378,888.0699420495,1,0,0,0,3,2,0,10,10,3,18,9,36,13,0,0,-1,1,-1,1,2,2,7,6,10,9
2018-08-26,I1,SPAL,Parma,2,1,0,15,3,5,0,729.253205782531,1015.53310887281,0,2,1,0,0,2,15,0,4,10,4,11,11,22,1,-1,12,-12,5,-5,0,1,0,5,3,15
2018-08-26,I1,Udinese,Sampdoria,2,1,0,13,9,5,4,1032.87753687091,1002.28640720297,0,0,1,0,0,1,1,2,10,4,15,16,22,26,1,-1,4,-4,1,-1,0,1,4,5,9,13
2018-08-27,I1,Roma,Atalanta,1,3,3,21,17,11,10,1214.73422990039,1350.66761631963,1,1,0,0,4,10,0,0,15,10,25,21,38,46,0,0,4,-4,1,-1,3,3,10,11,17,21
2018-08-31,I1,Milan,Roma,2,2,1,18,6,9,3,1328.89969697903,1220.69319617675,1,5,0,0,6,5,0,0,10,13,23,26,41,36,1,-1,12,-12,6,-6,1,2,3,9,6,18
2018-09-01,I1,Bologna,Inter,0,0,3,7,10,1,4,908.144986193009,1309.09066844751,0,0,1,1,0,0,2,1,5,10,7,19,24,36,-3,3,-3,3,-3,3,3,0,4,1,10,7
2018-09-01,I1,Parma,Juventus,0,1,2,8,20,7,10,961.861742927548,1227.12909523672,0,1,0,0,1,1,2,0,7,9,11,14,22,38,-1,1,-12,12,-3,3,2,1,10,7,20,8
2018-09-02,I1,Atalanta,Cagliari,0,0,1,8,4,5,3,1344.70865004326,932.261039843277,1,0,0,4,1,0,0,6,8,4,19,7,47,16,-1,1,4,-4,2,-2,1,0,3,5,4,8
2018-09-02,I1,Chievo,Empoli,1,0,0,11,12,5,4,937.381788647147,924.246647058221,0,0,1,1,0,0,1,1,0,7,0,11,0,16,0,0,-1,1,1,-1,0,0,4,5,12,11
2018-09-02,I1,Fiorentina,Udinese,2,1,0,13,4,4,1,1170.14376681149,1062.06724821951,3,0,0,0,5,3,0,1,10,10,21,17,31,25,1,-1,9,-9,3,-3,0,1,1,4,4,13
2018-09-02,I1,Lazio,Frosinone,2,1,0,17,7,8,5,1102.45070236606,835.566997685187,0,0,1,1,0,0,1,1,6,4,10,11,32,17,1,-1,10,-10,3,-3,0,1,5,8,7,17
2018-09-02,I1,Sampdoria,Napoli,2,3,0,7,12,4,6,973.096695854371,1281.8304453584,0,1,2,0,0,1,2,0,1,12,13,20,23,44,3,-3,-5,5,-2,2,0,3,6,4,12,7
2018-09-02,I1,Sassuolo,Genoa,2,5,3,10,11,8,8,1148.16934739662,1006.79593150468,1,0,0,1,1,0,0,1,7,9,15,16,33,28,2,-2,-1,1,0,0,3,5,8,8,11,10
2018-09-02,I1,Torino,SPAL,2,1,0,10,8,7,3,901.646386195774,782.924571727796,0,1,2,0,0,1,3,0,3,7,10,7,14,11,1,-1,2,-2,4,-4,0,1,3,7,8,10
2018-09-15,I1,Frosinone,Sampdoria,0,0,5,6,10,2,7,824.234332026516,1066.38417350713,0,0,0,1,1,0,3,3,4,4,10,13,14,26,-5,5,-4,4,-5,5,5,0,7,2,10,6
2018-09-15,I1,Inter,Parma,0,0,1,24,8,11,6,1318.95654556587,950.442043274837,0,0,0,1,4,0,1,1,10,4,21,11,38,19,-1,1,16,-16,5,-5,1,0,6,11,8,24
2018-09-15,I1,Napoli,Fiorentina,2,1,0,19,7,5,3,1188.54296770564,1192.49866283591,4,1,0,0,8,1,0,0,9,12,17,21,41,31,1,-1,12,-12,2,-2,0,1,3,5,7,19
2018-09-16,I1,Cagliari,Milan,1,1,1,7,12,3,7,990.810909290347,1351.24371003786,0,0,0,1,2,0,1,1,7,10,9,23,18,41,0,0,-5,5,-4,4,1,1,7,3,12,7
2018-09-16,I1,Empoli,Lazio,0,0,1,10,16,3,9,924.851254656432,1113.78336802473,1,0,0,2,2,0,0,2,8,6,12,13,17,32,-1,1,-6,6,-6,6,1,0,9,3,16,10
2018-09-16,I1,Genoa,Bologna,2,1,0,10,8,5,2,979.860421693493,898.279109074646,2,0,0,0,2,1,0,5,6,2,15,7,28,21,1,-1,2,-2,3,-3,0,1,2,5,8,10
2018-09-16,I1,Juventus,Sassuolo,2,2,1,16,10,6,6,1238.54879488943,1175.10485720781,1,0,0,0,1,1,0,3,9,10,17,15,41,35,1,-1,6,-6,0,0,1,2,6,6,10,16
2018-09-16,I1,Roma,Chievo,1,2,2,15,10,9,5,1198.34918311792,936.777181048935,0,0,0,1,5,0,1,1,10,1,23,1,35,1,0,0,5,-5,4,-4,2,2,5,9,10,15
2018-09-16,I1,Udinese,Torino,1,1,1,7,9,3,4,1039.71235219508,923.118318011558,1,0,0,0,1,3,0,11,7,5,14,10,25,17,0,0,-2,2,-1,1,1,1,4,3,9,7
2018-09-17,I1,SPAL,Atalanta,2,2,0,13,13,6,4,761.452639912012,1286.15878059619,1,0,0,0,1,11,0,1,6,7,7,16,11,44,2,-2,0,0,2,-2,0,2,4,6,13,13
2018-09-19,I1,Sampdoria,Fiorentina,1,1,1,8,14,4,9,1095.79684948095,1160.13434559204,1,0,0,1,1,0,0,1,7,12,16,20,28,30,0,0,-6,6,-5,5,1,1,9,4,14,8
2018-09-21,I1,Sassuolo,Empoli,2,3,1,20,16,10,11,1148.88416501565,908.718510477709,2,0,0,0,2,1,0,2,7,7,12,11,32,16,2,-2,4,-4,-1,1,1,3,11,10,16,20
2018-09-22,I1,Fiorentina,SPAL,2,3,0,15,5,5,2,1157.20490258061,845.088200463755,4,0,0,1,6,0,0,1,10,9,20,10,31,14,3,-3,10,-10,3,-3,0,3,2,5,5,15
2018-09-22,I1,Parma,Cagliari,2,2,0,14,9,8,3,1007.59148821856,1003.24071471706,0,1,1,0,0,1,3,0,7,5,13,9,21,18,2,-2,5,-5,5,-5,0,2,3,8,9,14
2018-09-22,I1,Sampdoria,Inter,0,0,1,9,14,4,5,1098.72629249238,1261.80710062214,0,1,0,0,2,1,1,0,8,7,14,18,29,35,-1,1,-5,5,-1,1,1,0,5,4,14,9
2018-09-23,I1,Bologna,Roma,2,2,0,7,20,2,9,873.657909767899,1188.15950459906,0,0,2,1,0,0,3,1,2,8,6,21,18,36,2,-2,-13,13,-7,7,0,2,9,2,20,7
2018-09-23,I1,Chievo,Udinese,0,0,2,10,9,4,7,946.966859567796,1034.53587488281,0,0,0,1,1,0,2,2,2,8,2,15,2,26,-2,2,1,-1,-3,3,2,0,7,4,9,10
2018-09-23,I1,Frosinone,Juventus,0,0,2,2,18,0,8,794.821656052697,1264.7694870816,0,2,1,0,0,2,4,0,1,12,9,19,13,41,-2,2,-16,16,-8,8,2,0,8,0,18,2
2018-09-23,I1,Lazio,Genoa,2,4,1,16,8,8,4,1129.91611220345,1004.48162100024,1,0,0,2,1,0,0,2,6,9,16,18,34,30,3,-3,8,-8,4,-4,1,4,4,8,8,16
2018-09-23,I1,Milan,Atalanta,1,2,2,14,13,8,8,1338.81390461115,1202.52322004445,2,0,0,1,7,0,0,2,10,4,21,15,39,43,0,0,1,-1,0,0,2,2,8,8,13,14
2018-09-23,I1,Torino,Napoli,0,1,3,9,13,3,8,928.294795323828,1220.90728494951,1,0,0,1,1,0,0,1,6,12,11,19,18,41,-2,2,-4,4,-5,5,3,1,8,3,13,9
2018-09-25,I1,Inter,Fiorentina,2,2,1,11,11,3,8,1279.80064608624,1172.71965295314,0,0,1,0,0,1,2,2,7,10,18,20,35,34,1,-1,0,0,-5,5,1,2,8,3,11,11
2018-09-26,I1,Atalanta,Torino,1,0,0,11,3,4,0,1208.49635274826,914.566307146824,0,0,1,0,0,4,1,12,5,5,13,8,41,18,0,0,8,-8,4,-4,0,0,0,4,3,11
2018-09-26,I1,Cagliari,Sampdoria,1,0,0,10,10,2,5,959.93227644403,1080.73274702829,0,1,0,0,3,1,2,0,5,7,9,11,18,26,0,0,0,0,-3,3,0,0,5,2,10,10
2018-09-26,I1,Genoa,Chievo,2,2,0,11,8,5,2,968.824529598189,913.935011336963,3,0,0,0,3,1,0,2,9,2,15,2,29,2,2,-2,3,-3,3,-3,0,2,2,5,8,11
2018-09-26,I1,Juventus,Bologna,2,2,0,15,5,9,2,1270.26616486694,949.04145637783,2,0,0,1,2,0,0,6,15,4,21,8,44,18,2,-2,10,-10,7,-7,0,2,2,9,5,15
2018-09-26,I1,Napoli,Parma,2,3,0,20,2,8,0,1234.63577312651,1050.89992649159,5,1,0,0,9,1,0,0,12,7,21,16,44,24,3,-3,18,-18,8,-8,0,3,0,8,2,20
2018-09-26,I1,Roma,Frosinone,2,4,0,18,8,13,3,1112.77595798913,789.324978267355,0,0,0,2,6,0,2,2,5,1,18,8,36,13,4,-4,10,-10,10,-10,0,4,3,13,8,18
2018-09-26,I1,Udinese,Lazio,0,1,2,10,5,6,2,1067.56772311364,1165.5732036055,0,1,0,0,2,1,1,0,8,9,17,18,28,34,-1,1,5,-5,4,-4,2,1,2,6,5,10
2018-09-27,I1,Empoli,Milan,1,1,1,4,16,3,11,891.122216188142,1332.84077190734,0,0,1,0,0,1,1,2,4,8,11,21,16,39,0,0,-12,12,-8,8,1,1,11,3,16,4
2018-09-27,I1,SPAL,Sassuolo,0,0,2,6,10,2,5,829.573450091225,1166.48045930521,2,0,0,1,2,0,0,4,9,10,10,14,14,32,-2,2,-4,4,-3,3,2,0,5,2,10,6
2018-09-29,I1,Inter,Cagliari,2,2,0,12,4,8,1,1302.23897528125,965.281505900762,1,0,0,1,1,0,0,1,10,6,20,9,38,19,2,-2,8,-8,7,-7,0,2,1,8,4,12
2018-09-29,I1,Juventus,Napoli,2,3,1,14,9,9,6,1282.19337388568,1262.74738281837,3,1,0,0,3,1,0,0,15,12,21,21,44,44,2,-2,5,-5,3,-3,1,3,6,9,9,14
2018-09-29,I1,Roma,Lazio,2,3,1,10,11,7,5,1130.12438802933,1188.77860084645,1,2,0,0,7,2,0,0,5,12,20,21,39,34,2,-2,-1,1,2,-2,1,3,5,7,11,10
2018-09-30,I1,Bologna,Udinese,2,2,1,11,10,6,2,937.114247359087,1044.3623258727,1,1,0,0,1,1,0,0,4,7,8,17,18,27,1,-1,1,-1,4,-4,1,2,2,6,10,11
2018-09-30,I1,Chievo,Torino,0,0,1,8,13,3,5,876.949151157731,925.589879970082,0,0,1,0,0,5,3,13,2,6,2,9,2,19,-1,1,-5,5,-2,2,1,0,5,3,13,8
2018-09-30,I1,Fiorentina,Atalanta,2,2,0,6,11,4,4,1150.28132375813,1197.472779925,5,0,0,0,7,1,0,3,7,3,17,13,31,39,2,-2,-5,5,0,0,0,2,4,4,11,6
2018-09-30,I1,Frosinone,Genoa,0,1,2,13,7,6,5,771.976548227151,1005.81038977742,0,0,2,3,0,0,5,3,1,9,5,18,13,29,-1,1,6,-6,1,-1,2,1,5,6,7,13
2018-09-30,I1,Parma,Empoli,2,1,0,7,10,3,6,1022.78831679973,904.788904883751,1,0,0,1,1,0,0,3,6,2,16,9,21,16,1,-1,-3,3,-3,3,0,1,6,3,10,7
2018-09-30,I1,Sassuolo,Milan,0,1,4,8,10,2,10,1177.50754478865,1319.17408321173,3,0,0,0,3,2,0,3,10,6,16,19,35,40,-3,3,-2,2,-8,8,4,1,10,2,10,8
2018-10-01,I1,Sampdoria,SPAL,2,2,1,16,10,9,4,1075.38351757155,818.546364607789,0,0,1,2,0,0,2,2,8,6,9,10,27,14,1,-1,6,-6,5,-5,1,2,4,9,10,16
2018-10-05,I1,Torino,Frosinone,2,3,2,15,8,10,4,953.138944503839,758.759527476027,0,0,1,3,0,0,1,3,8,0,11,4,22,13,1,-1,7,-7,6,-6,2,3,4,10,8,15
2018-10-06,I1,Cagliari,Bologna,2,2,0,8,10,5,4,954.257220501771,978.689931297368,0,0,0,2,4,0,3,7,5,6,9,11,19,20,2,-2,-2,2,1,-1,0,2,4,5,10,8
2018-10-06,I1,Empoli,Roma,0,0,2,11,7,4,4,883.257598790838,1181.31651981312,0,0,0,2,1,0,2,2,2,7,9,20,15,39,-2,2,4,-4,0,0,2,0,4,4,7,11
2018-10-06,I1,Udinese,Juventus,0,0,2,5,13,4,7,1002.78664193442,1323.59883837894,0,3,1,0,0,3,2,0,4,15,14,24,26,44,-2,2,-8,8,-3,3,2,0,7,4,13,5
2018-10-07,I1,Atalanta,Sampdoria,0,0,1,15,6,6,3,1147.69443867261,1087.26563590261,0,0,0,0,1,2,2,1,2,8,10,12,36,27,-1,1,9,-9,3,-3,1,0,3,6,6,15
2018-10-07,I1,Genoa,Parma,0,1,3,20,7,13,5,1019.02741052855,1044.31962289265,4,0,0,1,4,0,0,1,9,9,18,16,29,24,-2,2,13,-13,8,-8,3,1,5,13,7,20
2018-10-07,I1,Lazio,Fiorentina,2,1,0,11,10,5,6,1137.58646906265,1200.05966501052,2,0,0,1,2,0,0,3,12,7,18,19,31,33,1,-1,1,-1,-1,1,0,1,6,5,10,11
2018-10-07,I1,Milan,Chievo,2,3,1,14,4,7,2,1352.62595711411,849.400086623973,0,0,0,1,8,0,1,3,9,2,19,2,40,2,2,-2,10,-10,5,-5,1,3,2,7,4,14
2018-10-07,I1,Napoli,Sassuolo,2,2,0,12,10,7,7,1221.34191832512,1144.05567088627,6,1,0,0,10,1,0,0,9,9,21,16,41,32,2,-2,2,-2,0,0,0,2,7,7,10,12
2018-10-07,I1,SPAL,Inter,0,1,2,9,6,6,4,806.664246276735,1313.26326068024,0,2,1,0,0,2,1,0,3,12,10,22,14,41,-1,1,3,-3,2,-2,2,1,4,6,6,9
2018-10-20,I1,Juventus,Genoa,1,1,1,13,5,4,2,1335.55053984002,978.356860618994,4,1,0,0,4,1,0,0,15,9,24,15,44,29,0,0,8,-8,2,-2,1,1,2,4,5,13
2018-10-20,I1,Roma,SPAL,0,0,2,13,5,9,5,1194.68585275449,803.377357900345,2,0,0,3,8,0,0,3,10,3,20,9,39,11,-2,2,8,-8,4,-4,2,0,5,9,5,13
2018-10-20,I1,Udinese,Napoli,0,0,3,7,9,4,4,990.834940473329,1255.60130654746,0,0,2,1,0,0,3,1,4,12,11,21,25,41,-3,3,-2,2,0,0,3,0,4,4,9,7
2018-10-21,I1,Bologna,Torino,1,2,2,6,12,3,8,931.753188321213,968.896278960722,2,1,0,0,2,6,0,0,6,8,8,13,20,24,0,0,-6,6,-5,5,2,2,8,3,12,6
2018-10-21,I1,Chievo,Atalanta,0,1,5,3,15,2,8,844.811533394912,1110.18419196606,0,0,2,1,0,0,4,4,1,2,2,9,2,33,-4,4,-12,12,-6,6,5,1,8,2,15,3
2018-10-21,I1,Fiorentina,Cagliari,1,1,1,7,8,3,5,1162.3668929696,1001.19396347793,6,0,0,2,8,0,0,2,7,5,19,12,32,22,0,0,-1,1,-2,2,1,1,5,3,8,7
2018-10-21,I1,Frosinone,Empoli,1,3,3,5,15,4,10,743.002193019144,869.888265849467,0,0,3,2,0,0,6,4,0,1,4,9,13,15,0,0,-10,10,-6,6,3,3,10,4,15,5
2018-10-21,I1,Inter,Milan,2,1,0,14,9,7,2,1316.55014905663,1357.21451034318,2,1,0,0,2,3,0,0,12,9,22,19,41,42,1,-1,5,-5,5,-5,0,1,2,7,9,14
2018-10-21,I1,Parma,Lazio,0,0,2,3,15,1,9,1084.9901728022,1175.27924110357,2,0,0,1,2,0,0,1,12,12,16,18,26,31,-2,2,-12,12,-8,8,2,0,9,1,15,3
2018-10-22,I1,Sampdoria,Sassuolo,1,0,0,7,7,2,2,1124.77588260915,1109.79628266393,1,0,0,1,1,0,0,1,8,6,15,16,30,32,0,0,0,0,0,0,0,0,2,2,7,7
2018-10-27,I1,Atalanta,Parma,2,3,0,21,9,14,5,1133.19160795007,1052.28013417284,0,1,1,0,0,1,3,0,5,9,9,16,33,23,3,-3,12,-12,9,-9,0,3,5,14,9,21
2018-10-27,I1,Empoli,Juventus,0,1,2,6,12,4,7,864.291583488112,1323.18030651849,0,4,1,0,0,4,3,0,2,13,9,25,16,42,-1,1,-6,6,-3,3,2,1,7,4,12,6
2018-10-27,I1,Torino,Fiorentina,1,1,1,12,8,4,5,967.192263204335,1155.43486450876,1,0,0,2,1,0,0,4,8,7,14,17,22,32,0,0,4,-4,-1,1,1,1,5,4,8,12
2018-10-28,I1,Cagliari,Chievo,2,2,1,12,12,4,5,1008.12599193877,821.804117410899,1,0,0,2,5,0,0,4,5,0,10,2,20,2,1,-1,0,0,-1,1,1,2,5,4,12,12
2018-10-28,I1,Genoa,Udinese,1,2,2,11,11,5,8,990.727093940528,971.328338451651,0,0,1,1,0,0,1,1,7,3,16,11,27,25,0,0,0,0,-3,3,2,2,8,5,11,11
2018-10-28,I1,Milan,Sampdoria,2,3,2,8,3,7,2,1321.4861930963,1124.0864736622,1,1,0,0,9,3,0,0,8,8,18,16,42,31,1,-1,5,-5,5,-5,2,3,2,7,3,8
2018-10-28,I1,Napoli,Roma,1,1,1,18,7,6,5,1275.10790856913,1115.31492287971,7,1,0,0,11,1,0,0,12,9,24,17,41,36,0,0,11,-11,1,-1,1,1,5,6,7,18
2018-10-28,I1,Sassuolo,Bologna,1,2,2,11,10,6,6,1110.48569161088,933.4572040776,0,0,1,3,0,0,1,8,7,7,14,9,32,21,0,0,1,-1,0,0,2,2,6,6,10,11
2018-10-28,I1,SPAL,Frosinone,0,0,3,10,5,5,4,882.748287775126,748.598875380499,0,0,2,4,0,0,2,4,3,1,12,2,14,13,-3,3,5,-5,1,-1,3,0,4,5,5,10
2018-10-29,I1,Lazio,Inter,0,0,3,11,13,4,7,1207.98927973293,1352.27846630351,3,3,0,0,3,3,0,0,12,15,18,22,34,43,-3,3,-2,2,-3,3,3,0,7,4,13,11
2018-10-31,I1,Milan,Genoa,2,2,1,19,7,10,2,1337.03793034833,989.834675399595,2,0,0,0,10,2,0,1,10,8,18,17,42,28,1,-1,12,-12,8,-8,1,2,2,10,7,19
2018-11-02,I1,Napoli,Empoli,2,5,1,19,8,13,4,1268.22758902325,860.03493512075,0,0,0,0,12,1,1,5,10,2,22,6,39,15,4,-4,11,-11,9,-9,1,5,4,13,8,19
2018-11-03,I1,Fiorentina,Roma,1,1,1,11,11,3,6,1147.52520623108,1122.1952424256,0,0,0,0,9,2,1,1,5,10,15,15,33,37,0,0,0,0,-3,3,1,1,6,3,11,11
2018-11-03,I1,Inter,Genoa,2,5,0,17,8,10,3,1385.38123917031,982.196697018063,3,0,0,1,3,0,0,2,15,5,22,14,43,27,5,-5,9,-9,7,-7,0,5,3,10,8,17
2018-11-03,I1,Juventus,Cagliari,2,3,1,11,4,5,3,1327.43695488585,1024.44071266979,0,0,0,0,5,1,1,3,13,8,28,13,42,20,2,-2,7,-7,2,-2,1,3,3,5,4,11
2018-11-04,I1,Bologna,Atalanta,0,1,2,9,12,5,6,940.97045359597,1175.24848592926,0,1,0,0,3,1,1,0,5,7,9,12,19,33,-1,1,-3,3,-1,1,2,1,6,5,12,9
2018-11-04,I1,Chievo,Sassuolo,0,0,2,1,8,1,4,805.48939667988,1102.97244209251,0,0,3,0,0,1,5,2,0,5,2,15,2,32,-2,2,-7,7,-3,3,2,0,4,1,8,1
2018-11-04,I1,Lazio,SPAL,2,4,1,18,5,11,3,1174.88650686614,808.148820960622,0,1,1,0,0,1,1,0,9,3,18,12,31,14,3,-3,13,-13,8,-8,1,4,3,11,5,18
2018-11-04,I1,Parma,Frosinone,1,0,0,9,9,1,1,1010.22325619365,823.198342195002,0,1,1,0,0,1,1,0,6,4,13,5,23,16,0,0,0,0,0,0,0,0,1,1,9,9
2018-11-04,I1,Sampdoria,Torino,0,1,4,10,15,4,8,1108.53473641017,975.10192148201,0,0,0,0,2,7,1,1,8,9,15,14,31,23,-3,3,-5,5,-4,4,4,1,8,4,15,10
2018-11-04,I1,Udinese,Milan,0,0,1,11,15,4,9,972.220756992584,1344.67590872987,0,0,3,1,0,0,4,1,1,12,9,18,26,42,-1,1,-4,4,-5,5,1,0,9,4,15,11
2018-11-09,I1,Frosinone,Fiorentina,1,1,1,5,16,3,10,831.065554834844,1146.36078061522,0,0,0,0,1,1,7,5,5,6,6,13,17,34,0,0,-11,11,-7,7,1,1,10,3,16,5
2018-11-10,I1,Genoa,Napoli,0,1,2,8,13,3,7,968.967850681262,1279.46219075608,0,1,0,0,1,1,2,0,2,10,11,22,27,42,-1,1,-5,5,-4,4,2,1,7,3,13,8
2018-11-10,I1,SPAL,Cagliari,1,2,2,8,11,4,3,796.367652364694,1011.39026951591,0,0,3,1,0,0,3,4,3,7,9,13,13,19,0,0,-3,3,1,-1,2,2,3,4,11,8
2018-11-10,I1,Torino,Parma,0,1,2,12,11,4,7,1049.60407328611,1002.35604355381,0,0,0,1,2,0,1,1,11,7,17,13,26,24,-1,1,1,-1,-3,3,2,1,7,4,11,12
2018-11-11,I1,Atalanta,Inter,2,4,1,16,6,10,2,1188.43871061727,1398.61008550711,1,4,0,0,1,4,0,0,9,15,12,25,33,43,3,-3,10,-10,8,-8,1,4,2,10,6,16
2018-11-11,I1,Chievo,Bologna,1,2,2,12,12,6,6,792.082456068516,927.780228907967,0,0,4,0,0,1,6,9,0,5,2,9,2,18,0,0,0,0,0,0,2,2,6,6,12,12
2018-11-11,I1,Empoli,Udinese,2,2,1,9,22,5,9,848.800333387918,965.507735502222,0,0,2,0,0,1,4,2,1,1,3,8,15,23,1,-1,-13,13,-4,4,1,2,9,5,22,9
2018-11-11,I1,Milan,Juventus,0,0,2,5,12,2,8,1351.38893022023,1340.48739803973,3,5,0,0,11,5,0,0,12,13,21,28,44,42,-2,2,-7,7,-6,6,2,0,8,2,12,5
2018-11-11,I1,Roma,Sampdoria,2,4,1,10,4,6,3,1123.35966804146,1034.03258460607,0,0,1,1,0,0,1,1,8,7,13,15,38,28,3,-3,6,-6,3,-3,1,4,3,6,4,10
2018-11-11,I1,Sassuolo,Lazio,1,1,1,9,7,4,3,1116.37938270387,1186.66767546207,0,1,0,0,1,1,2,0,5,9,15,21,32,31,0,0,2,-2,1,-1,1,1,3,4,7,9
2018-11-24,I1,Inter,Frosinone,2,3,0,25,5,14,4,1314.601841499,842.584380566369,4,0,0,0,4,2,0,1,12,6,24,6,43,17,3,-3,20,-20,10,-10,0,3,4,14,5,25
2018-11-24,I1,Juventus,SPAL,2,2,0,12,8,8,1,1385.72069089696,805.173270176011,1,0,0,1,6,0,0,1,13,4,28,7,42,14,2,-2,4,-4,7,-7,0,2,1,8,8,12
2018-11-24,I1,Udinese,Roma,2,1,0,8,23,3,9,923.145433228103,1164.17194096572,0,0,4,0,0,3,5,2,1,8,5,15,22,41,1,-1,-15,15,-6,6,0,1,9,3,23,8
2018-11-25,I1,Bologna,Fiorentina,1,0,0,8,11,4,6,921.830610357952,1134.8419548837,0,0,1,0,0,2,2,6,3,4,9,11,16,32,0,0,-3,3,-2,2,0,0,6,4,11,8
2018-11-25,I1,Empoli,Atalanta,2,3,2,12,8,8,5,891.162635662037,1272.44695462538,1,2,0,0,1,2,0,0,4,12,6,14,17,33,1,-1,4,-4,3,-3,2,3,5,8,8,12
2018-11-25,I1,Genoa,Sampdoria,1,1,1,10,6,5,2,959.790376152743,993.220311681803,0,0,1,2,0,0,3,2,2,4,11,12,26,25,0,0,4,-4,3,-3,1,1,2,5,6,10
2018-11-25,I1,Lazio,Milan,1,1,1,16,9,6,4,1183.47422836877,1306.155637363,1,1,0,0,1,1,0,0,10,9,22,18,32,41,0,0,7,-7,2,-2,1,1,4,6,9,16
2018-11-25,I1,Napoli,Chievo,1,0,0,17,7,10,3,1288.6396652846,798.032074618531,1,0,0,3,13,0,0,5,13,1,22,3,42,3,0,0,10,-10,7,-7,0,0,3,10,7,17
2018-11-25,I1,Parma,Sassuolo,2,2,1,10,12,4,5,1038.68111881696,1119.57282979717,0,1,0,0,1,2,2,0,7,6,16,15,27,30,1,-1,-2,2,-1,1,1,2,5,4,12,10
2018-11-26,I1,Cagliari,Torino,1,0,0,3,8,1,5,1002.58465170459,1013.27899802295,2,1,0,0,6,8,0,0,8,8,13,16,20,26,0,0,-5,5,-4,4,0,0,5,1,8,3
2018-12-01,I1,Fiorentina,Juventus,0,0,3,12,9,7,6,1126.10111114289,1388.71716846551,0,6,0,0,10,6,2,0,5,13,12,28,32,45,-3,3,3,-3,1,-1,3,0,6,7,9,12
2018-12-01,I1,Sampdoria,Bologna,2,4,1,8,8,6,4,991.685539701068,930.571454098759,0,0,1,0,0,2,2,10,2,4,10,10,26,17,3,-3,0,0,2,-2,1,4,4,6,8,8
2018-12-01,I1,SPAL,Empoli,1,2,2,9,13,5,8,802.176792607466,948.748939170179,0,0,0,1,1,0,4,6,4,7,7,8,14,20,0,0,-4,4,-3,3,2,2,8,5,13,9
2018-12-02,I1,Chievo,Lazio,1,1,1,5,19,2,7,812.239042157048,1188.90025653859,0,0,0,0,1,2,7,1,2,8,3,20,4,33,0,0,-14,14,-5,5,1,1,7,2,19,5
2018-12-02,I1,Frosinone,Cagliari,1,1,1,25,18,11,7,835.825857604741,1003.07698907302,0,0,0,0,2,1,8,5,6,6,6,11,16,20,0,0,7,-7,4,-4,1,1,7,11,18,25
2018-12-02,I1,Milan,Parma,2,2,1,19,7,6,1,1300.72960919318,1077.99975450772,0,1,1,0,0,1,1,0,10,7,18,19,39,30,1,-1,12,-12,5,-5,1,2,1,6,7,19
2018-12-02,I1,Roma,Inter,1,2,2,15,16,6,7,1112.96000787866,1321.36036446063,1,0,0,1,1,0,0,1,5,12,15,24,38,45,0,0,-1,1,-1,1,2,2,7,6,16,15
2018-12-02,I1,Sassuolo,Udinese,1,0,0,17,3,3,1,1080.25419410641,974.357366315158,0,0,0,1,2,0,3,3,6,4,12,8,27,22,0,0,14,-14,2,-2,0,0,1,3,3,17
2018-12-02,I1,Torino,Genoa,2,2,1,23,8,10,2,1012.78666065453,961.325148133479,0,0,1,2,0,0,2,3,6,2,14,9,24,27,1,-1,15,-15,8,-8,1,2,2,10,8,23
2018-12-03,I1,Atalanta,Napoli,0,1,2,9,9,3,5,1214.86065111723,1274.43269774608,2,2,0,0,2,2,0,0,12,11,14,23,30,40,-1,1,0,0,-2,2,2,1,5,3,9,9
2018-12-07,I1,Juventus,Inter,2,1,0,14,8,6,4,1408.4228294589,1312.76957033585,2,0,0,0,7,1,0,2,15,10,28,25,47,43,1,-1,6,-6,2,-2,0,1,4,6,8,14
2018-12-08,I1,Cagliari,Roma,1,2,2,10,14,5,7,995.919323688677,1121.55080200344,0,0,0,1,7,0,1,3,6,6,11,15,20,36,0,0,-4,4,-2,2,2,2,7,5,14,10
2018-12-08,I1,Lazio,Sampdoria,1,2,2,20,4,11,3,1176.18471636593,1036.72272178663,0,0,0,0,2,1,1,3,6,4,18,12,34,26,0,0,16,-16,8,-8,2,2,3,11,4,20
2018-12-08,I1,Napoli,Frosinone,2,4,0,18,6,10,2,1300.99905378828,842.983522989085,0,0,0,1,14,0,1,2,11,6,23,7,42,16,4,-4,12,-12,8,-8,0,4,2,10,6,18
2018-12-09,I1,Empoli,Bologna,2,2,1,9,14,5,8,942.372884512055,885.534272013193,2,0,0,1,2,0,0,11,7,3,9,10,20,16,1,-1,-5,5,-3,3,1,2,8,5,14,9
2018-12-09,I1,Genoa,SPAL,1,1,1,6,16,3,7,934.030568111351,808.55284726559,0,0,0,2,1,0,4,2,1,2,9,5,24,15,0,0,-10,10,-4,4,1,1,7,3,16,6
2018-12-09,I1,Milan,Torino,1,0,0,11,10,4,4,1314.62956632221,1040.08124067665,1,0,0,0,1,9,0,1,10,8,20,16,41,27,0,0,1,-1,0,0,0,0,4,4,10,11
2018-12-09,I1,Parma,Chievo,1,1,1,12,7,7,1,1064.09979737869,824.954582329705,1,0,0,0,2,1,0,6,7,3,16,3,29,5,0,0,5,-5,6,-6,1,1,1,7,7,12
2018-12-09,I1,Sassuolo,Fiorentina,1,3,3,11,11,7,6,1075.52307312863,1106.3954501495,0,0,0,0,3,3,4,7,6,4,13,11,25,31,0,0,0,0,1,-1,3,3,6,7,11,11
2018-12-09,I1,Udinese,Atalanta,0,1,3,5,12,2,4,979.088487292938,1188.29429507503,1,0,0,1,1,0,0,1,5,9,8,14,23,29,-2,2,-7,7,-2,2,3,1,4,2,12,5
2018-12-15,I1,Inter,Udinese,2,1,0,15,7,4,1,1289.36351909786,958.851377241942,5,0,0,0,5,1,0,4,7,4,22,5,40,22,1,-1,8,-8,3,-3,0,1,1,4,7,15
2018-12-15,I1,Torino,Juventus,0,0,1,5,7,3,4,1050.61772106362,1431.82888069688,1,7,0,0,1,7,0,0,8,15,17,28,25,49,-1,1,-2,2,-1,1,1,0,4,3,7,5
2018-12-16,I1,Cagliari,Napoli,0,0,1,6,13,2,5,1001.46523513157,1309.61959812421,0,3,0,0,8,3,2,0,4,13,12,23,21,44,-1,1,-7,7,-3,3,1,0,5,2,13,6
2018-12-16,I1,Fiorentina,Empoli,2,3,1,15,8,9,4,1104.97745471418,969.184062317728,0,0,1,0,0,1,3,7,4,10,9,12,29,23,2,-2,7,-7,5,-5,1,3,4,9,8,15
2018-12-16,I1,Frosinone,Sassuolo,0,0,2,9,13,3,3,834.362978653162,1076.94106856395,0,0,0,1,3,0,9,1,3,6,7,11,15,25,-2,2,-4,4,0,0,2,0,3,3,13,9
2018-12-16,I1,Roma,Genoa,2,3,2,14,11,7,8,1116.00489056055,928.490887694716,0,0,0,3,2,0,1,4,6,2,16,7,34,25,1,-1,3,-3,-1,1,2,3,8,7,11,14
2018-12-16,I1,Sampdoria,Parma,2,2,0,12,2,10,0,1042.82111444916,1054.54941973165,1,0,0,1,1,0,0,1,5,8,13,14,24,30,2,-2,10,-10,10,-10,0,2,0,10,2,12
2018-12-16,I1,SPAL,Chievo,1,0,0,10,8,3,6,814.092527682225,834.504959976744,0,0,0,0,2,2,5,7,3,4,6,4,16,6,0,0,2,-2,-3,3,0,0,6,3,8,10
2018-12-17,I1,Atalanta,Lazio,2,1,0,4,11,2,3,1208.53140512603,1170.08632370341,0,0,1,0,0,3,1,2,9,7,16,16,29,34,1,-1,-7,7,-1,1,0,1,3,2,11,4
2018-12-18,I1,Bologna,Milan,1,0,0,7,11,6,4,858.723094207521,1304.09308593525,0,0,0,0,1,2,3,1,2,8,7,20,15,39,0,0,-4,4,2,-2,0,0,4,6,11,7
2018-12-22,I1,Chievo,Inter,1,1,1,6,9,3,3,833.566012822846,1297.67178498005,0,0,0,1,2,0,8,3,5,7,5,22,7,42,0,0,-3,3,0,0,1,1,3,3,9,6
2018-12-22,I1,Empoli,Sampdoria,0,2,4,6,15,3,12,941.645350623612,1088.15866217446,3,0,0,0,3,2,0,4,10,8,11,15,20,24,-2,2,-9,9,-9,9,4,2,12,3,15,6
2018-12-22,I1,Genoa,Atalanta,2,3,1,15,10,7,6,912.259445138302,1237.00486384574,0,1,0,0,2,1,5,0,2,9,4,18,22,31,2,-2,5,-5,1,-1,1,3,6,7,10,15
2018-12-22,I1,Juventus,Roma,2,1,0,15,4,7,4,1438.24500797162,1132.23633311696,3,0,0,0,8,1,0,4,15,8,28,16,49,36,1,-1,11,-11,3,-3,0,1,4,7,4,15
2018-12-22,I1,Lazio,Cagliari,2,3,1,15,9,10,5,1141.61286498369,992.181357551752,0,0,0,0,3,2,2,6,4,4,13,11,34,20,2,-2,6,-6,5,-5,1,3,5,10,9,15
2018-12-22,I1,Milan,Fiorentina,0,0,1,11,7,7,1,1290.38133486792,1132.5161664083,0,0,0,0,2,4,1,8,6,6,18,12,37,29,-1,1,4,-4,6,-6,1,0,1,7,7,11
2018-12-22,I1,Napoli,SPAL,2,1,0,15,10,8,6,1318.90347570403,815.031474836123,1,0,0,0,15,1,0,3,13,4,23,7,44,17,1,-1,5,-5,2,-2,0,1,6,8,10,15
2018-12-22,I1,Parma,Bologna,1,0,0,7,5,1,2,1009.21187200635,872.434845274855,0,0,0,2,3,0,1,12,7,3,14,8,30,16,0,0,2,-2,-1,1,0,0,2,1,5,7
2018-12-22,I1,Sassuolo,Torino,1,1,1,11,4,6,3,1094.34283399163,1044.20159378887,0,0,0,0,4,10,5,2,6,5,11,16,27,25,0,0,7,-7,3,-3,1,1,3,6,4,11
2018-12-22,I1,Udinese,Frosinone,1,1,1,9,10,1,6,950.543111359753,816.961213225483,0,0,1,2,0,0,1,3,4,2,5,7,22,12,0,0,-1,1,-5,5,1,1,6,1,10,9
2018-12-26,I1,Atalanta,Juventus,1,2,2,10,10,6,3,1161.00951579919,1447.62735231298,1,8,0,0,1,8,0,0,6,15,18,28,28,52,0,0,0,0,3,-3,2,2,3,6,10,10
2018-12-26,I1,Bologna,Lazio,0,0,2,6,11,3,7,878.427243364537,1167.69044751924,0,0,0,1,2,0,4,3,3,6,6,16,17,34,-2,2,-5,5,-4,4,2,0,7,3,11,6
2018-12-26,I1,Cagliari,Genoa,2,1,0,12,10,7,4,966.103775016202,988.254793184856,0,0,1,4,0,0,3,5,3,5,11,7,20,22,1,-1,2,-2,3,-3,0,1,4,7,10,12
2018-12-26,I1,Fiorentina,Parma,0,0,1,16,3,7,2,1178.1317359382,1003.21947391667,1,0,0,2,1,0,0,2,8,5,12,12,31,28,-1,1,13,-13,5,-5,1,0,2,7,3,16
2018-12-26,I1,Frosinone,Milan,1,0,0,11,16,5,8,822.826675906205,1244.76576533802,0,0,1,0,0,3,10,2,2,6,8,15,12,34,0,0,-5,5,-3,3,0,0,8,5,16,11
2018-12-26,I1,Inter,Napoli,2,1,0,9,9,5,4,1283.7412141627,1322.23965772604,6,4,0,0,6,4,0,0,8,13,20,26,42,47,1,-1,0,0,1,-1,0,1,4,5,9,9
2018-12-26,I1,Roma,Sassuolo,2,3,1,16,8,10,3,1122.8539887756,1092.04964312368,1,1,0,0,3,1,0,0,5,6,13,12,33,28,2,-2,8,-8,7,-7,1,3,3,10,8,16
2018-12-26,I1,Sampdoria,Chievo,2,2,0,10,7,6,1,1114.54511747203,847.496583640198,2,0,0,0,2,3,0,8,11,5,15,6,27,8,2,-2,3,-3,5,-5,0,2,1,6,7,10
2018-12-26,I1,SPAL,Udinese,1,0,0,7,3,4,1,811.695292814113,944.677648679031,0,0,0,1,3,0,6,5,3,5,7,6,17,20,0,0,4,-4,3,-3,0,0,1,4,3,7
2018-12-26,I1,Torino,Empoli,2,3,0,13,5,10,1,1046.49478465682,915.258895326039,0,0,1,1,0,0,1,8,6,7,14,11,25,20,3,-3,8,-8,9,-9,0,3,1,10,5,13
2018-12-29,I1,Chievo,Frosinone,2,1,0,9,12,3,4,831.976716316065,836.234770414793,0,0,0,0,3,1,9,4,4,3,6,9,8,13,1,-1,-3,3,-1,1,0,1,4,3,12,9
2018-12-29,I1,Empoli,Inter,0,0,1,7,7,3,6,880.398596624804,1319.27261050483,0,0,1,0,0,1,1,4,4,8,11,20,20,42,-1,1,0,0,-3,3,1,0,6,3,7,7
2018-12-29,I1,Genoa,Fiorentina,1,0,0,7,8,3,6,954.217368839545,1131.25760368745,1,1,0,0,3,5,0,0,4,7,6,12,22,31,0,0,-1,1,-3,3,0,0,6,3,8,7
2018-12-29,I1,Juventus,Sampdoria,2,2,1,15,7,8,3,1436.78325003427,1130.06498479616,4,1,0,0,9,3,0,0,13,13,26,15,50,30,1,-1,8,-8,5,-5,1,2,3,8,7,15
2018-12-29,I1,Lazio,Torino,1,1,1,10,7,5,6,1181.64367632947,1081.35508335805,1,0,0,0,4,11,0,3,8,8,16,14,34,27,0,0,3,-3,-1,1,1,1,6,5,7,10
2018-12-29,I1,Milan,SPAL,2,2,1,11,9,6,4,1231.35767082943,817.536840928283,0,0,1,1,0,0,2,4,6,4,16,8,34,17,1,-1,2,-2,2,-2,1,2,4,6,9,11
2018-12-29,I1,Napoli,Bologna,2,3,2,14,10,9,4,1286.70826138391,864.474014554311,2,0,0,0,16,1,0,13,12,2,23,6,44,14,1,-1,4,-4,5,-5,2,3,4,9,10,14
2018-12-29,I1,Parma,Roma,0,0,2,3,19,2,8,1050.09360616742,1162.83325837345,0,0,0,1,4,0,2,5,5,8,12,13,28,33,-2,2,-16,16,-6,6,2,0,8,2,19,3
2018-12-29,I1,Sassuolo,Atalanta,0,2,6,13,13,8,9,1052.07037352584,1171.85361807791,0,0,0,1,5,0,6,1,6,7,12,19,28,28,-4,4,0,0,-1,1,6,2,9,8,13,13
2018-12-29,I1,Udinese,Cagliari,2,2,0,19,4,7,1,938.836100564862,1000.14119936151,0,0,0,1,1,0,2,7,3,5,7,11,18,23,2,-2,15,-15,6,-6,0,2,1,7,4,19
2019-01-19,I1,Inter,Sassuolo,1,0,0,8,11,4,6,1324.01057224938,1008.9645968207,7,0,0,1,7,0,0,1,10,5,20,11,42,25,0,0,-3,3,-2,2,0,0,6,4,11,8
2019-01-19,I1,Roma,Torino,2,3,2,11,8,9,3,1192.93879982438,1085.84940777807,2,0,0,0,4,12,0,4,10,6,16,14,33,28,1,-1,3,-3,6,-6,2,3,3,9,8,11
2019-01-19,I1,Udinese,Parma,0,1,2,17,7,9,4,990.353080495806,1019.98806471648,1,1,0,0,2,1,0,0,5,5,10,12,21,28,-1,1,10,-10,5,-5,2,1,4,9,7,17
2019-01-20,I1,Cagliari,Empoli,1,2,2,13,9,3,4,948.624219430568,875.660634880249,1,0,0,2,1,0,0,9,4,3,10,10,20,19,0,0,4,-4,-1,1,2,2,4,3,9,13
2019-01-20,I1,Fiorentina,Sampdoria,1,3,3,8,9,4,5,1123.74393248082,1120.71529929758,0,0,1,1,0,0,1,1,8,10,12,14,29,30,0,0,-1,1,-1,1,3,3,5,4,9,8
2019-01-20,I1,Frosinone,Atalanta,0,0,5,5,14,3,8,803.84260877328,1214.95939478304,0,1,0,0,1,1,11,0,2,10,8,19,10,28,-5,5,-9,9,-5,5,5,0,8,3,14,5
2019-01-20,I1,Napoli,Lazio,2,2,1,17,13,13,9,1291.88398389894,1177.14935190946,3,1,0,0,17,1,0,0,12,8,23,14,47,32,1,-1,4,-4,4,-4,1,2,9,13,13,17
2019-01-20,I1,SPAL,Bologna,1,1,1,13,12,9,6,812.125995170186,859.298292039285,0,0,0,1,4,0,7,14,3,2,5,5,17,14,0,0,1,-1,3,-3,1,1,6,9,12,13
2019-01-21,I1,Genoa,Milan,0,0,2,13,9,7,7,961.731040046175,1236.76851658753,0,0,0,0,4,4,1,3,5,6,6,16,23,34,-2,2,4,-4,0,0,2,0,7,7,9,13
2019-01-21,I1,Juventus,Chievo,2,3,0,19,7,11,3,1446.13293553285,864.368877957578,5,0,0,1,10,0,0,9,13,6,28,9,53,11,3,-3,12,-12,8,-8,0,3,3,11,7,19
2019-01-26,I1,Milan,Napoli,1,0,0,12,14,7,8,1251.70963926577,1313.68462526043,1,0,0,1,1,0,0,1,8,12,16,25,34,47,0,0,-2,2,-1,1,0,0,8,7,14,12
2019-01-26,I1,Sampdoria,Udinese,2,4,0,14,6,9,0,1120.85476947731,961.075963199019,3,0,0,0,3,1,0,6,10,5,15,9,30,18,4,-4,8,-8,9,-9,0,4,0,9,6,14
2019-01-26,I1,Sassuolo,Cagliari,2,3,0,11,7,9,3,1020.47789048415,945.312662358063,0,0,1,2,0,0,7,8,5,4,11,8,26,21,3,-3,4,-4,6,-6,0,3,3,9,7,11
2019-01-27,I1,Atalanta,Roma,1,3,3,14,7,6,5,1227.64841016366,1215.37642452232,0,1,0,0,2,1,1,0,10,12,19,18,31,33,0,0,7,-7,1,-1,3,3,5,6,7,14
2019-01-27,I1,Bologna,Frosinone,0,0,4,8,4,2,4,857.139178424323,791.15359339266,0,0,1,1,0,0,5,5,3,2,5,5,14,10,-4,4,4,-4,-2,2,4,0,4,2,4,8
2019-01-27,I1,Chievo,Fiorentina,0,3,4,14,11,8,7,860.6682438028,1123.60446230109,1,0,0,0,4,6,0,1,5,8,9,12,11,27,-1,1,3,-3,1,-1,4,3,7,8,11,14
2019-01-27,I1,Lazio,Juventus,0,1,2,11,4,5,3,1155.34871054797,1449.83356968763,0,0,0,0,5,9,1,1,7,13,14,28,32,56,-1,1,7,-7,2,-2,2,1,3,5,4,11
2019-01-27,I1,Parma,SPAL,0,2,3,9,15,5,6,1049.26518201327,814.285108785148,0,0,1,2,0,0,3,5,7,3,15,6,28,18,-1,1,-6,6,-1,1,3,2,6,5,15,9
2019-01-27,I1,Torino,Inter,2,1,0,7,9,4,4,1063.41178308013,1312.49727858594,1,1,0,0,1,2,0,0,5,11,13,18,27,40,1,-1,-2,2,0,0,0,1,4,4,9,7
2019-01-28,I1,Empoli,Genoa,0,1,3,13,12,7,7,878.972191952754,946.789917367937,0,0,2,5,0,0,2,6,1,4,11,6,17,20,-2,2,1,-1,0,0,3,1,7,7,12,13
2019-02-02,I1,Empoli,Chievo,1,2,2,11,10,9,4,843.568272832643,849.12210189834,0,0,3,2,0,0,3,10,1,4,11,9,14,11,0,0,1,-1,5,-5,2,2,4,9,10,11
2019-02-02,I1,Juventus,Parma,1,3,3,18,11,9,5,1459.75960981519,998.413137748437,6,2,0,0,11,2,0,0,13,7,28,14,56,27,0,0,7,-7,4,-4,3,3,5,9,11,18
2019-02-02,I1,Napoli,Sampdoria,2,3,0,18,8,14,2,1310.86046219455,1157.62229714089,4,0,0,0,18,1,0,2,10,10,23,18,45,33,3,-3,10,-10,12,-12,0,3,2,14,8,18
2019-02-03,I1,Genoa,Sassuolo,1,1,1,4,11,2,8,982.193836488049,1063.39263741987,0,0,1,0,0,1,2,2,7,5,9,11,20,26,0,0,-7,7,-6,6,1,1,8,2,11,4
2019-02-03,I1,Inter,Bologna,0,0,1,12,8,3,7,1260.81723410956,780.530935508798,0,0,0,0,8,1,1,15,8,2,15,5,40,14,-1,1,4,-4,-4,4,1,0,7,3,8,12
2019-02-03,I1,Roma,Milan,1,1,1,11,6,9,5,1215.94133543513,1254.53380233164,3,1,0,0,5,5,0,0,10,8,18,14,31,35,0,0,5,-5,4,-4,1,1,5,9,6,11
2019-02-03,I1,SPAL,Torino,1,0,0,8,5,1,1,865.137153049982,1115.09182755651,0,0,0,1,5,0,8,5,5,8,9,13,18,30,0,0,3,-3,0,0,0,0,1,1,5,8
2019-02-03,I1,Udinese,Fiorentina,1,1,1,7,9,2,4,924.308435535439,1135.15060420555,0,1,1,0,0,7,1,0,5,8,9,14,17,27,0,0,-2,2,-2,2,1,1,4,2,9,7
2019-02-04,I1,Cagliari,Atalanta,0,0,1,8,10,2,6,902.397915422337,1227.08349925085,0,2,0,0,2,2,1,0,4,8,8,17,21,29,-1,1,-2,2,-4,4,1,0,6,2,10,8
2019-02-04,I1,Frosinone,Lazio,0,0,1,9,11,4,5,867.761836308185,1145.4226704204,0,0,1,1,0,0,12,1,5,7,7,11,13,32,-1,1,-2,2,-1,1,1,0,5,4,11,9
2019-02-07,I1,Lazio,Empoli,2,1,0,8,3,4,1,1156.18831245952,843.824014330394,0,0,1,0,0,1,2,10,7,2,13,9,35,15,1,-1,5,-5,3,-3,0,1,1,4,3,8
2019-02-08,I1,Chievo,Roma,0,0,3,11,11,6,9,848.866360400588,1217.71131068086,0,0,1,0,0,2,1,1,4,11,9,16,12,31,-3,3,0,0,-3,3,3,0,9,6,11,11
2019-02-09,I1,Fiorentina,Napoli,1,0,0,10,12,4,4,1126.48008053328,1342.78770441437,0,0,0,0,1,1,2,2,6,10,14,23,25,45,0,0,-2,2,0,0,0,0,4,4,12,10
2019-02-09,I1,Parma,Inter,0,0,1,6,13,2,7,1012.3127504531,1200.60981016865,0,0,2,1,0,0,4,1,7,7,12,15,28,39,-1,1,-7,7,-5,5,1,0,7,2,13,6
2019-02-10,I1,Atalanta,SPAL,2,2,1,8,5,5,3,1235.63727768244,875.002024830688,0,1,0,0,3,1,2,0,11,6,17,9,31,16,1,-1,3,-3,2,-2,1,2,3,5,5,8
2019-02-10,I1,Bologna,Genoa,1,1,1,7,9,4,6,840.738359449714,985.866553908917,0,1,2,0,0,1,6,0,4,5,7,10,16,21,0,0,-2,2,-2,2,1,1,6,4,9,7
2019-02-10,I1,Milan,Cagliari,2,3,0,17,7,10,3,1252.76382708592,893.844136990745,0,0,0,3,2,0,1,9,9,4,15,7,33,20,3,-3,10,-10,7,-7,0,3,3,10,7,17
2019-02-10,I1,Sampdoria,Frosinone,0,0,1,11,3,7,1,1125.69505492106,856.996194269069,4,1,0,0,4,1,0,0,7,4,18,6,30,12,-1,1,8,-8,6,-6,1,0,1,7,3,11
2019-02-10,I1,Sassuolo,Juventus,0,0,3,9,10,2,5,1059.719919999,1445.85999711053,1,1,0,0,1,10,0,0,5,11,11,26,26,54,-3,3,-1,1,-3,3,3,0,5,2,10,9
2019-02-10,I1,Torino,Udinese,2,1,0,12,10,7,6,1105.2269557758,932.978959207704,2,0,0,1,2,0,0,7,8,5,14,10,30,15,1,-1,2,-2,1,-1,0,1,6,7,10,12
2019-02-15,I1,Juventus,Frosinone,2,3,0,11,7,8,1,1456.51782207829,909.760645822601,0,2,0,0,12,2,1,0,13,6,26,9,54,15,3,-3,4,-4,7,-7,0,3,1,8,7,11
2019-02-16,I1,Atalanta,Milan,0,1,3,12,6,5,3,1242.77027712267,1265.02633227468,1,0,0,0,4,6,0,1,13,11,20,17,34,35,-2,2,6,-6,2,-2,3,1,3,5,6,12
2019-02-16,I1,Cagliari,Parma,2,2,1,12,6,3,3,881.581631801982,996.135856729654,0,0,1,0,0,3,2,1,1,4,6,9,17,28,1,-1,6,-6,0,0,1,2,3,3,6,12
2019-02-17,I1,Empoli,Sassuolo,2,3,0,7,5,6,2,834.730838671525,1049.06209503124,0,0,0,0,1,2,4,3,2,5,6,11,14,23,3,-3,2,-2,4,-4,0,3,2,6,5,7
2019-02-17,I1,Genoa,Lazio,2,2,1,14,6,6,6,979.546528207449,1165.28148811839,0,1,0,0,1,1,3,0,6,7,10,15,19,35,1,-1,8,-8,0,0,1,2,6,6,6,14
2019-02-17,I1,Inter,Sampdoria,2,2,1,14,6,7,2,1216.78670389209,1072.93060336753,0,0,1,1,0,0,2,3,7,4,15,17,39,27,1,-1,8,-8,5,-5,1,2,2,7,6,14
2019-02-17,I1,Napoli,Torino,1,0,0,20,6,10,1,1333.94091767201,1122.5458786165,5,0,0,0,19,1,0,6,11,8,23,16,46,30,0,0,14,-14,9,-9,0,0,1,10,6,20
2019-02-17,I1,SPAL,Fiorentina,0,1,4,6,15,4,9,867.869025390463,1135.32686727564,0,0,0,0,6,8,9,1,5,7,9,14,16,26,-3,3,-9,9,-5,5,4,1,9,4,15,6
2019-02-17,I1,Udinese,Chievo,2,1,0,11,13,7,9,915.660036367006,837.212059798147,0,0,0,0,1,1,2,11,4,4,7,8,15,11,1,-1,-2,2,-2,2,0,1,9,7,13,11
2019-02-18,I1,Roma,Bologna,2,2,1,9,14,4,10,1229.3656112833,847.058385151182,0,1,0,0,6,2,1,0,11,5,19,7,34,17,1,-1,-5,5,-6,6,1,2,10,4,14,9
2019-02-22,I1,Milan,Empoli,2,3,0,10,4,7,1,1306.07835215275,919.198229446638,1,0,0,1,3,0,0,11,11,5,17,8,37,17,3,-3,6,-6,6,-6,0,3,1,7,4,10
2019-02-23,I1,Frosinone,Roma,0,2,3,9,7,5,5,905.267858710254,1235.74540641354,0,1,2,0,0,3,13,0,6,11,8,21,15,36,-1,1,2,-2,0,0,3,2,5,5,7,9
2019-02-23,I1,Torino,Atalanta,2,2,0,11,9,7,4,1131.23437053334,1201.71825724459,3,3,0,0,3,3,0,0,8,10,14,20,30,34,2,-2,2,-2,3,-3,0,2,4,7,9,11
2019-02-24,I1,Bologna,Juventus,0,0,1,13,5,4,4,840.678590020945,1461.01060919064,0,2,0,0,1,11,7,0,5,13,7,26,17,54,-1,1,8,-8,0,0,1,0,4,4,5,13
2019-02-24,I1,Chievo,Genoa,1,0,0,8,6,5,2,812.317052155994,1027.19070443439,0,0,2,0,0,2,2,1,1,8,7,13,10,22,0,0,2,-2,3,-3,0,0,2,5,6,8
2019-02-24,I1,Fiorentina,Inter,1,3,3,10,7,2,6,1154.58653410992,1236.24567875468,0,1,0,0,2,1,3,0,9,7,17,17,28,42,0,0,3,-3,-4,4,3,3,6,2,7,10
2019-02-24,I1,Parma,Napoli,0,0,4,8,14,2,5,953.951428655406,1325.25242575517,0,0,3,0,0,2,5,3,4,9,9,21,25,44,-4,4,-6,6,-3,3,4,0,5,2,14,8
2019-02-24,I1,Sampdoria,Cagliari,2,1,0,9,8,6,1,1053.47162850494,923.76605987623,0,0,1,4,0,0,1,10,4,4,14,8,26,19,1,-1,1,-1,5,-5,0,1,1,6,8,9
2019-02-24,I1,Sassuolo,SPAL,1,1,1,6,5,2,3,964.594704256126,848.609358556188,0,0,1,1,0,0,1,1,5,5,10,8,23,13,0,0,1,-1,-1,1,1,1,3,2,5,6
2019-03-01,I1,Cagliari,Inter,2,2,1,12,19,5,7,903.186685909786,1232.55288486541,1,0,0,0,1,2,0,1,3,7,7,18,19,40,1,-1,-7,7,-2,2,1,2,7,5,19,12
2019-03-02,I1,Empoli,Parma,1,3,3,13,7,9,7,908.581300311941,940.339196831734,1,0,0,1,2,0,0,2,4,1,5,8,17,22,0,0,6,-6,2,-2,3,3,7,9,7,13
2019-03-02,I1,Lazio,Roma,2,3,0,6,7,4,3,1117.63731189145,1244.05511212687,1,2,0,0,1,4,0,0,6,11,14,23,32,39,3,-3,-1,1,1,-1,0,3,3,4,7,6
2019-03-02,I1,Milan,Sassuolo,2,1,0,7,11,4,6,1316.69528128745,959.443338228992,2,0,0,1,4,0,0,4,11,5,19,10,39,21,1,-1,-4,4,-2,2,0,1,6,4,11,7
2019-03-03,I1,Atalanta,Fiorentina,2,3,1,17,7,10,4,1149.08337374215,1158.27932799919,0,1,1,0,0,9,1,0,7,9,17,17,33,26,2,-2,10,-10,6,-6,1,3,4,10,7,17
2019-03-03,I1,Genoa,Frosinone,1,0,0,10,3,6,0,1018.38987001104,896.95815299692,1,0,0,1,2,0,0,1,9,6,13,8,20,15,0,0,7,-7,6,-6,0,0,0,6,3,10
2019-03-03,I1,Napoli,Juventus,0,1,2,13,4,5,3,1338.86465757884,1462.76167266186,0,3,0,0,20,12,1,0,9,13,21,26,44,54,-1,1,9,-9,2,-2,2,1,3,5,4,13
2019-03-03,I1,SPAL,Sampdoria,0,1,2,8,14,2,10,853.760724583322,1074.05100247139,0,0,1,2,0,0,10,4,5,6,8,16,14,29,-1,1,-6,6,-8,8,2,1,10,2,14,8
2019-03-03,I1,Torino,Chievo,2,3,0,9,9,6,5,1183.86925403578,821.117886579343,4,0,0,1,4,0,0,12,11,2,16,7,33,11,3,-3,0,0,1,-1,0,3,5,6,9,9
2019-03-03,I1,Udinese,Bologna,2,2,1,11,11,6,9,940.55504400916,838.927526549718,1,0,0,1,2,0,0,1,4,4,9,7,17,14,1,-1,0,0,-3,3,1,2,9,6,11,11
2019-03-08,I1,Juventus,Udinese,2,4,1,15,4,6,2,1483.8106490428,963.452929229236,1,0,0,2,13,0,0,8,13,7,26,12,54,17,3,-3,11,-11,4,-4,1,4,2,6,4,15
2019-03-09,I1,Chievo,Milan,0,1,2,5,9,1,3,809.093399404824,1323.95265630314,0,1,0,0,1,7,3,0,2,13,6,21,11,39,-1,1,-4,4,-2,2,2,1,3,1,9,5
2019-03-09,I1,Parma,Genoa,2,1,0,8,8,4,1,938.880751238424,1013.01483556481,0,0,4,0,0,3,6,2,2,7,9,14,23,18,1,-1,0,0,3,-3,0,1,1,4,8,8
2019-03-10,I1,Bologna,Cagliari,2,2,0,17,7,8,6,816.029641329641,958.830612083289,0,0,1,5,0,0,8,11,4,6,6,10,14,21,2,-2,10,-10,2,-2,0,2,6,8,7,17
2019-03-10,I1,Fiorentina,Lazio,1,1,1,7,7,1,6,1113.26115385663,1191.17912271716,0,0,0,1,3,0,4,1,6,9,14,16,26,32,0,0,0,0,-5,5,1,1,6,1,7,7
2019-03-10,I1,Frosinone,Torino,0,1,2,9,10,5,7,902.333187443147,1195.8937412103,0,0,3,0,0,2,14,7,4,11,9,19,16,35,-1,1,-1,1,-2,2,2,1,7,5,10,9
2019-03-10,I1,Inter,SPAL,2,2,0,10,2,4,1,1176.90895869191,839.707354191894,1,0,0,0,1,1,0,2,7,2,15,7,37,14,2,-2,8,-8,3,-3,0,2,1,4,2,10
2019-03-10,I1,Sampdoria,Atalanta,0,1,2,11,13,6,6,1088.10437286281,1194.10154788471,1,0,0,1,1,0,0,1,6,9,16,17,31,35,-1,1,-2,2,0,0,2,1,6,6,13,11
2019-03-10,I1,Sassuolo,Napoli,1,1,1,7,9,1,4,952.185963213298,1317.8156811979,0,1,0,0,1,3,2,0,2,8,7,18,18,41,0,0,-2,2,-3,3,1,1,4,1,9,7
2019-03-11,I1,Roma,Empoli,2,2,1,7,4,2,2,1170.51330130116,910.039745905251,1,0,0,2,7,0,0,12,10,5,20,6,36,17,1,-1,3,-3,0,0,1,2,2,2,4,7
2019-03-15,I1,Cagliari,Fiorentina,2,2,1,10,6,6,4,897.897753475038,1116.79043768244,2,0,0,1,2,0,0,1,6,6,10,12,21,24,1,-1,4,-4,2,-2,1,2,4,6,6,10
2019-03-16,I1,Sassuolo,Sampdoria,0,3,5,12,17,5,11,964.709561063582,1065.57504831175,0,1,0,0,2,1,3,0,2,6,7,13,19,28,-2,2,-5,5,-6,6,5,3,11,5,17,12
2019-03-16,I1,SPAL,Roma,2,2,1,10,10,6,5,828.696607494527,1182.19420284337,0,0,2,1,0,0,11,1,1,12,7,23,14,36,1,-1,0,0,1,-1,1,2,5,6,10,10
2019-03-16,I1,Torino,Bologna,0,2,3,16,8,7,6,1205.86448592649,876.962499937892,5,0,0,2,5,0,0,2,13,4,21,8,35,14,-1,1,8,-8,1,-1,3,2,6,7,8,16
2019-03-17,I1,Atalanta,Chievo,1,1,1,11,6,6,3,1216.63087243578,805.951651510389,1,0,0,2,1,0,0,13,9,1,20,5,38,11,0,0,5,-5,3,-3,1,1,3,6,6,11
2019-03-17,I1,Empoli,Frosinone,2,2,1,8,9,5,3,898.358844363038,892.362442726963,0,0,0,0,3,1,1,2,4,4,6,8,17,16,1,-1,-1,1,2,-2,1,2,3,5,9,8
2019-03-17,I1,Genoa,Juventus,2,2,0,10,3,5,0,974.288604885189,1489.00567993812,0,4,0,0,3,13,1,0,6,15,11,26,18,54,2,-2,7,-7,5,-5,0,2,0,5,3,10
2019-03-17,I1,Lazio,Parma,2,4,1,14,4,8,2,1187.64983889135,977.606981918046,2,0,0,0,2,1,0,3,10,4,17,11,30,23,3,-3,10,-10,6,-6,1,4,2,8,4,14
2019-03-17,I1,Milan,Inter,0,2,3,9,10,7,6,1327.09440419758,1187.91970538928,3,0,0,1,5,0,0,2,15,10,24,17,39,37,-1,1,-1,1,1,-1,3,2,6,7,10,9
2019-03-17,I1,Napoli,Udinese,2,4,2,13,8,5,3,1305.29208334762,958.25789833391,0,0,1,3,0,0,2,9,6,7,16,12,42,17,2,-2,5,-5,2,-2,2,4,3,5,8,13
2019-03-29,I1,Chievo,Cagliari,0,0,3,10,9,8,3,819.201100886538,947.75594855601,0,0,1,6,0,0,4,12,2,9,6,10,12,21,-3,3,1,-1,5,-5,3,0,3,8,9,10
2019-03-30,I1,Juventus,Empoli,2,1,0,14,3,6,0,1405.5997207123,929.806610193292,2,0,0,3,14,0,0,13,12,7,25,9,51,20,1,-1,11,-11,6,-6,0,1,0,6,3,14
2019-03-30,I1,Sampdoria,Milan,2,1,0,14,7,8,5,1097.04622307625,1282.92024280703,0,2,1,0,0,8,1,0,9,12,13,23,28,39,1,-1,7,-7,3,-3,0,1,5,8,7,14
2019-03-30,I1,Udinese,Genoa,2,2,0,12,15,5,6,947.780687169789,1057.69456411102,2,0,0,1,3,0,0,3,6,8,11,14,17,20,2,-2,-3,3,-1,1,0,2,6,5,15,12
2019-03-31,I1,Bologna,Sassuolo,2,2,1,11,5,8,4,932.586993027704,933.238386299074,1,0,0,2,1,0,0,5,6,2,11,7,17,19,1,-1,6,-6,4,-4,1,2,4,8,5,11
2019-03-31,I1,Fiorentina,Torino,1,1,1,16,6,8,2,1066.93224260147,1150.23999283667,0,1,0,0,4,3,5,0,5,10,12,18,24,32,0,0,10,-10,6,-6,1,1,2,8,6,16
2019-03-31,I1,Frosinone,SPAL,0,0,1,19,5,9,3,860.914676896708,885.299007296897,0,0,4,1,0,0,15,3,1,4,7,9,16,17,-1,1,14,-14,6,-6,1,0,3,9,5,19
2019-03-31,I1,Inter,Lazio,0,0,1,11,6,6,5,1232.09386677983,1212.71906531112,2,0,0,0,2,1,0,2,10,10,17,17,37,33,-1,1,5,-5,1,-1,1,0,5,6,6,11
2019-03-31,I1,Parma,Atalanta,0,1,3,6,18,4,11,952.537755498277,1203.38142305963,1,1,0,0,1,1,0,0,4,7,8,20,20,39,-2,2,-12,12,-7,7,3,1,11,4,18,6
2019-03-31,I1,Roma,Napoli,0,1,4,11,12,5,10,1125.591803041,1315.76929451174,2,0,0,0,8,4,0,1,9,8,20,19,33,42,-3,3,-1,1,-5,5,4,1,10,5,12,11
2019-04-02,I1,Cagliari,Juventus,0,0,2,5,11,1,6,982.983305481429,1409.48563712514,3,0,0,1,3,0,0,1,9,12,13,25,23,53,-2,2,-6,6,-5,5,2,0,6,1,11,5
2019-04-02,I1,Milan,Udinese,1,1,1,12,7,9,3,1235.26632174181,1005.06793377614,0,0,1,4,0,0,1,10,9,9,20,13,36,20,0,0,5,-5,6,-6,1,1,3,9,7,12
2019-04-03,I1,Empoli,Napoli,2,2,1,13,11,9,5,925.920693780446,1343.11415684766,1,1,0,0,4,5,0,0,4,10,9,19,19,42,1,-1,2,-2,4,-4,1,2,5,9,11,13
2019-04-03,I1,Frosinone,Parma,2,3,2,14,10,5,6,831.156876421621,935.790199475548,0,0,5,1,0,0,16,4,1,4,7,8,15,20,1,-1,4,-4,-1,1,2,3,6,5,10,14
2019-04-03,I1,Genoa,Inter,0,0,4,5,12,2,9,1000.40731750467,1198.31122908962,1,1,0,0,4,1,0,0,5,7,13,14,19,34,-4,4,-7,7,-7,7,4,0,9,2,12,5
2019-04-03,I1,Roma,Fiorentina,1,2,2,12,10,6,5,1098.24694070509,1070.69683421503,0,0,1,2,0,0,1,2,6,3,17,12,33,24,0,0,2,-2,1,-1,2,2,5,6,10,12
2019-04-03,I1,SPAL,Lazio,2,1,0,8,9,4,5,915.056807771984,1246.50170300133,1,1,0,0,1,2,0,0,7,10,12,17,17,33,1,-1,-1,1,-1,1,0,1,5,4,9,8
2019-04-03,I1,Torino,Sampdoria,2,2,1,14,6,6,3,1146.47540122311,1144.70014414147,0,2,1,0,0,2,1,0,10,12,18,16,32,30,1,-1,8,-8,3,-3,1,2,3,6,6,14
2019-04-04,I1,Atalanta,Bologna,2,4,1,12,8,6,4,1220.12897908236,964.646988494861,0,1,0,0,2,1,1,0,10,9,20,14,39,19,3,-3,4,-4,2,-2,1,4,4,6,8,12
2019-04-04,I1,Sassuolo,Chievo,2,4,0,13,9,8,5,901.178390831918,783.973743961119,0,0,1,0,0,1,4,14,2,2,7,3,18,12,4,-4,4,-4,3,-3,0,4,5,8,9,13
2019-04-06,I1,Juventus,Milan,2,2,1,10,12,6,5,1416.42067864574,1225.98524397734,3,0,0,1,15,0,0,1,12,7,25,18,53,34,1,-1,-2,2,1,-1,1,2,5,6,12,10
2019-04-06,I1,Parma,Torino,1,0,0,5,12,1,4,894.434269312699,1178.31189542635,0,0,1,0,0,4,1,1,4,10,5,21,20,34,0,0,-7,7,-3,3,0,0,4,1,12,5
2019-04-06,I1,Sampdoria,Roma,0,0,1,10,9,2,5,1112.86364993823,1096.98086391107,1,0,0,2,1,0,0,2,9,4,15,15,30,33,-1,1,1,-1,-3,3,1,0,5,2,9,10
2019-04-07,I1,Cagliari,SPAL,2,2,1,14,5,11,2,976.048263960832,970.787283732214,0,1,1,0,0,1,1,0,9,9,12,14,20,20,1,-1,9,-9,9,-9,1,2,2,11,5,14
2019-04-07,I1,Fiorentina,Frosinone,0,0,1,14,6,5,3,1071.96291100905,872.51280658447,0,0,0,1,5,0,6,3,3,4,12,10,24,15,-1,1,8,-8,2,-2,1,0,3,5,6,14
2019-04-07,I1,Inter,Atalanta,1,0,0,8,5,6,2,1229.59030040265,1240.50639020935,0,2,1,0,0,2,1,0,9,13,16,20,34,39,0,0,3,-3,4,-4,0,0,2,6,5,8
2019-04-07,I1,Lazio,Sassuolo,1,2,2,18,3,7,2,1190.7712270411,944.711259559542,3,0,0,3,3,0,0,6,10,4,16,9,30,20,0,0,15,-15,5,-5,2,2,2,7,3,18
2019-04-07,I1,Napoli,Genoa,1,1,1,19,12,10,7,1284.42960778752,969.128246191641,1,0,0,2,1,0,0,4,7,4,16,13,41,19,0,0,7,-7,3,-3,1,1,7,10,12,19
2019-04-07,I1,Udinese,Empoli,2,3,2,14,12,6,6,1014.3490115406,984.605242840585,3,0,0,4,4,0,0,14,7,7,11,11,21,22,1,-1,2,-2,0,0,2,3,6,6,12,14
2019-04-08,I1,Bologna,Chievo,2,3,0,14,4,11,2,944.269577367875,740.440875233494,2,0,0,1,2,0,0,15,9,1,13,3,18,12,3,-3,10,-10,9,-9,0,3,2,11,4,14
2019-04-13,I1,Milan,Lazio,2,1,0,10,8,5,6,1209.95669334617,1181.01830116594,0,0,0,1,1,0,2,1,4,8,17,17,31,31,1,-1,2,-2,-1,1,0,1,6,5,8,10
2019-04-13,I1,Roma,Udinese,2,1,0,11,7,5,4,1130.44270438838,1043.61618222573,0,0,0,0,1,1,2,11,7,7,17,14,35,23,1,-1,4,-4,1,-1,0,1,4,5,7,11
2019-04-13,I1,SPAL,Juventus,2,2,1,8,4,3,3,939.271800887124,1432.44922927691,2,1,0,0,2,1,0,0,9,12,11,25,20,53,1,-1,4,-4,0,0,1,2,3,3,4,8
2019-04-14,I1,Chievo,Napoli,0,1,3,4,12,4,5,714.674349938183,1272.91064594468,0,0,2,1,0,0,5,1,1,8,3,16,12,39,-2,2,-8,8,-1,1,3,1,5,4,12,4
2019-04-14,I1,Fiorentina,Bologna,1,0,0,14,5,7,3,1023.37611698635,970.036102663186,0,0,1,1,0,0,7,1,3,12,9,16,23,21,0,0,9,-9,4,-4,0,0,3,7,5,14
2019-04-14,I1,Frosinone,Inter,0,1,3,10,10,4,5,921.099600607171,1230.09283956534,1,2,0,0,1,2,0,0,6,10,10,17,17,32,-2,2,0,0,-1,1,3,1,5,4,10,10
2019-04-14,I1,Sampdoria,Genoa,2,2,0,13,6,7,1,1079.40180946093,980.647208034478,0,0,1,0,0,1,1,5,6,4,12,11,30,20,2,-2,7,-7,6,-6,0,2,1,7,6,13
2019-04-14,I1,Sassuolo,Parma,1,0,0,16,3,8,1,954.464185434704,905.209781485207,1,0,0,2,1,0,0,5,5,4,7,6,18,20,0,0,13,-13,7,-7,0,0,1,8,3,16
2019-04-14,I1,Torino,Cagliari,1,1,1,14,9,8,6,1167.53638325384,1007.56374680592,1,1,0,0,1,1,0,0,8,9,19,15,32,23,0,0,5,-5,2,-2,1,1,6,8,9,14
2019-04-15,I1,Atalanta,Empoli,1,0,0,32,2,18,1,1240.00385104666,955.338072155453,1,0,0,5,3,0,0,15,11,6,20,11,37,22,0,0,30,-30,17,-17,0,0,1,18,2,32
2019-04-17,I1,Lazio,Udinese,2,2,0,15,9,7,4,1151.67747911666,1019.45077644529,0,0,0,1,4,0,1,12,7,7,17,14,28,23,2,-2,6,-6,3,-3,0,2,4,7,9,15
2019-04-20,I1,Bologna,Sampdoria,2,3,0,12,9,6,3,972.47338231266,1111.11861089769,3,0,0,1,3,0,0,1,10,9,14,15,21,33,3,-3,3,-3,3,-3,0,3,3,6,9,12
2019-04-20,I1,Cagliari,Frosinone,2,1,0,12,5,6,2,1014.45080821423,908.428017684039,1,1,0,0,1,1,0,0,10,6,16,10,23,16,1,-1,7,-7,4,-4,0,1,2,6,5,12
2019-04-20,I1,Empoli,SPAL,0,2,4,11,9,6,7,966.133387460971,999.735485134297,2,0,0,1,5,0,0,1,7,12,11,13,20,22,-2,2,2,-2,-1,1,4,2,7,6,9,11
2019-04-20,I1,Genoa,Torino,0,0,1,8,8,4,4,948.930406597713,1160.64932184553,0,0,1,0,0,5,1,2,4,6,10,19,20,33,-1,1,0,0,0,0,1,0,4,4,8,8
2019-04-20,I1,Inter,Roma,1,1,1,13,9,7,5,1242.76442248847,1154.60811016883,0,1,0,0,1,1,2,0,10,7,20,19,35,35,0,0,4,-4,2,-2,1,1,5,7,9,13
2019-04-20,I1,Juventus,Fiorentina,2,2,1,9,9,5,6,1371.98554502974,1020.93883733688,4,0,0,0,16,1,0,3,9,3,24,9,50,23,1,-1,0,0,-1,1,1,2,6,5,9,9
2019-04-20,I1,Lazio,Chievo,0,1,2,16,8,8,6,1179.60556169901,711.283095577085,1,0,0,2,5,0,0,16,7,1,17,2,30,11,-1,1,8,-8,2,-2,2,1,6,8,8,16
2019-04-20,I1,Parma,Milan,1,1,1,10,8,3,3,907.462956419374,1239.29751539544,0,0,0,2,1,0,2,2,2,4,6,19,18,34,0,0,2,-2,0,0,1,1,3,3,8,10
2019-04-20,I1,Udinese,Sassuolo,1,1,1,10,6,5,2,991.522693862939,952.211010500538,4,0,0,0,5,1,0,7,7,5,13,7,23,18,0,0,4,-4,3,-3,1,1,2,5,6,10
2019-04-22,I1,Napoli,Atalanta,0,1,2,13,11,9,7,1276.30190030578,1229.20853574114,0,0,0,0,2,3,1,1,10,9,16,18,39,35,-1,1,2,-2,2,-2,2,1,7,9,11,13
2019-04-27,I1,Bologna,Empoli,2,3,1,17,4,7,3,1047.68000003401,926.504266085564,4,0,0,0,4,1,0,16,10,4,16,11,23,17,2,-2,13,-13,4,-4,1,3,3,7,4,17
2019-04-27,I1,Inter,Juventus,1,1,1,10,10,6,4,1238.78961126444,1379.47595193704,0,0,0,1,2,0,3,1,8,12,18,24,33,50,0,0,0,0,2,-2,1,1,4,6,10,10
2019-04-27,I1,Roma,Cagliari,2,3,0,15,4,11,1,1158.58292139285,1036.97798018925,1,0,0,0,2,2,0,1,8,10,17,19,36,25,3,-3,11,-11,10,-10,0,3,1,11,4,15
2019-04-28,I1,Chievo,Parma,1,1,1,6,6,2,2,771.237216711658,919.336263920503,0,0,3,0,0,1,6,6,3,3,5,7,13,16,0,0,0,0,0,0,1,1,2,2,6,6
2019-04-28,I1,Frosinone,Napoli,0,0,2,13,19,4,13,885.900845709026,1239.99081084264,0,1,1,0,0,1,1,0,6,7,7,15,16,38,-2,2,-6,6,-9,9,2,0,13,4,19,13
2019-04-28,I1,Sampdoria,Lazio,0,1,2,7,10,5,5,1035.91199317634,1119.65144056444,1,0,0,2,1,0,0,2,6,4,15,14,32,29,-1,1,-3,3,0,0,2,1,5,5,10,7
2019-04-28,I1,SPAL,Genoa,1,1,1,11,11,5,5,1039.3646065097,934.328413511868,3,0,0,1,3,0,0,6,12,1,16,9,25,19,0,0,0,0,0,0,1,1,5,5,11,11
2019-04-28,I1,Torino,Milan,2,2,0,7,7,3,5,1175.25131493137,1227.42420789432,0,0,0,0,2,1,1,3,9,5,19,17,35,34,2,-2,0,0,-2,2,0,2,5,3,7,7
2019-04-29,I1,Atalanta,Udinese,2,2,0,13,4,8,2,1265.51962520428,989.720010333399,0,0,0,2,4,0,1,13,11,5,18,14,38,21,2,-2,9,-9,6,-6,0,2,2,8,4,13
2019-04-29,I1,Fiorentina,Sassuolo,0,0,1,7,9,4,5,1013.44843042958,954.013694030078,0,0,0,0,1,2,8,8,3,6,8,8,22,19,-1,1,-2,2,-1,1,1,0,5,4,9,7
2019-05-03,I1,Juventus,Torino,1,1,1,11,9,4,2,1373.32943196572,1225.6457799885,5,1,0,0,17,6,0,0,10,11,22,21,48,35,0,0,2,-2,2,-2,1,1,2,4,9,11
2019-05-04,I1,Chievo,SPAL,0,0,4,8,14,3,8,777.672317364075,1034.66968027145,0,1,0,0,1,1,7,0,4,10,6,17,13,25,-4,4,-6,6,-5,5,4,0,8,3,14,8
2019-05-04,I1,Udinese,Inter,1,0,0,3,11,3,4,974.833193460049,1244.93613123576,0,3,0,0,6,3,1,0,4,9,11,16,20,33,0,0,-8,8,-1,1,0,0,4,3,11,3
2019-05-05,I1,Empoli,Fiorentina,2,1,0,6,20,4,11,897.351487332264,976.027069397703,0,0,1,1,0,0,1,4,4,2,8,5,16,22,1,-1,-14,14,-7,7,0,1,11,4,20,6
2019-05-05,I1,Genoa,Roma,1,1,1,13,11,6,5,939.023339750121,1194.77107534109,0,0,2,0,0,2,2,1,2,11,7,17,20,38,0,0,2,-2,1,-1,1,1,5,6,11,13
2019-05-05,I1,Lazio,Atalanta,0,1,3,7,10,5,6,1144.08470871188,1280.40644207763,0,1,1,0,0,4,1,0,7,11,17,21,31,41,-2,2,-3,3,-1,1,3,1,6,5,10,7
2019-05-05,I1,Napoli,Cagliari,2,2,1,17,4,8,2,1250.09905940475,1000.78982624101,0,0,1,1,0,0,2,2,7,7,17,16,38,24,1,-1,13,-13,6,-6,1,2,2,8,4,17
2019-05-05,I1,Parma,Sampdoria,1,3,3,9,14,6,10,912.901163268086,1011.4787250289,0,0,0,2,2,0,3,2,4,3,8,15,17,29,0,0,-5,5,-4,4,3,3,10,6,14,9
2019-05-05,I1,Sassuolo,Frosinone,1,2,2,14,5,5,3,991.435055061953,875.792597146913,0,0,0,1,2,0,1,1,9,6,11,7,21,15,0,0,9,-9,2,-2,2,2,3,5,5,14
2019-05-06,I1,Milan,Bologna,2,2,1,13,14,5,7,1177.02974283719,1076.83277878731,1,0,0,0,2,1,0,2,5,10,14,19,31,26,1,-1,-1,1,-2,2,1,2,7,5,14,13
2019-05-11,I1,Atalanta,Genoa,2,2,1,8,13,4,3,1307.88772630389,949.051880401758,1,0,0,0,5,1,0,7,11,3,24,7,41,20,1,-1,-5,5,1,-1,1,2,3,4,13,8
2019-05-11,I1,Cagliari,Lazio,0,1,2,14,10,6,5,988.482678525288,1116.60342448562,2,1,0,0,2,1,0,0,7,6,16,14,23,30,-1,1,4,-4,1,-1,2,1,5,6,10,14
2019-05-11,I1,Fiorentina,Milan,0,0,1,8,10,3,5,936.902150141219,1200.04886802667,0,0,1,1,0,0,9,4,1,7,4,14,21,33,-1,1,-2,2,-2,2,1,0,5,3,10,8
2019-05-12,I1,Frosinone,Udinese,0,1,3,13,11,5,8,880.92980494002,985.25275565618,0,0,2,3,0,0,2,14,4,2,8,9,16,21,-2,2,2,-2,-3,3,3,1,8,5,11,13
2019-05-12,I1,Roma,Juventus,2,2,0,9,5,4,4,1184.74253468945,1366.91037426709,2,0,0,0,3,1,0,2,11,8,15,20,38,46,2,-2,4,-4,0,0,0,2,4,4,5,9
2019-05-12,I1,Sampdoria,Empoli,0,1,2,11,5,7,4,1007.05707929329,936.476406588748,0,0,1,1,0,0,1,17,4,4,13,11,29,16,-1,1,6,-6,3,-3,2,1,4,7,5,11
2019-05-12,I1,SPAL,Napoli,0,1,2,10,17,5,8,1058.60268056552,1262.40620712047,0,2,0,0,4,2,1,0,10,10,19,17,27,38,-1,1,-7,7,-3,3,2,1,8,5,17,10
2019-05-12,I1,Torino,Sassuolo,2,3,2,17,7,11,3,1232.06483768713,986.297847268846,1,1,0,0,3,3,0,0,9,7,19,11,35,21,1,-1,10,-10,8,-8,2,3,3,11,7,17
2019-05-13,I1,Bologna,Parma,2,4,1,15,3,10,1,1053.81365359783,917.322809003691,5,0,0,0,5,2,0,7,10,5,19,9,26,17,3,-3,12,-12,9,-9,1,4,1,10,3,15
2019-05-13,I1,Inter,Chievo,2,2,0,16,3,11,0,1234.51656903963,753.739317070007,0,1,0,0,3,1,4,0,7,4,16,5,34,12,2,-2,13,-13,11,-11,0,2,0,11,3,16
2019-05-18,I1,Genoa,Cagliari,1,1,1,16,4,9,3,941.852965827149,967.775722614893,0,0,0,2,1,0,3,3,2,4,6,13,20,23,0,0,12,-12,6,-6,1,1,3,9,4,16
2019-05-18,I1,Sassuolo,Roma,1,0,0,9,17,3,6,973.786732382471,1249.69690496232,0,0,0,0,3,3,2,2,6,11,11,18,18,38,0,0,-8,8,-3,3,0,0,6,3,17,9
2019-05-18,I1,Udinese,SPAL,2,3,2,10,12,4,5,1016.32343761718,1043.48080350383,0,2,0,0,7,2,2,0,5,10,12,19,24,26,1,-1,-2,2,-1,1,2,3,5,4,12,10
2019-05-19,I1,Chievo,Sampdoria,1,0,0,4,9,1,6,748.555202211297,968.644333027182,0,0,1,0,0,1,8,3,4,4,5,10,11,26,0,0,-5,5,-5,5,0,0,6,1,9,4
2019-05-19,I1,Empoli,Torino,2,4,1,11,10,9,6,974.88915285486,1244.57595257351,1,0,0,0,1,7,0,1,7,11,13,19,19,38,3,-3,1,-1,3,-3,1,4,6,9,10,11
2019-05-19,I1,Juventus,Atalanta,1,1,1,11,11,4,7,1301.95600399421,1315.0866408785,0,2,0,0,18,5,1,0,5,13,17,24,43,41,0,0,0,0,-3,3,1,1,7,4,11,11
2019-05-19,I1,Milan,Frosinone,2,2,0,9,6,3,2,1211.58354760709,849.859122979021,2,0,0,0,3,1,0,2,10,1,14,7,35,16,2,-2,3,-3,1,-1,0,2,2,3,6,9
2019-05-19,I1,Napoli,Inter,2,4,1,14,10,6,7,1277.52808418216,1239.70068389834,1,0,0,0,1,4,0,1,12,9,20,19,38,34,3,-3,4,-4,-1,1,1,4,7,6,10,14
2019-05-19,I1,Parma,Fiorentina,2,1,0,9,12,5,6,883.17602417661,925.3674705608,0,0,0,2,3,0,4,5,4,1,8,4,17,18,1,-1,-3,3,-1,1,0,1,6,5,12,9
2019-05-20,I1,Lazio,Bologna,1,3,3,10,13,5,6,1137.31038039601,1087.96043842491,0,0,2,1,0,0,2,3,9,10,16,22,33,28,0,0,-3,3,-1,1,3,3,6,5,13,10
2019-05-25,I1,Bologna,Napoli,2,3,2,10,15,5,8,1090.21792562919,1326.14584572092,6,3,0,0,6,3,0,0,10,12,20,22,28,38,1,-1,-5,5,-3,3,2,3,8,5,15,10
2019-05-25,I1,Frosinone,Chievo,1,0,0,10,2,5,2,840.137316810089,757.522165357523,0,0,3,1,0,0,3,1,1,5,7,6,15,11,0,0,8,-8,3,-3,0,0,2,5,2,10
2019-05-26,I1,Atalanta,Sassuolo,2,3,1,13,4,5,3,1314.48224043349,984.358639253136,2,0,0,1,6,0,0,1,13,6,22,11,42,18,2,-2,9,-9,2,-2,1,3,3,5,4,13
2019-05-26,I1,Cagliari,Udinese,0,1,2,12,9,5,5,966.584145859091,1050.81964175512,0,1,1,0,0,1,1,0,4,8,14,15,24,26,-1,1,3,-3,0,0,2,1,5,5,9,12
2019-05-26,I1,Fiorentina,Genoa,1,0,0,5,2,5,1,889.500484741592,943.044542582951,0,0,2,1,0,0,10,8,0,3,3,7,15,18,0,0,3,-3,4,-4,0,0,1,5,2,5
2019-05-26,I1,Inter,Empoli,2,2,1,20,9,15,5,1191.08292235958,1064.895312198,1,1,0,0,4,1,0,0,6,9,16,16,33,22,1,-1,11,-11,10,-10,1,2,5,15,9,20
2019-05-26,I1,Roma,Parma,2,2,1,16,9,8,5,1239.12499809166,919.043009995818,3,0,0,1,4,0,0,8,9,6,16,8,39,19,1,-1,7,-7,3,-3,1,2,5,8,9,16
2019-05-26,I1,Sampdoria,Juventus,2,2,0,10,6,3,1,959.677369880956,1302.56040443923,0,0,2,1,0,0,2,3,2,6,11,15,24,41,2,-2,4,-4,2,-2,0,2,1,3,6,10
2019-05-26,I1,SPAL,Milan,0,2,3,7,16,4,8,1008.98459936589,1221.30535377602,0,1,1,0,0,1,2,0,7,10,19,14,26,38,-1,1,-9,9,-4,4,3,2,8,4,16,7
2019-05-26,I1,Torino,Lazio,2,3,1,9,9,7,4,1154.56979323036,1135.05289319173,2,2,0,0,4,2,0,0,10,7,16,14,37,31,2,-2,0,0,3,-3,1,3,4,7,9,9
2023-08-18,D1,Werder Bremen,Bayern Munich,0,0,4,6,25,1,10,1000,1000,0,0,0,0,0,0,0,0,0,0,0,0,0,0,-4,4,-19,19,-9,9,4,0,10,1,25,6
2023-08-19,D1,Augsburg,M'gladbach,1,4,4,20,9,8,6,1000,1000,0,0,0,0,0,0,0,0,0,0,0,0,0,0,0,0,11,-11,2,-2,4,4,6,8,9,20
2023-08-19,D1,Hoffenheim,Freiburg,0,1,2,24,17,5,8,1000,1000,0,0,0,0,0,0,0,0,0,0,0,0,0,0,-1,1,7,-7,-3,3,2,1,8,5,17,24
2023-08-19,D1,Leverkusen,RB Leipzig,2,3,2,11,13,7,6,1000,1000,0,0,0,0,0,0,0,0,0,0,0,0,0,0,1,-1,-2,2,1,-1,2,3,6,7,13,11
2023-08-19,D1,Stuttgart,Bochum,2,5,0,19,4,9,1,1000,1000,0,0,0,0,0,0,0,0,0,0,0,0,0,0,5,-5,15,-15,8,-8,0,5,1,9,4,19
2023-08-19,D1,Wolfsburg,Heidenheim,2,2,0,18,13,8,1,1000,1000,0,0,0,0,0,0,0,0,0,0,0,0,0,0,2,-2,5,-5,7,-7,0,2,1,8,13,18
2023-08-19,D1,Dortmund,FC Koln,2,1,0,12,11,2,4,1000,1000,0,0,0,0,0,0,0,0,0,0,0,0,0,0,1,-1,1,-1,-2,2,0,1,4,2,11,12
2023-08-20,D1,Union Berlin,Mainz,2,4,1,12,9,7,3,1000,1000,0,0,0,0,0,0,0,0,0,0,0,0,0,0,3,-3,3,-3,4,-4,1,4,3,7,9,12
2023-08-20,D1,Ein Frankfurt,Darmstadt,2,1,0,10,11,4,2,1000,1000,0,0,0,0,0,0,0,0,0,0,0,0,0,0,1,-1,-1,1,2,-2,0,1,2,4,11,10
2023-08-25,D1,RB Leipzig,Stuttgart,2,5,1,20,8,11,3,968,1073.98237309422,0,0,0,0,0,0,0,0,0,3,0,3,0,3,4,-4,12,-12,8,-8,1,5,3,11,8,20
2023-08-26,D1,Bochum,Dortmund,1,1,1,17,13,6,3,926.017626905784,1032,0,0,0,0,0,0,0,0,0,3,0,3,0,3,0,0,4,-4,3,-3,1,1,3,6,13,17
2023-08-26,D1,Darmstadt,Union Berlin,0,1,4,18,12,6,6,968,1054.53159496449,0,0,0,0,0,0,0,0,0,3,0,3,0,3,-3,3,6,-6,0,0,4,1,6,6,12,18
2023-08-26,D1,FC Koln,Wolfsburg,0,1,2,14,9,2,6,968,1043.85761802548,0,0,0,0,0,0,0,0,0,3,0,3,0,3,-1,1,5,-5,-4,4,2,1,6,2,9,14
2023-08-26,D1,Freiburg,Werder Bremen,2,1,0,23,16,6,2,1032,935.497069871667,0,0,0,0,0,0,0,0,3,0,3,0,3,0,1,-1,7,-7,4,-4,0,1,2,6,16,23
2023-08-26,D1,Heidenheim,Hoffenheim,0,2,3,19,16,9,6,956.142381974524,968,0,0,0,0,0,0,0,0,0,0,0,0,0,0,-1,1,3,-3,3,-3,3,2,6,9,16,19
2023-08-26,D1,M'gladbach,Leverkusen,0,0,3,13,24,2,10,1000,1032,0,0,0,0,0,0,0,0,1,3,1,3,1,3,-3,3,-11,11,-8,8,3,0,10,2,24,13
2023-08-27,D1,Mainz,Ein Frankfurt,1,1,1,13,8,7,2,945.468405035509,1032,0,0,0,0,0,0,0,0,0,3,0,3,0,3,0,0,5,-5,5,-5,1,1,2,7,8,13
2023-08-27,D1,Bayern Munich,Augsburg,2,3,1,19,11,6,2,1064.50293012833,1000,0,0,0,0,0,0,0,0,3,1,3,1,3,1,2,-2,8,-8,4,-4,1,3,2,6,11,19
2023-09-01,D1,Dortmund,Heidenheim,1,2,2,20,15,9,6,1027.26528423024,925.234085120574,1,0,0,1,1,0,0,1,4,0,4,0,4,0,0,0,5,-5,3,-3,2,2,6,9,15,20
2023-09-02,D1,Augsburg,Bochum,1,2,2,11,22,3,9,964.192462836314,930.75234267554,0,0,0,1,1,0,1,1,1,1,1,1,1,1,0,0,-11,11,-6,6,2,2,9,3,22,11
2023-09-02,D1,Hoffenheim,Wolfsburg,2,3,1,11,14,5,7,998.908296853951,1068.97981688255,0,1,1,0,0,1,1,0,3,6,3,6,3,6,2,-2,-3,3,-2,2,1,3,7,5,14,11
2023-09-02,D1,Leverkusen,Darmstadt,2,5,1,24,5,13,1,1081.52320357838,926.775909281356,1,0,0,1,1,0,0,1,6,0,6,0,6,0,4,-4,19,-19,12,-12,1,5,1,13,5,24
2023-09-02,D1,Stuttgart,Freiburg,2,5,0,13,11,6,5,990.391752936256,1055.33348577587,1,1,0,0,1,1,0,0,3,6,3,6,3,6,5,-5,2,-2,1,-1,0,5,5,6,11,13
2023-09-02,D1,Werder Bremen,Mainz,2,4,0,12,12,6,3,912.163584095793,949.372931724527,0,0,1,1,0,0,1,1,0,1,0,1,0,1,4,-4,0,0,3,-3,0,4,3,6,12,12
2023-09-02,D1,M'gladbach,Bayern Munich,0,1,2,8,25,3,9,950.476796421621,1100.31046729202,0,1,1,0,0,1,1,0,1,6,1,6,1,6,-1,1,-17,17,-6,6,2,1,9,3,25,8
2023-09-03,D1,Ein Frankfurt,FC Koln,1,1,1,12,6,4,2,1028.09547331098,942.877801142926,1,0,0,1,1,0,0,1,4,0,4,0,4,0,0,0,6,-6,2,-2,1,1,2,4,6,12
2023-09-03,D1,Union Berlin,RB Leipzig,0,0,3,4,15,1,8,1095.75568568313,1051.59062015796,1,0,0,1,1,0,0,1,6,3,6,3,6,3,-3,3,-11,11,-7,7,3,0,8,1,15,4
2023-09-15,D1,Bayern Munich,Leverkusen,1,2,2,15,12,9,5,1119.30661424877,1119.05686200389,1,1,0,0,1,1,0,0,9,9,9,9,9,9,0,0,3,-3,4,-4,2,2,5,9,12,15
2023-09-16,D1,FC Koln,Hoffenheim,0,1,3,17,17,7,5,946.725370557047,1051.49319937117,0,1,1,0,0,1,1,0,1,6,1,6,1,6,-2,2,0,0,2,-2,3,1,5,7,17,17
2023-09-16,D1,Freiburg,Dortmund,0,2,4,14,14,4,6,967.681353698559,1022.6971463404,1,0,0,0,1,1,0,1,6,5,6,5,6,5,-2,2,0,0,-2,2,4,2,6,4,14,14
2023-09-16,D1,Mainz,Stuttgart,0,1,3,15,16,3,6,877.988214887581,1078.04388501357,0,0,0,1,1,0,1,1,1,6,1,6,1,6,-2,2,-1,1,-3,3,3,1,6,3,16,15
2023-09-16,D1,RB Leipzig,Augsburg,2,3,0,9,16,6,4,1113.01702563064,962.657226152838,1,0,0,1,1,0,0,1,6,2,6,2,6,2,3,-3,-7,7,2,-2,0,3,4,6,16,9
2023-09-16,D1,Wolfsburg,Union Berlin,2,2,1,8,17,3,5,1016.39491436533,1034.32928021046,1,1,0,0,1,1,0,0,6,6,6,6,6,6,1,-1,-9,9,-2,2,1,2,5,3,17,8
2023-09-16,D1,Bochum,Ein Frankfurt,1,1,1,24,8,10,6,932.287579359015,1024.24790389686,0,0,0,0,1,1,1,1,2,5,2,5,2,5,0,0,16,-16,4,-4,1,1,6,10,8,24
2023-09-17,D1,Heidenheim,Werder Bremen,2,4,2,19,11,4,4,929.802223010422,983.548300932738,0,0,1,1,0,0,1,1,1,3,1,3,1,3,2,-2,8,-8,0,0,2,4,4,4,11,19
2023-09-17,D1,Darmstadt,M'gladbach,1,3,3,15,21,8,10,889.242250855846,931.480649464872,0,0,1,0,0,1,1,1,0,1,0,1,0,1,0,0,-6,6,-2,2,3,3,10,8,21,15
2023-09-22,D1,Stuttgart,Darmstadt,2,3,1,18,3,11,0,1099.11260961371,891.177874385233,2,0,0,2,2,0,0,2,9,1,9,1,9,1,2,-2,15,-15,11,-11,1,3,0,11,3,18
2023-09-23,D1,Augsburg,Mainz,2,2,1,6,13,3,3,930.354556765683,856.919490287442,0,0,0,2,2,0,2,2,2,1,2,1,2,1,1,-1,-7,7,0,0,1,2,3,3,13,6
2023-09-23,D1,Bayern Munich,Bochum,2,7,0,26,4,16,1,1119.29511273483,936.426308051379,0,0,0,0,2,1,1,2,10,3,10,3,10,3,7,-7,22,-22,15,-15,0,7,1,16,4,26
2023-09-23,D1,Dortmund,Wolfsburg,2,1,0,18,8,4,2,1059.66745881073,1050.04526495108,0,0,0,1,2,0,1,1,8,9,8,9,8,9,1,-1,10,-10,2,-2,0,1,2,4,8,18
2023-09-23,D1,M'gladbach,RB Leipzig,0,0,1,13,8,1,4,929.545025935485,1145.31969501779,0,1,2,0,0,1,2,0,2,9,2,9,2,9,-1,1,5,-5,-3,3,1,0,4,1,8,13
2023-09-23,D1,Union Berlin,Hoffenheim,0,0,2,22,11,6,4,1000.67892962471,1082.51251621374,0,2,1,0,0,2,1,0,6,9,6,9,6,9,-2,2,11,-11,2,-2,2,0,4,6,11,22
2023-09-23,D1,Werder Bremen,FC Koln,2,2,1,17,13,6,5,932.959792899139,915.70605371447,1,0,0,0,1,1,0,2,3,1,3,1,3,1,1,-1,4,-4,1,-1,1,2,5,6,13,17
2023-09-24,D1,Leverkusen,Heidenheim,2,4,1,20,1,10,1,1119.06836351783,980.390731044021,2,0,0,0,2,1,0,2,10,4,10,4,10,4,3,-3,19,-19,9,-9,1,4,1,10,1,20
2023-09-24,D1,Ein Frankfurt,Freiburg,1,0,0,13,9,5,2,1020.1091752045,930.711041228229,0,0,0,1,2,0,1,1,6,6,6,6,6,6,0,0,4,-4,3,-3,0,0,2,5,9,13
2023-09-29,D1,Hoffenheim,Dortmund,0,1,3,15,6,5,5,1116.22696792927,1090.78144851893,1,1,0,0,1,2,0,0,12,11,12,11,12,11,-2,2,9,-9,0,0,3,1,5,5,6,15
2023-09-30,D1,Bochum,M'gladbach,0,1,3,23,25,5,9,888.879094423749,915.204490680972,0,0,0,0,2,2,2,2,3,2,3,2,3,2,-2,2,-2,2,-4,4,3,1,9,5,25,23
2023-09-30,D1,FC Koln,Stuttgart,0,0,2,14,18,5,4,885.293876769767,1119.46385421105,0,1,2,0,0,1,2,0,1,12,1,12,1,12,-2,2,-4,4,1,-1,2,0,4,5,18,14
2023-09-30,D1,Heidenheim,Union Berlin,2,1,0,9,19,4,8,946.538513537174,966.964477909193,1,0,0,1,1,0,0,1,4,6,4,6,4,6,1,-1,-10,10,-4,4,0,1,8,4,19,9
2023-09-30,D1,Mainz,Leverkusen,0,0,3,10,6,3,3,831.584157602278,1152.92058102468,0,0,1,0,0,2,2,1,1,13,1,13,1,13,-3,3,4,-4,0,0,3,0,3,3,6,10
2023-09-30,D1,Wolfsburg,Ein Frankfurt,2,2,0,19,7,7,3,1018.93127524287,1016.08075318729,2,0,0,0,2,2,0,2,9,7,9,7,9,7,2,-2,12,-12,4,-4,0,2,3,7,7,19
2023-09-30,D1,RB Leipzig,Bayern Munich,1,2,2,7,11,2,5,1159.6602302723,1166.84232636246,2,2,0,0,2,2,0,0,12,13,12,13,12,13,0,0,-4,4,-3,3,2,2,5,2,11,7
2023-10-01,D1,Darmstadt,Werder Bremen,2,4,2,14,10,5,7,870.826629787889,963.371969843842,0,0,0,2,1,0,2,2,1,6,1,6,1,6,2,-2,4,-4,-2,2,2,4,7,5,10,14
2023-10-01,D1,Freiburg,Augsburg,2,2,0,7,13,3,4,934.739463245434,955.689889450848,0,0,1,2,0,0,1,2,7,5,7,5,7,5,2,-2,-6,6,-1,1,0,2,4,3,13,7
2023-10-06,D1,M'gladbach,Mainz,1,2,2,20,13,9,7,955.745336465478,816.762367174436,0,0,3,3,0,0,3,3,4,1,5,1,5,1,0,0,7,-7,2,-2,2,2,7,9,13,20
2023-10-07,D1,Augsburg,Darmstadt,0,1,2,17,17,3,5,909.190850158681,926.097798330652,1,0,0,3,3,0,0,3,4,4,5,4,5,4,-1,1,0,0,-2,2,2,1,5,3,17,17
2023-10-07,D1,Dortmund,Union Berlin,2,4,2,12,12,7,6,1137.84538415989,933.085341546064,1,0,0,2,3,0,0,2,11,3,14,6,14,6,2,-2,0,0,1,-1,2,4,6,7,12,12
2023-10-07,D1,RB Leipzig,Bochum,1,0,0,18,9,5,2,1159.99093091645,848.338248639243,0,0,0,1,3,0,1,3,13,3,13,3,13,3,0,0,9,-9,3,-3,0,0,2,5,9,18
2023-10-07,D1,Stuttgart,Wolfsburg,2,3,1,13,12,7,5,1137.55065290734,1062.42907318177,3,0,0,2,3,0,0,2,12,9,15,12,15,12,2,-2,1,-1,2,-2,1,3,5,7,12,13
2023-10-07,D1,Werder Bremen,Hoffenheim,0,2,3,13,11,3,4,908.100801301079,1069.1630322883,2,3,0,0,2,3,0,0,6,12,6,12,6,12,-1,1,2,-2,-1,1,3,2,4,3,11,13
2023-10-08,D1,Leverkusen,FC Koln,2,3,0,21,7,10,3,1167.74237145252,867.207078073481,3,0,0,1,3,0,0,3,13,1,16,1,16,1,3,-3,14,-14,7,-7,0,3,3,10,7,21
2023-10-08,D1,Bayern Munich,Freiburg,2,3,0,21,2,5,0,1166.51162571831,981.238502537601,1,0,0,0,3,1,0,2,11,7,14,10,14,10,3,-3,19,-19,5,-5,0,3,0,5,2,21
2023-10-08,D1,Ein Frankfurt,Heidenheim,2,2,0,12,7,6,2,972.582955248391,980.417649900303,0,0,0,1,3,0,2,3,4,7,7,7,7,7,2,-2,5,-5,4,-4,0,2,2,6,7,12
2023-10-20,D1,Dortmund,Werder Bremen,2,1,0,22,6,5,1,1158.48365468759,889.956575177616,2,0,0,3,4,0,0,3,13,6,17,6,17,6,1,-1,16,-16,4,-4,0,1,1,5,6,22
2023-10-21,D1,Darmstadt,RB Leipzig,0,1,3,16,10,3,7,956.54183883477,1148.55352058353,1,2,0,0,2,2,0,0,7,11,7,14,7,14,-2,2,6,-6,-4,4,3,1,7,3,10,16
2023-10-21,D1,Freiburg,Bochum,2,2,1,15,13,5,5,953.311142941976,859.775658972164,1,0,0,0,1,1,0,4,4,3,10,4,10,4,1,-1,2,-2,0,0,1,2,5,5,13,15
2023-10-21,D1,Hoffenheim,Ein Frankfurt,0,1,3,14,13,5,5,1087.30725841177,1017.42939776065,0,0,1,1,0,0,1,3,12,6,15,10,15,10,-2,2,1,-1,0,0,3,1,5,5,13,14
2023-10-21,D1,Union Berlin,Stuttgart,0,0,3,10,10,2,5,912.447071018373,1172.07055669348,0,2,2,0,0,2,2,0,0,15,6,18,6,18,-3,3,0,0,-3,3,3,0,5,2,10,10
2023-10-21,D1,Wolfsburg,Leverkusen,0,1,2,18,13,7,6,1027.90916939564,1184.16565124259,3,1,0,0,3,3,0,0,6,13,12,19,12,19,-1,1,5,-5,1,-1,2,1,6,7,13,18
2023-10-21,D1,Mainz,Bayern Munich,0,1,3,14,12,3,5,822.841894761104,1194.43898531393,0,0,2,0,0,3,3,1,1,11,2,17,2,17,-2,2,2,-2,-2,2,3,1,5,3,12,14
2023-10-22,D1,FC Koln,M'gladbach,2,3,1,21,5,8,2,850.783798283405,949.665808878811,0,1,3,0,0,3,3,0,1,5,1,6,1,6,2,-2,16,-16,6,-6,1,3,2,8,5,21
2023-10-22,D1,Heidenheim,Augsburg,0,2,5,16,9,5,6,935.571207388042,878.746809654562,2,0,0,3,2,0,0,3,7,4,7,5,7,5,-3,3,7,-7,-1,1,5,2,6,5,9,16
2023-10-27,D1,Bochum,Mainz,1,2,2,10,10,4,4,836.188327206262,813.60060159713,0,0,1,0,0,1,3,4,2,1,4,2,4,2,0,0,0,0,0,0,2,2,4,4,10,10
2023-10-28,D1,Augsburg,Wolfsburg,2,3,2,9,13,5,6,942.118568138937,1009.40315846602,0,0,1,3,0,0,1,3,6,6,8,12,8,12,1,-1,-4,4,-1,1,2,3,6,5,13,9
2023-10-28,D1,Bayern Munich,Darmstadt,2,8,0,28,10,16,4,1203.68027847791,934.722968593783,2,1,0,0,4,1,0,0,11,7,20,7,20,7,8,-8,18,-18,12,-12,0,8,4,16,10,28
2023-10-28,D1,M'gladbach,Heidenheim,2,2,1,11,8,6,3,893.652525083331,872.199448903667,0,0,0,2,1,0,4,4,5,6,6,7,6,7,1,-1,3,-3,3,-3,1,2,3,6,8,11
2023-10-28,D1,Stuttgart,Hoffenheim,0,2,3,23,7,10,5,1192.05587679801,1034.74583657439,4,4,0,0,4,4,0,0,15,9,21,15,21,15,-1,1,16,-16,5,-5,3,2,5,10,7,23
2023-10-28,D1,Werder Bremen,Union Berlin,2,2,0,9,7,3,2,878.711863972763,892.461750913837,0,0,1,3,0,0,1,3,3,0,6,6,6,6,2,-2,2,-2,1,-1,0,2,2,3,7,9
2023-10-28,D1,RB Leipzig,FC Koln,2,6,0,24,6,13,1,1170.37239082452,906.797082078885,0,0,0,2,4,0,2,4,11,3,17,4,17,4,6,-6,18,-18,12,-12,0,6,1,13,6,24
2023-10-29,D1,Ein Frankfurt,Dortmund,1,3,3,11,14,7,4,1069.99081959803,1169.72836589244,1,2,0,0,4,3,0,0,8,15,13,20,13,20,0,0,-3,3,3,-3,3,3,4,7,14,11
2023-10-29,D1,Leverkusen,Freiburg,2,2,1,19,10,4,4,1202.67166217221,976.898474707878,4,0,0,1,4,0,0,3,13,7,22,13,22,13,1,-1,9,-9,0,0,1,2,4,4,10,19
2023-11-03,D1,Darmstadt,Bochum,0,1,2,15,9,4,4,899.497642746558,835.149587052721,0,0,1,1,0,0,1,5,6,2,7,5,7,5,-1,1,6,-6,0,0,2,1,4,4,9,15
2023-11-04,D1,FC Koln,Augsburg,1,1,1,28,18,12,3,876.908027181426,980.239379376466,1,1,0,0,1,1,0,0,3,9,4,11,4,11,0,0,10,-10,9,-9,1,1,3,12,18,28
2023-11-04,D1,Freiburg,M'gladbach,1,3,3,15,10,8,5,963.188196577961,923.679131084098,2,0,0,1,2,0,0,1,7,7,13,9,13,9,0,0,5,-5,3,-3,3,3,5,8,10,15
2023-11-04,D1,Hoffenheim,Leverkusen,0,2,3,12,10,7,4,1080.31950482301,1216.38194030213,0,2,2,0,0,4,2,0,9,15,18,25,18,25,-1,1,2,-2,3,-3,3,2,4,7,10,12
2023-11-04,D1,Mainz,RB Leipzig,2,2,0,10,10,3,2,814.639341750672,1200.26144572198,0,3,3,0,0,3,4,0,2,11,3,20,3,20,2,-2,0,0,1,-1,0,2,2,3,10,10
2023-11-04,D1,Union Berlin,Ein Frankfurt,0,0,3,10,4,3,3,846.869357625997,1074.46175925359,0,1,3,0,0,1,3,0,0,8,6,14,6,14,-3,3,6,-6,0,0,3,0,3,3,4,10
2023-11-04,D1,Dortmund,Bayern Munich,0,0,4,15,14,1,8,1165.25742623687,1238.90560432513,3,1,0,0,5,4,0,0,13,13,21,23,21,23,-4,4,1,-1,-7,7,4,0,8,1,14,15
2023-11-05,D1,Wolfsburg,Werder Bremen,1,2,2,15,13,5,4,971.28234722849,924.304257260602,0,0,1,4,0,0,1,4,3,6,12,9,12,9,0,0,2,-2,1,-1,2,2,4,5,13,15
2023-11-05,D1,Heidenheim,Stuttgart,2,2,0,19,14,2,2,842.1728429029,1146.4822085494,0,3,1,0,0,3,1,0,3,12,7,21,7,21,2,-2,5,-5,0,0,0,2,2,2,14,19
2023-11-10,D1,M'gladbach,Wolfsburg,2,4,0,16,12,8,4,925.490788435504,969.132014970706,1,0,0,4,2,0,0,4,8,4,10,13,10,13,4,-4,4,-4,4,-4,0,4,4,8,12,16
2023-11-11,D1,Augsburg,Hoffenheim,1,1,1,11,12,6,6,975.616306834444,1060.24767315197,1,5,0,0,1,5,0,0,7,6,12,18,12,18,0,0,-1,1,0,0,1,1,6,6,12,11
2023-11-11,D1,Bayern Munich,Heidenheim,2,4,2,18,7,8,2,1289.93661008248,916.921383679449,3,0,0,3,5,0,0,5,13,6,26,10,26,10,2,-2,11,-11,6,-6,2,4,2,8,7,18
2023-11-11,D1,Darmstadt,Mainz,1,0,0,9,9,3,0,861.63781675804,893.759819983585,0,0,2,0,0,2,2,5,6,5,7,6,7,6,0,0,0,0,3,-3,0,0,0,3,9,9
2023-11-11,D1,Stuttgart,Dortmund,2,2,1,22,5,10,1,1071.73366777285,1114.22642047953,0,0,1,0,0,4,1,1,9,10,21,21,21,21,1,-1,17,-17,9,-9,1,2,1,10,5,22
2023-11-11,D1,Bochum,FC Koln,1,1,1,25,10,9,6,873.00941304124,881.531099723448,0,0,0,3,1,0,4,5,5,4,8,5,8,5,0,0,15,-15,3,-3,1,1,6,9,10,25
2023-11-12,D1,Leverkusen,Union Berlin,2,4,0,19,2,10,2,1236.45377197316,823.697185532456,5,0,0,4,5,0,0,4,15,0,28,6,28,6,4,-4,17,-17,8,-8,0,4,2,10,2,19
2023-11-12,D1,Werder Bremen,Ein Frankfurt,1,2,2,14,14,5,3,926.454589518387,1097.63393134714,1,2,0,0,1,2,0,0,4,10,10,17,10,17,0,0,0,0,2,-2,2,2,3,5,14,14
2023-11-12,D1,RB Leipzig,Freiburg,2,3,1,15,9,6,3,1121.14096748907,961.376539226555,1,0,0,2,5,0,0,4,8,7,20,14,20,14,2,-2,6,-6,3,-3,1,3,3,6,9,15
2023-11-24,D1,FC Koln,Bayern Munich,0,0,1,6,19,2,5,881.138740226058,1299.11062767193,0,2,0,0,2,5,1,0,5,15,6,26,6,29,-1,1,-13,13,-3,3,1,0,5,2,19,6
2023-11-25,D1,Dortmund,M'gladbach,2,4,2,20,10,13,3,1078.33209145054,998.053558188095,0,0,1,0,0,1,1,2,7,8,18,12,21,13,2,-2,10,-10,10,-10,2,4,3,13,10,20
2023-11-25,D1,Freiburg,Darmstadt,1,1,1,16,7,3,1,936.37563448673,863.112889169969,0,0,0,1,3,0,1,1,4,4,11,8,14,8,0,0,9,-9,2,-2,1,1,1,3,7,16
2023-11-25,D1,Union Berlin,Augsburg,1,1,1,16,11,6,2,812.729129605011,979.438426922427,0,0,4,0,0,2,4,1,0,8,3,12,6,13,0,0,5,-5,4,-4,1,1,2,6,11,16
2023-11-25,D1,Werder Bremen,Leverkusen,0,0,3,2,13,1,4,933.756218494742,1247.42182790061,0,3,0,0,2,5,1,0,5,15,11,28,11,31,-3,3,-11,11,-3,3,3,0,4,1,13,2
2023-11-25,D1,Wolfsburg,RB Leipzig,2,2,1,10,26,4,10,896.569245218114,1146.14187222889,0,0,0,1,1,0,2,1,1,10,10,23,13,23,1,-1,-16,16,-6,6,1,2,10,4,26,10
2023-11-25,D1,Ein Frankfurt,Stuttgart,0,1,2,14,11,1,5,1090.33230237078,1107.62799680183,0,0,0,1,5,0,1,1,11,9,15,21,18,24,-1,1,3,-3,-4,4,2,1,5,1,11,14
2023-11-26,D1,Heidenheim,Bochum,1,0,0,9,9,3,2,907.747366089999,873.40177253863,1,1,0,0,1,1,0,0,3,6,10,9,10,9,0,0,0,0,1,-1,0,0,2,3,9,9
2023-11-26,D1,Hoffenheim,Mainz,1,1,1,15,15,6,6,1056.42555306399,892.284747571656,0,0,3,0,0,3,3,6,7,6,19,7,19,7,0,0,0,0,0,0,1,1,6,6,15,15
2023-12-01,D1,Darmstadt,FC Koln,0,0,1,11,11,1,6,866.437630585106,875.84508869256,0,0,0,0,1,1,3,6,2,5,9,6,9,6,-1,1,0,0,-5,5,1,0,6,1,11,11
2023-12-02,D1,Bochum,Wolfsburg,2,3,1,19,15,9,6,874.978313478022,948.27716241463,0,0,0,5,2,0,5,5,6,4,9,10,10,16,2,-2,4,-4,3,-3,1,3,6,9,15,19
2023-12-02,D1,M'gladbach,Hoffenheim,2,2,1,9,17,3,5,964.153116726082,1049.38291591611,2,0,0,0,3,6,0,1,7,5,12,17,13,20,1,-1,-8,8,-2,2,1,2,5,3,17,9
2023-12-02,D1,RB Leipzig,Heidenheim,2,2,1,23,7,8,1,1094.43395503237,906.170825150607,2,0,0,4,6,0,0,6,9,4,20,11,23,11,1,-1,16,-16,7,-7,1,2,1,8,7,23
2023-12-02,D1,Stuttgart,Werder Bremen,2,2,0,17,11,6,3,1138.03631906272,918.359744581676,1,0,0,0,1,1,0,5,9,5,24,11,27,11,2,-2,6,-6,3,-3,0,2,3,6,11,17
2023-12-03,D1,Mainz,Freiburg,0,0,1,19,13,6,5,899.327384719538,933.050893071593,1,0,0,3,1,0,0,5,6,5,7,9,8,15,-1,1,6,-6,1,-1,1,0,5,6,13,19
2023-12-03,D1,Leverkusen,Dortmund,1,1,1,22,6,6,2,1262.81830181367,1112.23253291256,6,0,0,1,6,0,0,2,15,7,28,20,34,24,0,0,16,-16,4,-4,1,1,2,6,6,22
2023-12-03,D1,Augsburg,Ein Frankfurt,2,2,1,9,12,4,6,972.300734227862,1059.92398010989,0,0,0,0,2,3,1,1,9,8,13,14,14,18,1,-1,-3,3,-2,2,1,2,6,4,12,9
2023-12-08,D1,Hoffenheim,Bochum,2,3,1,18,22,7,5,1009.68672474633,927.953744506157,0,0,0,0,1,2,4,1,5,9,14,11,20,13,2,-2,-4,4,2,-2,1,3,5,7,22,18
2023-12-09,D1,Ein Frankfurt,Bayern Munich,2,5,1,14,17,6,6,1020.02044237257,1304.40427920542,0,3,1,0,0,6,2,0,5,15,13,26,18,32,4,-4,-3,3,0,0,1,5,6,6,17,14
2023-12-09,D1,Heidenheim,Darmstadt,2,3,2,16,20,7,7,889.991570343693,835.30387780958,0,0,0,0,2,1,1,2,4,2,10,9,11,9,1,-1,-4,4,0,0,2,3,7,7,20,16
2023-12-09,D1,Union Berlin,M'gladbach,2,3,1,16,13,6,4,819.866822299577,1003.84930789586,0,0,0,1,1,0,5,3,1,10,1,15,7,16,2,-2,3,-3,2,-2,1,3,4,6,13,16
2023-12-09,D1,Werder Bremen,Augsburg,2,2,0,12,11,5,1,899.045734646658,1012.20427196518,0,0,1,0,0,3,2,2,5,9,8,15,11,17,2,-2,1,-1,4,-4,0,2,1,5,11,12
2023-12-09,D1,Wolfsburg,Freiburg,0,0,1,10,4,3,1,895.301731386494,961.954561025144,1,1,0,0,2,1,0,0,4,5,10,12,16,18,-1,1,6,-6,2,-2,1,0,1,3,4,10
2023-12-09,D1,Dortmund,RB Leipzig,0,2,3,18,24,6,8,1118.76334978729,1110.61320983929,1,0,0,2,1,0,0,2,5,9,20,20,25,26,-1,1,-6,6,-2,2,3,2,8,6,24,18
2023-12-10,D1,Stuttgart,Leverkusen,1,1,1,22,20,12,6,1157.35032899774,1256.28748493894,2,4,0,0,2,6,0,0,9,13,24,26,30,35,0,0,2,-2,6,-6,1,1,6,12,20,22
2023-12-10,D1,FC Koln,Mainz,1,0,0,7,13,3,5,906.978841468086,870.423716765987,0,0,1,0,0,4,2,7,5,6,8,7,9,8,0,0,-6,6,-2,2,0,0,5,3,13,7
2023-12-15,D1,M'gladbach,Werder Bremen,1,2,2,15,10,4,5,938.719316785121,956.703089159042,3,0,0,1,4,0,0,6,7,5,14,11,16,14,0,0,5,-5,-1,1,2,2,5,4,10,15
2023-12-16,D1,Augsburg,Dortmund,1,1,1,20,24,4,6,954.546917452796,1086.01283181655,1,0,0,0,3,1,0,3,6,4,15,17,17,25,0,0,-4,4,-2,2,1,1,6,4,24,20
2023-12-16,D1,Bochum,Union Berlin,2,3,0,21,10,7,2,894.227271494615,884.996813410316,1,0,0,5,3,0,0,5,8,4,10,4,13,10,3,-3,11,-11,5,-5,0,3,2,7,10,21
2023-12-16,D1,Darmstadt,Wolfsburg,0,0,1,14,11,4,3,808.299610386291,869.366464727889,0,0,1,6,0,0,4,6,2,4,8,7,9,16,-1,1,3,-3,1,-1,1,0,3,4,11,14
2023-12-16,D1,Mainz,Heidenheim,0,0,1,16,5,4,2,872.100958008139,916.995837766983,0,0,1,5,0,0,1,7,6,7,8,10,9,14,-1,1,11,-11,2,-2,1,0,2,4,5,16
2023-12-16,D1,RB Leipzig,Hoffenheim,2,3,1,23,10,11,4,1143.36372781003,1043.41319775787,3,0,0,1,7,0,0,2,9,5,20,14,29,23,2,-2,13,-13,7,-7,1,3,4,11,10,23
2023-12-17,D1,Freiburg,FC Koln,2,2,0,23,7,7,1,987.889827683749,905.301600225934,0,1,0,0,4,2,2,0,8,6,15,9,21,10,2,-2,16,-16,6,-6,0,2,1,7,7,23
2023-12-17,D1,Leverkusen,Ein Frankfurt,2,3,0,14,4,6,2,1251.85054835469,1128.01543336385,0,0,0,1,7,0,1,2,11,7,26,15,36,21,3,-3,10,-10,4,-4,0,3,2,6,4,14
2023-12-17,D1,Bayern Munich,Stuttgart,2,3,0,17,5,8,2,1196.40928821414,1161.78726558199,4,1,0,0,6,1,0,0,12,10,23,22,32,31,3,-3,12,-12,6,-6,0,3,2,8,5,17
2023-12-19,D1,Werder Bremen,RB Leipzig,1,1,1,11,18,3,9,955.875644679864,1174.94126621378,1,1,0,0,1,1,0,0,5,12,9,20,15,32,0,0,-7,7,-6,6,1,1,9,3,18,11
2023-12-19,D1,Dortmund,Mainz,1,1,1,21,11,8,6,1080.23190596976,844.213067701021,0,0,1,0,0,5,1,8,5,3,15,8,26,9,0,0,10,-10,2,-2,1,1,6,8,11,21
2023-12-19,D1,Hoffenheim,Darmstadt,1,3,3,13,14,4,3,1011.83565935412,781.86686321998,1,0,0,1,2,0,0,3,5,2,11,8,23,9,0,0,-1,1,1,-1,3,3,3,4,14,13
2023-12-20,D1,Union Berlin,FC Koln,2,2,0,12,15,8,7,831.913640051723,871.677267924966,1,0,0,1,2,0,0,1,4,5,4,9,10,10,2,-2,-3,3,1,-1,0,2,7,8,15,12
2023-12-20,D1,Ein Frankfurt,M'gladbach,2,2,1,15,7,7,2,1092.13703471221,939.546761264299,1,0,0,2,1,0,0,4,4,7,14,15,21,17,1,-1,8,-8,5,-5,1,2,2,7,7,15
2023-12-20,D1,Heidenheim,Freiburg,2,3,2,14,10,3,4,944.883728074101,1021.51415998472,1,2,0,0,3,2,0,0,7,10,13,17,17,24,1,-1,4,-4,-1,1,2,3,4,3,10,14
2023-12-20,D1,Leverkusen,Bochum,2,4,0,15,6,8,1,1287.72894700634,947.310444853208,1,0,0,1,8,0,0,2,11,8,26,13,39,16,4,-4,9,-9,7,-7,0,4,1,8,6,15
2023-12-20,D1,Stuttgart,Augsburg,2,3,0,17,6,7,5,1112.67183854992,960.327843299585,0,0,0,1,3,0,1,3,10,6,19,13,31,18,3,-3,11,-11,2,-2,0,3,5,7,6,17
2023-12-20,D1,Wolfsburg,Bayern Munich,0,1,2,5,20,4,7,895.7992118942,1245.52471524621,0,0,1,1,0,0,1,1,6,12,10,25,19,35,-1,1,-15,15,-3,3,2,1,7,4,20,5
2024-01-12,D1,Bayern Munich,Hoffenheim,2,3,0,27,12,12,4,1253.0655694598,1002.56159975818,5,0,0,2,7,0,0,3,12,5,25,12,38,24,3,-3,15,-15,8,-8,0,3,4,12,12,27
2024-01-13,D1,Augsburg,Leverkusen,0,0,1,2,25,0,6,928.284247880982,1303.66241541498,0,0,0,0,4,7,1,1,5,11,13,26,18,42,-1,1,-23,23,-6,6,1,0,6,0,25,2
2024-01-13,D1,FC Koln,Heidenheim,1,1,1,13,10,6,2,822.821994497717,983.82938731606,0,1,0,0,1,1,3,0,4,10,9,13,10,20,0,0,3,-3,4,-4,1,1,2,6,10,13
2024-01-13,D1,Freiburg,Union Berlin,1,0,0,14,8,4,4,982.568500742757,880.768913478972,1,0,0,6,5,0,0,6,10,7,14,7,24,13,0,0,6,-6,0,0,0,0,4,4,8,14
2024-01-13,D1,Mainz,Wolfsburg,1,1,1,12,9,4,4,853.6702689732,888.258357680613,0,1,2,0,0,1,2,0,3,6,9,7,10,19,0,0,3,-3,0,0,1,1,4,4,9,12
2024-01-13,D1,RB Leipzig,Ein Frankfurt,0,0,1,26,5,7,1,1166.00668646913,1110.92190184974,4,0,0,2,8,0,0,3,10,6,20,17,33,24,-1,1,21,-21,6,-6,1,0,1,7,5,26
2024-01-13,D1,Darmstadt,Dortmund,0,0,3,10,17,2,8,791.140922815917,1070.77470469758,0,0,2,0,0,2,5,4,2,6,6,13,10,27,-3,3,-7,7,-6,6,3,0,8,2,17,10
2024-01-14,D1,Bochum,Werder Bremen,1,1,1,13,15,4,4,931.376976444568,964.810224424517,2,0,0,0,4,1,0,7,7,5,13,10,16,16,0,0,-2,2,0,0,1,1,4,4,15,13
2024-01-14,D1,M'gladbach,Stuttgart,2,3,1,8,14,4,2,920.761894126763,1144.71543396852,0,0,0,1,5,0,1,1,4,10,12,19,17,34,2,-2,-6,6,2,-2,1,3,2,4,14,8
2024-01-20,D1,Bochum,Stuttgart,2,1,0,6,17,1,4,932.911899565567,1075.94595225452,0,0,0,2,5,0,1,2,7,7,13,16,17,34,1,-1,-11,11,-3,3,0,1,4,1,17,6
2024-01-20,D1,Darmstadt,Ein Frankfurt,1,2,2,13,7,3,4,772.967716033919,1147.95331019297,0,1,3,0,0,1,6,0,1,9,3,17,10,27,0,0,6,-6,-1,1,2,2,4,3,7,13
2024-01-20,D1,FC Koln,Dortmund,0,0,4,16,11,5,7,829.747829372336,1088.94791147958,0,1,0,0,2,3,4,0,5,6,10,13,11,30,-4,4,5,-5,-2,2,4,0,7,5,11,16
2024-01-20,D1,Freiburg,Hoffenheim,2,3,2,16,16,8,4,978.01016138551,981.705093120872,0,0,0,3,6,0,1,4,10,4,15,9,25,24,1,-1,0,0,4,-4,2,3,4,8,16,16
2024-01-20,D1,Heidenheim,Wolfsburg,1,1,1,12,12,3,3,976.903552441442,886.67075861135,2,0,0,0,4,2,0,1,10,4,14,8,21,20,0,0,0,0,0,0,1,1,3,3,12,12
2024-01-20,D1,RB Leipzig,Leverkusen,0,2,3,11,18,6,5,1128.9752781259,1310.27500008812,0,1,1,0,0,8,1,0,10,11,19,26,33,45,-1,1,-7,7,1,-1,3,2,5,6,18,11
2024-01-21,D1,Bayern Munich,Werder Bremen,0,0,1,21,8,6,3,1273.92207609711,963.275301303517,6,0,0,0,8,2,0,8,12,6,27,11,41,17,-1,1,13,-13,3,-3,1,0,3,6,8,21
2024-01-21,D1,M'gladbach,Augsburg,0,1,2,18,15,4,7,989.531375840761,921.671663207848,1,0,0,2,6,0,0,4,7,4,14,13,20,18,-1,1,3,-3,-3,3,2,1,7,4,15,18
2024-01-24,D1,Bayern Munich,Union Berlin,2,1,0,24,4,10,1,1219.09265448768,885.327252836219,0,0,1,0,0,1,1,7,9,8,24,8,41,14,1,-1,20,-20,9,-9,0,1,1,10,4,24
2024-01-26,D1,Ein Frankfurt,Mainz,2,1,0,13,7,4,0,1135.26630822434,855.257868042463,2,0,0,0,2,6,0,9,10,3,15,9,28,11,1,-1,6,-6,4,-4,0,1,0,4,7,13
2024-01-27,D1,Augsburg,Bayern Munich,0,2,3,14,13,7,4,959.843490967004,1227.26646361552,0,1,1,0,0,1,2,0,4,12,13,24,21,44,-1,1,1,-1,3,-3,3,2,4,7,13,14
2024-01-27,D1,Hoffenheim,Heidenheim,1,1,1,20,15,8,3,949.364790160906,972.839151353971,0,0,0,0,3,2,1,1,4,11,9,15,24,22,0,0,5,-5,5,-5,1,1,3,8,15,20
2024-01-27,D1,Stuttgart,RB Leipzig,2,5,2,19,4,11,2,1031.46907097291,1112.30665199062,1,0,0,0,4,2,0,1,4,7,13,16,34,33,3,-3,15,-15,9,-9,2,5,2,11,4,19
2024-01-27,D1,Werder Bremen,Freiburg,2,3,1,14,7,4,4,1018.10472291294,1010.35046434548,0,0,0,1,2,0,1,1,9,10,14,15,20,28,2,-2,7,-7,0,0,1,3,4,4,7,14
2024-01-27,D1,Wolfsburg,FC Koln,1,1,1,12,6,5,2,890.735159698821,806.061012587578,0,0,2,2,0,0,2,2,5,2,9,7,21,11,0,0,6,-6,3,-3,1,1,2,5,6,12
2024-01-27,D1,Leverkusen,M'gladbach,1,0,0,28,4,8,3,1326.9436262234,951.359548081606,2,0,0,3,9,0,0,5,13,4,26,14,48,20,0,0,24,-24,5,-5,0,0,3,8,4,28
2024-01-28,D1,Union Berlin,Darmstadt,2,1,0,19,15,6,1,877.153443708379,785.654718002548,2,0,0,0,3,1,0,4,7,2,8,4,14,11,1,-1,4,-4,5,-5,0,1,1,6,15,19
2024-01-28,D1,Dortmund,Bochum,2,3,1,15,10,6,4,1112.63472826434,977.388780847179,0,0,0,2,1,0,2,3,8,7,13,16,33,20,2,-2,5,-5,2,-2,1,3,4,6,10,15
2024-02-02,D1,Heidenheim,Dortmund,1,0,0,11,13,0,5,971.759759039766,1140.23301250911,0,2,0,0,5,4,1,0,9,11,16,15,23,36,0,0,-2,2,-5,5,0,0,5,0,13,11
2024-02-03,D1,Bayern Munich,M'gladbach,2,3,1,21,11,6,4,1238.57020794354,964.056768178905,1,0,0,0,1,1,0,6,12,5,24,12,47,21,2,-2,10,-10,2,-2,1,3,4,6,11,21
2024-02-03,D1,Bochum,Augsburg,1,1,1,9,12,4,6,949.790496602409,948.539746638982,1,1,0,0,6,1,0,0,7,4,15,10,20,21,0,0,-3,3,-2,2,1,1,6,4,12,9
2024-02-03,D1,Darmstadt,Leverkusen,0,0,2,8,18,6,7,761.892491635038,1314.2464061261,0,2,0,0,1,9,7,0,2,13,4,24,11,49,-2,2,-10,10,-1,1,2,0,7,6,18,8
2024-02-03,D1,Freiburg,Stuttgart,0,1,3,7,17,4,9,967.471522277701,1098.46439151655,1,0,0,3,7,0,0,3,7,6,15,16,28,37,-2,2,-10,10,-5,5,3,1,9,4,17,7
2024-02-03,D1,Mainz,Werder Bremen,0,0,1,20,6,5,1,844.612697252514,1060.98366498072,0,1,0,0,1,3,3,0,3,9,9,14,11,23,-1,1,14,-14,4,-4,1,0,1,5,6,20
2024-02-03,D1,FC Koln,Ein Frankfurt,2,2,0,14,11,4,4,809.884990324186,1145.91147901428,0,0,1,0,0,2,5,1,2,10,8,17,12,31,2,-2,3,-3,0,0,0,2,4,4,11,14
2024-02-04,D1,Wolfsburg,Hoffenheim,1,2,2,14,17,8,7,886.911181962213,950.444182475111,0,0,0,4,1,0,3,5,6,2,10,7,22,25,0,0,-3,3,1,-1,2,2,7,8,17,14
2024-02-04,D1,RB Leipzig,Union Berlin,2,2,0,16,10,6,2,1045.31133144697,900.91567007589,0,0,2,1,0,0,2,8,4,7,13,11,33,17,2,-2,6,-6,4,-4,0,2,2,6,10,16
2024-02-07,D1,Mainz,Union Berlin,1,1,1,16,15,7,4,830.31032085614,874.30377495226,0,0,1,2,0,0,4,9,2,7,8,11,11,17,0,0,1,-1,3,-3,1,1,4,7,15,16
2024-02-09,D1,Dortmund,Freiburg,2,3,0,17,6,8,3,1133.03040047264,939.408062690537,1,0,0,2,2,0,0,2,11,4,16,14,37,28,3,-3,11,-11,5,-5,0,3,3,8,6,17
2024-02-10,D1,Augsburg,RB Leipzig,1,2,2,11,9,4,6,948.597345554579,1071.9232265706,0,0,2,1,0,0,3,2,4,4,10,16,22,36,0,0,2,-2,-2,2,2,2,6,4,9,11
2024-02-10,D1,Ein Frankfurt,Bochum,1,1,1,8,14,2,5,1069.27228748928,949.732897686812,3,0,0,3,3,0,0,4,10,5,14,13,31,21,0,0,-6,6,-3,3,1,1,5,2,14,8
2024-02-10,D1,M'gladbach,Darmstadt,1,0,0,22,10,8,1,949.078214248398,758.389102288483,0,0,1,1,0,0,1,5,4,2,11,4,21,11,0,0,12,-12,7,-7,0,0,1,8,10,22
2024-02-10,D1,Union Berlin,Wolfsburg,2,1,0,7,15,2,5,872.288560320162,889.804803396487,3,0,0,0,4,3,0,2,5,4,12,10,18,23,1,-1,-8,8,-3,3,0,1,5,2,15,7
2024-02-10,D1,Werder Bremen,Heidenheim,0,1,2,14,10,3,3,1075.28604137709,978.962371076241,1,0,0,0,3,3,0,2,11,7,16,14,26,24,-1,1,4,-4,0,0,2,1,3,3,10,14
2024-02-10,D1,Leverkusen,Bayern Munich,2,3,0,14,8,8,1,1317.74979547266,1253.54876187405,0,2,0,0,10,2,1,0,13,12,24,24,52,50,3,-3,6,-6,7,-7,0,3,1,8,8,14
2024-02-11,D1,Stuttgart,Mainz,2,3,1,10,16,7,6,1126.52785110372,832.325535488237,2,0,0,1,5,0,0,10,9,3,19,6,40,12,2,-2,-6,6,1,-1,1,3,6,7,16,10
2024-02-11,D1,Hoffenheim,FC Koln,1,1,1,10,5,4,1,947.550561040837,886.524181849189,0,0,0,0,4,1,2,3,3,5,8,10,26,15,0,0,5,-5,3,-3,1,1,1,4,5,10
2024-02-16,D1,FC Koln,Werder Bremen,0,0,1,10,13,2,4,889.30600069766,1034.63482872037,1,2,0,0,1,4,0,0,6,10,10,15,16,26,-1,1,-3,3,-2,2,1,0,4,2,13,10
2024-02-17,D1,Darmstadt,Stuttgart,0,1,2,21,13,9,4,766.383595892729,1140.15069626025,0,1,1,0,0,1,8,0,2,9,4,19,12,40,-1,1,8,-8,5,-5,2,1,4,9,13,21
2024-02-17,D1,Heidenheim,Leverkusen,0,1,2,6,17,3,4,1019.61358373296,1362.3178923626,0,3,0,0,6,10,2,0,7,13,17,24,27,52,-1,1,-11,11,-1,1,2,1,4,3,17,6
2024-02-17,D1,Hoffenheim,Union Berlin,0,0,1,16,10,4,3,944.768742192366,905.900500441406,0,0,0,0,5,1,3,10,3,7,8,15,27,18,-1,1,6,-6,1,-1,1,0,3,4,10,16
2024-02-17,D1,Mainz,Augsburg,2,1,0,19,10,4,4,818.7026903317,954.049622919989,0,0,0,0,1,2,5,1,2,5,5,10,12,22,1,-1,9,-9,0,0,0,1,4,4,10,19
2024-02-17,D1,Wolfsburg,Dortmund,1,1,1,9,12,4,5,856.192863275243,1159.97097848146,0,0,0,0,2,5,4,1,4,13,10,19,20,37,0,0,-3,3,-1,1,1,1,5,4,12,9
2024-02-17,D1,RB Leipzig,M'gladbach,2,2,0,16,13,9,0,1066.47094920519,941.083720644152,1,0,0,1,1,0,0,7,4,5,14,9,37,21,2,-2,3,-3,9,-9,0,2,0,9,13,16
2024-02-18,D1,Freiburg,Ein Frankfurt,1,3,3,13,10,8,6,912.467484681714,1063.97470410341,0,0,1,1,0,0,1,2,4,8,14,14,25,29,0,0,3,-3,2,-2,3,3,6,8,10,13
2024-02-18,D1,Bochum,Bayern Munich,2,3,2,14,26,5,10,955.030481072687,1208.98066498411,0,0,0,1,7,0,1,1,6,9,13,21,22,47,1,-1,-12,12,-5,5,2,3,10,5,26,14
2024-02-23,D1,Leverkusen,Mainz,2,2,1,18,13,7,4,1370.13179658452,862.574071505167,1,0,0,2,11,0,0,11,13,4,24,7,52,14,1,-1,5,-5,3,-3,1,2,4,7,13,18
2024-02-24,D1,M'gladbach,Bochum,2,5,2,22,15,6,5,912.400872228904,1006.98671742822,0,0,0,0,1,1,2,5,2,8,9,15,21,24,3,-3,7,-7,1,-1,2,5,5,6,15,22
2024-02-24,D1,Stuttgart,FC Koln,1,1,1,13,12,5,6,1146.81847276309,869.961644361598,3,0,0,0,6,2,0,4,12,5,19,10,43,16,0,0,1,-1,-1,1,1,1,6,5,12,13
2024-02-24,D1,Union Berlin,Heidenheim,1,2,2,12,9,3,4,941.465537696246,1011.79967951104,4,1,0,0,5,4,0,0,10,6,17,16,18,27,0,0,3,-3,-1,1,2,2,4,3,9,12
2024-02-24,D1,Werder Bremen,Darmstadt,1,1,1,13,11,4,3,1053.97918505643,759.715819389893,0,0,1,0,0,1,1,6,12,2,18,3,29,12,0,0,2,-2,1,-1,1,1,3,4,11,13
2024-02-24,D1,Bayern Munich,RB Leipzig,2,2,1,16,11,4,5,1157.02442862858,1095.15379762044,2,0,0,0,2,1,0,3,9,7,18,17,44,37,1,-1,5,-5,-1,1,1,2,5,4,11,16
2024-02-25,D1,Ein Frankfurt,Wolfsburg,1,2,2,12,14,5,8,1057.40856108047,867.450052655813,0,0,0,1,4,0,1,3,6,4,15,8,29,18,0,0,-2,2,-3,3,2,2,8,5,14,12
2024-02-25,D1,Dortmund,Hoffenheim,0,2,3,19,7,7,5,1148.71378910089,909.203704937526,2,0,0,0,3,1,0,6,11,3,17,7,37,24,-1,1,12,-12,2,-2,3,2,5,7,7,19
2024-02-25,D1,Augsburg,Freiburg,2,2,1,21,5,8,1,910.178241746521,919.033627704652,0,0,0,3,1,0,4,3,5,4,9,14,22,23,1,-1,16,-16,7,-7,1,2,1,8,5,21
2024-03-01,D1,Freiburg,Bayern Munich,1,2,2,17,21,5,9,886.21819308607,1183.38541498685,0,0,0,2,1,0,2,2,1,9,11,21,23,44,0,0,-4,4,-4,4,2,2,9,5,21,17
2024-03-02,D1,Bochum,RB Leipzig,0,1,4,15,10,4,4,937.965648164805,1068.79281126217,1,0,0,1,8,0,0,4,5,7,12,14,23,34,-3,3,5,-5,0,0,4,1,4,4,10,15
2024-03-02,D1,Darmstadt,Augsburg,0,0,6,10,21,5,6,770.747450458722,942.993676365104,0,0,2,1,0,0,9,2,2,5,4,9,13,24,-6,6,-11,11,-1,1,6,0,6,5,21,10
2024-03-02,D1,Heidenheim,Ein Frankfurt,0,1,2,16,11,3,6,1008.6042051556,1049.43933971976,0,0,1,0,0,1,3,3,6,6,17,16,27,29,-1,1,5,-5,-3,3,2,1,6,3,11,16
2024-03-02,D1,Mainz,M'gladbach,1,1,1,21,14,5,5,859.304348597545,981.421941492314,1,0,0,2,2,0,0,8,4,5,7,9,14,24,0,0,7,-7,0,0,1,1,5,5,14,21
2024-03-02,D1,Union Berlin,Dortmund,0,0,2,13,12,5,7,944.661012051685,1097.59141498035,0,0,0,0,6,6,1,2,8,8,15,16,19,36,-2,2,1,-1,-2,2,2,0,7,5,12,13
2024-03-02,D1,Wolfsburg,Stuttgart,0,2,3,12,7,2,3,875.419274016526,1136.22204786088,0,2,0,0,3,2,5,0,4,13,9,17,19,41,-1,1,5,-5,-1,1,3,2,3,2,7,12
2024-03-03,D1,FC Koln,Leverkusen,0,0,2,6,17,0,6,880.558069263806,1373.40151949214,0,4,1,0,0,11,1,0,6,13,8,26,16,52,-2,2,-11,11,-6,6,2,0,6,0,17,6
2024-03-03,D1,Hoffenheim,Werder Bremen,2,2,1,14,18,7,8,960.326079058061,1042.9475539876,0,3,1,0,0,5,4,0,6,10,10,19,24,27,1,-1,-4,4,-1,1,1,2,8,7,18,14
2024-03-08,D1,Stuttgart,Union Berlin,2,2,0,14,10,5,4,1147.88486371047,918.951000283644,0,1,0,0,7,2,1,0,13,8,19,15,41,19,2,-2,4,-4,1,-1,0,2,4,5,10,14
2024-03-09,D1,Augsburg,Heidenheim,2,1,0,8,6,4,1,987.962270950069,980.348036801353,1,0,0,0,2,5,0,1,8,5,12,14,27,24,1,-1,2,-2,3,-3,0,1,1,4,6,8
2024-03-09,D1,Bayern Munich,Mainz,2,8,1,25,13,12,3,1172.28403116219,864.707385563988,3,0,0,3,3,0,0,12,7,5,19,7,44,15,7,-7,12,-12,9,-9,1,8,3,12,13,25
2024-03-09,D1,M'gladbach,FC Koln,1,3,3,16,12,5,5,976.018904525872,875.702559109155,1,0,0,0,2,3,0,5,5,5,10,7,24,16,0,0,4,-4,0,0,3,3,5,5,12,16
2024-03-09,D1,RB Leipzig,Darmstadt,2,2,0,28,9,8,4,1103.70893719412,725.778855873757,2,0,0,0,2,2,0,7,10,2,14,4,34,12,2,-2,19,-19,4,-4,0,2,4,8,9,28
2024-03-09,D1,Werder Bremen,Dortmund,0,1,2,15,13,5,6,1003.4781075286,1123.30142674839,0,1,0,0,1,7,2,0,7,8,16,19,27,36,-1,1,2,-2,-1,1,2,1,6,5,13,15
2024-03-10,D1,Bochum,Freiburg,0,1,2,18,9,6,5,903.049522232852,897.31957691073,0,0,1,4,0,0,1,4,5,2,12,9,22,24,-1,1,9,-9,1,-1,2,1,5,6,9,18
2024-03-10,D1,Ein Frankfurt,Hoffenheim,2,3,1,17,6,7,2,1077.69550807401,999.795525517066,0,1,0,0,5,2,2,0,6,8,16,10,31,24,2,-2,11,-11,5,-5,1,3,2,7,6,17
2024-03-10,D1,Leverkusen,Wolfsburg,2,2,0,19,2,7,1,1378.2570296468,863.756458166933,2,0,0,0,12,1,0,4,15,3,28,9,54,16,2,-2,17,-17,6,-6,0,2,1,7,2,19
2024-03-15,D1,FC Koln,RB Leipzig,0,1,5,9,23,2,7,880.198060709398,1112.6531344661,0,1,2,0,0,1,2,0,3,10,8,14,17,34,-4,4,-14,14,-5,5,5,1,7,2,23,9
2024-03-16,D1,Darmstadt,Bayern Munich,0,2,5,7,26,3,6,716.834658601781,1199.01985751606,0,0,3,0,0,1,10,3,2,7,4,19,12,44,-3,3,-19,19,-3,3,5,2,6,3,26,7
2024-03-16,D1,Heidenheim,M'gladbach,1,1,1,16,6,5,2,949.04922142936,971.523402925628,0,0,2,0,0,1,4,9,4,6,11,10,24,25,0,0,10,-10,3,-3,1,1,2,5,6,16
2024-03-16,D1,Mainz,Bochum,2,2,0,13,11,4,4,837.971559210119,870.521822607632,0,0,0,1,3,0,1,6,4,4,7,9,15,22,2,-2,2,-2,0,0,0,2,4,4,11,13
2024-03-16,D1,Union Berlin,Werder Bremen,2,2,1,11,10,5,2,900.427617396565,982.096552033982,0,0,1,1,0,0,2,1,7,4,12,15,19,24,1,-1,1,-1,3,-3,1,2,2,5,10,11
2024-03-16,D1,Wolfsburg,Augsburg,0,1,3,15,14,4,5,859.442071690607,1019.26108632206,0,1,1,0,0,1,6,0,2,10,6,14,16,27,-2,2,1,-1,-1,1,3,1,5,4,14,15
2024-03-16,D1,Hoffenheim,Stuttgart,0,0,3,8,25,1,12,965.609871354542,1166.40824659755,1,3,0,0,1,3,0,0,7,13,10,22,21,41,-3,3,-17,17,-11,11,3,0,12,1,25,8
2024-03-17,D1,Freiburg,Leverkusen,0,2,3,9,18,3,7,929.847276535949,1382.57141612312,0,5,0,0,2,12,3,0,5,15,9,28,26,54,-1,1,-9,9,-4,4,3,2,7,3,18,9
2024-03-17,D1,Dortmund,Ein Frankfurt,2,3,1,16,8,6,6,1144.68298224301,1111.88116223653,0,1,1,0,0,2,1,0,10,9,21,19,36,33,2,-2,8,-8,0,0,1,3,6,6,8,16
2024-03-30,D1,Ein Frankfurt,Union Berlin,1,0,0,18,10,4,2,1072.15193691916,939.814058829474,1,0,0,1,6,0,0,1,8,7,16,14,33,22,0,0,8,-8,2,-2,0,0,2,4,10,18
2024-03-30,D1,Leverkusen,Hoffenheim,2,2,1,36,6,12,2,1386.97125794389,939.498486638629,3,0,0,1,13,0,0,1,15,6,28,9,54,21,1,-1,30,-30,10,-10,1,2,2,12,6,36
2024-03-30,D1,M'gladbach,Freiburg,0,0,3,18,13,4,8,970.489869743401,925.447434715184,0,1,0,0,3,1,1,0,6,5,11,9,23,23,-3,3,5,-5,-4,4,3,0,8,4,13,18
2024-03-30,D1,RB Leipzig,Mainz,1,0,0,23,8,10,2,1139.46307604687,885.926094586984,3,0,0,4,3,0,0,13,12,7,16,9,36,18,0,0,15,-15,8,-8,0,0,2,10,8,23
2024-03-30,D1,Werder Bremen,Wolfsburg,0,0,2,6,15,1,5,942.710110601073,834.446783351018,0,0,1,1,0,0,3,5,4,2,14,6,24,13,-2,2,-9,9,-4,4,2,0,5,1,15,6
2024-03-30,D1,Bayern Munich,Dortmund,0,0,2,16,11,3,5,1205.41669247628,1184.41220756038,4,2,0,0,4,8,0,0,10,10,19,23,46,36,-2,2,5,-5,-2,2,2,0,5,3,11,16
2024-03-31,D1,Augsburg,FC Koln,1,1,1,24,12,6,2,1044.25637466165,853.388119128628,2,0,0,0,3,4,0,6,12,2,17,8,30,17,0,0,12,-12,4,-4,1,1,2,6,12,24
2024-03-31,D1,Stuttgart,Heidenheim,1,3,3,20,6,6,3,1192.51963131346,950.082754611588,1,0,0,1,8,0,0,2,13,2,22,9,41,22,0,0,14,-14,3,-3,3,3,3,6,6,20
2024-03-31,D1,Bochum,Darmstadt,1,2,2,20,13,7,3,822.567287230767,710.437823641559,0,0,2,1,0,0,2,8,3,1,9,3,22,9,0,0,7,-7,4,-4,2,2,3,7,13,20
2024-04-05,D1,Ein Frankfurt,Werder Bremen,1,1,1,19,10,5,7,1066.3361293852,885.611954371314,0,0,0,2,7,0,1,2,8,1,14,13,31,24,0,0,9,-9,-2,2,1,1,7,5,10,19
2024-04-06,D1,FC Koln,Bochum,2,2,1,17,8,6,2,861.388801375966,817.575648680202,0,0,3,2,0,0,3,7,3,1,8,9,18,22,1,-1,9,-9,4,-4,1,2,2,6,8,17
2024-04-06,D1,Freiburg,RB Leipzig,0,1,4,15,15,4,6,987.009302352349,1129.49659458812,0,2,1,0,0,2,4,0,7,10,11,17,26,36,-3,3,0,0,-2,2,4,1,6,4,15,15
2024-04-06,D1,Heidenheim,Bayern Munich,2,3,2,9,15,4,8,959.730158795162,1158.91085404129,0,1,0,0,1,2,5,0,3,10,9,19,23,43,1,-1,-6,6,-4,4,2,3,8,4,15,9
2024-04-06,D1,Mainz,Darmstadt,2,4,0,18,14,9,2,895.892576045736,715.429462192124,1,0,0,0,4,1,0,9,5,2,9,4,18,7,4,-4,4,-4,7,-7,0,4,2,9,14,18
2024-04-06,D1,Union Berlin,Leverkusen,0,0,1,8,19,1,8,945.629866363426,1391.4965865693,1,6,0,0,1,13,0,0,5,15,15,28,23,54,-1,1,-11,11,-7,7,1,0,8,1,19,8
2024-04-06,D1,Dortmund,Stuttgart,0,0,1,14,10,7,2,1230.91804599538,1182.87222712989,1,4,0,0,1,4,0,0,12,11,23,23,36,39,-1,1,4,-4,5,-5,1,0,2,7,10,14
2024-04-07,D1,Hoffenheim,Augsburg,2,3,1,17,14,6,7,934.973158013217,1036.25569241431,0,2,1,0,0,2,1,0,6,13,9,18,18,31,2,-2,3,-3,-1,1,1,3,7,6,14,17
2024-04-07,D1,Wolfsburg,M'gladbach,0,1,3,13,10,4,6,891.544939580777,908.928002106236,0,0,2,0,0,2,7,10,4,6,8,8,16,22,-2,2,3,-3,-2,2,3,1,6,4,10,13
2024-04-12,D1,Augsburg,Union Berlin,2,2,0,12,17,4,4,979.963201845304,941.06550390128,0,0,0,0,4,1,1,2,10,4,15,12,28,23,2,-2,-5,5,0,0,0,2,4,4,17,12
2024-04-13,D1,Bayern Munich,FC Koln,2,2,0,17,11,7,5,1110.34221408168,889.374716113851,0,0,1,0,0,5,1,7,7,5,16,11,40,18,2,-2,6,-6,2,-2,0,2,5,7,11,17
2024-04-13,D1,Bochum,Heidenheim,1,1,1,24,10,5,3,789.589733942317,1008.29879875477,0,0,0,0,1,1,3,3,1,5,6,11,22,26,0,0,14,-14,2,-2,1,1,3,5,10,24
2024-04-13,D1,Mainz,Hoffenheim,2,4,1,23,5,8,1,929.611607359141,991.265648582226,2,0,0,2,5,0,0,2,8,6,12,12,21,21,3,-3,18,-18,7,-7,1,4,1,8,5,23
2024-04-13,D1,M'gladbach,Dortmund,0,1,2,16,12,5,4,950.593144051469,1194.52085645022,0,3,1,0,0,9,2,0,6,12,11,20,25,33,-1,1,4,-4,1,-1,2,1,4,5,12,16
2024-04-13,D1,RB Leipzig,Wolfsburg,2,3,0,15,10,6,3,1162.83899714797,849.879797635544,0,1,0,0,4,1,1,0,13,3,20,7,36,16,3,-3,5,-5,3,-3,0,3,3,6,10,15
2024-04-13,D1,Stuttgart,Ein Frankfurt,2,3,0,9,10,6,3,1219.26941667505,1058.6908795789,0,0,0,1,9,0,1,1,13,8,26,14,39,29,3,-3,-1,1,3,-3,0,3,3,6,10,9
2024-04-14,D1,Darmstadt,Freiburg,0,0,1,16,9,4,3,681.710430878719,953.666899792499,0,2,4,0,0,2,11,0,1,7,3,8,7,23,-1,1,7,-7,1,-1,1,0,3,4,9,16
2024-04-14,D1,Leverkusen,Werder Bremen,2,5,0,19,7,10,3,1396.06094903145,893.257204177617,4,0,0,0,14,1,0,3,15,1,28,11,54,25,5,-5,12,-12,7,-7,0,5,3,10,7,19
2024-04-19,D1,Ein Frankfurt,Augsburg,2,3,1,12,6,7,1,1027.7093580893,1018.93108391297,0,0,0,1,8,0,2,1,5,10,11,18,28,28,2,-2,6,-6,6,-6,1,3,1,7,6,12
2024-04-20,D1,FC Koln,Darmstadt,0,0,2,18,12,4,6,870.172395952278,670.64753115076,1,0,0,1,1,0,0,10,5,1,10,3,18,7,-2,2,6,-6,-2,2,2,0,6,4,12,18
2024-04-20,D1,Heidenheim,RB Leipzig,0,1,2,9,11,5,4,999.37552538026,1178.28931965955,1,3,0,0,2,3,0,0,6,13,11,23,27,36,-1,1,-2,2,1,-1,2,1,4,5,11,9
2024-04-20,D1,Hoffenheim,M'gladbach,2,4,3,27,13,9,7,927.157483591038,937.975116043405,1,1,0,0,1,3,0,0,3,5,11,10,18,22,1,-1,14,-14,2,-2,3,4,7,9,13,27
2024-04-20,D1,Wolfsburg,Bochum,2,1,0,10,9,5,1,834.429475123967,798.513007316826,0,0,3,3,0,0,8,8,3,2,6,7,16,22,1,-1,1,-1,4,-4,0,1,1,5,9,10
2024-04-20,D1,Union Berlin,Bayern Munich,0,1,5,15,18,4,9,902.09762183361,1129.54453424326,0,0,1,1,0,0,1,1,4,9,12,16,23,40,-4,4,-3,3,-5,5,5,1,9,4,18,15
2024-04-21,D1,Werder Bremen,Stuttgart,2,2,1,9,14,2,5,885.499038745623,1250.25093816465,0,5,2,0,0,5,4,0,1,13,8,26,22,42,1,-1,-5,5,-3,3,1,2,5,2,14,9
2024-04-21,D1,Dortmund,Leverkusen,1,1,1,9,13,2,5,1207.13888445828,1403.81911446344,0,7,1,0,0,14,1,0,12,15,20,30,35,54,0,0,-4,4,-3,3,1,1,5,2,13,9
2024-04-21,D1,Freiburg,Mainz,1,1,1,7,17,3,4,964.729799520457,993.719772350329,0,0,2,0,0,1,5,14,9,10,11,15,26,23,0,0,-10,10,-1,1,1,1,4,3,17,7
2024-04-26,D1,Bochum,Hoffenheim,2,3,2,35,12,13,4,769.809302570123,960.153502524462,0,0,0,3,2,0,4,3,2,6,6,13,19,21,1,-1,23,-23,9,-9,2,3,4,13,12,35
2024-04-27,D1,Augsburg,Werder Bremen,0,0,3,14,16,1,8,976.181332526121,942.514855845069,1,0,0,1,5,0,0,4,7,4,17,8,27,24,-3,3,-2,2,-7,7,3,0,8,1,16,14
2024-04-27,D1,Bayern Munich,Ein Frankfurt,2,2,1,19,10,9,3,1156.97191952953,1070.45910947615,1,0,0,2,1,0,0,2,9,5,16,14,40,28,1,-1,9,-9,6,-6,1,2,3,9,10,19
2024-04-27,D1,Freiburg,Wolfsburg,0,1,2,16,13,3,5,966.061747440245,863.13317987067,0,0,0,1,1,0,6,1,7,6,12,8,26,18,-1,1,3,-3,-2,2,2,1,5,3,13,16
2024-04-27,D1,RB Leipzig,Dortmund,2,4,1,21,12,7,5,1195.1278117365,1215.33861025029,1,4,0,0,5,10,0,0,13,10,23,20,39,36,3,-3,9,-9,2,-2,1,4,5,7,12,21
2024-04-27,D1,Leverkusen,Stuttgart,1,2,2,14,11,6,4,1395.61938867143,1193.23512106521,5,0,0,1,15,0,0,1,13,10,28,23,52,42,0,0,3,-3,2,-2,2,2,4,6,11,14
2024-04-28,D1,M'gladbach,Union Berlin,1,0,0,13,14,4,7,904.97909710998,874.670236547335,0,0,2,1,0,0,3,3,4,4,10,11,21,23,0,0,-1,1,-3,3,0,0,7,4,14,13
2024-04-28,D1,Mainz,FC Koln,1,1,1,16,16,4,6,992.387824430541,803.574837146569,3,0,0,1,6,0,0,8,11,4,15,7,21,17,0,0,0,0,-2,2,1,1,6,4,16,16
2024-04-28,D1,Darmstadt,Heidenheim,0,0,1,12,19,4,6,737.245089956469,982.537033303305,0,0,5,0,0,2,12,4,4,6,6,10,10,24,-1,1,-7,7,-2,2,1,0,6,4,19,12
2024-05-03,D1,Hoffenheim,RB Leipzig,1,1,1,18,8,8,5,912.188363743904,1252.82801014796,2,4,0,0,2,4,0,0,6,13,12,25,20,39,0,0,10,-10,3,-3,1,1,5,8,8,18
2024-05-04,D1,Dortmund,Augsburg,2,5,1,21,20,10,4,1157.63841183883,916.382107617297,0,0,0,2,1,0,2,2,7,4,17,16,36,26,4,-4,1,-1,6,-6,1,5,4,10,20,21
2024-05-04,D1,Stuttgart,Bayern Munich,2,3,1,24,10,11,3,1201.62690422917,1181.16449329296,1,1,0,0,10,1,0,0,8,9,21,19,40,40,2,-2,14,-14,8,-8,1,3,3,11,10,24
2024-05-04,D1,Werder Bremen,M'gladbach,1,2,2,17,17,6,7,1002.31408075389,903.586852418373,1,0,0,1,1,0,0,1,7,4,11,10,26,19,0,0,0,0,-1,1,2,2,7,6,17,17
2024-05-04,D1,Wolfsburg,Darmstadt,2,3,0,18,6,6,1,904.345312947347,724.706427493795,1,1,0,0,1,1,0,0,9,4,11,5,21,9,3,-3,12,-12,5,-5,0,3,1,6,6,18
2024-05-04,D1,FC Koln,Freiburg,1,0,0,20,4,7,0,811.504327221934,924.849614363569,0,3,1,0,0,3,1,0,5,7,7,12,17,26,0,0,16,-16,7,-7,0,0,0,7,4,20
2024-05-05,D1,Union Berlin,Bochum,0,3,4,12,17,6,5,876.062481238942,817.774441350682,0,0,2,4,0,0,2,9,2,5,9,8,24,21,-1,1,-5,5,1,-1,4,3,5,6,17,12
2024-05-05,D1,Ein Frankfurt,Leverkusen,0,1,5,16,10,5,6,1046.26653571272,1387.22760550746,1,0,0,0,9,15,0,1,5,11,13,26,27,50,-4,4,6,-6,-1,1,5,1,6,5,10,16
2024-05-05,D1,Heidenheim,Mainz,1,1,1,16,10,6,4,995.075695765979,984.458334355176,0,0,1,0,0,2,1,15,8,9,10,16,27,21,0,0,6,-6,2,-2,1,1,4,6,10,16
2024-05-10,D1,Augsburg,Stuttgart,0,0,1,9,19,1,7,890.632263495575,1242.90448601081,0,0,1,0,0,1,1,2,3,10,16,21,25,40,-1,1,-10,10,-6,6,1,0,7,1,19,9
2024-05-11,D1,FC Koln,Union Berlin,2,3,2,18,14,5,6,816.546451619013,838.74376049453,0,0,0,0,1,1,2,4,5,1,8,6,18,23,1,-1,4,-4,-1,1,2,3,6,5,14,18
2024-05-11,D1,Freiburg,Heidenheim,1,1,1,19,9,3,3,919.807489966489,994.586900350765,0,1,1,0,0,3,7,0,5,8,12,11,26,27,0,0,10,-10,0,0,1,1,3,3,9,19
2024-05-11,D1,M'gladbach,Ein Frankfurt,1,1,1,6,16,3,1,908.014863417458,1030.37663416996,0,0,0,3,1,0,4,3,5,4,11,12,20,27,0,0,-10,10,2,-2,1,1,1,3,16,6
2024-05-11,D1,RB Leipzig,Werder Bremen,1,1,1,13,10,5,1,1240.77591109545,997.886069754808,2,1,0,0,6,1,0,0,13,8,23,9,40,27,0,0,3,-3,4,-4,1,1,1,5,10,13
2024-05-11,D1,Mainz,Dortmund,2,3,0,14,10,6,2,984.94712977039,1183.38825596056,0,0,0,1,7,0,1,1,9,7,14,19,21,36,3,-3,4,-4,4,-4,0,3,2,6,10,14
2024-05-12,D1,Darmstadt,Hoffenheim,0,0,6,9,12,1,7,696.099916684941,924.240462796413,0,0,6,4,0,0,13,4,3,7,5,13,8,20,-6,6,-3,3,-6,6,6,0,7,1,12,9
2024-05-12,D1,Bayern Munich,Wolfsburg,2,2,0,5,5,3,2,1139.88691151132,932.951823756201,2,1,0,0,2,1,0,0,9,9,19,13,37,21,2,-2,0,0,1,-1,0,2,2,3,5,5
2024-05-12,D1,Bochum,Leverkusen,0,0,5,2,28,0,10,855.093162095094,1403.11750705023,1,1,0,0,3,16,0,0,7,11,8,26,23,50,-5,5,-26,26,-10,10,5,0,10,0,28,2
2024-05-18,D1,Dortmund,Darmstadt,2,4,0,21,7,10,1,1100.70689042461,660.88114836736,1,0,0,1,2,0,0,1,7,3,19,4,35,8,4,-4,14,-14,9,-9,0,4,1,10,7,21
2024-05-18,D1,Ein Frankfurt,RB Leipzig,1,2,2,19,9,6,5,1024.96363705786,1231.11524142647,0,0,1,0,0,5,1,1,4,11,12,24,28,38,0,0,10,-10,1,-1,2,2,5,6,9,19
2024-05-18,D1,Heidenheim,FC Koln,2,4,1,13,19,7,9,991.195390777169,850.588122176408,0,0,0,0,1,1,2,9,6,5,11,10,28,18,3,-3,-6,6,-2,2,1,4,9,7,19,13
2024-05-18,D1,Hoffenheim,Bayern Munich,2,4,2,17,12,9,4,959.459231113994,1160.32823340924,0,0,0,1,3,0,1,1,7,12,13,19,23,40,2,-2,5,-5,5,-5,2,4,4,9,12,17
2024-05-18,D1,Leverkusen,Augsburg,2,2,1,19,8,8,2,1409.17033070571,883.188388227614,0,0,0,3,16,0,1,3,11,3,26,13,52,22,1,-1,11,-11,6,-6,1,2,2,8,8,19
2024-05-18,D1,Stuttgart,M'gladbach,2,4,0,21,13,11,5,1250.34836127877,913.427860529554,2,0,0,0,11,1,0,2,10,3,23,9,40,18,4,-4,8,-8,6,-6,0,4,5,11,13,21
2024-05-18,D1,Union Berlin,Freiburg,2,2,1,14,11,5,5,804.702089937135,923.198999540085,0,0,3,0,0,4,3,1,1,6,5,13,20,24,1,-1,3,-3,0,0,1,2,5,5,11,14
2024-05-18,D1,Werder Bremen,Bochum,2,4,1,25,26,12,8,1007.54673942379,849.040338439615,0,1,0,0,2,1,1,0,8,7,9,8,28,20,3,-3,-1,1,4,-4,1,4,8,12,26,25
2024-05-18,D1,Wolfsburg,Mainz,0,1,3,12,12,4,6,912.510501858285,1067.62849530634,2,0,0,0,2,3,0,16,9,9,12,17,21,24,-2,2,0,0,-2,2,3,1,6,4,12,12
2022-08-05,D1,Ein Frankfurt,Bayern Munich,0,1,6,8,23,2,10,1033.48047110725,1093.6068644208,0,0,0,2,1,0,2,2,5,9,10,18,26,37,-5,5,-15,15,-8,8,6,1,10,2,23,8
2022-08-06,D1,Augsburg,Freiburg,0,0,4,10,19,2,7,880.232494061072,880.689407604176,0,0,2,1,0,0,2,2,0,3,10,12,22,21,-4,4,-9,9,-5,5,4,0,7,2,19,10
2022-08-06,D1,Bochum,Mainz,0,1,2,16,13,3,6,817.793562620267,1093.11024092653,0,1,1,0,0,4,1,0,6,9,8,19,20,26,-1,1,3,-3,-3,3,2,1,6,3,13,16
2022-08-06,D1,M'gladbach,Hoffenheim,2,3,1,18,2,8,1,897.211042062038,1026.18060010243,0,1,0,0,2,1,5,0,3,10,8,13,18,23,2,-2,16,-16,7,-7,1,3,1,8,2,18
2022-08-06,D1,Union Berlin,Hertha,2,3,1,18,9,8,3,847.211681873044,1000,1,0,0,0,1,0,0,0,4,0,8,0,23,0,2,-2,9,-9,5,-5,1,3,3,8,9,18
2022-08-06,D1,Wolfsburg,Werder Bremen,1,2,2,13,10,3,5,887.028756238091,1038.79351524314,0,0,1,0,0,2,1,1,9,11,12,12,21,28,0,0,3,-3,-2,2,2,2,5,3,10,13
2022-08-06,D1,Dortmund,Leverkusen,2,1,0,13,8,4,3,1110.20894216845,1412.12622487225,2,2,0,0,3,17,0,0,7,11,19,26,38,54,1,-1,5,-5,1,-1,0,1,3,4,8,13
2022-08-07,D1,Stuttgart,RB Leipzig,1,1,1,11,27,2,9,1266.56517974629,1222.59840737709,3,0,0,0,12,6,0,2,10,9,23,22,42,36,0,0,-16,16,-7,7,1,1,9,2,27,11
2022-08-07,D1,FC Koln,Schalke 04,2,3,1,30,6,10,2,816.994668197476,1000,1,0,0,0,2,0,0,0,5,0,10,0,17,0,2,-2,24,-24,8,-8,1,3,2,10,6,30
2022-08-12,D1,Freiburg,Dortmund,0,1,3,16,16,7,7,945.107509791495,1164.63644582941,0,0,0,2,1,0,8,2,5,9,12,19,21,40,-2,2,0,0,0,0,3,1,7,7,16,16
2022-08-13,D1,Hertha,Ein Frankfurt,1,1,1,11,11,5,1,938.009643024357,972.175013696498,0,0,0,0,0,1,0,4,0,2,0,7,0,26,0,0,0,0,4,-4,1,1,1,5,11,11
2022-08-13,D1,Hoffenheim,Bochum,2,3,2,24,11,13,5,966.751572132147,806.906543608985,1,0,0,1,4,0,0,1,7,6,13,8,23,17,1,-1,13,-13,8,-8,2,3,5,13,11,24
2022-08-13,D1,Leverkusen,Augsburg,0,1,2,23,6,10,4,1357.69872121129,815.814391873753,1,0,0,4,17,0,0,4,10,0,23,7,51,21,-1,1,17,-17,6,-6,2,1,4,10,6,23
2022-08-13,D1,RB Leipzig,FC Koln,1,2,2,9,12,5,3,1224.61241275082,882.030200795254,0,0,0,1,7,0,1,10,7,8,20,12,34,20,0,0,-3,3,2,-2,2,2,3,5,12,9
2022-08-13,D1,Werder Bremen,Stuttgart,1,2,2,5,14,3,7,1032.21751250978,1264.55117437255,1,1,0,0,3,2,0,0,9,11,13,21,28,43,0,0,-9,9,-4,4,2,2,7,3,14,5
2022-08-13,D1,Schalke 04,M'gladbach,1,2,2,14,14,5,9,934.964467402221,956.640070032324,0,0,0,1,0,0,0,3,0,6,0,10,0,20,0,0,0,0,-4,4,2,2,9,5,14,14
2022-08-14,D1,Mainz,Union Berlin,1,0,0,10,10,5,2,1103.99725993781,909.202038848687,1,0,0,1,8,0,0,5,11,7,22,11,29,23,0,0,0,0,3,-3,0,0,2,5,10,10
2022-08-14,D1,Bayern Munich,Wolfsburg,2,2,0,24,7,8,1,1154.91232183155,893.604758971449,3,0,0,1,3,0,0,1,9,7,18,13,37,19,2,-2,17,-17,7,-7,0,2,1,8,7,24
2022-08-19,D1,M'gladbach,Hertha,2,1,0,11,18,6,5,955.643164687762,939.577964553869,1,0,0,1,3,0,0,1,6,1,10,1,21,1,1,-1,-7,7,1,-1,0,1,5,6,18,11
2022-08-20,D1,Augsburg,Mainz,0,1,2,6,14,2,7,877.106127264018,1095.86172074928,0,2,3,0,0,5,3,0,3,11,7,20,24,29,-1,1,-8,8,-5,5,2,1,7,2,14,6
2022-08-20,D1,Dortmund,Werder Bremen,0,2,3,5,14,3,7,1183.96325899946,1041.5636037763,3,0,0,0,4,3,0,2,12,7,19,14,42,28,-1,1,-9,9,-4,4,3,2,7,3,14,5
2022-08-20,D1,Leverkusen,Hoffenheim,0,0,3,14,10,3,5,1296.40698582102,984.987026337518,0,0,1,1,0,0,1,1,9,10,20,16,48,25,-3,3,4,-4,-2,2,3,0,5,3,10,14
2022-08-20,D1,Stuttgart,Freiburg,0,0,1,18,9,5,3,1255.20508310604,925.780696621449,0,1,0,0,13,1,1,0,11,5,19,12,41,21,-1,1,9,-9,2,-2,1,0,3,5,9,18
2022-08-20,D1,Wolfsburg,Schalke 04,1,0,0,16,9,6,2,877.658228525906,935.961372746784,0,0,0,1,1,0,2,1,4,1,13,1,19,1,0,0,7,-7,4,-4,0,0,2,6,9,16
2022-08-20,D1,Union Berlin,RB Leipzig,2,2,1,9,16,4,2,917.33757803722,1212.52177622066,2,0,0,0,2,7,0,3,7,5,9,18,23,34,1,-1,-7,7,2,-2,1,2,2,4,16,9
2022-08-21,D1,Ein Frankfurt,FC Koln,1,1,1,10,6,3,2,970.606692166986,894.120837325412,0,0,1,0,0,1,3,11,3,8,8,13,24,21,0,0,4,-4,1,-1,1,1,2,3,6,10
2022-08-21,D1,Bochum,Bayern Munich,0,0,7,13,22,7,12,788.671089403614,1170.85885227709,0,1,2,0,0,1,2,0,3,9,8,18,17,37,-7,7,-9,9,-5,5,7,0,12,7,22,13
2022-08-26,D1,Freiburg,Bochum,2,1,0,28,15,12,5,981.427055962019,770.339280068588,0,0,1,2,0,0,9,2,7,0,12,7,23,16,1,-1,13,-13,7,-7,0,1,5,12,15,28
2022-08-27,D1,Hertha,Dortmund,0,0,1,12,24,3,7,909.056570525844,1139.53596034149,0,1,0,0,1,1,1,0,1,9,1,16,1,39,-1,1,-12,12,-4,4,1,0,7,3,24,12
2022-08-27,D1,Hoffenheim,Augsburg,2,1,0,24,12,6,1,1078.48201509117,862.95562631953,2,1,0,0,5,1,0,0,12,3,19,6,28,24,1,-1,12,-12,5,-5,0,1,1,6,12,24
2022-08-27,D1,Mainz,Leverkusen,0,0,3,17,7,3,5,1110.01222169377,1202.91199706737,0,0,0,1,9,0,1,1,13,6,22,17,31,45,-3,3,10,-10,-2,2,3,0,5,3,7,17
2022-08-27,D1,RB Leipzig,Wolfsburg,2,2,0,16,9,7,4,1158.41410124316,880.318265257507,0,0,0,2,8,0,2,2,4,2,17,11,34,19,2,-2,7,-7,3,-3,0,2,4,7,9,16
2022-08-27,D1,Schalke 04,Union Berlin,0,1,6,12,12,4,7,933.301336015183,971.44525301472,0,0,0,0,1,1,1,6,2,10,2,11,2,26,-5,5,0,0,-3,3,6,1,7,4,12,12
2022-08-27,D1,Bayern Munich,M'gladbach,1,1,1,35,5,20,3,1189.19066161211,986.164558715786,4,0,0,0,4,1,0,4,12,8,21,13,40,21,0,0,30,-30,17,-17,1,1,3,20,5,35
2022-08-28,D1,FC Koln,Stuttgart,1,0,0,6,13,2,5,897.587322022953,1199.55872376547,2,0,0,0,3,3,0,1,8,8,13,18,21,41,0,0,-7,7,-3,3,0,0,5,2,13,6
2022-08-28,D1,Werder Bremen,Ein Frankfurt,0,3,4,10,12,4,7,1085.99090243427,967.140207469445,0,0,0,0,4,2,1,5,9,4,17,8,30,22,-1,1,-2,2,-3,3,4,3,7,4,12,10
2022-09-02,D1,Dortmund,Hoffenheim,2,1,0,16,7,5,2,1152.95664010944,1092.83845984926,0,1,1,0,0,1,1,0,12,12,19,19,39,31,1,-1,9,-9,3,-3,0,1,2,5,7,16
2022-09-03,D1,Bochum,Werder Bremen,0,0,2,19,16,6,6,755.696299503302,1043.45225008312,0,1,3,0,0,4,3,0,0,8,7,16,13,27,-2,2,3,-3,0,0,2,0,6,6,16,19
2022-09-03,D1,Leverkusen,Freiburg,0,2,3,15,5,6,3,1243.20038617383,996.070036527306,0,2,2,0,0,2,2,0,6,9,17,15,45,23,-1,1,10,-10,3,-3,3,2,3,6,5,15
2022-09-03,D1,Stuttgart,Schalke 04,1,1,1,13,13,3,4,1188.34370401452,867.408790419152,0,0,1,0,0,1,2,2,6,2,16,2,42,2,0,0,0,0,-1,1,1,1,4,3,13,13
2022-09-03,D1,Union Berlin,Bayern Munich,1,1,1,10,21,3,6,1037.33779861075,1180.77747249052,3,2,0,0,3,2,0,0,13,10,14,22,26,38,0,0,-11,11,-3,3,1,1,6,3,21,10
2022-09-03,D1,Wolfsburg,FC Koln,0,2,4,9,18,3,5,865.594115184276,908.802341773902,0,0,0,0,2,2,3,12,2,6,11,11,18,22,-2,2,-9,9,-2,2,4,2,5,3,18,9
2022-09-03,D1,Ein Frankfurt,RB Leipzig,2,4,0,14,5,9,0,1009.67885982059,1173.13825131639,0,0,0,1,1,0,4,4,6,6,10,17,24,37,4,-4,9,-9,9,-9,0,4,0,9,5,14
2022-09-04,D1,Augsburg,Hertha,0,0,2,8,16,2,6,848.599181561445,895.63589075789,0,0,4,2,0,0,4,2,3,1,6,1,21,1,-2,2,-8,8,-4,4,2,0,6,2,16,8
2022-09-04,D1,M'gladbach,Mainz,0,0,1,13,12,3,5,994.577747837377,1069.72383258731,2,3,0,0,4,6,0,0,8,10,11,19,22,31,-1,1,1,-1,-2,2,1,0,5,3,12,13
2022-09-09,D1,Werder Bremen,Augsburg,0,0,1,11,14,6,5,1057.50758653635,810.643107535747,0,0,1,1,0,0,2,1,8,3,19,3,27,21,-1,1,-3,3,1,-1,1,0,5,6,14,11
2022-09-10,D1,Bayern Munich,Stuttgart,1,2,2,18,8,7,3,1174.52319925691,1176.70122688301,0,0,0,0,5,4,1,2,11,4,20,14,36,40,0,0,10,-10,4,-4,2,2,3,7,8,18
2022-09-10,D1,Ein Frankfurt,Wolfsburg,0,0,1,11,6,0,3,1102.47162541625,827.162827938118,1,0,0,3,2,0,0,3,8,2,13,11,24,17,-1,1,5,-5,-3,3,1,0,3,0,6,11
2022-09-10,D1,Hertha,Leverkusen,1,2,2,17,11,6,5,933.591964783588,1191.63269554078,0,1,1,0,0,1,2,0,4,3,4,14,4,44,0,0,6,-6,1,-1,2,2,5,6,11,17
2022-09-10,D1,Hoffenheim,Mainz,2,4,1,21,10,9,2,1066.32094120078,1094.90856611687,3,4,0,0,6,7,0,0,9,10,19,19,30,34,3,-3,11,-11,7,-7,1,4,2,9,10,21
2022-09-10,D1,RB Leipzig,Dortmund,2,3,0,14,4,5,0,1080.34548572073,1179.47415875793,1,2,0,0,9,2,0,0,5,12,14,19,37,39,3,-3,10,-10,5,-5,0,3,0,5,4,14
2022-09-10,D1,Schalke 04,Bochum,2,3,1,20,9,8,2,879.051267550661,741.64096305007,0,0,1,3,0,0,2,3,3,0,3,6,3,13,2,-2,11,-11,6,-6,1,3,2,8,9,20
2022-09-11,D1,FC Koln,Union Berlin,0,0,1,7,12,2,3,947.23362902006,1043.59207184436,0,1,0,0,4,2,1,0,9,11,14,15,24,27,-1,1,-5,5,-1,1,1,0,3,2,12,7
2022-09-11,D1,Freiburg,M'gladbach,1,0,0,13,14,8,5,1047.63772716035,969.39301430782,1,0,0,0,1,2,0,5,12,8,15,11,26,21,0,0,-1,1,3,-3,0,0,5,8,14,13
2022-09-16,D1,Mainz,Hertha,1,1,1,12,4,2,2,1035.9001120924,943.684352372386,0,1,1,0,0,1,2,0,7,5,18,5,33,5,0,0,8,-8,0,0,1,1,2,2,4,12
2022-09-17,D1,Augsburg,Bayern Munich,2,1,0,9,21,4,7,862.195459813627,1174.6234998219,0,0,5,0,0,3,5,1,6,9,6,18,23,34,1,-1,-12,12,-3,3,0,1,7,4,21,9
2022-09-17,D1,Dortmund,Schalke 04,2,1,0,19,3,7,0,1109.79274333933,906.414436343955,1,0,0,0,1,2,0,3,9,6,18,6,38,6,1,-1,16,-16,7,-7,0,1,0,7,3,19
2022-09-17,D1,Leverkusen,Werder Bremen,1,1,1,19,19,7,7,1181.54030795198,1005.95523425847,0,2,3,0,0,5,3,0,4,7,14,16,42,24,0,0,0,0,0,0,1,1,7,7,19,19
2022-09-17,D1,Stuttgart,Ein Frankfurt,0,1,3,15,13,2,8,1176.60092631802,1049.35905431415,0,1,0,0,1,3,3,0,4,8,15,10,38,24,-2,2,2,-2,-6,6,3,1,8,2,13,15
2022-09-17,D1,M'gladbach,RB Leipzig,2,3,0,21,13,10,6,972.936610150248,1150.02690113932,0,0,1,2,0,0,1,5,6,7,12,14,22,37,3,-3,8,-8,4,-4,0,3,6,10,13,21
2022-09-18,D1,Union Berlin,Wolfsburg,2,2,0,16,5,4,0,1066.93789068107,880.275399040221,0,1,0,0,4,1,1,0,11,4,18,11,29,19,2,-2,11,-11,4,-4,0,2,0,4,5,16
2022-09-18,D1,Bochum,FC Koln,1,1,1,7,18,0,3,714.277794256775,923.887810183356,0,1,4,0,0,3,4,0,0,6,6,14,12,21,0,0,-11,11,-3,3,1,1,3,0,18,7
2022-09-18,D1,Hoffenheim,Freiburg,1,0,0,10,14,3,4,1125.32939522524,1044.09413131792,4,3,0,0,7,3,0,0,12,10,19,15,32,27,0,0,-4,4,-1,1,0,0,4,3,14,10
2022-09-30,D1,Bayern Munich,Leverkusen,2,4,0,20,10,10,5,1119.71381337647,1174.07897383771,0,0,0,0,6,2,2,1,6,5,15,14,34,40,4,-4,10,-10,5,-5,0,4,5,10,10,20
2022-10-01,D1,Ein Frankfurt,Union Berlin,2,2,0,14,14,4,5,1108.59714853917,1089.26538967348,0,2,1,0,0,3,1,0,10,13,13,20,26,29,2,-2,0,0,-1,1,0,2,5,4,14,14
2022-10-01,D1,FC Koln,Dortmund,2,3,2,20,21,16,13,915.257442950919,1124.94290756452,0,0,1,1,0,0,2,1,6,9,14,21,21,38,1,-1,-1,1,3,-3,2,3,13,16,21,20
2022-10-01,D1,Freiburg,Mainz,2,2,1,13,17,6,7,1047.76843940504,1031.75040934681,0,0,0,1,2,0,1,1,11,7,16,18,28,34,1,-1,-4,4,-1,1,1,2,7,6,17,13
2022-10-01,D1,RB Leipzig,Bochum,2,4,0,17,2,9,1,1069.88090295619,722.908161489212,2,0,0,4,10,0,0,4,6,1,11,4,36,12,4,-4,15,-15,8,-8,0,4,1,9,2,17
2022-10-01,D1,Wolfsburg,Stuttgart,2,3,2,20,15,7,7,857.947900047812,1117.362832093,0,0,1,0,0,5,4,3,4,3,8,14,19,35,1,-1,5,-5,0,0,2,3,7,7,15,20
2022-10-01,D1,Werder Bremen,M'gladbach,2,5,1,14,13,9,9,1013.41656837274,1053.08260833338,0,0,2,0,0,3,3,6,7,8,14,14,25,24,4,-4,1,-1,0,0,1,5,9,9,13,14
2022-10-02,D1,Hertha,Hoffenheim,1,1,1,13,16,5,4,947.834055117968,1121.65508713813,0,0,0,1,1,0,3,1,5,10,6,20,6,32,0,0,-3,3,1,-1,1,1,4,5,16,13
2022-10-02,D1,Schalke 04,Augsburg,0,2,3,16,11,5,5,891.264272118773,917.105146259053,1,1,0,0,1,1,0,0,5,6,6,9,6,25,-1,1,5,-5,0,0,3,2,5,5,11,16
2022-10-07,D1,Hoffenheim,Werder Bremen,0,1,2,16,8,6,3,1114.25747409272,1085.25184185927,0,0,0,0,8,6,1,1,8,7,20,16,33,25,-1,1,8,-8,3,-3,2,1,3,6,8,16
2022-10-08,D1,Augsburg,Wolfsburg,1,1,1,18,12,5,7,946.729492721048,910.208695154147,1,0,0,1,1,0,0,1,9,6,12,8,28,21,0,0,6,-6,-2,2,1,1,7,5,12,18
2022-10-08,D1,Bochum,Ein Frankfurt,2,3,0,11,11,6,2,707.494161377227,1150.01698801993,0,2,0,0,1,4,5,0,1,12,1,16,9,28,3,-3,0,0,4,-4,0,3,2,6,11,11
2022-10-08,D1,Leverkusen,Schalke 04,2,4,0,13,2,7,1,1099.56449132109,861.639925656778,0,0,0,1,1,0,4,4,5,4,11,6,37,6,4,-4,11,-11,6,-6,0,4,1,7,2,13
2022-10-08,D1,Mainz,RB Leipzig,1,1,1,9,12,3,3,1001.22468004281,1085.29490306817,0,0,0,3,1,0,3,6,4,9,17,13,31,36,0,0,-3,3,0,0,1,1,3,3,12,9
2022-10-08,D1,Dortmund,Bayern Munich,1,2,2,13,9,6,3,1075.67724643205,1194.22829589309,2,0,0,1,2,0,0,2,9,6,18,18,37,37,0,0,4,-4,3,-3,2,2,3,6,9,13
2022-10-09,D1,M'gladbach,FC Koln,2,5,2,13,5,6,3,981.247334846858,964.523104083382,1,0,0,0,1,4,0,1,5,8,13,16,24,24,3,-3,8,-8,3,-3,2,5,3,6,5,13
2022-10-09,D1,Hertha,Freiburg,1,2,2,11,10,3,4,955.231668163378,1078.29416870905,0,0,0,0,2,4,4,1,6,11,7,18,7,30,0,0,1,-1,-1,1,2,2,4,3,10,11
2022-10-09,D1,Stuttgart,Union Berlin,0,0,1,9,7,3,4,1065.10203698666,1047.84555019272,0,0,1,1,0,0,4,1,3,10,11,20,32,26,-1,1,2,-2,-1,1,1,0,4,3,7,9
2022-10-14,D1,Schalke 04,Hoffenheim,0,0,3,14,18,2,7,835.49252114631,1079.59214596921,0,0,1,0,0,1,1,2,4,5,6,17,6,30,-3,3,-4,4,-5,5,3,0,7,2,18,14
2022-10-15,D1,Ein Frankfurt,Leverkusen,2,5,1,20,5,11,2,1048.8721814129,1125.71189583156,1,0,0,1,1,0,0,2,9,5,15,11,27,37,4,-4,15,-15,9,-9,1,5,2,11,5,20
2022-10-15,D1,Stuttgart,Bochum,2,4,1,16,14,7,4,1031.51396149036,808.63896798426,0,0,2,5,0,0,5,5,2,4,8,4,31,12,3,-3,2,-2,3,-3,1,4,4,7,14,16
2022-10-15,D1,Werder Bremen,Mainz,0,0,2,14,11,4,5,1119.91716998278,1005.02242379081,1,0,0,2,1,0,0,2,10,5,18,15,27,32,-2,2,3,-3,-1,1,2,0,5,4,11,14
2022-10-15,D1,Wolfsburg,M'gladbach,1,2,2,16,10,4,5,911.884372928497,1033.15601128361,1,0,0,1,1,0,0,7,7,7,9,15,21,24,0,0,6,-6,-1,1,2,2,5,4,10,16
2022-10-15,D1,RB Leipzig,Hertha,2,3,2,14,16,5,5,1081.49715932017,960.673222103926,3,0,0,0,11,2,0,1,7,7,13,8,37,8,1,-1,-2,2,0,0,2,3,5,5,16,14
2022-10-16,D1,FC Koln,Augsburg,2,3,2,14,7,6,3,912.614427646627,945.053814946699,1,2,0,0,1,2,0,0,7,10,13,13,23,26,1,-1,7,-7,3,-3,2,3,3,6,7,14
2022-10-16,D1,Union Berlin,Dortmund,2,2,0,14,13,5,6,1081.43362568902,1080.93426659168,1,0,0,2,5,0,0,2,10,7,23,19,28,38,2,-2,1,-1,-1,1,0,2,6,5,13,14
2022-10-16,D1,Bayern Munich,Freiburg,2,5,0,18,6,8,0,1188.97127573347,1072.8526147685,1,0,0,0,7,5,0,2,6,9,16,18,35,31,5,-5,12,-12,8,-8,0,5,0,8,6,18
2022-10-21,D1,Mainz,FC Koln,2,5,0,15,6,7,2,1062.87693419956,947.593553720357,0,0,0,1,2,0,4,2,5,7,15,16,34,26,5,-5,9,-9,5,-5,0,5,2,7,6,15
2022-10-22,D1,Augsburg,RB Leipzig,1,3,3,11,19,3,8,910.074688872968,1102.79678067781,0,0,0,0,2,1,1,7,10,10,13,15,23,37,0,0,-8,8,-5,5,3,3,8,3,19,11
2022-10-22,D1,Dortmund,Stuttgart,2,5,0,19,10,10,1,1037.13968380606,1055.18556159946,0,0,0,1,3,0,1,4,4,4,16,8,35,31,5,-5,9,-9,9,-9,0,5,1,10,10,19
2022-10-22,D1,Freiburg,Werder Bremen,2,2,0,25,10,7,2,1022.71507652708,1062.06265957402,1,1,0,0,3,7,0,0,6,7,18,15,30,27,2,-2,15,-15,5,-5,0,2,2,7,10,25
2022-10-22,D1,Hoffenheim,Bayern Munich,0,0,2,7,23,3,10,1101.0776045972,1239.10881397488,0,0,1,0,0,1,2,3,8,8,17,19,30,37,-2,2,-16,16,-7,7,2,0,10,3,23,7
2022-10-22,D1,Leverkusen,Wolfsburg,1,2,2,13,9,5,3,1047.17146641927,917.252866426581,1,0,0,0,2,1,0,2,5,8,8,10,34,22,0,0,4,-4,2,-2,2,2,3,5,9,13
2022-10-22,D1,M'gladbach,Ein Frankfurt,0,1,3,8,16,3,5,1027.78751778553,1127.41261082518,2,0,0,1,2,0,0,1,8,9,16,17,24,27,-2,2,-8,8,-2,2,3,1,5,3,16,8
2022-10-23,D1,Bochum,Union Berlin,2,2,1,8,6,5,3,784.967367875161,1125.22820847464,1,1,0,0,2,1,0,0,4,12,4,23,12,31,1,-1,2,-2,2,-2,1,2,3,5,6,8
2022-10-23,D1,Hertha,Schalke 04,2,2,1,11,9,4,2,939.373600746292,814.00706251832,0,0,0,2,3,0,5,5,4,3,8,6,8,6,1,-1,2,-2,2,-2,1,2,2,4,9,11
2022-10-28,D1,Werder Bremen,Hertha,2,1,0,15,9,4,1,1013.25922957011,960.30325365091,0,0,1,1,0,0,1,2,7,6,14,11,27,11,1,-1,6,-6,3,-3,0,1,1,4,9,15
2022-10-29,D1,Bayern Munich,Mainz,2,6,2,25,13,12,5,1266.40473590785,1113.17398256593,2,1,0,0,8,1,0,0,10,8,19,15,37,37,4,-4,12,-12,7,-7,2,6,5,12,13,25
2022-10-29,D1,RB Leipzig,Leverkusen,2,2,0,10,4,6,1,1094.73224381176,1041.45259441416,4,0,0,2,12,0,0,3,8,5,15,9,35,32,2,-2,6,-6,5,-5,0,2,1,6,4,10
2022-10-29,D1,Stuttgart,Augsburg,2,2,1,31,12,8,6,977.363980232519,918.139225739015,1,0,0,1,1,0,0,1,3,8,7,14,28,21,1,-1,19,-19,2,-2,1,2,6,8,12,31
2022-10-29,D1,Wolfsburg,Bochum,2,4,0,22,10,7,3,922.971738431695,841.056460289129,0,0,0,6,2,0,1,6,6,7,10,7,23,15,4,-4,12,-12,4,-4,0,4,3,7,10,22
2022-10-29,D1,Ein Frankfurt,Dortmund,0,1,2,20,8,8,2,1159.02801913822,1114.961265173,2,0,0,3,2,0,0,3,12,7,20,16,27,35,-1,1,12,-12,6,-6,2,1,2,8,8,20
2022-10-30,D1,Union Berlin,M'gladbach,2,2,1,14,7,5,3,1069.13911606067,996.172109472488,2,0,0,0,6,1,0,8,9,7,20,13,31,23,1,-1,7,-7,2,-2,1,2,3,5,7,14
2022-10-30,D1,Schalke 04,Freiburg,0,0,2,12,19,3,9,793.077409613702,1071.518506531,0,0,2,1,0,0,2,3,0,8,6,18,6,30,-2,2,-7,7,-6,6,2,0,9,3,19,12
2022-10-30,D1,FC Koln,Hoffenheim,1,1,1,11,9,3,4,897.296505353988,1073.78168266423,2,1,0,0,2,2,0,0,7,5,13,17,25,30,0,0,2,-2,-1,1,1,1,4,3,9,11
2022-11-04,D1,M'gladbach,Stuttgart,2,3,1,11,13,6,4,970.795525296625,1003.96140606637,0,0,1,2,0,0,1,5,4,6,12,9,22,28,2,-2,-2,2,2,-2,1,3,4,6,13,11
2022-11-05,D1,Augsburg,Ein Frankfurt,0,1,2,9,12,5,7,891.541799905162,1122.99094598128,0,1,0,0,3,1,2,0,5,9,11,19,18,27,-1,1,-3,3,-2,2,2,1,7,5,12,9
2022-11-05,D1,Dortmund,Bochum,2,3,0,6,7,3,1,1150.99833832995,791.485793394444,1,0,0,7,4,0,0,7,7,6,16,7,35,15,3,-3,-1,1,2,-2,0,3,1,3,7,6
2022-11-05,D1,Hertha,Bayern Munich,0,2,3,7,14,5,4,933.143256670528,1304.17115039101,1,1,0,0,4,2,0,0,5,13,10,19,11,37,-1,1,-7,7,1,-1,3,2,4,5,14,7
2022-11-05,D1,Hoffenheim,RB Leipzig,0,1,3,11,17,3,8,1066.28795074316,1131.91647523103,0,0,2,0,0,2,3,8,5,11,15,17,31,35,-2,2,-6,6,-5,5,3,1,8,3,17,11
2022-11-05,D1,Mainz,Wolfsburg,0,0,3,16,10,3,3,1075.40756808278,972.54240532638,1,0,0,0,3,2,0,3,7,9,14,13,34,26,-3,3,6,-6,0,0,3,0,3,3,10,16
2022-11-05,D1,Werder Bremen,Schalke 04,2,2,1,11,19,5,3,1040.41922655049,778.377595105065,1,0,0,3,1,0,0,6,9,0,16,5,30,6,1,-1,-8,8,2,-2,1,2,3,5,19,11
2022-11-06,D1,Leverkusen,Union Berlin,2,5,0,11,6,8,1,1004.2683629949,1094.51570023653,0,0,0,1,3,0,1,1,4,9,9,22,29,31,5,-5,5,-5,7,-7,0,5,1,8,6,11
2022-11-06,D1,Freiburg,FC Koln,2,2,0,13,6,5,2,1086.21832103964,904.79023727505,2,0,0,2,4,0,0,3,10,7,21,13,33,26,2,-2,7,-7,3,-3,0,2,2,5,6,13
2022-11-08,D1,Wolfsburg,Dortmund,2,2,0,15,20,8,6,1042.76338255482,1163.22374905994,1,1,0,0,3,1,0,0,9,10,15,19,26,35,2,-2,-5,5,2,-2,0,2,6,8,20,15
2022-11-08,D1,Bayern Munich,Werder Bremen,2,6,1,21,4,10,1,1310.93370113887,1052.01418050447,3,0,0,1,9,0,0,1,13,9,19,16,40,33,5,-5,17,-17,9,-9,1,6,1,10,4,21
2022-11-08,D1,Bochum,M'gladbach,2,2,1,13,8,4,2,779.260382664452,1018.82708056662,2,0,0,1,3,0,0,9,6,7,7,12,14,25,1,-1,5,-5,2,-2,1,2,2,4,8,13
2022-11-08,D1,Stuttgart,Hertha,2,2,1,16,11,7,4,955.929850796375,926.380705922666,2,0,0,2,2,0,0,3,6,4,9,10,27,11,1,-1,5,-5,3,-3,1,2,4,7,11,16
2022-11-09,D1,FC Koln,Leverkusen,0,1,2,17,10,7,3,881.957524176284,1097.04701042666,0,0,0,3,3,0,1,4,4,7,12,12,25,29,-1,1,7,-7,4,-4,2,1,3,7,10,17
2022-11-09,D1,Ein Frankfurt,Hoffenheim,2,4,2,15,12,8,3,1136.35251295946,1030.61763095269,0,0,1,0,0,3,1,1,9,4,21,12,29,31,2,-2,3,-3,5,-5,2,4,3,8,12,15
2022-11-09,D1,RB Leipzig,Freiburg,2,3,1,18,4,8,2,1167.5867950215,1109.0510341384,5,1,0,0,13,1,0,0,11,10,20,21,37,33,2,-2,14,-14,6,-6,1,3,2,8,4,18
2022-11-09,D1,Schalke 04,Mainz,2,1,0,13,11,4,1,766.782641151083,1005.18659085434,0,0,3,1,0,0,3,1,0,7,4,11,6,33,1,-1,2,-2,3,-3,0,1,1,4,11,13
2022-11-09,D1,Union Berlin,Augsburg,1,2,2,18,7,6,2,1001.73705280477,878.180232926973,3,0,0,2,7,0,0,2,9,2,19,11,30,17,0,0,11,-11,4,-4,2,2,2,6,7,18
2022-11-11,D1,M'gladbach,Dortmund,2,4,2,11,20,6,10,967.701354460922,1104.74149804443,1,0,0,1,1,0,0,1,4,9,11,16,22,35,2,-2,-9,9,-4,4,2,4,10,6,20,11
2022-11-12,D1,Augsburg,Bochum,0,0,1,19,11,5,4,883.641908313599,830.386108770152,0,0,1,8,0,0,3,8,2,6,12,10,18,17,-1,1,8,-8,1,-1,1,0,4,5,11,19
2022-11-12,D1,Hertha,FC Koln,2,2,0,17,10,8,2,897.095739607686,867.573052777638,0,0,1,3,0,0,1,4,3,4,10,11,11,22,2,-2,7,-7,6,-6,0,2,2,8,10,17
2022-11-12,D1,Hoffenheim,Wolfsburg,0,1,2,22,6,8,3,999.709836026615,1101.24563357033,0,1,3,0,0,3,4,0,4,11,9,18,28,29,-1,1,16,-16,5,-5,2,1,3,8,6,22
2022-11-12,D1,Leverkusen,Stuttgart,2,2,0,11,7,3,1,1111.4314818253,985.214817111355,1,0,0,3,4,0,0,6,7,9,12,11,29,27,2,-2,4,-4,2,-2,0,2,1,3,7,11
2022-11-12,D1,Werder Bremen,RB Leipzig,0,1,2,7,14,5,3,1024.81047598714,1204.12443440327,2,1,0,0,2,3,0,0,6,13,16,20,32,37,-1,1,-7,7,2,-2,2,1,3,5,14,7
2022-11-12,D1,Schalke 04,Bayern Munich,0,0,2,6,22,2,6,817.839392279648,1338.1374056562,1,2,0,0,1,3,0,0,3,15,7,21,9,43,-2,2,-16,16,-4,4,2,0,6,2,22,6
2022-11-13,D1,Mainz,Ein Frankfurt,1,1,1,19,10,6,3,954.129839725776,1167.26030788554,0,2,1,0,0,2,1,0,6,12,11,21,30,31,0,0,9,-9,3,-3,1,1,3,6,10,19
2022-11-13,D1,Freiburg,Union Berlin,2,4,1,7,4,5,2,1072.51339475663,996.275377418143,3,0,0,2,5,0,0,2,9,7,18,17,33,31,3,-3,3,-3,3,-3,1,4,2,5,4,7
2023-01-20,D1,RB Leipzig,Bayern Munich,1,1,1,10,7,3,2,1220.93435928229,1342.3169326073,6,3,0,0,14,4,0,0,13,15,23,23,37,43,0,0,3,-3,1,-1,1,1,2,3,7,10
2023-01-21,D1,Bochum,Hertha,2,3,1,10,10,3,2,867.253091305989,937.235582527351,3,0,0,3,4,0,0,4,9,6,13,10,19,14,2,-2,0,0,1,-1,1,3,2,3,10,10
2023-01-21,D1,Ein Frankfurt,Schalke 04,2,3,0,11,18,3,4,1158.51561625208,813.65986532854,1,0,0,4,1,0,0,7,10,3,19,6,32,9,3,-3,-7,7,-1,1,0,3,4,3,18,11
2023-01-21,D1,Stuttgart,Mainz,1,1,1,16,12,4,2,956.624059622277,962.874531359235,3,0,0,2,3,0,0,2,6,4,10,9,24,28,0,0,4,-4,2,-2,1,1,2,4,12,16
2023-01-21,D1,Union Berlin,Hoffenheim,2,3,1,23,10,5,5,953.521262134441,976.80418598436,0,0,0,1,8,0,1,2,4,1,16,9,31,28,2,-2,13,-13,0,0,1,3,5,5,10,23
2023-01-21,D1,Wolfsburg,Freiburg,2,6,0,13,9,11,1,1124.15128361259,1115.26751004033,2,0,0,1,4,0,0,1,13,12,21,18,32,33,6,-6,4,-4,10,-10,0,6,1,11,9,13
2023-01-21,D1,FC Koln,Werder Bremen,2,7,1,15,4,7,2,827.433209857973,1008.00055110812,0,0,1,2,0,0,2,2,1,6,8,13,22,32,6,-6,11,-11,5,-5,1,7,2,7,4,15
2023-01-22,D1,Dortmund,Augsburg,2,4,3,27,14,10,4,1044.42956397405,846.774925777762,2,0,0,0,5,1,0,3,9,2,13,12,32,15,1,-1,13,-13,6,-6,3,4,4,10,14,27
2023-01-22,D1,M'gladbach,Leverkusen,0,2,3,15,13,8,5,1028.0132885313,1140.02223931438,2,1,0,0,2,1,0,0,6,10,14,15,25,29,-1,1,2,-2,3,-3,3,2,5,8,13,15
2023-01-24,D1,Schalke 04,RB Leipzig,0,1,6,9,21,1,14,800.488195763241,1226.30738589148,0,2,1,0,0,4,1,0,3,13,3,21,9,35,-5,5,-12,12,-13,13,6,1,14,1,21,9
2023-01-24,D1,Bayern Munich,FC Koln,1,1,1,22,2,7,1,1336.94390599812,950.193161569389,4,0,0,4,10,0,0,5,13,4,23,11,41,25,0,0,20,-20,6,-6,1,1,1,7,2,22
2023-01-24,D1,Hertha,Wolfsburg,0,0,5,8,15,2,7,884.661473868079,1205.11464190316,1,2,0,0,1,4,0,0,3,15,9,21,14,32,-5,5,-7,7,-5,5,5,0,7,2,15,8
2023-01-24,D1,Hoffenheim,Stuttgart,1,2,2,13,8,5,4,930.011900971454,956.911873433449,0,0,4,4,0,0,5,7,1,7,6,10,25,25,0,0,5,-5,1,-1,2,2,4,5,8,13
2023-01-25,D1,Mainz,Dortmund,0,1,2,12,12,4,6,962.586717548063,1059.96403208219,0,0,0,2,1,0,2,2,2,9,10,16,28,34,-1,1,0,0,-2,2,2,1,6,4,12,12
2023-01-25,D1,Augsburg,M'gladbach,2,1,0,14,7,4,2,831.240457669626,1005.98654523571,0,0,2,2,0,0,4,10,1,6,9,13,15,25,1,-1,7,-7,2,-2,0,1,2,4,7,14
2023-01-25,D1,Freiburg,Ein Frankfurt,1,1,1,12,4,5,2,1034.30415174976,1171.68728581738,4,0,0,0,6,3,0,1,9,10,17,22,32,32,0,0,8,-8,3,-3,1,1,2,5,4,12
2023-01-25,D1,Leverkusen,Bochum,2,2,0,11,9,4,2,1162.04898260997,919.82719996526,2,1,0,0,5,1,0,0,12,9,17,16,31,22,2,-2,2,-2,2,-2,0,2,2,4,9,11
2023-01-25,D1,Werder Bremen,Union Berlin,0,1,2,8,11,3,5,885.240599396709,1000.31354714735,0,0,1,3,0,0,1,3,6,7,13,16,29,34,-1,1,-3,3,-2,2,2,1,5,3,11,8
2023-01-27,D1,RB Leipzig,Stuttgart,2,2,1,9,10,4,3,1238.0483798172,955.675553320539,0,0,0,0,15,1,1,8,13,5,24,11,35,25,1,-1,-1,1,1,-1,1,2,3,4,10,9
2023-01-28,D1,Freiburg,Augsburg,2,3,1,15,16,9,4,1040.32053119724,878.10258878477,0,0,0,1,7,0,1,4,7,4,17,9,33,18,2,-2,-1,1,5,-5,1,3,4,9,16,15
2023-01-28,D1,Hertha,Union Berlin,0,0,2,10,7,3,3,864.46441570478,1022.08620268026,0,1,1,0,0,1,1,0,3,7,8,16,14,36,-2,2,3,-3,0,0,2,0,3,3,7,10
2023-01-28,D1,Hoffenheim,M'gladbach,0,1,4,15,10,5,5,931.248221084363,959.124414120567,0,0,0,3,1,0,6,11,1,6,6,10,26,24,-3,3,5,-5,0,0,4,1,5,5,10,15
2023-01-28,D1,Mainz,Bochum,2,5,2,14,14,7,4,939.327807563759,902.396805563795,0,0,1,1,0,0,3,1,2,9,9,15,27,19,3,-3,0,0,3,-3,2,5,4,7,14,14
2023-01-28,D1,Werder Bremen,Wolfsburg,2,2,1,14,7,5,3,863.467943863795,1225.31170006646,0,3,2,0,0,5,2,0,3,15,12,24,26,32,1,-1,7,-7,2,-2,1,2,3,5,7,14
2023-01-28,D1,Bayern Munich,Ein Frankfurt,1,1,1,14,7,6,1,1324.06109151453,1165.6709063699,0,0,0,0,11,4,1,2,11,11,24,20,39,33,0,0,7,-7,5,-5,1,1,1,6,7,14
2023-01-29,D1,Schalke 04,FC Koln,1,0,0,15,7,2,0,788.747201837522,963.075976052982,0,0,2,0,0,1,2,6,3,4,3,11,9,25,0,0,8,-8,2,-2,0,0,0,2,7,15
2023-01-29,D1,Leverkusen,Dortmund,0,0,2,20,6,7,2,1179.47937701144,1083.22294206649,3,1,0,0,6,1,0,0,15,9,19,16,33,37,-2,2,14,-14,5,-5,2,0,2,7,6,20
2023-02-03,D1,Augsburg,Leverkusen,2,1,0,10,12,5,4,853.353375186241,1123.7727019665,1,2,0,0,1,2,0,0,4,12,6,19,18,30,1,-1,-2,2,1,-1,0,1,4,5,12,10
2023-02-04,D1,Bochum,Hoffenheim,2,5,2,17,10,11,4,853.639966323249,881.082556807292,4,0,0,2,5,0,0,3,9,1,15,5,16,25,3,-3,7,-7,7,-7,2,5,4,11,10,17
2023-02-04,D1,Dortmund,Freiburg,2,5,1,24,6,8,3,1138.92961711143,1065.06974479577,3,0,0,2,6,0,0,2,9,7,19,17,37,35,4,-4,18,-18,5,-5,1,5,3,8,6,24
2023-02-04,D1,Ein Frankfurt,Hertha,2,3,0,10,13,4,3,1172.4984791685,839.242456035372,2,0,0,4,2,0,0,5,9,3,18,7,34,14,3,-3,-3,3,1,-1,0,3,3,4,13,10
2023-02-04,D1,FC Koln,RB Leipzig,1,0,0,9,7,0,2,955.659991455407,1248.57331142547,1,3,0,0,1,5,0,0,5,13,9,24,25,37,0,0,2,-2,-2,2,0,0,2,0,7,9
2023-02-04,D1,Union Berlin,Mainz,2,2,1,9,9,5,2,1047.30816234967,988.084646804306,1,0,0,0,9,1,0,3,10,5,19,12,39,29,1,-1,0,0,3,-3,1,2,2,5,9,9
2023-02-04,D1,M'gladbach,Schalke 04,1,0,0,17,18,4,5,1009.29007839764,796.163186435097,0,0,1,5,0,0,1,8,6,4,13,4,26,10,0,0,-1,1,-1,1,0,0,5,4,18,17
2023-02-05,D1,Stuttgart,Werder Bremen,0,0,2,16,9,5,4,945.150621712268,920.378917011976,0,0,0,3,4,0,1,3,5,3,11,12,22,28,-2,2,7,-7,1,-1,2,0,4,5,9,16
2023-02-05,D1,Wolfsburg,Bayern Munich,0,2,4,19,9,5,4,1168.40072691828,1317.23351871593,3,0,0,0,5,5,0,1,12,9,21,22,29,40,-2,2,10,-10,1,-1,4,2,4,5,9,19
2023-02-10,D1,Schalke 04,Wolfsburg,1,0,0,17,8,5,2,804.907762572396,1142.25994428302,0,0,0,1,1,0,3,1,2,9,5,20,11,29,0,0,9,-9,3,-3,0,0,2,5,8,17
2023-02-11,D1,Bayern Munich,Bochum,2,3,0,25,7,12,1,1343.37430135119,912.469865598462,0,0,0,2,12,0,2,2,9,9,24,15,40,19,3,-3,18,-18,11,-11,0,3,1,12,7,25
2023-02-11,D1,Freiburg,Stuttgart,2,2,1,9,14,5,3,1014.07632179725,898.171300586229,1,0,0,1,8,0,0,9,7,2,16,11,34,19,1,-1,-5,5,2,-2,1,2,3,5,14,9
2023-02-11,D1,Hoffenheim,Leverkusen,0,1,3,11,12,6,5,822.252657532079,1070.91680524449,0,0,1,1,0,0,7,1,1,9,5,16,22,27,-2,2,-1,1,1,-1,3,1,5,6,12,11
2023-02-11,D1,Mainz,Augsburg,2,3,1,13,11,7,3,961.487110111644,906.209271908254,1,0,0,2,1,0,0,5,5,6,11,8,26,21,2,-2,2,-2,4,-4,1,3,3,7,11,13
2023-02-11,D1,Werder Bremen,Dortmund,0,0,2,8,17,3,9,967.358238138015,1189.92304010995,1,2,0,0,1,2,0,0,6,12,12,21,30,40,-2,2,-9,9,-6,6,2,0,9,3,17,8
2023-02-11,D1,RB Leipzig,Union Berlin,0,1,2,9,6,1,5,1237.57438453014,1073.90569904233,1,2,0,0,16,2,0,0,11,12,24,19,37,42,-1,1,3,-3,-4,4,2,1,5,1,6,9
2023-02-12,D1,Hertha,M'gladbach,2,4,1,17,7,7,3,825.277701286433,1000.54550226034,0,1,2,0,0,1,2,0,3,7,6,11,14,26,3,-3,10,-10,4,-4,1,4,3,7,7,17
2023-02-12,D1,FC Koln,Ein Frankfurt,2,3,0,9,7,4,1,966.658918350734,1186.46323391744,0,0,0,0,2,5,1,3,6,9,10,21,23,36,3,-3,2,-2,3,-3,0,3,1,4,7,9
2023-02-17,D1,Augsburg,Hoffenheim,2,1,0,16,8,3,2,869.27121849545,805.33444017122,2,0,0,3,2,0,0,4,6,1,8,2,21,19,1,-1,8,-8,1,-1,0,1,2,3,8,16
2023-02-18,D1,Bochum,Freiburg,0,0,2,15,15,6,5,904.046086022527,1035.7802215134,5,0,0,3,6,0,0,3,6,7,15,19,19,37,-2,2,0,0,1,-1,2,0,5,6,15,15
2023-02-18,D1,M'gladbach,Bayern Munich,2,3,2,17,13,7,4,920.62298888768,1351.79808092712,0,1,0,0,1,6,2,0,4,9,10,24,26,43,1,-1,4,-4,3,-3,2,3,4,7,13,17
2023-02-18,D1,Stuttgart,FC Koln,2,3,0,18,11,7,4,876.46740087008,1051.72126200073,0,0,1,0,0,2,2,7,2,9,8,10,16,26,3,-3,7,-7,3,-3,0,3,4,7,11,18
2023-02-18,D1,Wolfsburg,RB Leipzig,0,0,3,7,17,2,5,1130.27380693,1191.52419027109,0,0,1,0,0,6,1,1,7,8,20,21,30,36,-3,3,-10,10,-3,3,3,0,5,2,17,7
2023-02-18,D1,Ein Frankfurt,Werder Bremen,2,2,0,11,3,6,0,1101.40089026744,948.293471068081,3,1,0,0,3,1,0,0,8,6,18,12,35,27,2,-2,8,-8,6,-6,0,2,0,6,3,11
2023-02-19,D1,Union Berlin,Schalke 04,1,0,0,9,6,4,2,1119.95589330138,816.893899925408,2,0,0,0,10,1,0,9,15,3,19,6,42,12,0,0,3,-3,2,-2,0,0,2,4,6,9
2023-02-19,D1,Dortmund,Hertha,2,4,1,12,15,5,8,1208.98780717988,905.200214659092,4,0,0,5,7,0,0,6,15,3,24,9,40,17,3,-3,-3,3,-3,3,1,4,8,5,15,12
2023-02-19,D1,Leverkusen,Mainz,0,2,3,17,12,7,7,1087.83502260534,998.425163524448,0,0,1,1,0,0,1,4,9,7,19,11,27,26,-1,1,5,-5,0,0,3,2,7,7,12,17
2023-02-24,D1,Mainz,M'gladbach,2,4,0,14,8,8,2,1038.4830190146,979.686884266418,2,0,0,1,2,0,0,1,9,7,11,13,26,26,4,-4,6,-6,6,-6,0,4,2,8,8,14
2023-02-25,D1,FC Koln,Wolfsburg,0,0,2,11,6,5,4,971.800462239181,1085.25736748782,1,0,0,0,3,1,0,2,6,4,10,19,23,29,-2,2,5,-5,1,-1,2,0,4,5,6,11
2023-02-25,D1,Hertha,Augsburg,2,2,0,11,9,3,2,889.036401580211,895.448010249988,1,0,0,3,1,0,0,6,3,9,6,10,17,24,2,-2,2,-2,1,-1,0,2,2,3,9,11
2023-02-25,D1,Hoffenheim,Dortmund,0,0,1,13,23,4,11,779.157648416682,1225.15162025876,0,3,2,0,0,3,8,0,1,15,2,24,19,40,-1,1,-10,10,-7,7,1,0,11,4,23,13
2023-02-25,D1,RB Leipzig,Ein Frankfurt,2,2,1,10,8,5,4,1236.54062971328,1127.09238664737,0,0,1,1,0,0,1,4,10,8,23,18,38,38,1,-1,2,-2,1,-1,1,2,4,5,8,10
2023-02-25,D1,Werder Bremen,Bochum,2,3,0,12,9,6,2,922.601974688149,876.064000360485,0,0,1,3,0,0,1,3,6,3,12,12,26,19,3,-3,3,-3,4,-4,0,3,2,6,9,12
2023-02-25,D1,Schalke 04,Stuttgart,2,2,1,11,17,6,5,828.13441149165,956.388200631632,0,0,0,2,2,0,4,10,4,4,7,11,13,18,1,-1,-6,6,1,-1,1,2,5,6,17,11
2023-02-26,D1,Freiburg,Leverkusen,1,1,1,9,16,4,4,1063.76230717544,1047.77716711519,2,1,0,0,9,1,0,0,10,6,19,18,37,27,0,0,-7,7,0,0,1,1,4,4,16,9
2023-02-26,D1,Bayern Munich,Union Berlin,2,3,0,19,4,10,1,1292.73418554839,1108.71538173514,1,3,0,0,13,3,0,0,8,13,21,20,40,40,3,-3,15,-15,9,-9,0,3,1,10,4,19
2023-03-03,D1,Dortmund,RB Leipzig,2,2,1,8,14,3,6,1229.71287866328,1258.78080010657,5,1,0,0,8,7,0,0,15,10,24,23,40,40,1,-1,-6,6,-3,3,1,2,6,3,14,8
2023-03-04,D1,Augsburg,Werder Bremen,2,2,1,9,17,5,8,850.781131518206,969.872596129747,3,0,0,1,3,0,0,1,6,9,10,12,21,28,1,-1,-8,8,-3,3,1,2,8,5,17,9
2023-03-04,D1,Bochum,Schalke 04,0,0,2,6,9,4,5,828.793378918887,871.438181734918,0,0,1,0,0,2,1,10,3,7,12,10,19,15,-2,2,-3,3,-1,1,2,0,5,4,9,6
2023-03-04,D1,Mainz,Hoffenheim,2,1,0,16,15,6,4,1092.17321389627,774.59639001216,3,0,0,4,3,0,0,5,12,0,14,1,28,16,1,-1,1,-1,2,-2,0,1,4,6,15,16
2023-03-04,D1,M'gladbach,Freiburg,1,0,0,10,8,4,3,925.99668938475,1063.02668325954,1,1,0,0,2,1,0,0,7,10,13,17,25,38,0,0,2,-2,1,-1,0,0,3,4,8,10
2023-03-04,D1,Union Berlin,FC Koln,1,0,0,8,12,2,4,1080.63774535143,941.776506371175,0,0,0,1,11,0,1,8,10,5,17,9,39,22,0,0,-4,4,-2,2,0,0,4,2,12,8
2023-03-04,D1,Stuttgart,Bayern Munich,0,1,2,11,13,4,6,913.084430388363,1320.8118219321,1,0,0,1,1,0,0,1,3,10,8,21,17,40,-1,1,-2,2,-2,2,2,1,6,4,13,11
2023-03-05,D1,Leverkusen,Hertha,2,4,1,18,7,9,2,1048.5127910311,933.703280311993,0,0,2,6,0,0,2,7,4,6,19,9,28,19,3,-3,11,-11,7,-7,1,4,2,9,7,18
2023-03-05,D1,Wolfsburg,Ein Frankfurt,1,2,2,13,10,8,2,1115.28132335582,1104.85221625408,0,0,2,2,0,0,2,5,4,7,19,18,32,37,0,0,3,-3,6,-6,2,2,2,8,10,13
2023-03-10,D1,FC Koln,Bochum,0,0,2,11,9,5,3,947.85123679585,790.292044110818,0,0,1,4,0,0,1,4,5,3,10,12,22,19,-2,2,2,-2,2,-2,2,0,3,5,9,11
2023-03-11,D1,Bayern Munich,Augsburg,2,5,3,24,13,9,6,1326.39896707383,893.339549878899,2,0,0,4,14,0,0,7,12,9,21,13,40,24,2,-2,11,-11,3,-3,3,5,6,9,13,24
2023-03-11,D1,Ein Frankfurt,Stuttgart,1,1,1,10,9,1,5,1105.3323501865,907.497285246632,4,0,0,3,4,0,0,11,7,3,16,8,37,17,0,0,1,-1,-4,4,1,1,5,1,9,10
2023-03-11,D1,Hertha,Mainz,1,1,1,9,6,4,3,896.563096194084,1101.03481314439,2,1,0,0,2,1,0,0,6,12,9,17,19,28,0,0,3,-3,1,-1,1,1,3,4,6,9
2023-03-11,D1,RB Leipzig,M'gladbach,2,3,0,14,7,9,3,1224.10977482058,931.999100237884,1,0,0,2,1,0,0,2,7,5,20,11,40,23,3,-3,7,-7,6,-6,0,3,3,9,7,14
2023-03-11,D1,Schalke 04,Dortmund,1,2,2,10,20,5,8,909.939516542987,1264.38390394928,1,4,0,0,3,4,0,0,9,15,13,24,17,43,0,0,-10,10,-3,3,2,2,8,5,20,10
2023-03-12,D1,Freiburg,Hoffenheim,2,2,1,9,12,3,1,1057.0242724064,765.73479076404,0,0,0,5,10,0,1,6,8,0,15,1,36,13,1,-1,-3,3,2,-2,1,2,1,3,12,9
2023-03-12,D1,Werder Bremen,Leverkusen,0,2,3,12,13,6,5,927.314177769054,1085.65297514901,1,0,0,0,1,2,0,1,6,7,9,19,25,31,-1,1,-1,1,1,-1,3,2,5,6,13,12
2023-03-12,D1,Wolfsburg,Union Berlin,1,1,1,15,11,6,2,1114.8011894234,1074.56301492675,0,0,0,1,1,0,3,1,5,8,17,18,32,37,0,0,4,-4,4,-4,1,1,2,6,11,15
2023-03-17,D1,M'gladbach,Werder Bremen,1,2,2,21,6,9,3,914.887768084579,908.965451976822,0,0,0,2,3,0,1,2,4,3,11,9,22,25,0,0,15,-15,6,-6,2,2,3,9,6,21
2023-03-18,D1,Augsburg,Schalke 04,1,1,1,9,13,3,5,886.641781546254,922.258508085584,4,1,0,0,4,3,0,0,6,9,12,11,24,18,0,0,-4,4,-2,2,1,1,5,3,13,9
2023-03-18,D1,Bochum,RB Leipzig,2,1,0,8,21,2,8,852.778845179661,1241.22110697389,0,0,2,1,0,0,2,1,3,9,12,20,22,40,1,-1,-13,13,-6,6,0,1,8,2,21,8
2023-03-18,D1,Hoffenheim,Hertha,2,3,1,15,11,7,5,755.65350699895,905.024346029606,0,0,3,7,0,0,9,8,0,7,1,10,10,20,2,-2,4,-4,2,-2,1,3,5,7,11,15
2023-03-18,D1,Stuttgart,Wolfsburg,0,0,1,12,9,2,3,915.73615864282,1112.95639376173,0,1,1,0,0,2,1,0,4,6,6,15,17,33,-1,1,3,-3,-1,1,1,0,3,2,9,12
2023-03-18,D1,Dortmund,FC Koln,2,6,1,11,11,8,5,1252.06491240668,885.364435727008,6,0,0,0,9,1,0,9,13,4,25,10,41,21,5,-5,0,0,3,-3,1,6,5,8,11,11
2023-03-19,D1,Union Berlin,Ein Frankfurt,2,2,0,14,19,3,4,1076.40781058842,1097.09347679031,0,0,0,0,12,1,2,6,6,5,18,14,35,35,2,-2,-5,5,-1,1,0,2,4,3,19,14
2023-03-19,D1,Leverkusen,Bayern Munich,2,2,1,12,11,6,6,1104.00170094124,1333.09673540648,1,1,0,0,1,1,0,0,10,12,19,21,31,42,1,-1,1,-1,0,0,1,2,6,6,11,12
2023-03-19,D1,Mainz,Freiburg,1,1,1,10,11,6,5,1092.57356330886,1067.10555617149,4,0,0,0,4,2,0,1,13,11,18,18,29,36,0,0,-1,1,1,-1,1,1,5,6,11,10
2023-03-31,D1,Ein Frankfurt,Bochum,1,1,1,18,8,7,2,1050.62773907379,910.599051413918,0,1,0,0,5,1,1,0,5,6,13,12,32,25,0,0,10,-10,5,-5,1,1,2,7,8,18
2023-04-01,D1,Freiburg,Hertha,1,1,1,16,10,8,3,1068.27630506442,843.393092623317,1,0,0,8,11,0,0,9,9,4,16,7,34,17,0,0,6,-6,5,-5,1,1,3,8,10,16
2023-04-01,D1,RB Leipzig,Mainz,0,0,3,12,19,3,7,1183.40090073963,1091.40281441593,2,0,0,0,2,2,0,1,9,11,17,18,40,27,-3,3,-7,7,-4,4,3,0,7,3,19,12
2023-04-01,D1,Schalke 04,Leverkusen,0,0,3,12,18,3,10,920.624018796262,1154.49630343133,0,1,0,0,4,3,1,0,9,10,12,19,18,34,-3,3,-6,6,-7,7,3,0,10,3,18,12
2023-04-01,D1,Union Berlin,Stuttgart,2,3,0,13,17,5,8,1122.87354830494,900.172254639169,1,0,0,0,13,1,0,12,6,4,21,6,37,16,3,-3,-4,4,-3,3,0,3,8,5,17,13
2023-04-01,D1,Wolfsburg,Augsburg,1,2,2,23,5,5,2,1128.52029776538,888.276270835576,0,0,0,5,2,0,4,8,8,7,15,13,36,25,0,0,18,-18,3,-3,2,2,2,5,5,23
2023-04-01,D1,Bayern Munich,Dortmund,2,4,2,16,10,9,4,1282.60213291638,1268.05133916161,3,0,0,0,15,5,0,1,9,13,18,28,41,41,2,-2,6,-6,5,-5,2,4,4,9,10,16
2023-04-02,D1,FC Koln,M'gladbach,1,0,0,12,8,5,2,869.378008972075,914.615061760793,0,0,2,3,0,0,2,3,1,5,10,9,18,23,0,0,4,-4,3,-3,0,0,2,5,8,12
2023-04-02,D1,Werder Bremen,Hoffenheim,0,1,2,12,8,5,2,909.238158300608,817.28476040524,0,0,1,6,0,0,1,7,4,3,10,4,23,13,-1,1,4,-4,3,-3,2,1,2,5,8,12
2023-04-08,D1,Augsburg,FC Koln,0,1,3,13,11,1,5,897.859160218164,871.449559294657,0,0,0,1,5,0,1,10,5,2,14,8,23,19,-2,2,2,-2,-4,4,3,1,5,1,11,13
2023-04-08,D1,Dortmund,Union Berlin,2,2,1,14,7,6,2,1226.02942920416,1146.56368554379,7,0,0,0,10,1,0,2,10,8,25,21,41,37,1,-1,7,-7,4,-4,1,2,2,6,7,14
2023-04-08,D1,Freiburg,Bayern Munich,0,0,1,10,23,2,8,1059.15908071555,1324.62404287384,0,0,0,1,12,0,1,1,7,12,17,20,34,43,-1,1,-13,13,-6,6,1,0,8,2,23,10
2023-04-08,D1,Leverkusen,Ein Frankfurt,2,3,1,13,9,8,3,1177.01563690648,1044.50705437605,2,0,0,1,2,0,0,7,13,3,19,11,36,33,2,-2,4,-4,5,-5,1,3,3,8,9,13
2023-04-08,D1,Mainz,Werder Bremen,1,2,2,16,9,10,4,1160.04565683344,868.961296199616,0,0,0,0,5,1,1,3,11,4,20,10,30,23,0,0,7,-7,6,-6,2,2,4,10,9,16
2023-04-08,D1,Hertha,RB Leipzig,0,0,1,11,18,1,6,852.510316972188,1114.75805832212,0,0,0,2,3,0,1,2,5,6,8,16,17,37,-1,1,-7,7,-5,5,1,0,6,1,18,11
2023-04-09,D1,M'gladbach,Wolfsburg,2,2,0,13,9,6,2,912.543511438211,1118.93740838279,0,2,0,0,4,3,2,0,3,9,10,13,23,34,2,-2,4,-4,4,-4,0,2,2,6,9,13
2023-04-09,D1,Bochum,Stuttgart,0,2,3,11,14,5,7,916.719736111656,876.482117400315,1,0,0,1,1,0,0,13,7,1,10,5,26,15,-1,1,-3,3,-2,2,3,2,7,5,14,11
2023-04-09,D1,Hoffenheim,Schalke 04,2,2,0,15,10,4,3,857.561622506232,898.104685321114,1,0,0,0,1,4,0,1,6,8,7,12,13,15,2,-2,5,-5,1,-1,0,2,3,4,10,15
2023-04-14,D1,Schalke 04,Hertha,2,5,2,14,11,7,5,849.152324549482,840.926623381862,0,0,1,0,0,1,2,10,5,2,12,8,15,16,3,-3,3,-3,2,-2,2,5,5,7,11,14
2023-04-15,D1,Bayern Munich,Hoffenheim,1,1,1,22,4,7,3,1336.03307403115,906.513983277863,4,1,0,0,16,1,0,0,12,9,22,9,46,15,0,0,18,-18,4,-4,1,1,3,7,4,22
2023-04-15,D1,FC Koln,Mainz,1,1,1,12,5,4,1,918.6345179297,1149.09131505481,0,1,0,0,1,3,3,0,5,9,10,21,21,30,0,0,7,-7,3,-3,1,1,1,4,5,12
2023-04-15,D1,RB Leipzig,Augsburg,2,3,2,13,14,6,3,1126.34175191245,850.67420158312,0,0,1,0,0,1,1,9,6,5,16,11,40,20,1,-1,-1,1,3,-3,2,3,3,6,14,13
2023-04-15,D1,Stuttgart,Dortmund,1,3,3,12,15,5,6,912.17165821444,1250.83537637738,0,0,2,1,0,0,2,2,4,10,7,25,18,41,0,0,-3,3,-1,1,3,3,6,5,15,12
2023-04-15,D1,Ein Frankfurt,M'gladbach,1,1,1,16,4,5,2,1016.60985096594,979.768543729824,0,0,0,0,6,1,2,4,3,6,10,13,30,23,0,0,12,-12,3,-3,1,1,2,5,4,16
2023-04-16,D1,Werder Bremen,Freiburg,0,1,2,13,6,5,3,879.915637978242,1047.75004955824,0,0,2,0,0,3,2,2,2,6,11,16,23,33,-1,1,7,-7,2,-2,2,1,3,5,6,13
2023-04-16,D1,Union Berlin,Bochum,1,1,1,10,14,2,8,1121.75773837057,881.030195297532,2,0,0,0,14,2,0,1,8,7,18,10,34,25,0,0,-4,4,-6,6,1,1,8,2,14,10
2023-04-16,D1,Wolfsburg,Leverkusen,1,0,0,11,13,3,4,1051.71237609118,1204.9128403166,0,2,0,0,3,4,5,0,6,15,10,19,34,38,0,0,-2,2,-1,1,0,0,4,3,13,11
2023-04-21,D1,Augsburg,Stuttgart,1,1,1,4,6,1,3,839.805419206517,924.184223493582,0,1,1,0,0,1,2,0,2,5,11,8,17,19,0,0,-2,2,-2,2,1,1,3,1,6,4
2023-04-22,D1,Bochum,Wolfsburg,0,1,5,23,15,6,7,890.627352042631,1058.34323351428,0,0,1,1,0,0,1,1,8,6,11,11,26,32,-4,4,8,-8,-1,1,5,1,7,6,15,23
2023-04-22,D1,Hertha,Werder Bremen,0,2,4,13,11,5,4,787.685848447319,862.273907373782,0,0,1,0,0,2,2,4,2,2,8,8,15,20,-2,2,2,-2,1,-1,4,2,4,5,11,13
2023-04-22,D1,Hoffenheim,FC Koln,0,1,3,11,14,4,7,920.024130601839,927.923488318163,2,1,0,0,2,1,0,0,10,5,10,10,15,19,-2,2,-3,3,-3,3,3,1,7,4,14,11
2023-04-22,D1,Mainz,Bayern Munich,2,3,1,13,11,4,2,1139.80234466635,1322.52292670717,0,1,0,0,6,1,2,0,7,10,19,22,31,44,2,-2,2,-2,2,-2,1,3,2,4,11,13
2023-04-22,D1,Dortmund,Ein Frankfurt,2,4,0,14,9,7,2,1238.82281109824,1014.91957648316,8,0,0,2,11,0,0,8,8,3,23,10,42,28,4,-4,5,-5,5,-5,0,4,2,7,9,14
2023-04-23,D1,Freiburg,Schalke 04,2,4,0,25,10,12,4,1065.3917801627,902.393099484026,0,0,1,1,0,0,2,2,8,5,16,14,33,18,4,-4,15,-15,8,-8,0,4,4,12,10,25
2023-04-23,D1,Leverkusen,RB Leipzig,2,2,0,8,26,6,8,1198.28198289349,1137.21053428905,3,1,0,0,3,1,0,0,13,9,20,16,39,40,2,-2,-18,18,-2,2,0,2,8,6,26,8
2023-04-23,D1,M'gladbach,Union Berlin,0,0,1,8,14,4,4,981.458818212598,1112.16058162547,1,0,0,1,5,0,0,3,6,8,11,16,24,35,-1,1,-6,6,0,0,1,0,4,4,14,8
2023-04-28,D1,Bochum,Dortmund,1,1,1,10,21,4,6,855.049045430496,1266.69332011371,0,0,2,0,0,1,2,3,5,10,8,23,23,44,0,0,-11,11,-2,2,1,1,6,4,21,10
2023-04-29,D1,Ein Frankfurt,Augsburg,1,1,1,7,9,1,3,987.049067467688,843.616570196533,0,0,0,1,7,0,3,10,2,3,7,9,28,17,0,0,-2,2,-2,2,1,1,3,1,9,7
2023-04-29,D1,FC Koln,Freiburg,0,0,1,21,12,8,6,970.784123468495,1101.67399531546,0,1,0,0,2,4,4,0,8,8,12,19,22,35,-1,1,9,-9,2,-2,1,0,6,8,12,21
2023-04-29,D1,RB Leipzig,Hoffenheim,2,1,0,16,5,2,2,1100.98368016051,877.163495451507,1,0,0,0,1,2,0,1,6,10,15,10,39,15,1,-1,11,-11,0,0,0,1,2,2,5,16
2023-04-29,D1,Stuttgart,M'gladbach,2,2,1,18,9,5,4,920.373072503567,960.959428195538,0,0,0,0,1,2,3,5,5,6,9,10,20,21,1,-1,9,-9,1,-1,1,2,4,5,9,18
2023-04-29,D1,Union Berlin,Leverkusen,1,0,0,7,8,1,2,1132.65997164253,1234.50883702204,0,0,0,0,15,5,1,1,10,13,16,23,35,39,0,0,-1,1,-1,1,0,0,2,1,8,7
2023-04-29,D1,Schalke 04,Werder Bremen,2,2,1,21,11,10,1,866.11088433127,896.858126828668,1,1,0,0,1,3,0,0,4,5,13,8,18,20,1,-1,10,-10,9,-9,1,2,1,10,11,21
2023-04-30,D1,Bayern Munich,Hertha,2,2,0,25,2,9,1,1257.51496837245,753.101628992433,0,0,0,1,17,0,1,11,7,1,19,8,43,14,2,-2,23,-23,8,-8,0,2,1,9,2,25
2023-04-30,D1,Wolfsburg,Mainz,2,3,0,10,10,4,2,1093.92154012642,1204.81030300108,0,0,0,0,4,4,6,1,8,9,14,22,34,33,3,-3,0,0,2,-2,0,3,2,4,10,10
2023-05-05,D1,Leverkusen,FC Koln,0,1,2,14,7,4,5,1229.94841260096,950.29981811874,4,2,0,0,4,2,0,0,11,8,21,9,40,19,-1,1,7,-7,-1,1,2,1,5,4,7,14
2023-05-05,D1,Mainz,Schalke 04,0,2,3,9,15,4,10,1133.44205782541,900.935440045605,1,0,0,2,7,0,0,3,8,6,19,15,30,21,-1,1,-6,6,-6,6,3,2,10,4,15,9
2023-05-06,D1,Augsburg,Union Berlin,2,1,0,11,12,3,4,849.870563431367,1137.22039606361,0,1,0,0,1,1,3,0,3,8,10,14,18,33,1,-1,-1,1,-1,1,0,1,4,3,12,11
2023-05-06,D1,Freiburg,RB Leipzig,0,0,1,5,13,2,6,1122.15830066521,1114.81546409994,1,0,0,1,1,0,0,1,10,9,19,18,38,39,-1,1,-8,8,-4,4,1,0,6,2,13,5
2023-05-06,D1,Hertha,Stuttgart,2,2,1,7,16,3,4,748.542709773855,956.094302511927,0,0,2,0,0,2,3,1,1,8,5,12,14,20,1,-1,-9,9,-1,1,1,2,4,3,16,7
2023-05-06,D1,Hoffenheim,Ein Frankfurt,2,3,1,8,19,5,6,863.331711512078,980.795074232854,0,0,1,3,0,0,1,9,7,3,10,8,12,26,2,-2,-11,11,-1,1,1,3,6,5,19,8
2023-05-06,D1,M'gladbach,Bochum,2,2,0,25,14,9,3,925.238198187177,868.312429443508,0,0,1,0,0,3,1,2,5,3,10,9,20,24,2,-2,11,-11,6,-6,0,2,3,9,14,25
2023-05-06,D1,Werder Bremen,Bayern Munich,0,1,2,12,12,2,4,862.033571114332,1262.07388759103,0,0,3,1,0,0,3,1,4,10,8,19,20,43,-1,1,0,0,-2,2,2,1,4,2,12,12
2023-05-07,D1,Dortmund,Wolfsburg,2,6,0,20,10,10,3,1253.4299361007,1165.28978530209,9,1,0,0,12,1,0,0,8,8,21,16,45,36,6,-6,10,-10,7,-7,0,6,3,10,10,20
2023-05-12,D1,FC Koln,Hertha,2,5,2,28,9,15,3,1003.63625153511,797.668587663575,0,0,1,2,0,0,5,12,10,3,12,8,22,14,3,-3,19,-19,12,-12,2,5,3,15,9,28
2023-05-13,D1,Bayern Munich,Schalke 04,2,6,0,23,8,14,0,1267.8908419936,951.638113959899,1,1,0,0,18,1,0,0,10,9,22,17,43,24,6,-6,15,-15,14,-14,0,6,0,14,8,23
2023-05-13,D1,Bochum,Augsburg,2,3,2,15,12,8,2,831.577066830538,903.595165972664,0,0,0,0,1,1,3,11,2,5,9,10,21,20,1,-1,3,-3,6,-6,2,3,2,8,12,15
2023-05-13,D1,Ein Frankfurt,Mainz,2,3,0,17,10,7,4,922.650037071963,1082.73938391111,0,0,0,1,8,0,4,2,2,5,5,16,23,27,3,-3,7,-7,3,-3,0,3,4,7,10,17
2023-05-13,D1,Union Berlin,Freiburg,2,4,2,10,13,4,8,1083.49579352231,1089.48210109917,0,2,0,0,16,5,2,0,5,9,13,16,33,35,2,-2,-3,3,-4,4,2,4,8,4,13,10
2023-05-13,D1,Wolfsburg,Hoffenheim,2,2,1,8,10,3,2,1102.83980191722,921.47674867297,1,0,0,1,5,0,0,2,7,7,16,13,35,15,1,-1,-2,2,1,-1,1,2,2,3,10,8
2023-05-13,D1,Dortmund,M'gladbach,2,5,2,33,13,13,8,1315.87991948556,961.973560800147,10,0,0,1,13,0,0,6,11,7,21,10,45,23,3,-3,20,-20,5,-5,2,5,8,13,13,33
2023-05-14,D1,Stuttgart,Leverkusen,1,1,1,9,12,1,3,906.968424622207,1176.61197918459,1,0,0,0,2,6,0,2,8,8,9,21,20,39,0,0,-3,3,-2,2,1,1,3,1,12,9
2023-05-14,D1,RB Leipzig,Werder Bremen,2,2,1,20,6,7,2,1147.49166366598,856.216616711753,2,0,0,1,2,0,0,1,12,4,18,8,41,20,1,-1,14,-14,5,-5,1,2,2,7,6,20
2023-05-19,D1,Freiburg,Wolfsburg,2,2,0,16,9,7,2,1044.86889203948,1119.50393434306,0,0,1,1,0,0,1,1,9,10,15,16,32,35,2,-2,7,-7,5,-5,0,2,2,7,9,16
2023-05-20,D1,Hertha,Bochum,1,1,1,14,17,4,6,772.143580889247,870.116782180531,1,0,0,1,1,0,0,3,3,5,5,12,14,24,0,0,-3,3,-2,2,1,1,6,4,17,14
2023-05-20,D1,Hoffenheim,Union Berlin,2,4,2,10,20,5,4,904.812616247132,1128.109002582,1,0,0,1,1,0,0,1,4,8,13,16,14,33,2,-2,-10,10,1,-1,2,4,4,5,20,10
2023-05-20,D1,Schalke 04,Ein Frankfurt,1,2,2,11,6,4,3,928.477626149711,1000.66920680934,2,0,0,4,2,0,0,10,9,5,14,8,24,26,0,0,5,-5,1,-1,2,2,3,4,6,11
2023-05-20,D1,Werder Bremen,FC Koln,1,1,1,13,13,6,4,846.13462719669,1029.16125830944,0,3,4,0,0,3,4,0,3,10,5,15,17,24,0,0,0,0,2,-2,1,1,4,6,13,13
2023-05-20,D1,Bayern Munich,RB Leipzig,0,1,3,17,16,4,8,1291.05132980379,1157.57365318104,2,1,0,0,19,1,0,0,10,12,22,18,43,41,-2,2,1,-1,-4,4,3,1,8,4,16,17
2023-05-21,D1,Mainz,Stuttgart,0,1,4,9,8,6,6,1004.72021417373,917.375792751035,0,0,1,1,0,0,1,2,4,6,13,10,27,18,-3,3,1,-1,0,0,4,1,6,6,8,9
2023-05-21,D1,Augsburg,Dortmund,0,0,3,4,28,1,10,865.05545062267,1328.46005058193,1,0,0,0,2,2,0,4,5,11,10,21,20,45,-3,3,-24,24,-9,9,3,0,10,1,28,4
2023-05-21,D1,Leverkusen,M'gladbach,1,2,2,13,9,6,5,1166.20461105576,949.393429703786,0,0,1,2,0,0,1,7,6,4,21,10,40,23,0,0,4,-4,1,-1,2,2,5,6,9,13
2023-05-27,D1,Bochum,Leverkusen,2,3,0,10,11,5,2,865.720855068586,1157.34173720578,1,0,0,0,2,7,0,3,5,6,13,19,25,38,3,-3,-1,1,3,-3,0,3,2,5,11,10
2023-05-27,D1,Dortmund,Mainz,1,2,2,30,10,12,4,1335.53980415941,936.761204294849,11,0,0,2,14,0,0,3,13,3,21,10,45,27,0,0,20,-20,8,-8,2,2,4,12,10,30
2023-05-27,D1,Ein Frankfurt,Freiburg,2,2,1,14,13,8,7,997.391694466566,1098.00557413986,1,0,0,1,9,0,0,1,5,9,8,17,24,32,1,-1,1,-1,1,-1,1,2,7,8,13,14
2023-05-27,D1,FC Koln,Bayern Munich,0,1,2,9,11,3,3,1021.43444515119,1231.12727475444,1,1,0,0,1,1,0,0,10,9,15,19,25,40,-1,1,-2,2,0,0,2,1,3,3,11,9
2023-05-27,D1,M'gladbach,Augsburg,2,2,0,17,9,7,3,958.256303553766,857.975697045189,1,0,0,1,1,0,0,12,4,5,10,7,21,20,2,-2,8,-8,4,-4,0,2,3,7,9,17
2023-05-27,D1,RB Leipzig,Schalke 04,2,4,2,19,16,12,4,1217.49770823039,931.755138492488,3,0,0,1,3,0,0,1,12,7,21,12,41,25,2,-2,3,-3,8,-8,2,4,4,12,16,19
2023-05-27,D1,Stuttgart,Hoffenheim,1,1,1,19,8,4,2,985.334802629919,973.525848098155,0,0,0,2,3,0,1,3,8,6,13,16,21,17,0,0,11,-11,2,-2,1,1,2,4,8,19
2023-05-27,D1,Union Berlin,Werder Bremen,2,1,0,16,7,4,4,1059.39577073098,853.861440354943,1,0,0,2,17,0,0,2,7,4,15,6,33,15,1,-1,9,-9,0,0,0,1,4,4,7,16
2023-05-27,D1,Wolfsburg,Hertha,0,1,2,19,9,9,5,1066.36725224268,776.539508001193,2,0,0,3,6,0,0,13,9,4,15,6,32,15,-1,1,10,-10,4,-4,2,1,5,9,9,19
2021-08-13,D1,M'gladbach,Bayern Munich,1,1,1,11,20,5,10,989.795452459197,1245.86113276284,2,2,0,0,2,2,0,0,7,12,13,19,24,40,0,0,-9,9,-5,5,1,1,10,5,20,11
2021-08-14,D1,Augsburg,Hoffenheim,0,0,4,7,15,0,8,826.436548139758,974.069461232098,0,0,1,0,0,1,1,4,4,7,7,17,19,18,-4,4,-8,8,-8,8,4,0,8,0,15,7
2021-08-14,D1,Arminia Bielefeld,Freiburg,1,0,0,10,14,4,6,1000,1056.9893364606,0,0,0,2,0,0,0,2,0,6,0,14,0,32,0,0,-4,4,-2,2,0,0,6,4,14,10
2021-08-14,D1,Stuttgart,Greuther Furth,2,5,1,30,8,15,4,984.791189495976,1000,0,0,0,0,4,0,2,0,8,0,13,0,19,0,4,-4,22,-22,11,-11,1,5,4,15,8,30
2021-08-14,D1,Union Berlin,Leverkusen,1,1,1,8,16,5,4,1074.40288513882,1065.4305943848,2,0,0,1,18,0,0,4,7,3,17,16,35,35,0,0,-8,8,1,-1,1,1,4,5,16,8
2021-08-14,D1,Wolfsburg,Bochum,2,1,0,21,7,9,1,1012.5202082913,957.631997889567,0,0,1,0,0,1,1,4,6,8,14,13,29,25,1,-1,14,-14,8,-8,0,1,1,9,7,21
2021-08-14,D1,Dortmund,Ein Frankfurt,2,5,2,12,12,7,3,1322.46754286126,1038.40793214583,0,0,0,0,15,1,1,11,11,8,21,10,46,24,3,-3,0,0,4,-4,2,5,3,7,12,12
2021-08-15,D1,Mainz,RB Leipzig,2,1,0,7,15,2,2,949.833465592996,1231.6903817073,0,2,2,0,0,2,2,0,1,15,10,21,28,41,1,-1,-8,8,0,0,0,1,2,2,15,7
2021-08-15,D1,FC Koln,Hertha,2,3,1,15,11,5,5,1006.70058714278,830.386551952568,0,1,1,0,0,1,1,0,7,7,15,8,25,18,2,-2,4,-4,0,0,1,3,5,5,11,15
2021-08-20,D1,RB Leipzig,Stuttgart,2,4,0,26,11,11,5,1178.2414561878,1052.11589941573,4,1,0,0,4,1,0,0,12,8,21,16,38,22,4,-4,15,-15,6,-6,0,4,5,11,11,26
2021-08-21,D1,Bochum,Mainz,2,2,0,9,16,5,3,930.645747100267,1003.2823911125,2,0,0,0,3,1,0,4,7,4,10,12,22,30,2,-2,-7,7,2,-2,0,2,3,5,16,9
2021-08-21,D1,Ein Frankfurt,Augsburg,1,0,0,20,4,5,0,1020.61730636061,787.80371571503,2,0,0,2,10,0,0,13,7,3,10,6,23,19,0,0,16,-16,5,-5,0,0,0,5,4,20
2021-08-21,D1,Freiburg,Dortmund,2,2,1,8,19,4,2,1054.38816724545,1340.25816864649,1,1,0,0,1,3,0,0,4,13,14,21,30,49,1,-1,-11,11,2,-2,1,2,2,4,19,8
2021-08-21,D1,Greuther Furth,Arminia Bielefeld,1,1,1,20,9,5,2,932.675290080247,1002.60116921515,0,0,0,0,0,0,0,0,0,1,0,1,0,1,0,0,11,-11,3,-3,1,1,2,5,9,20
2021-08-21,D1,Hertha,Wolfsburg,0,1,2,12,12,4,3,807.053142342557,1039.5064590806,0,0,0,2,2,0,1,2,7,6,8,14,15,29,-1,1,0,0,1,-1,2,1,3,4,12,12
2021-08-21,D1,Leverkusen,M'gladbach,2,4,0,13,11,6,6,1065.84369181668,999.832877722958,0,0,0,0,1,1,2,8,3,8,14,13,33,22,4,-4,2,-2,0,0,0,4,6,6,11,13
2021-08-22,D1,Hoffenheim,Union Berlin,1,2,2,7,11,3,8,1012.70229365683,1073.98978770694,2,0,0,2,2,0,0,2,10,7,17,15,21,36,0,0,-4,4,-5,5,2,2,8,3,11,7
2021-08-22,D1,Bayern Munich,FC Koln,2,3,2,18,10,6,3,1235.82370749908,1030.03399675279,0,0,1,0,0,4,1,1,10,10,20,18,38,28,1,-1,8,-8,3,-3,2,3,3,6,10,18
2021-08-27,D1,Dortmund,Hoffenheim,2,3,2,23,9,13,5,1286.60725715586,1015.49577227105,1,1,0,0,16,2,0,0,10,8,21,15,46,22,1,-1,14,-14,8,-8,2,3,5,13,9,23
2021-08-28,D1,Augsburg,Leverkusen,0,1,4,13,13,4,5,797.164355534152,1118.23679030201,0,0,2,0,0,1,2,5,1,6,6,14,20,33,-3,3,0,0,-1,1,4,1,5,4,13,13
2021-08-28,D1,Arminia Bielefeld,Ein Frankfurt,1,1,1,14,12,5,3,999.423750357956,1011.25666654148,0,0,0,1,1,0,1,12,2,8,2,10,2,21,0,0,2,-2,2,-2,1,1,3,5,12,14
2021-08-28,D1,FC Koln,Bochum,2,2,1,21,10,5,1,1015.04376434456,983.54116771073,1,0,0,1,1,0,0,5,7,10,17,12,25,22,1,-1,11,-11,4,-4,1,2,1,5,10,21
2021-08-28,D1,Mainz,Greuther Furth,2,3,0,17,8,9,1,950.386970502035,935.852708937436,1,0,0,1,1,0,0,1,4,1,9,1,29,1,3,-3,9,-9,8,-8,0,3,1,9,8,17
2021-08-28,D1,Stuttgart,Freiburg,0,2,3,17,14,7,7,1010.05160778885,1108.03907873608,1,0,0,0,5,1,0,3,8,7,16,16,21,33,-1,1,3,-3,0,0,3,2,7,7,14,17
2021-08-28,D1,Bayern Munich,Hertha,2,5,0,17,8,6,3,1250.81393990732,793.752583704688,1,0,0,1,1,0,0,1,10,4,20,7,40,15,5,-5,9,-9,3,-3,0,5,3,6,8,17
2021-08-29,D1,Union Berlin,M'gladbach,2,2,1,12,18,4,5,1071.19630909271,947.439779237634,0,0,0,1,19,0,1,9,8,5,13,12,34,22,1,-1,-6,6,-1,1,1,2,5,4,18,12
2021-08-29,D1,Wolfsburg,RB Leipzig,2,1,0,8,12,2,2,1052.80701771847,1220.30574781468,1,0,0,1,1,0,0,1,9,12,16,24,29,40,1,-1,-4,4,0,0,0,1,2,2,12,8
2021-09-11,D1,Freiburg,FC Koln,1,1,1,10,15,3,5,1131.24600945082,1044.15019333018,2,0,0,1,2,0,0,2,10,7,19,17,35,27,0,0,-5,5,-2,2,1,1,5,3,15,10
2021-09-11,D1,Greuther Furth,Wolfsburg,0,0,2,7,10,3,4,883.601002636159,1099.14058354569,0,1,0,0,1,1,1,0,1,9,1,19,1,29,-2,2,-3,3,-1,1,2,0,4,3,10,7
2021-09-11,D1,Hoffenheim,Mainz,0,0,2,12,11,0,4,1004.38829212719,1002.63867680331,0,0,0,1,3,0,1,5,8,7,12,11,21,32,-2,2,1,-1,-4,4,2,0,4,0,11,12
2021-09-11,D1,Leverkusen,Dortmund,0,3,4,11,15,5,7,1133.07805429362,1297.71473729972,1,0,0,1,2,0,0,1,8,10,14,21,33,46,-1,1,-4,4,-2,2,4,3,7,5,15,11
2021-09-11,D1,Union Berlin,Augsburg,1,0,0,15,13,6,6,1092.2567108617,782.323091542544,1,0,0,0,20,1,0,14,8,1,16,6,34,17,0,0,2,-2,0,0,0,0,6,6,13,15
2021-09-11,D1,RB Leipzig,Bayern Munich,0,1,4,10,18,4,6,1173.97218198746,1260.75217188338,5,0,0,0,5,3,0,1,9,10,21,20,37,42,-3,3,-8,8,-2,2,4,1,6,4,18,10
2021-09-12,D1,Ein Frankfurt,Stuttgart,1,1,1,18,9,5,3,1010.71195120909,986.844677074115,0,0,0,1,11,0,1,1,6,7,11,13,21,20,0,0,9,-9,2,-2,1,1,3,5,9,18
2021-09-12,D1,Bochum,Hertha,0,1,3,19,5,5,4,954.434738725105,783.814351728626,3,0,0,2,4,0,0,2,7,4,12,7,22,15,-2,2,14,-14,1,-1,3,1,4,5,5,19
2021-09-12,D1,M'gladbach,Arminia Bielefeld,2,3,1,17,18,4,7,926.379377468643,999.968465690354,0,0,0,0,3,1,1,1,5,3,9,3,22,3,2,-2,-1,1,-3,3,1,3,7,4,18,17
2021-09-17,D1,Hertha,Greuther Furth,2,2,1,15,10,3,3,847.630568213003,863.925928194629,0,0,1,2,0,0,2,2,6,1,10,1,18,1,1,-1,5,-5,0,0,1,2,3,3,10,15
2021-09-18,D1,Augsburg,M'gladbach,2,1,0,8,11,1,1,793.721652211802,979.389856494614,0,0,3,2,0,0,3,10,2,7,7,11,18,22,1,-1,-3,3,0,0,0,1,1,1,11,8
2021-09-18,D1,Bayern Munich,Bochum,2,7,0,22,5,15,1,1301.9396040294,890.618522240727,2,0,0,2,2,0,0,6,13,6,22,11,44,22,7,-7,17,-17,14,-14,0,7,1,15,5,22
2021-09-18,D1,Arminia Bielefeld,Hoffenheim,1,0,0,9,16,2,3,946.957986664383,960.309817876471,0,0,0,1,2,0,2,1,3,5,3,11,3,21,0,0,-7,7,-1,1,0,0,3,2,16,9
2021-09-18,D1,Mainz,Freiburg,1,0,0,10,7,3,2,1046.71715105403,1127.31705648075,2,1,0,0,2,2,0,0,10,8,13,17,32,33,0,0,3,-3,1,-1,0,0,2,3,7,10
2021-09-18,D1,FC Koln,RB Leipzig,1,1,1,14,18,6,9,1048.07914630025,1132.78474984144,2,0,0,2,2,0,0,2,7,6,17,18,27,34,0,0,-4,4,-3,3,1,1,9,6,18,14
2021-09-19,D1,Stuttgart,Leverkusen,0,1,3,18,7,8,4,987.942079966781,1115.20012872628,0,1,1,0,0,2,1,0,5,7,13,13,21,33,-2,2,11,-11,4,-4,3,1,4,8,7,18
2021-09-19,D1,Dortmund,Union Berlin,2,4,2,13,9,4,6,1315.59266286705,1080.85815019245,2,0,0,0,17,1,0,3,10,9,23,16,46,32,2,-2,4,-4,-2,2,2,4,6,4,9,13
2021-09-19,D1,Wolfsburg,Ein Frankfurt,1,1,1,15,6,6,2,1118.81565798722,1009.61454831642,2,0,0,0,2,1,0,13,12,6,21,11,32,21,0,0,9,-9,4,-4,1,1,2,6,6,15
2021-09-24,D1,Greuther Furth,Bayern Munich,0,1,3,11,12,6,4,830.426169627391,1317.68350691579,0,1,1,0,0,4,2,0,1,13,1,25,1,44,-2,2,-1,1,2,-2,3,1,4,6,12,11
2021-09-25,D1,Ein Frankfurt,FC Koln,1,1,1,10,15,3,2,1014.48413864075,1051.90448988365,0,0,0,0,12,1,2,3,4,8,12,15,19,27,0,0,-5,5,1,-1,1,1,2,3,15,10
2021-09-25,D1,Hoffenheim,Wolfsburg,2,3,1,11,13,3,2,959.695245837687,1113.94606766289,0,2,1,0,0,2,2,0,5,13,12,19,22,33,2,-2,-2,2,1,-1,1,3,2,3,13,11
2021-09-25,D1,Leverkusen,Mainz,2,1,0,16,14,9,5,1143.67547968877,1050.36373122301,0,1,1,0,0,1,1,0,10,10,13,11,36,33,1,-1,2,-2,4,-4,0,1,5,9,14,16
2021-09-25,D1,RB Leipzig,Hertha,2,6,0,18,5,11,3,1128.95940625804,881.130326780242,0,1,1,0,0,1,1,0,4,6,19,13,34,21,6,-6,13,-13,8,-8,0,6,3,11,5,18
2021-09-25,D1,Union Berlin,Arminia Bielefeld,2,1,0,17,9,4,2,1062.81796430029,947.572558703167,0,0,0,1,21,0,1,2,6,4,13,4,29,4,1,-1,8,-8,2,-2,0,1,2,4,9,17
2021-09-25,D1,M'gladbach,Dortmund,2,1,0,14,8,3,0,931.750359629699,1333.63284875921,1,1,0,0,4,1,0,0,4,12,11,23,21,46,1,-1,6,-6,3,-3,0,1,0,3,8,14
2021-09-26,D1,Bochum,Stuttgart,1,0,0,14,8,4,3,874.874619354338,959.466729004291,0,0,1,0,0,1,1,2,3,4,11,12,19,21,0,0,6,-6,1,-1,0,0,3,4,8,14
2021-09-26,D1,Freiburg,Augsburg,2,3,0,19,8,9,2,1123.67047631177,841.361149076716,0,0,0,0,3,2,1,15,9,5,15,9,34,18,3,-3,11,-11,7,-7,0,3,2,9,8,19
2021-10-01,D1,FC Koln,Greuther Furth,2,3,1,18,7,8,3,1050.18785170426,825.4210410139,0,0,0,3,3,0,1,3,6,1,16,1,25,1,2,-2,11,-11,5,-5,1,3,3,8,7,18
2021-10-02,D1,Dortmund,Augsburg,2,2,1,17,5,3,3,1275.3939671926,823.420004656412,3,0,0,1,18,0,0,16,9,5,22,8,43,18,1,-1,12,-12,0,0,1,2,3,3,5,17
2021-10-02,D1,Hertha,Freiburg,0,1,2,12,9,3,4,848.954555040933,1141.61162073207,1,0,0,0,1,3,0,1,6,11,13,15,18,34,-1,1,3,-3,-1,1,2,1,4,3,9,12
2021-10-02,D1,Stuttgart,Hoffenheim,2,3,1,12,13,6,4,955.646313634752,1021.838393674,0,0,2,0,0,1,2,2,2,5,10,15,22,25,2,-2,-1,1,2,-2,1,3,4,6,13,12
2021-10-02,D1,Wolfsburg,M'gladbach,0,1,3,10,19,5,11,1051.80291982658,989.989241196313,0,0,0,3,3,0,1,11,10,6,16,14,32,24,-2,2,-9,9,-6,6,3,1,11,5,19,10
2021-10-02,D1,RB Leipzig,Bochum,2,3,0,15,9,9,2,1161.13517799735,878.695034723878,1,0,0,3,1,0,0,7,7,4,19,11,37,20,3,-3,6,-6,7,-7,0,3,2,9,9,15
2021-10-03,D1,Mainz,Union Berlin,0,1,2,11,15,4,3,1026.75721363376,1084.57636064088,0,0,0,1,3,0,1,4,7,8,11,15,30,29,-1,1,-4,4,1,-1,2,1,3,4,15,11
2021-10-03,D1,Bayern Munich,Ein Frankfurt,0,1,2,21,5,11,3,1322.68863552928,1016.20077682013,3,0,0,0,3,2,0,14,15,5,25,12,44,20,-1,1,16,-16,8,-8,2,1,3,11,5,21
2021-10-03,D1,Arminia Bielefeld,Leverkusen,0,0,4,10,19,3,7,925.814162362573,1167.28199727802,0,2,0,0,3,3,3,0,3,12,4,15,4,36,-4,4,-9,9,-4,4,4,0,7,3,19,10
2021-10-15,D1,Hoffenheim,FC Koln,2,5,0,14,10,8,0,969.724838429861,1069.06416029142,1,0,0,0,1,2,0,4,4,9,12,16,25,28,5,-5,4,-4,8,-8,0,5,0,8,10,14
2021-10-16,D1,Dortmund,Mainz,2,3,1,11,5,5,2,1279.81153591523,1000.03393141548,4,0,0,1,19,0,0,1,12,7,22,11,43,27,2,-2,6,-6,3,-3,1,3,2,5,5,11
2021-10-16,D1,Ein Frankfurt,Hertha,0,1,2,13,12,5,6,1070.84049722283,838.939954032657,0,0,0,1,13,0,3,1,7,6,15,10,20,18,-1,1,1,-1,-1,1,2,1,6,5,12,13
2021-10-16,D1,Freiburg,RB Leipzig,1,1,1,15,13,2,4,1151.62622174035,1179.06503739672,1,0,0,0,4,1,0,3,11,7,18,19,34,37,0,0,2,-2,-2,2,1,1,4,2,13,15
2021-10-16,D1,Greuther Furth,Bochum,0,0,1,12,9,3,2,806.544732426747,860.765175324503,0,0,2,4,0,0,3,8,0,1,1,11,1,20,-1,1,3,-3,1,-1,1,0,2,3,9,12
2021-10-16,D1,Union Berlin,Wolfsburg,2,2,0,6,13,3,4,1111.29964285916,1000.22371466421,1,0,0,1,22,0,0,1,10,7,18,16,31,32,2,-2,-7,7,-1,1,0,2,4,3,13,6
2021-10-16,D1,M'gladbach,Stuttgart,1,1,1,31,5,8,2,1041.56844635869,1007.75986887889,2,0,0,0,5,2,0,3,9,5,14,13,24,22,0,0,26,-26,6,-6,1,1,2,8,5,31
2021-10-17,D1,Leverkusen,Bayern Munich,0,1,5,7,27,4,11,1193.00675428371,1268.04891512659,1,2,0,0,1,5,0,0,12,12,18,22,39,44,-4,4,-20,20,-7,7,5,1,11,4,27,7
2021-10-17,D1,Augsburg,Arminia Bielefeld,1,1,1,14,10,6,3,819.002435933777,900.089405356886,1,0,0,2,1,0,0,3,4,2,5,4,15,4,0,0,4,-4,3,-3,1,1,3,6,10,14
2021-10-22,D1,Mainz,Augsburg,2,4,1,19,6,8,2,985.42801724035,822.670274322467,0,0,1,2,0,0,2,17,4,5,11,6,24,16,3,-3,13,-13,6,-6,1,4,2,8,6,19
2021-10-23,D1,Bayern Munich,Hoffenheim,2,4,0,15,9,7,2,1318.83261966653,1064.30218084142,0,0,1,1,0,0,1,3,12,7,22,15,44,28,4,-4,6,-6,5,-5,0,4,2,7,9,15
2021-10-23,D1,Arminia Bielefeld,Dortmund,0,1,3,13,14,6,7,896.421566968196,1294.41745009036,0,0,1,1,0,0,4,1,2,12,5,22,5,43,-2,2,-1,1,-1,1,3,1,7,6,14,13
2021-10-23,D1,RB Leipzig,Greuther Furth,2,4,1,13,8,5,4,1177.80405377277,779.498469803198,2,0,0,4,2,0,0,4,8,0,17,1,35,1,3,-3,5,-5,1,-1,1,4,4,5,8,13
2021-10-23,D1,Wolfsburg,Freiburg,0,0,2,17,11,4,4,969.928523047424,1152.8872053643,0,1,1,0,0,4,2,0,4,9,13,19,29,34,-2,2,6,-6,0,0,2,0,4,4,11,17
2021-10-23,D1,Hertha,M'gladbach,2,1,0,10,10,4,1,889.605837120088,1040.01639952798,0,1,1,0,0,1,1,0,9,10,13,15,18,25,1,-1,0,0,3,-3,0,1,1,4,10,10
2021-10-24,D1,FC Koln,Leverkusen,1,2,2,17,9,5,6,974.48681787986,1142.22304974376,1,3,0,0,4,4,0,0,6,9,13,17,28,38,0,0,8,-8,-1,1,2,2,6,5,9,17
2021-10-24,D1,Stuttgart,Union Berlin,1,1,1,8,11,2,3,1009.3119157096,1141.59483447594,1,1,0,0,1,1,0,0,6,10,13,18,23,34,0,0,-3,3,-1,1,1,1,3,2,11,8
2021-10-24,D1,Bochum,Ein Frankfurt,2,2,0,19,14,7,6,887.811437948052,1020.1746141354,0,1,0,0,1,3,2,0,4,6,11,12,23,20,2,-2,5,-5,1,-1,0,2,6,7,14,19
2021-10-29,D1,Hoffenheim,Hertha,2,2,0,14,5,3,2,1040.09112839655,934.654019554915,2,1,0,0,2,1,0,0,7,9,12,15,28,21,2,-2,9,-9,1,-1,0,2,2,3,5,14
2021-10-30,D1,Arminia Bielefeld,Mainz,0,1,2,15,16,7,6,888.363427749279,1016.13204888363,0,0,2,2,0,0,5,2,2,4,5,14,5,24,-1,1,-1,1,1,-1,2,1,6,7,16,15
2021-10-30,D1,Dortmund,FC Koln,2,2,0,7,19,4,6,1302.47558930928,981.662341049861,5,0,0,1,20,0,0,5,12,6,22,13,43,28,2,-2,-12,12,-2,2,0,2,6,4,19,7
2021-10-30,D1,Freiburg,Greuther Furth,2,3,1,12,8,5,4,1175.57142471158,769.495366716196,0,0,0,5,5,0,1,5,11,0,19,1,36,1,2,-2,4,-4,1,-1,1,3,4,5,8,12
2021-10-30,D1,Leverkusen,Wolfsburg,0,0,2,12,13,1,8,1135.04752657376,947.244303700147,0,0,1,2,0,0,1,2,10,1,17,13,36,28,-2,2,-1,1,-7,7,2,0,8,1,13,12
2021-10-30,D1,Union Berlin,Bayern Munich,0,2,5,9,14,6,6,1135.78122363798,1343.0436721114,2,3,0,0,23,6,0,0,10,12,19,25,34,44,-3,3,-5,5,0,0,5,2,6,6,14,9
2021-10-30,D1,Ein Frankfurt,RB Leipzig,1,1,1,12,15,3,7,960.372508089386,1187.80715685978,0,0,1,0,0,2,4,4,5,11,11,17,19,38,0,0,-3,3,-4,4,1,1,7,3,15,12
2021-10-31,D1,Augsburg,Stuttgart,2,4,1,20,12,12,3,791.966242679187,1015.12552654757,0,0,0,0,2,3,1,4,4,6,6,11,13,24,3,-3,8,-8,9,-9,1,4,3,12,12,20
2021-10-31,D1,M'gladbach,Bochum,2,2,1,14,11,5,4,994.968217093149,947.613543994066,0,1,0,0,6,1,1,0,7,7,14,13,24,26,1,-1,3,-3,1,-1,1,2,4,5,11,14
2021-11-05,D1,Mainz,M'gladbach,1,1,1,19,11,8,5,1036.86740764693,1022.63349944402,1,0,0,1,1,0,0,1,6,10,16,14,26,27,0,0,8,-8,3,-3,1,1,5,8,11,19
2021-11-06,D1,Bayern Munich,Freiburg,2,2,1,29,14,11,4,1368.42324558591,1183.29558686475,1,2,0,0,1,5,0,0,12,13,25,22,44,36,1,-1,15,-15,7,-7,1,2,4,11,14,29
2021-11-06,D1,Bochum,Hoffenheim,2,2,0,14,9,4,1,919.948261643194,1071.03324348066,1,0,0,2,2,0,0,4,7,9,10,14,23,31,2,-2,5,-5,3,-3,0,2,1,4,9,14
2021-11-06,D1,Stuttgart,Arminia Bielefeld,0,0,1,9,15,4,2,929.703620078425,867.628068985977,0,0,0,0,2,1,1,4,6,1,10,5,23,5,-1,1,-6,6,2,-2,1,0,2,4,15,9
2021-11-06,D1,Wolfsburg,Augsburg,2,1,0,9,13,4,3,1012.74115951068,877.388149148328,0,0,2,3,0,0,3,18,3,4,16,9,30,16,1,-1,-4,4,1,-1,0,1,3,4,13,9
2021-11-06,D1,RB Leipzig,Dortmund,2,2,1,15,9,7,3,1178.61091844962,1314.4272282662,3,1,0,0,3,1,0,0,11,12,15,24,36,45,1,-1,6,-6,4,-4,1,2,3,7,9,15
2021-11-07,D1,Hertha,Leverkusen,1,1,1,15,8,5,3,903.711904470803,1069.55067076323,1,0,0,0,1,5,0,1,6,7,12,17,20,33,0,0,7,-7,2,-2,1,1,3,5,8,15
2021-11-07,D1,FC Koln,Union Berlin,1,2,2,16,9,5,3,969.710702092942,1110.40165016347,0,0,0,0,5,2,1,1,5,10,13,16,28,33,0,0,7,-7,2,-2,2,2,3,5,9,16
2021-11-07,D1,Greuther Furth,Ein Frankfurt,0,1,2,20,14,2,4,761.771204563018,969.568746499539,0,0,3,1,0,0,4,1,0,5,1,9,1,19,-1,1,6,-6,-2,2,2,1,4,2,14,20
2021-11-19,D1,Augsburg,Bayern Munich,2,2,1,6,18,3,4,857.260013061187,1384.82167164839,1,4,0,0,3,7,0,0,4,12,9,27,15,47,1,-1,-12,12,-1,1,1,2,4,3,18,6
2021-11-20,D1,Arminia Bielefeld,Wolfsburg,1,2,2,10,13,3,5,905.285368469287,1032.86929559782,0,1,3,0,0,1,6,0,4,6,7,16,8,30,0,0,-3,3,-2,2,2,2,5,3,13,10
2021-11-20,D1,Dortmund,Stuttgart,2,2,1,20,12,4,4,1270.51858432147,892.046320595115,6,0,0,1,21,0,0,5,12,5,21,7,42,23,1,-1,8,-8,0,0,1,2,4,4,12,20
2021-11-20,D1,Hoffenheim,RB Leipzig,2,2,0,24,4,8,0,1009.22150903741,1222.51956239435,3,0,0,0,3,3,0,5,6,11,11,18,28,39,2,-2,20,-20,8,-8,0,2,0,8,4,24
2021-11-20,D1,Leverkusen,Bochum,2,1,0,11,19,5,7,1062.44512515559,981.759996086437,0,0,2,1,0,0,2,1,5,9,17,13,31,23,1,-1,-8,8,-2,2,0,1,7,5,19,11
2021-11-20,D1,M'gladbach,Greuther Furth,2,4,0,19,4,11,2,1023.28862865534,746.913240847925,1,0,0,6,7,0,0,6,8,0,14,1,27,1,4,-4,15,-15,9,-9,0,4,2,11,4,19
2021-11-20,D1,Union Berlin,Hertha,2,2,0,16,6,5,3,1104.25494932722,910.817450078447,0,0,1,1,0,0,1,1,8,7,16,13,31,21,2,-2,10,-10,2,-2,0,2,3,5,6,16
2021-11-21,D1,Freiburg,Ein Frankfurt,0,0,2,20,13,6,7,1166.89716080228,984.426710214632,1,1,0,0,6,1,0,0,10,7,21,12,35,22,-2,2,7,-7,-1,1,2,0,7,6,13,20
2021-11-21,D1,Mainz,FC Koln,1,1,1,11,12,2,6,1036.21227843561,975.857402929188,0,0,0,2,2,0,1,6,7,5,14,11,26,29,0,0,-1,1,-4,4,1,1,6,2,12,11
2021-11-26,D1,Stuttgart,Mainz,2,2,1,8,18,3,5,885.538600407814,1033.46045873286,0,1,1,0,0,1,2,0,2,8,7,15,23,24,1,-1,-10,10,-2,2,1,2,5,3,18,8
2021-11-27,D1,Bochum,Freiburg,2,2,1,13,22,5,11,957.060597670788,1101.91344239406,2,0,0,1,3,0,0,1,9,7,10,18,22,34,1,-1,-9,9,-6,6,1,2,11,5,22,13
2021-11-27,D1,FC Koln,M'gladbach,2,4,1,15,15,9,5,978.609222631938,1045.12300428413,0,0,0,0,6,1,2,2,3,8,12,17,29,29,3,-3,0,0,4,-4,1,4,5,9,15,15
2021-11-27,D1,Greuther Furth,Hoffenheim,0,3,6,14,20,7,11,725.078865219135,1077.0640428139,0,0,4,3,0,0,5,5,0,9,0,13,1,28,-3,3,-6,6,-4,4,6,3,11,7,20,14
2021-11-27,D1,Hertha,Augsburg,1,1,1,10,20,4,7,889.132838158142,918.329651542236,0,0,0,4,2,0,1,19,7,7,13,11,20,17,0,0,-10,10,-3,3,1,1,7,4,20,10
2021-11-27,D1,Wolfsburg,Dortmund,0,1,3,15,16,7,8,1027.24442786457,1277.02630450877,1,0,0,1,1,0,0,1,7,12,14,24,30,45,-2,2,-1,1,-1,1,3,1,8,7,16,15
2021-11-27,D1,Bayern Munich,Arminia Bielefeld,2,1,0,23,8,9,0,1323.75203316734,910.910236202534,2,1,0,0,2,2,0,0,12,5,24,7,44,9,1,-1,15,-15,9,-9,0,1,0,9,8,23
2021-11-28,D1,Ein Frankfurt,Union Berlin,2,2,1,17,7,4,4,1049.41042862285,1125.93956124753,0,0,0,0,1,3,5,2,7,8,14,18,24,31,1,-1,10,-10,0,0,1,2,4,4,7,17
2021-11-28,D1,RB Leipzig,Leverkusen,0,1,3,14,11,3,4,1154.67702861786,1087.14452357124,4,0,0,0,4,6,0,2,8,5,15,17,39,31,-2,2,3,-3,-1,1,3,1,4,3,11,14
2021-12-03,D1,Union Berlin,RB Leipzig,2,2,1,14,11,5,2,1087.00279302623,1102.40038352147,1,0,0,1,1,0,0,6,5,7,15,15,31,36,1,-1,3,-3,3,-3,1,2,2,5,11,14
2021-12-04,D1,Augsburg,Bochum,0,2,3,16,12,7,6,916.988244743746,1001.67923865512,2,0,0,2,4,0,0,2,7,9,12,13,18,25,-1,1,4,-4,1,-1,3,2,6,7,12,16
2021-12-04,D1,Arminia Bielefeld,FC Koln,1,1,1,18,9,5,3,905.471408859482,1043.45476263223,0,0,0,0,1,1,7,7,4,6,6,12,9,29,0,0,9,-9,2,-2,1,1,3,5,9,18
2021-12-04,D1,Hoffenheim,Ein Frankfurt,2,3,2,8,17,4,2,1089.76777690693,1088.34719684415,4,2,0,0,4,2,0,0,9,10,16,16,28,27,1,-1,-9,9,2,-2,2,3,2,4,17,8
2021-12-04,D1,Leverkusen,Greuther Furth,2,7,1,13,8,8,3,1139.42116866762,712.375131126113,1,0,0,7,1,0,0,7,8,0,17,0,31,1,6,-6,5,-5,5,-5,1,7,3,8,8,13
2021-12-04,D1,Mainz,Wolfsburg,2,3,0,12,16,5,0,988.603940060621,1010.41389602198,0,0,0,0,3,2,2,1,8,7,12,11,23,30,3,-3,-4,4,5,-5,0,3,0,5,16,12
2021-12-04,D1,Dortmund,Bayern Munich,0,2,3,11,16,4,6,1293.85683635136,1329.19086051039,7,0,0,1,22,0,0,1,12,12,24,24,45,44,-1,1,-5,5,-2,2,3,2,6,4,16,11
2021-12-05,D1,Stuttgart,Hertha,1,2,2,10,15,3,8,930.395119080055,890.474244956632,1,0,0,2,1,0,0,2,4,5,10,14,23,21,0,0,-5,5,-5,5,2,2,8,3,15,10
2021-12-05,D1,M'gladbach,Freiburg,0,0,6,19,15,3,8,980.277464283839,1057.29480140973,2,0,0,2,8,0,0,2,7,6,17,15,26,34,-6,6,4,-4,-5,5,6,0,8,3,15,19
2021-12-10,D1,FC Koln,Augsburg,0,0,2,14,12,4,4,1037.41466576308,892.637663217007,1,0,0,0,7,1,0,20,6,7,12,11,29,18,-2,2,2,-2,0,0,2,0,4,4,12,14
2021-12-11,D1,Bayern Munich,Mainz,2,2,1,21,9,7,4,1357.94765019461,1046.55421742497,3,0,0,1,3,0,0,1,12,8,24,12,46,25,1,-1,12,-12,3,-3,1,2,4,7,9,21
2021-12-11,D1,Bochum,Dortmund,1,1,1,4,23,3,8,1026.02982018186,1265.10004666715,3,1,0,0,4,1,0,0,9,9,16,21,27,44,0,0,-19,19,-5,5,1,1,8,3,23,4
2021-12-11,D1,Freiburg,Hoffenheim,0,1,2,14,14,6,8,1122.25978412207,1121.63693737701,0,1,1,0,0,1,1,0,6,12,17,19,34,30,-1,1,0,0,-2,2,2,1,8,6,14,14
2021-12-11,D1,Hertha,Arminia Bielefeld,2,2,0,18,9,9,1,892.304621137046,911.511505728632,0,0,0,1,3,0,2,1,3,5,12,7,22,10,2,-2,9,-9,8,-8,0,2,1,9,9,18
2021-12-11,D1,RB Leipzig,M'gladbach,2,4,1,19,12,10,4,1068.98314076091,915.312481571501,0,0,1,1,0,0,1,3,4,7,15,14,33,25,3,-3,7,-7,6,-6,1,4,4,10,12,19
2021-12-11,D1,Wolfsburg,Stuttgart,0,0,2,19,12,3,3,952.463618657635,928.564742899641,0,0,1,2,0,0,1,6,7,4,8,10,29,23,-2,2,7,-7,0,0,2,0,3,3,12,19
2021-12-12,D1,Greuther Furth,Union Berlin,2,1,0,5,14,3,4,699.274649574003,1120.42003578679,0,0,5,1,0,0,6,3,0,7,0,17,1,33,1,-1,-9,9,-1,1,0,1,4,3,14,5
2021-12-12,D1,Ein Frankfurt,Leverkusen,2,5,2,15,11,7,4,1056.47803637406,1152.52165021973,1,1,0,0,2,7,0,0,10,10,15,20,26,33,3,-3,4,-4,3,-3,2,5,4,7,11,15
2021-12-14,D1,Stuttgart,Bayern Munich,0,0,5,13,25,1,12,975.434423587548,1367.08451213714,0,1,0,0,2,1,1,0,7,12,13,24,25,49,-5,5,-12,12,-11,11,5,0,12,1,25,13
2021-12-14,D1,Arminia Bielefeld,Bochum,2,2,0,13,5,4,3,865.231823946032,1035.57797457885,0,1,0,0,2,1,8,0,5,10,6,17,10,28,2,-2,8,-8,1,-1,0,2,3,4,5,13
2021-12-14,D1,Mainz,Hertha,2,4,0,21,7,11,1,1037.41735548243,938.584302919646,1,0,0,0,4,1,0,3,5,6,11,12,22,25,4,-4,14,-14,10,-10,0,4,1,11,7,21
2021-12-14,D1,Wolfsburg,FC Koln,0,2,3,19,19,5,6,905.593937969728,976.270647963812,0,0,2,0,0,2,2,8,4,6,7,11,26,26,-1,1,0,0,-1,1,3,2,6,5,19,19
2021-12-15,D1,M'gladbach,Ein Frankfurt,0,2,3,19,12,8,5,883.441428401616,1125.71151732434,0,0,1,1,0,0,1,1,4,12,14,17,25,29,-1,1,7,-7,3,-3,3,2,5,8,12,19
2021-12-15,D1,Augsburg,RB Leipzig,1,1,1,9,13,2,4,953.781681016277,1100.8541939308,0,0,1,2,0,0,1,7,7,6,11,17,20,36,0,0,-4,4,-2,2,1,1,4,2,13,9
2021-12-15,D1,Dortmund,Greuther Furth,2,3,0,12,7,5,1,1255.55189227016,758.069030816392,0,0,1,8,0,0,1,8,7,3,19,3,42,4,3,-3,5,-5,4,-4,0,3,1,5,7,12
2021-12-15,D1,Leverkusen,Hoffenheim,1,2,2,17,14,9,6,1083.28816926946,1153.69430362077,2,2,0,0,2,2,0,0,10,12,17,21,30,33,0,0,3,-3,3,-3,2,2,6,9,14,17
2021-12-15,D1,Union Berlin,Freiburg,1,0,0,18,8,5,2,1061.6256545444,1090.2024178783,2,1,0,0,2,1,0,0,7,3,17,16,30,31,0,0,10,-10,3,-3,0,0,2,5,8,18
2021-12-17,D1,Bayern Munich,Wolfsburg,2,4,0,24,7,9,2,1381.13529851091,880.01517390143,4,0,0,1,4,0,0,2,12,1,24,7,49,23,4,-4,17,-17,7,-7,0,4,2,9,7,24
2021-12-18,D1,Bochum,Union Berlin,0,0,1,13,9,3,3,971.789216339472,1062.93870347283,0,0,0,2,5,0,1,4,7,7,16,15,27,30,-1,1,4,-4,0,0,1,0,3,3,9,13
2021-12-18,D1,Ein Frankfurt,Mainz,2,1,0,13,11,4,5,1138.42648853878,1084.05091491802,2,0,0,2,3,0,0,2,12,7,19,14,31,25,1,-1,2,-2,-1,1,0,1,5,4,11,13
2021-12-18,D1,Greuther Furth,Augsburg,1,0,0,4,14,1,5,752.182309123486,960.177107966211,1,1,0,0,1,2,0,0,3,8,3,12,4,20,0,0,-10,10,-4,4,0,0,5,1,14,4
2021-12-18,D1,Hoffenheim,M'gladbach,1,1,1,21,11,8,5,1150.49564625859,870.726457187176,5,0,0,2,5,0,0,4,13,3,19,11,34,25,0,0,10,-10,3,-3,1,1,5,8,11,21
2021-12-18,D1,RB Leipzig,Arminia Bielefeld,0,0,2,15,4,4,4,1094.45876698086,929.020582185406,1,0,0,2,1,0,0,2,4,5,15,9,34,13,-2,2,11,-11,0,0,2,0,4,4,4,15
2021-12-18,D1,Hertha,Dortmund,2,3,2,14,9,5,3,891.950743484055,1261.43861396307,1,0,0,0,4,2,0,1,5,10,12,22,25,44,1,-1,5,-5,2,-2,2,3,3,5,9,14
2021-12-19,D1,Freiburg,Leverkusen,2,2,1,14,6,6,4,1088.88936894988,1086.48682663164,0,0,2,1,0,0,2,1,4,10,14,15,29,30,1,-1,8,-8,2,-2,1,2,4,6,6,14
2021-12-19,D1,FC Koln,Stuttgart,2,1,0,8,6,2,2,1001.84941203211,961.383637213781,0,1,1,0,0,1,1,0,8,7,13,12,29,22,1,-1,2,-2,0,0,0,1,2,2,6,8
2022-01-07,D1,Bayern Munich,M'gladbach,0,1,2,19,9,8,3,1387.96179018481,881.397757789707,5,0,0,0,5,1,0,5,15,1,27,9,49,23,-1,1,10,-10,5,-5,2,1,3,8,9,19
2022-01-08,D1,Freiburg,Arminia Bielefeld,1,2,2,18,15,6,5,1120.66809015183,992.314604937443,1,1,0,0,1,1,0,0,7,7,14,12,32,16,0,0,3,-3,1,-1,2,2,5,6,15,18
2022-01-08,D1,Greuther Furth,Stuttgart,1,0,0,10,18,3,3,760.759802541797,933.09391105673,0,0,0,1,2,0,1,1,4,7,4,9,5,22,0,0,-8,8,0,0,0,0,3,3,18,10
2022-01-08,D1,Hoffenheim,Augsburg,2,3,1,12,9,5,4,1139.82434565606,951.599614547901,0,0,0,0,6,3,1,1,11,6,20,13,32,18,2,-2,3,-3,1,-1,1,3,4,5,9,12
2022-01-08,D1,Leverkusen,Union Berlin,1,2,2,17,17,8,7,1054.70810542969,1086.73097200684,0,1,0,0,3,1,1,0,7,7,12,15,30,33,0,0,0,0,1,-1,2,2,7,8,17,17
2022-01-08,D1,RB Leipzig,Mainz,2,4,1,16,2,8,1,1031.16474422883,1057.01859699277,0,0,1,3,0,0,1,3,4,6,12,14,31,25,3,-3,14,-14,7,-7,1,4,1,8,2,16
2022-01-08,D1,Ein Frankfurt,Dortmund,0,2,3,12,21,5,8,1165.45880646403,1204.25496837173,3,0,0,1,4,0,0,2,12,7,19,19,34,41,-1,1,-9,9,-3,3,3,2,8,5,21,12
2022-01-09,D1,Hertha,FC Koln,0,1,3,10,14,5,8,949.134389075396,1030.13913818916,2,1,0,0,5,3,0,0,8,10,15,13,25,29,-2,2,-4,4,-3,3,3,1,8,5,14,10
2022-01-09,D1,Bochum,Wolfsburg,2,1,0,12,12,3,4,947.996947805467,873.188682227527,0,0,1,2,0,0,2,3,7,0,16,7,27,23,1,-1,0,0,-1,1,0,1,4,3,12,12
2022-01-14,D1,Dortmund,Freiburg,2,5,1,20,4,8,4,1232.69648766904,1115.0121871526,1,0,0,0,1,2,0,1,7,8,19,14,41,33,4,-4,16,-16,4,-4,1,5,4,8,4,20
2022-01-15,D1,FC Koln,Bayern Munich,0,0,4,11,19,3,9,1063.9526742542,1327.24930651421,1,2,0,0,1,2,0,0,10,12,16,24,29,46,-4,4,-8,8,-6,6,4,0,9,3,19,11
2022-01-15,D1,Mainz,Bochum,2,1,0,20,12,5,3,998.436595691074,973.211390452817,2,0,0,1,5,0,0,1,6,7,14,16,25,27,1,-1,8,-8,2,-2,0,1,3,5,12,20
2022-01-15,D1,Stuttgart,RB Leipzig,0,0,2,16,7,10,3,925.750241920968,1089.74674553052,0,0,1,0,0,1,2,8,5,7,9,14,22,31,-2,2,9,-9,7,-7,2,0,3,10,7,16
2022-01-15,D1,Union Berlin,Hoffenheim,2,2,1,6,12,3,5,1085.26042632212,1162.00249502204,0,0,0,0,3,3,1,1,8,11,13,20,31,35,1,-1,-6,6,-2,2,1,2,5,3,12,6
2022-01-15,D1,Wolfsburg,Hertha,1,0,0,7,6,3,2,847.974239580177,915.320853010355,0,0,3,1,0,0,3,4,0,7,7,12,20,25,0,0,1,-1,1,-1,0,0,2,3,6,7
2022-01-15,D1,M'gladbach,Leverkusen,0,1,2,16,29,6,13,942.110241460308,1056.17865111441,0,0,2,2,0,0,2,2,4,5,11,13,26,30,-1,1,-13,13,-7,7,2,1,13,6,29,16
2022-01-16,D1,Augsburg,Ein Frankfurt,1,1,1,12,14,5,4,929.421465181915,1137.01728716672,0,1,0,0,1,1,2,0,5,9,12,19,18,31,0,0,-2,2,1,-1,1,1,4,5,14,12
2022-01-16,D1,Arminia Bielefeld,Greuther Furth,1,2,2,13,6,5,3,997.970507936672,768.103471677558,1,0,0,9,3,0,0,9,8,5,12,5,17,6,0,0,7,-7,2,-2,2,2,3,5,6,13
2022-01-21,D1,Ein Frankfurt,Arminia Bielefeld,0,0,2,17,8,7,5,1128.45289488145,988.69956065918,0,0,1,0,0,2,1,1,10,8,20,13,31,18,-2,2,9,-9,2,-2,2,0,5,7,8,17
2022-01-22,D1,Freiburg,Stuttgart,2,2,0,16,7,4,1,1071.55892062059,901.182515438942,0,0,0,0,2,1,1,2,5,4,11,8,30,19,2,-2,9,-9,3,-3,0,2,1,4,7,16
2022-01-22,D1,Greuther Furth,Mainz,2,2,1,11,16,7,4,777.37441895505,1028.117342187,0,0,0,4,3,0,2,4,6,6,6,14,7,28,1,-1,-5,5,3,-3,1,2,4,7,16,11
2022-01-22,D1,Hoffenheim,Dortmund,0,2,3,14,3,2,2,1123.04703874196,1276.14975420105,1,1,0,0,7,1,0,0,8,10,20,19,32,41,-1,1,11,-11,0,0,3,2,2,2,3,14
2022-01-22,D1,Leverkusen,Augsburg,2,5,1,22,14,12,5,1078.03445384192,937.985857467181,0,0,0,1,4,0,2,2,5,6,15,13,32,19,4,-4,8,-8,7,-7,1,5,5,12,14,22
2022-01-22,D1,M'gladbach,Union Berlin,0,1,2,12,6,5,3,920.25443873279,1124.2158826022,0,0,3,0,0,2,3,1,4,8,11,15,25,34,-1,1,6,-6,2,-2,2,1,3,5,6,12
2022-01-22,D1,Bochum,FC Koln,1,2,2,17,7,7,3,943.530643956888,1040.71847349693,1,2,0,0,1,4,0,0,4,9,13,15,26,28,0,0,10,-10,4,-4,2,2,3,7,7,17
2022-01-23,D1,RB Leipzig,Wolfsburg,2,2,0,12,9,4,3,1114.31447201254,851.037396874189,1,0,0,3,1,0,0,4,10,1,14,8,31,21,2,-2,3,-3,1,-1,0,2,3,4,9,12
2022-01-23,D1,Hertha,Bayern Munich,0,1,4,5,29,2,20,912.257695716343,1350.48350727149,0,3,1,0,0,3,1,0,7,12,10,24,25,49,-3,3,-24,24,-18,18,4,1,20,2,29,5
2022-02-04,D1,Hertha,Bochum,1,1,1,13,9,2,4,904.155735561,947.893112761979,0,0,2,2,0,0,2,2,4,4,10,14,22,24,0,0,4,-4,-2,2,1,1,4,2,9,13
2022-02-05,D1,Augsburg,Union Berlin,2,2,0,14,14,9,4,898.161213607228,1139.32726371848,0,1,0,0,2,3,3,0,3,11,10,18,19,34,2,-2,0,0,5,-5,0,2,4,9,14,14
2022-02-05,D1,Arminia Bielefeld,M'gladbach,1,1,1,10,22,5,4,1049.30491342155,905.143057616506,0,1,0,0,4,2,1,0,11,4,16,8,21,22,0,0,-12,12,1,-1,1,1,4,5,22,10
2022-02-05,D1,FC Koln,Freiburg,2,1,0,14,18,3,2,1036.35600469184,1095.48236819184,0,0,1,1,0,0,1,2,10,8,16,11,29,33,1,-1,-4,4,1,-1,0,1,2,3,18,14
2022-02-05,D1,Mainz,Hoffenheim,2,2,0,9,12,4,2,976.34265944516,1104.30129599848,3,0,0,1,6,0,0,2,6,5,11,17,27,31,2,-2,-3,3,2,-2,0,2,2,4,12,9
2022-02-05,D1,Stuttgart,Ein Frankfurt,0,2,3,15,15,6,6,877.259067867693,1067.84754211908,0,0,2,0,0,2,3,1,1,7,8,19,18,28,-1,1,0,0,0,0,3,2,6,6,15,15
2022-02-05,D1,Bayern Munich,RB Leipzig,2,3,2,25,13,8,7,1358.58546742683,1130.11361107133,0,1,1,0,0,2,1,0,12,10,24,16,49,31,1,-1,12,-12,1,-1,2,3,7,8,13,25
2022-02-06,D1,Dortmund,Leverkusen,0,2,5,14,10,6,7,1294.89549694453,1117.85909770188,2,1,0,0,2,1,0,0,12,8,19,18,43,35,-3,3,4,-4,-1,1,5,2,7,6,10,14
2022-02-06,D1,Wolfsburg,Greuther Furth,2,4,1,11,8,6,4,835.238257815399,829.149101696895,0,0,0,0,1,1,4,10,1,6,5,9,21,10,3,-3,3,-3,2,-2,1,4,4,6,8,11
2022-02-11,D1,RB Leipzig,FC Koln,2,3,1,6,9,4,2,1116.56994957432,1073.74977459672,2,0,0,0,2,5,0,1,9,10,13,18,31,29,2,-2,-3,3,2,-2,1,3,2,4,9,6
2022-02-12,D1,Bochum,Bayern Munich,2,4,2,12,22,7,4,945.889504905805,1372.12912892384,0,4,0,0,2,4,1,0,5,12,12,24,25,51,2,-2,-10,10,3,-3,2,4,4,7,22,12
2022-02-12,D1,Ein Frankfurt,Wolfsburg,0,0,2,16,11,2,3,1083.86551091261,888.814229880479,0,0,2,4,0,0,2,5,7,4,19,5,31,21,-2,2,5,-5,-1,1,2,0,3,2,11,16
2022-02-12,D1,Freiburg,Mainz,1,1,1,16,20,5,5,1058.08859828696,1035.66004760125,1,0,0,5,3,0,0,5,7,6,11,13,32,27,0,0,-4,4,0,0,1,1,5,5,20,16
2022-02-12,D1,Greuther Furth,Hertha,2,2,1,19,24,10,8,775.573129631814,906.159343417174,1,0,0,0,4,1,0,5,6,5,9,10,10,23,1,-1,-5,5,2,-2,1,2,8,10,24,19
2022-02-12,D1,M'gladbach,Augsburg,2,3,2,14,14,5,8,911.425483976521,968.361020195324,0,0,4,2,0,0,4,3,5,5,8,13,22,22,1,-1,0,0,-3,3,2,3,8,5,14,14
2022-02-12,D1,Leverkusen,Stuttgart,2,4,2,20,8,6,5,1197.99850309329,861.241099074163,1,0,0,1,5,0,0,3,10,1,20,8,37,15,2,-2,12,-12,1,-1,2,4,5,6,8,20
2022-02-13,D1,Union Berlin,Dortmund,0,0,3,12,10,2,6,1069.12745713039,1214.75609155312,1,2,0,0,4,2,0,0,10,9,17,19,33,40,-3,3,2,-2,-4,4,3,0,6,2,10,12
2022-02-13,D1,Hoffenheim,Arminia Bielefeld,2,2,0,25,8,9,4,1044.98390784239,1043.02248706154,0,1,1,0,0,3,1,0,4,9,17,14,28,21,2,-2,17,-17,5,-5,0,2,4,9,8,25
2022-02-18,D1,Mainz,Leverkusen,2,3,2,17,8,5,6,1036.6914881575,1209.03389389584,4,2,0,0,7,2,0,0,7,13,13,20,28,37,1,-1,9,-9,-1,1,2,3,6,5,8,17
2022-02-19,D1,Augsburg,Freiburg,0,1,2,18,15,4,5,931.16350610626,1057.05715773071,1,0,0,2,3,0,0,3,4,5,10,12,21,30,-1,1,3,-3,-1,1,2,1,5,4,15,18
2022-02-19,D1,Arminia Bielefeld,Union Berlin,2,1,0,11,11,3,4,999.412461203108,1036.20218306975,0,0,0,1,5,0,2,1,6,7,13,14,20,32,1,-1,0,0,-1,1,0,1,4,3,11,11
2022-02-19,D1,Stuttgart,Bochum,1,1,1,15,13,7,5,850.205708271611,1026.66003483883,0,0,3,0,0,1,4,3,1,8,8,15,15,25,0,0,2,-2,2,-2,1,1,5,7,13,15
2022-02-19,D1,Wolfsburg,Hoffenheim,0,1,2,14,10,6,4,954.996140714836,1088.59393370082,1,0,0,2,2,0,0,3,7,6,7,17,21,30,-1,1,4,-4,2,-2,2,1,4,6,10,14
2022-02-19,D1,FC Koln,Ein Frankfurt,2,1,0,13,10,8,2,1035.27024589306,1017.68360007825,1,1,0,0,1,3,0,0,7,4,17,16,29,30,1,-1,3,-3,6,-6,0,1,2,8,10,13
2022-02-20,D1,Bayern Munich,Greuther Furth,2,4,1,22,8,8,3,1291.35859899082,819.064470623864,1,0,0,1,1,0,0,11,9,8,24,12,48,12,3,-3,14,-14,5,-5,1,4,3,8,8,22
2022-02-20,D1,Dortmund,M'gladbach,2,6,0,16,8,10,5,1247.68136561376,948.622998065586,0,0,1,0,0,3,1,1,12,7,19,8,43,25,6,-6,8,-8,5,-5,0,6,5,10,8,16
2022-02-20,D1,Hertha,RB Leipzig,0,1,6,8,16,4,10,862.668002425124,1155.04947827798,0,0,0,1,1,0,3,1,2,12,10,16,23,31,-5,5,-8,8,-6,6,6,1,10,4,16,8
2022-02-25,D1,Hoffenheim,Stuttgart,2,2,1,19,13,7,4,1108.86174113253,857.698331067705,1,0,0,2,1,0,0,4,6,1,17,6,33,16,1,-1,6,-6,3,-3,1,2,4,7,13,19
2022-02-26,D1,Freiburg,Hertha,2,3,0,16,17,5,2,1077.94409449946,839.48375389255,0,0,0,1,4,0,1,6,7,2,15,9,30,23,3,-3,-1,1,3,-3,0,3,2,5,17,16
2022-02-26,D1,Greuther Furth,FC Koln,1,1,1,13,17,5,5,812.316037398752,1065.65183795976,2,0,0,1,5,0,0,2,7,7,12,17,12,29,0,0,-4,4,0,0,1,1,5,5,17,13
2022-02-26,D1,Leverkusen,Arminia Bielefeld,2,3,0,21,8,9,3,1162.34595241685,1034.78831193141,2,0,0,1,6,0,0,1,12,8,17,16,34,22,3,-3,13,-13,6,-6,0,3,3,9,8,21
2022-02-26,D1,M'gladbach,Wolfsburg,1,2,2,23,6,11,3,923.418318875852,934.728333283122,1,1,0,0,1,1,0,0,4,7,8,7,25,18,0,0,17,-17,8,-8,2,2,3,11,6,23
2022-02-26,D1,Union Berlin,Mainz,2,3,1,7,14,3,1,1000.82633234145,1083.37942963648,0,0,1,0,0,1,1,6,6,10,14,16,29,28,2,-2,-7,7,2,-2,1,3,1,3,14,7
2022-02-26,D1,Ein Frankfurt,Bayern Munich,0,0,1,7,20,2,9,987.302008011553,1298.10703221593,0,0,3,1,0,0,3,1,4,12,13,24,29,48,-1,1,-13,13,-7,7,1,0,9,2,20,7
2022-02-27,D1,Bochum,RB Leipzig,0,0,1,13,6,2,1,1019.16741204274,1178.23372681056,1,1,0,0,3,1,0,0,6,12,13,19,26,34,-1,1,7,-7,1,-1,1,0,1,2,6,13
2022-02-27,D1,Augsburg,Dortmund,1,1,1,8,11,3,7,910.276569337515,1272.88604480349,0,3,1,0,0,3,1,0,4,12,9,19,21,43,0,0,-3,3,-4,4,1,1,7,3,11,8
2022-03-04,D1,Arminia Bielefeld,Augsburg,0,0,1,6,7,1,1,999.42391403267,922.745925154704,1,0,0,3,6,0,0,4,7,4,15,10,22,21,-1,1,-1,1,0,0,1,0,1,1,7,6
2022-03-05,D1,Bayern Munich,Leverkusen,1,1,1,20,9,6,2,1307.27045597802,1197.71035031559,2,0,0,1,2,0,0,1,12,12,24,17,48,37,0,0,11,-11,4,-4,1,1,2,6,9,20
2022-03-05,D1,Bochum,Greuther Furth,2,2,1,15,9,9,2,1000.87344953703,822.276846901601,0,0,1,2,0,0,1,12,6,7,10,13,26,13,1,-1,6,-6,7,-7,1,2,2,9,9,15
2022-03-05,D1,Hertha,Ein Frankfurt,0,1,4,10,12,4,6,817.432715070075,978.138584249466,0,0,1,1,0,0,4,1,1,3,8,13,20,28,-3,3,-2,2,-2,2,4,1,6,4,12,10
2022-03-05,D1,RB Leipzig,Freiburg,1,1,1,14,4,5,3,1196.52768931627,1099.99513332193,3,1,0,0,3,1,0,0,12,10,22,15,37,32,0,0,10,-10,2,-2,1,1,3,5,4,14
2022-03-05,D1,Wolfsburg,Union Berlin,2,1,0,9,17,3,5,934.207671771409,1054.91304285863,0,0,1,2,0,0,1,2,7,6,8,14,16,31,1,-1,-8,8,-2,2,0,1,5,3,17,9
2022-03-05,D1,Stuttgart,M'gladbach,2,3,2,18,9,7,3,845.496934891227,923.938980387565,0,0,0,1,1,0,5,2,1,5,5,9,15,23,1,-1,9,-9,4,-4,2,3,3,7,9,18
2022-03-06,D1,FC Koln,Hoffenheim,0,0,1,10,13,3,3,1055.69102845691,1121.06313730901,2,1,0,0,2,1,0,0,8,9,17,17,29,36,-1,1,-3,3,0,0,1,0,3,3,13,10
2022-03-12,D1,Freiburg,Wolfsburg,2,3,2,16,11,8,5,1104.32965465593,976.898350016556,1,0,0,0,5,2,0,1,8,10,16,11,32,18,1,-1,5,-5,3,-3,2,3,5,8,11,16
2022-03-12,D1,Hoffenheim,Bayern Munich,1,1,1,9,18,6,8,1147.11220474692,1302.38586936875,2,1,0,0,2,1,0,0,12,10,17,22,38,46,0,0,-9,9,-2,2,1,1,8,6,18,9
2022-03-12,D1,Union Berlin,Stuttgart,1,1,1,11,11,3,3,1012.22236461348,884.601407905128,1,0,0,3,1,0,0,5,3,4,14,5,31,18,0,0,0,0,0,0,1,1,3,3,11,11
2022-03-12,D1,M'gladbach,Hertha,2,2,0,12,12,5,3,884.834507373664,786.46744900894,0,0,0,2,2,0,1,7,5,1,9,5,23,17,2,-2,0,0,2,-2,0,2,3,5,12,12
2022-03-13,D1,Leverkusen,FC Koln,0,0,1,15,6,3,3,1202.59493692486,1029.641961019,3,0,0,0,7,1,0,3,10,7,18,17,35,28,-1,1,9,-9,0,0,1,0,3,3,6,15
2022-03-13,D1,Dortmund,Arminia Bielefeld,2,1,0,20,11,3,4,1260.4166889863,960.47408111204,1,0,0,2,1,0,0,2,10,4,20,15,41,21,1,-1,9,-9,-1,1,0,1,4,3,11,20
2022-03-13,D1,Ein Frankfurt,Bochum,2,2,1,14,8,3,4,1009.1038503106,1017.73460767826,0,0,4,0,0,2,4,4,6,8,13,12,30,29,1,-1,6,-6,-1,1,1,2,4,3,8,14
2022-03-13,D1,Greuther Furth,RB Leipzig,0,1,6,7,12,1,7,805.415688760363,1192.19316798227,0,2,0,0,6,2,1,0,4,10,10,20,13,37,-5,5,-5,5,-6,6,6,1,7,1,12,7
2022-03-16,D1,Mainz,Dortmund,0,0,1,10,11,1,4,1029.2927191193,1270.0820913035,5,0,0,0,8,4,0,1,7,10,13,22,25,41,-1,1,-1,1,-3,3,1,0,4,1,11,10
2022-03-19,D1,Greuther Furth,Freiburg,1,0,0,8,13,1,3,791.004141902175,1125.092240826,0,0,1,0,0,2,2,1,4,11,10,18,13,32,0,0,-5,5,-2,2,0,0,3,1,13,8
2022-03-19,D1,Hertha,Hoffenheim,2,3,0,13,8,6,0,754.7054619945,1153.82194274194,0,2,2,0,0,2,5,0,0,13,5,17,17,36,3,-3,5,-5,6,-6,0,3,0,6,8,13
2022-03-19,D1,Mainz,Arminia Bielefeld,2,4,0,14,6,6,0,1016.49067802433,950.808678794846,0,0,1,3,0,0,1,3,7,3,13,12,24,21,4,-4,8,-8,6,-6,0,4,0,6,6,14
2022-03-19,D1,Stuttgart,Augsburg,2,3,2,24,10,9,4,890.22777010194,961.695758075334,1,1,0,0,2,1,0,0,5,7,6,10,18,21,1,-1,14,-14,5,-5,2,3,4,9,10,24
2022-03-19,D1,Bayern Munich,Union Berlin,2,4,0,16,9,7,4,1295.67613137373,1006.59600241667,0,0,0,3,3,0,1,3,8,4,20,14,44,29,4,-4,7,-7,3,-3,0,4,4,7,9,16
2022-03-20,D1,RB Leipzig,Ein Frankfurt,1,0,0,14,5,7,0,1206.60471484046,1041.89860896809,0,1,0,0,4,1,1,0,13,6,22,13,37,32,0,0,9,-9,7,-7,0,0,0,7,5,14
2022-03-20,D1,Wolfsburg,Leverkusen,0,0,2,18,17,4,7,956.135763846484,1155.86264335251,1,0,0,0,1,1,0,2,7,7,11,17,18,32,-2,2,1,-1,-3,3,2,0,7,4,17,18
2022-03-20,D1,FC Koln,Dortmund,1,1,1,10,9,1,3,1076.37425459135,1282.88413239847,0,1,1,0,0,5,1,0,7,13,17,22,30,44,0,0,1,-1,-2,2,1,1,3,1,9,10
2022-04-01,D1,Union Berlin,FC Koln,2,1,0,13,6,5,1,986.056308469466,1084.90290630422,0,1,0,0,2,2,1,0,4,8,11,15,26,28,1,-1,7,-7,4,-4,0,1,1,5,6,13
2022-04-02,D1,Arminia Bielefeld,Stuttgart,1,1,1,10,14,4,4,898.356675610201,928.718918803604,0,0,1,0,0,1,1,6,3,8,9,9,21,18,0,0,-4,4,0,0,1,1,4,4,14,10
2022-04-02,D1,Ein Frankfurt,Greuther Furth,1,0,0,20,4,6,2,1048.96222034672,802.923854978464,1,0,0,3,1,0,0,13,7,2,11,10,30,14,0,0,16,-16,4,-4,0,0,2,6,4,20
2022-04-02,D1,Freiburg,Bayern Munich,0,1,4,8,21,3,11,1113.17252774971,1316.21582532093,2,0,0,0,6,2,0,1,11,11,16,20,30,47,-3,3,-13,13,-8,8,4,1,11,3,21,8
2022-04-02,D1,Hoffenheim,Bochum,0,1,2,14,20,7,6,1054.71952584425,984.939849020772,0,0,0,1,3,0,1,5,10,7,16,12,36,28,-1,1,-6,6,1,-1,2,1,6,7,20,14
2022-04-02,D1,Leverkusen,Hertha,2,2,1,18,7,7,4,1176.96168097395,853.807878892188,0,0,1,3,0,0,1,8,7,3,20,5,32,20,1,-1,11,-11,3,-3,1,2,4,7,7,18
2022-04-02,D1,Dortmund,RB Leipzig,0,1,4,10,11,2,5,1274.3554806856,1199.54110346183,2,3,0,0,2,3,0,0,11,11,23,23,42,35,-3,3,-1,1,-3,3,4,1,5,2,11,10
2022-04-03,D1,Augsburg,Wolfsburg,2,3,0,13,17,5,5,923.20460937367,935.036726225043,0,0,0,1,1,0,2,2,4,4,9,11,21,18,3,-3,-4,4,0,0,0,3,5,5,17,13
2022-04-03,D1,M'gladbach,Mainz,1,1,1,17,22,8,10,916.596494388104,1068.94268120897,1,0,0,1,3,0,0,7,7,7,12,13,23,27,0,0,-5,5,-2,2,1,1,10,8,22,17
2022-04-06,D1,Augsburg,Mainz,2,2,1,14,17,4,3,979.592591267078,1062.34444103951,1,0,0,0,2,1,0,8,7,7,11,14,24,28,1,-1,-3,3,1,-1,1,2,3,4,17,14
2022-04-08,D1,Stuttgart,Dortmund,0,0,2,13,10,2,4,927.324234397515,1208.25961756993,2,0,0,0,3,6,0,1,8,8,9,20,18,39,-2,2,3,-3,-2,2,2,0,4,2,10,13
2022-04-09,D1,Bayern Munich,Augsburg,2,1,0,13,6,4,1,1342.07142889731,1019.07339044399,1,0,0,1,4,0,0,1,11,10,23,14,47,26,1,-1,7,-7,3,-3,0,1,1,4,6,13
2022-04-09,D1,FC Koln,Mainz,2,3,2,13,9,5,6,1044.03673300115,1022.8636418626,0,0,0,1,1,0,2,9,5,4,12,14,28,28,1,-1,4,-4,-1,1,2,3,6,5,9,13
2022-04-09,D1,Greuther Furth,M'gladbach,0,0,2,10,18,1,7,812.67615564976,923.194734557566,0,0,0,2,1,0,3,3,3,5,10,12,15,21,-2,2,-8,8,-6,6,2,0,7,1,18,10
2022-04-09,D1,Wolfsburg,Arminia Bielefeld,2,4,0,11,6,6,3,878.648744331635,899.75136001629,0,0,1,4,0,0,1,4,4,1,11,9,18,21,4,-4,5,-5,3,-3,0,4,3,6,6,11
2022-04-09,D1,Hertha,Union Berlin,0,1,4,12,17,3,13,845.188545596134,1026.92248177254,1,0,0,4,1,0,0,4,3,7,5,13,17,26,-3,3,-5,5,-10,10,4,1,13,3,17,12
2022-04-10,D1,Bochum,Leverkusen,1,0,0,11,9,2,2,1023.28175097865,1185.58101427,1,1,0,0,1,2,0,0,7,10,15,22,31,35,0,0,2,-2,0,0,0,0,2,2,9,11
2022-04-10,D1,Ein Frankfurt,Freiburg,0,1,2,17,12,5,4,1039.20991967542,1087.31692417333,0,0,0,0,2,3,1,2,8,8,12,15,31,29,-1,1,5,-5,1,-1,2,1,4,5,12,17
2022-04-10,D1,RB Leipzig,Hoffenheim,2,3,0,11,4,4,0,1265.6369665775,1016.37762388637,0,0,0,1,5,0,2,1,11,7,23,13,37,33,3,-3,7,-7,4,-4,0,3,0,4,4,11
2022-04-16,D1,Augsburg,Hertha,0,0,1,13,11,2,1,1010.44736730553,816.835810787134,2,0,0,4,3,0,0,9,9,3,13,4,26,14,-1,1,2,-2,1,-1,1,0,1,2,11,13
2022-04-16,D1,Dortmund,Wolfsburg,2,6,1,12,9,8,4,1222.78457707277,947.064656349596,0,0,1,2,0,0,1,3,10,6,20,13,39,21,5,-5,3,-3,4,-4,1,6,4,8,9,12
2022-04-16,D1,Freiburg,Bochum,2,3,0,14,10,8,2,1114.91420576533,1030.25585349567,0,1,1,0,0,1,1,0,8,7,18,13,29,29,3,-3,4,-4,6,-6,0,3,2,8,10,14
2022-04-16,D1,Mainz,Stuttgart,1,0,0,9,6,0,3,992.811345085826,912.799274894677,1,0,0,0,1,2,0,7,4,8,11,9,25,17,0,0,3,-3,-3,3,0,0,3,0,6,9
2022-04-16,D1,M'gladbach,FC Koln,0,1,3,18,17,4,6,953.553585269515,1074.08902977792,0,0,0,1,4,0,1,1,8,7,12,15,23,30,-2,2,1,-1,-2,2,3,1,6,4,17,18
2022-04-17,D1,Arminia Bielefeld,Bayern Munich,0,0,3,8,24,3,9,831.335447998329,1350.69745203577,0,1,0,0,1,3,2,0,1,11,8,23,21,47,-3,3,-16,16,-6,6,3,0,9,3,24,8
2022-04-17,D1,Hoffenheim,Greuther Furth,1,0,0,16,7,3,1,995.399996169162,782.317304937811,0,0,1,0,0,1,2,14,4,2,13,9,33,15,0,0,9,-9,2,-2,0,0,1,3,7,16
2022-04-17,D1,Union Berlin,Ein Frankfurt,2,2,0,14,10,4,3,1055.27521658154,1011.61263808342,1,0,0,0,3,2,0,1,7,8,13,11,28,31,2,-2,4,-4,1,-1,0,2,3,4,10,14
2022-04-17,D1,Leverkusen,RB Leipzig,0,0,1,12,4,4,1,1178.60691175299,1286.61459429471,1,4,0,0,1,4,0,0,8,11,20,23,35,37,-1,1,8,-8,3,-3,1,0,1,4,4,12
2022-04-22,D1,Wolfsburg,Mainz,2,5,0,15,5,7,3,921.942872285995,989.19043945176,1,0,0,2,1,0,0,10,3,5,13,12,18,23,5,-5,10,-10,4,-4,0,5,3,7,5,15
2022-04-23,D1,Ein Frankfurt,Hoffenheim,1,2,2,17,11,7,4,973.237817605935,986.656847637244,0,0,1,2,0,0,2,2,5,2,11,14,30,31,0,0,6,-6,3,-3,2,2,4,7,11,17
2022-04-23,D1,FC Koln,Arminia Bielefeld,2,3,1,19,16,6,4,1103.31359195845,826.111984946526,1,0,0,5,2,0,0,5,10,1,17,5,33,21,2,-2,3,-3,2,-2,1,3,4,6,16,19
2022-04-23,D1,Freiburg,M'gladbach,1,3,3,19,7,8,4,1156.41516290412,924.329023088991,1,1,0,0,1,1,0,0,10,7,18,12,29,23,0,0,12,-12,4,-4,3,3,4,8,7,19
2022-04-23,D1,Greuther Furth,Leverkusen,0,1,4,9,10,4,5,791.06045346973,1156.24625132734,0,0,1,0,0,3,4,1,3,7,7,17,16,35,-3,3,-1,1,-1,1,4,1,5,4,10,9
2022-04-23,D1,RB Leipzig,Union Berlin,0,1,2,5,12,1,4,1308.97525472035,1093.65003705903,1,1,0,0,6,1,0,0,13,10,23,13,39,31,-1,1,-7,7,-3,3,2,1,4,1,12,5
2022-04-23,D1,Bayern Munich,Dortmund,2,3,1,13,7,6,3,1355.92091508758,1247.90636113637,2,1,0,0,5,7,0,0,13,10,23,20,47,39,2,-2,6,-6,3,-3,1,3,3,6,7,13
2022-04-24,D1,Bochum,Augsburg,0,0,2,18,12,3,4,988.75489635688,962.257262186669,0,0,0,2,2,0,1,2,7,6,13,13,26,23,-2,2,6,-6,-1,1,2,0,4,3,12,18
2022-04-24,D1,Hertha,Stuttgart,2,2,0,7,12,2,5,865.025915905994,916.420180528744,0,0,1,0,0,3,1,8,6,6,7,10,17,18,2,-2,-5,5,-3,3,0,2,5,2,12,7
2022-04-29,D1,Union Berlin,Greuther Furth,1,1,1,6,7,3,2,1143.28069230013,779.185078695922,2,0,0,0,4,2,0,15,12,3,16,7,33,16,0,0,-1,1,1,-1,1,1,2,3,7,6
2022-04-30,D1,Augsburg,FC Koln,0,1,4,14,18,5,8,1009.45326929264,1118.10092087195,0,1,1,0,0,1,1,0,9,10,13,17,26,35,-3,3,-4,4,-3,3,4,1,8,5,18,14
2022-04-30,D1,Arminia Bielefeld,Hertha,1,1,1,6,9,1,5,811.32465603302,915.324244381276,0,1,1,0,0,1,3,0,1,9,4,9,18,19,0,0,-3,3,-4,4,1,1,5,1,9,6
2022-04-30,D1,Dortmund,Bochum,0,3,4,19,12,10,5,1217.26073407735,941.558889250906,1,0,0,1,1,0,0,1,7,4,20,12,39,26,-1,1,7,-7,5,-5,4,3,5,10,12,19
2022-04-30,D1,Mainz,Bayern Munich,2,3,1,24,4,7,1,901.06465733703,1386.56654214661,0,2,0,0,2,4,1,0,2,15,9,23,22,47,2,-2,20,-20,6,-6,1,3,1,7,4,24
2022-04-30,D1,Stuttgart,Wolfsburg,1,1,1,18,15,5,5,866.121852053461,1010.06865440072,0,0,1,3,0,0,1,4,5,6,10,13,18,18,0,0,3,-3,0,0,1,1,5,5,15,18
2022-04-30,D1,Hoffenheim,Freiburg,0,3,4,17,9,7,5,986.039185567225,1147.07658420079,0,1,0,0,1,4,3,0,2,8,15,19,32,30,-1,1,8,-8,2,-2,4,3,5,7,9,17
2022-05-02,D1,Leverkusen,Ein Frankfurt,2,2,0,11,9,3,4,1168.12162610115,973.855479675954,0,0,1,1,0,0,1,2,10,3,17,9,37,28,2,-2,2,-2,-1,1,0,2,4,3,9,11
2022-05-02,D1,M'gladbach,RB Leipzig,2,3,1,9,10,6,7,933.667601792323,1259.34459947925,0,5,1,0,0,5,2,0,8,10,13,23,21,36,2,-2,-1,1,-1,1,1,3,7,6,10,9
2022-05-06,D1,Bochum,Arminia Bielefeld,2,2,1,16,14,9,5,994.69188803259,815.975917091877,0,0,1,6,0,0,2,6,7,2,14,5,26,18,1,-1,2,-2,4,-4,1,2,5,9,14,16
2022-05-07,D1,FC Koln,Wolfsburg,0,0,1,17,5,9,3,1156.1147173807,1003.79460676651,2,0,0,0,3,1,0,5,12,7,20,11,37,18,-1,1,12,-12,6,-6,1,0,3,9,5,17
2022-05-07,D1,Freiburg,Union Berlin,0,1,4,18,13,4,5,1165.22266872565,1130.78455414353,0,2,0,0,2,2,1,0,10,13,21,17,33,31,-3,3,5,-5,-1,1,4,1,5,4,13,18
2022-05-07,D1,Greuther Furth,Dortmund,0,1,3,8,8,3,4,791.681216852526,1164.12773529566,0,0,2,1,0,0,5,1,3,6,5,17,17,36,-2,2,0,0,-1,1,3,1,4,3,8,8
2022-05-07,D1,Hoffenheim,Leverkusen,0,2,4,12,15,5,8,967.893101042358,1189.72846603472,0,1,1,0,0,4,4,0,2,10,12,17,29,37,-2,2,-3,3,-3,3,4,2,8,5,15,12
2022-05-07,D1,Hertha,Mainz,0,1,2,10,13,1,6,910.67298332242,983.726858972886,1,0,0,3,1,0,0,11,7,4,10,11,20,24,-1,1,-3,3,-5,5,2,1,6,1,13,10
2022-05-08,D1,Ein Frankfurt,M'gladbach,1,1,1,18,11,4,7,952.248639742384,1009.71729455361,0,0,0,0,1,2,3,1,2,8,9,15,25,23,0,0,7,-7,-3,3,1,1,7,4,11,18
2022-05-08,D1,Bayern Munich,Stuttgart,1,2,2,25,15,8,5,1303.90434051075,872.395899687679,3,0,0,1,6,0,0,9,12,3,23,11,47,19,0,0,10,-10,3,-3,2,2,5,8,15,25
2022-05-08,D1,RB Leipzig,Augsburg,2,4,0,14,6,8,1,1183.29490671796,971.439472783893,0,1,1,0,0,1,1,0,9,6,20,13,36,23,4,-4,8,-8,7,-7,0,4,1,8,6,14
2022-05-14,D1,Augsburg,Greuther Furth,2,2,1,8,6,3,3,942.023842916967,782.480272178742,0,0,2,0,0,3,2,16,3,2,13,5,22,17,1,-1,2,-2,0,0,1,2,3,3,6,8
2022-05-14,D1,Arminia Bielefeld,RB Leipzig,1,1,1,8,18,4,9,799.123291139505,1212.71053658489,0,0,0,1,1,0,4,1,1,9,2,20,18,39,0,0,-10,10,-5,5,1,1,9,4,18,8
2022-05-14,D1,Dortmund,Hertha,2,2,1,9,4,3,1,1173.32867996945,885.304056914757,0,0,1,0,0,2,1,1,9,7,17,10,36,19,1,-1,5,-5,2,-2,1,2,1,3,4,9
2022-05-14,D1,Leverkusen,Freiburg,2,2,1,11,13,5,2,1208.85596068826,1105.30348778425,1,2,0,0,1,5,0,0,10,10,20,18,37,33,1,-1,-2,2,3,-3,1,2,2,5,13,11
2022-05-14,D1,Mainz,Ein Frankfurt,1,2,2,13,13,4,4,1009.09578538055,954.871294150138,1,0,0,2,3,0,0,3,7,2,11,10,27,23,0,0,0,0,0,0,2,2,4,4,13,13
2022-05-14,D1,M'gladbach,Hoffenheim,2,5,1,19,10,9,2,1007.09464014586,948.765606388814,1,0,0,0,1,1,0,3,8,2,13,9,21,26,4,-4,9,-9,7,-7,1,5,2,9,10,19
2022-05-14,D1,Stuttgart,FC Koln,2,2,1,24,16,12,3,885.932214532423,1110.92023036324,0,2,0,0,1,2,2,0,3,12,11,17,17,34,1,-1,8,-8,9,-9,1,2,3,12,16,24
2022-05-14,D1,Union Berlin,Bochum,2,3,2,17,5,11,3,1190.70373508493,1011.54451398496,0,1,0,0,5,1,1,0,13,7,20,14,34,29,1,-1,12,-12,8,-8,2,3,3,11,5,17
2022-05-14,D1,Wolfsburg,Bayern Munich,1,2,2,10,25,2,10,1048.98909378397,1290.36802566601,2,0,0,1,2,0,0,1,10,10,14,21,21,45,0,0,-15,15,-8,8,2,2,10,2,25,10
2020-09-18,D1,Bayern Munich,Schalke 04,2,8,0,22,5,12,1,1280.75168568006,917.562465015578,0,0,0,2,7,0,1,2,8,7,19,11,43,22,8,-8,17,-17,11,-11,0,8,1,12,5,22
2020-09-19,D1,Ein Frankfurt,Arminia Bielefeld,1,1,1,18,14,6,4,957.348344802904,812.414536186275,0,0,0,7,2,0,4,7,3,2,11,3,24,18,0,0,4,-4,2,-2,1,1,4,6,14,18
2020-09-19,D1,FC Koln,Hoffenheim,0,2,3,13,13,6,7,1060.67926430647,894.991110071616,0,0,1,1,0,0,1,4,9,2,16,6,33,23,-1,1,0,0,-1,1,3,2,7,6,13,13
2020-09-19,D1,Stuttgart,Freiburg,0,2,3,22,7,7,6,936.173180589196,1082.56829509996,1,0,0,1,2,0,0,1,6,7,14,15,19,30,-1,1,15,-15,1,-1,3,2,6,7,7,22
2020-09-19,D1,Union Berlin,Augsburg,0,1,3,13,9,3,5,1207.52470275923,960.28193365876,1,0,0,1,6,0,0,1,13,6,20,15,34,25,-2,2,4,-4,-2,2,3,1,5,3,9,13
2020-09-19,D1,Werder Bremen,Hertha,0,1,4,17,13,7,6,838.854325947101,875.062120822121,0,0,0,1,1,0,5,2,1,7,6,10,15,18,-3,3,4,-4,1,-1,4,1,6,7,13,17
2020-09-19,D1,Dortmund,M'gladbach,2,3,0,9,8,4,2,1183.57061606208,1060.86913646305,1,0,0,0,1,3,0,2,9,8,19,16,39,24,3,-3,1,-1,2,-2,0,3,2,4,8,9
2020-09-20,D1,RB Leipzig,Mainz,2,3,1,23,8,10,1,1199.41929153812,1006.61873472778,1,1,0,0,1,1,0,0,7,8,18,12,40,25,2,-2,15,-15,9,-9,1,3,1,10,8,23
2020-09-20,D1,Wolfsburg,Leverkusen,1,0,0,9,6,1,2,1058.60543376991,1231.59115337256,0,2,0,0,3,5,1,0,8,12,14,20,22,37,0,0,3,-3,-1,1,0,0,2,1,6,9
2020-09-25,D1,Hertha,Ein Frankfurt,0,1,3,12,10,6,3,923.931222354888,951.035875853768,0,0,1,0,0,1,1,4,7,4,13,9,18,22,-2,2,2,-2,3,-3,3,1,3,6,10,12
2020-09-26,D1,Augsburg,Dortmund,2,2,0,6,16,4,7,1030.96694402503,1219.60630004887,1,1,0,0,1,1,0,0,9,9,15,19,25,41,2,-2,-10,10,-3,3,0,2,7,4,16,6
2020-09-26,D1,Arminia Bielefeld,FC Koln,2,1,0,7,12,3,2,818.727005135412,1014.47931128026,0,0,0,1,2,0,5,1,3,6,4,16,19,33,1,-1,-5,5,1,-1,0,1,2,3,12,7
2020-09-26,D1,Leverkusen,RB Leipzig,1,1,1,11,7,4,2,1224.22381834043,1221.16381081068,2,0,0,0,2,1,0,2,13,7,20,20,38,40,0,0,4,-4,2,-2,1,1,2,4,7,11
2020-09-26,D1,Mainz,Stuttgart,0,1,4,11,15,3,7,984.874215455221,916.91157122196,0,0,0,0,4,1,1,10,7,5,12,11,25,16,-3,3,-4,4,-4,4,4,1,7,3,15,11
2020-09-26,D1,M'gladbach,Union Berlin,1,1,1,14,15,5,2,1024.83345247626,1136.83969239296,2,3,0,0,2,3,0,0,8,10,15,20,24,34,0,0,-1,1,3,-3,1,1,2,5,15,14
2020-09-26,D1,Schalke 04,Werder Bremen,0,1,3,17,17,4,8,895.462694504639,789.985224414335,0,0,0,3,3,0,1,3,4,1,10,5,22,15,-2,2,0,0,-4,4,3,1,8,4,17,17
2020-09-27,D1,Hoffenheim,Bayern Munich,2,4,1,17,14,8,2,941.191063097829,1302.851456191,0,0,2,0,0,1,5,2,4,8,6,21,23,43,3,-3,3,-3,6,-6,1,4,2,8,14,17
2020-09-27,D1,Freiburg,Wolfsburg,1,1,1,21,8,7,2,1101.82990446719,1065.97276880204,0,1,1,0,0,2,2,0,7,9,17,12,33,23,0,0,13,-13,5,-5,1,1,2,7,8,21
2020-10-02,D1,Union Berlin,Mainz,2,4,0,13,5,7,0,1131.85317675475,919.809578902684,0,0,1,1,0,0,1,1,8,7,20,9,34,22,4,-4,8,-8,7,-7,0,4,0,7,5,13
2020-10-03,D1,Dortmund,Freiburg,2,4,0,16,6,7,2,1154.02968651729,1100.18446024153,2,1,0,0,2,1,0,0,9,7,16,15,38,33,4,-4,10,-10,5,-5,0,4,2,7,6,16
2020-10-03,D1,Ein Frankfurt,Hoffenheim,2,2,1,16,11,6,4,991.478933490218,1038.16241137412,0,1,0,0,3,1,5,0,6,6,9,8,22,25,1,-1,5,-5,2,-2,1,2,4,6,11,16
2020-10-03,D1,FC Koln,M'gladbach,0,1,3,8,17,3,11,966.142964464522,1029.81996811447,0,0,2,1,0,0,2,3,3,8,13,16,30,25,-2,2,-9,9,-8,8,3,1,11,3,17,8
2020-10-03,D1,Stuttgart,Leverkusen,1,1,1,11,15,2,7,981.976207774498,1224.08290342957,0,0,1,0,0,6,1,1,8,11,13,21,19,38,0,0,-4,4,-5,5,1,1,7,2,15,11
2020-10-03,D1,Werder Bremen,Arminia Bielefeld,2,1,0,7,10,2,5,846.762998275209,867.063351951146,0,0,1,0,0,1,6,8,4,6,8,7,18,19,1,-1,-3,3,-3,3,0,1,5,2,10,7
2020-10-03,D1,RB Leipzig,Schalke 04,2,4,0,21,4,7,1,1221.30472572153,838.684920643765,2,0,0,3,2,0,0,3,8,1,18,10,40,22,4,-4,17,-17,6,-6,0,4,1,7,4,21
2020-10-04,D1,Wolfsburg,Augsburg,1,0,0,17,9,6,1,1067.6182130277,1096.54355755661,0,1,0,0,4,1,2,0,7,9,13,18,24,27,0,0,8,-8,5,-5,0,0,1,6,9,17
2020-10-04,D1,Bayern Munich,Hertha,2,4,3,22,9,9,5,1205.88010791471,883.488164718437,1,1,0,0,8,1,0,0,5,4,20,13,40,18,1,-1,13,-13,4,-4,3,4,5,9,9,22
2020-10-17,D1,Augsburg,RB Leipzig,0,0,2,6,15,2,6,1095.21456530038,1234.14376671501,2,0,0,0,2,2,0,3,10,11,16,20,27,43,-2,2,-9,9,-4,4,2,0,6,2,15,6
2020-10-17,D1,Freiburg,Werder Bremen,1,1,1,19,14,4,4,1045.59885803842,880.630605116453,0,1,0,0,1,1,3,0,4,7,14,10,30,21,0,0,5,-5,0,0,1,1,4,4,14,19
2020-10-17,D1,Hertha,Stuttgart,0,0,2,16,7,4,2,874.836068865593,991.613929150559,0,1,2,0,0,2,2,0,3,8,10,11,15,20,-2,2,9,-9,2,-2,2,0,2,4,7,16
2020-10-17,D1,Hoffenheim,Dortmund,0,0,1,8,15,3,5,1001.88839455037,1208.61528872041,1,0,0,1,1,0,0,1,6,12,8,18,24,41,-1,1,-7,7,-2,2,1,0,5,3,15,8
2020-10-17,D1,Mainz,Leverkusen,0,0,1,5,9,0,4,890.418538526153,1214.44518205351,0,0,1,0,0,7,2,2,4,9,8,19,22,39,-1,1,-4,4,-4,4,1,0,4,0,9,5
2020-10-17,D1,Arminia Bielefeld,Bayern Munich,0,1,4,11,16,5,10,833.195745109902,1214.53220376755,1,0,0,1,3,0,0,3,5,8,7,20,16,40,-3,3,-5,5,-5,5,4,1,10,5,16,11
2020-10-17,D1,M'gladbach,Wolfsburg,1,1,1,13,14,2,5,1065.72829517485,1068.94720528394,0,0,0,0,3,3,1,1,8,7,16,14,28,25,0,0,-1,1,-3,3,1,1,5,2,14,13
2020-10-18,D1,FC Koln,Ein Frankfurt,1,1,1,9,16,5,4,930.234637404137,1027.75295031397,0,1,3,0,0,2,3,0,0,9,12,11,27,22,0,0,-7,7,1,-1,1,1,4,5,16,9
2020-10-18,D1,Schalke 04,Union Berlin,1,1,1,8,13,4,7,825.845879650292,1161.24421713128,0,0,1,0,0,4,2,1,1,10,10,23,22,34,0,0,-5,5,-3,3,1,1,7,4,13,8
2020-10-23,D1,Stuttgart,FC Koln,1,1,1,9,14,4,4,1021.26152701944,934.611190463871,0,0,0,2,1,0,2,2,10,1,13,13,22,25,0,0,-5,5,0,0,1,1,4,4,14,9
2020-10-24,D1,Bayern Munich,Ein Frankfurt,2,5,0,20,9,10,2,1225.45891179027,1023.37639725423,2,0,0,0,9,3,0,1,10,9,20,11,43,23,5,-5,11,-11,8,-8,0,5,2,10,9,20
2020-10-24,D1,Mainz,M'gladbach,0,2,3,15,21,7,12,881.836611601694,1065.87652722232,0,1,2,0,0,1,3,0,1,8,8,16,22,28,-1,1,-6,6,-5,5,3,2,12,7,21,15
2020-10-24,D1,RB Leipzig,Hertha,2,2,1,29,11,8,3,1261.34259248544,845.188470996713,3,0,0,1,3,0,0,1,11,3,20,10,43,15,1,-1,18,-18,5,-5,1,2,3,8,11,29
2020-10-24,D1,Union Berlin,Freiburg,1,1,1,22,8,7,4,1149.2977285743,1038.52553048477,1,0,0,1,1,0,0,1,8,5,21,15,34,30,0,0,14,-14,3,-3,1,1,4,7,8,22
2020-10-24,D1,Dortmund,Schalke 04,2,3,0,17,3,7,0,1223.54368133676,837.792368207276,3,0,0,4,3,0,0,4,12,1,21,8,41,22,3,-3,14,-14,7,-7,0,3,0,7,3,17
2020-10-25,D1,Wolfsburg,Arminia Bielefeld,2,2,1,14,8,4,1,1068.79897323647,822.269037087184,0,0,0,1,5,0,3,9,5,5,15,6,26,15,1,-1,6,-6,3,-3,1,2,1,4,8,14
2020-10-25,D1,Werder Bremen,Hoffenheim,1,1,1,5,15,2,6,887.703932670094,986.960001934026,1,0,0,1,1,0,0,1,7,6,11,8,19,21,0,0,-10,10,-4,4,1,1,6,2,15,5
2020-10-26,D1,Leverkusen,Augsburg,2,3,1,15,7,7,3,1223.02710897797,1068.01573952994,0,0,0,0,3,2,1,1,9,10,19,13,41,27,2,-2,8,-8,4,-4,1,3,3,7,7,15
2020-10-30,D1,Schalke 04,Stuttgart,1,1,1,9,19,2,5,827.113003430097,1017.35185815286,0,2,0,0,1,3,3,0,1,8,8,14,21,23,0,0,-10,10,-3,3,1,1,5,2,19,9
2020-10-31,D1,Augsburg,Mainz,2,3,1,14,8,7,4,1042.52289590771,865.361698555423,0,0,1,2,0,0,1,2,7,0,13,8,26,19,2,-2,6,-6,3,-3,1,3,4,7,8,14
2020-10-31,D1,Arminia Bielefeld,Dortmund,0,0,2,5,21,2,10,809.802068849758,1234.22304611393,0,1,1,0,0,1,1,0,4,12,6,21,14,41,-2,2,-16,16,-8,8,2,0,10,2,21,5
2020-10-31,D1,Ein Frankfurt,Werder Bremen,1,1,1,14,9,5,4,988.150175793664,892.154422909493,1,0,0,0,4,2,0,1,8,8,11,9,22,17,0,0,5,-5,1,-1,1,1,4,5,9,14
2020-10-31,D1,FC Koln,Bayern Munich,0,1,2,9,7,2,5,938.52085933045,1260.68513325084,0,1,0,0,1,1,4,0,2,12,11,20,26,43,-1,1,2,-2,-3,3,2,1,5,2,7,9
2020-10-31,D1,M'gladbach,RB Leipzig,2,1,0,5,15,4,3,1082.35144026859,1266.6872769606,0,1,0,0,4,3,2,0,8,13,16,20,28,43,1,-1,-10,10,1,-1,0,1,3,4,15,5
2020-11-01,D1,Freiburg,Leverkusen,0,2,4,8,18,5,7,1043.46067963616,1248.5199526002,0,1,0,0,2,8,4,0,6,9,13,21,31,41,-2,2,-10,10,-2,2,4,2,7,5,18,8
2020-11-01,D1,Hertha,Wolfsburg,1,1,1,18,11,5,4,839.843786521561,1081.26594147389,0,0,3,0,0,4,3,2,3,7,10,15,14,28,0,0,7,-7,1,-1,1,1,4,5,11,18
2020-11-02,D1,Hoffenheim,Union Berlin,0,1,3,10,9,5,6,982.509511694627,1144.36257942291,0,0,1,0,0,5,1,2,7,6,9,19,22,32,-2,2,1,-1,-1,1,3,1,6,5,9,10
2020-11-06,D1,Werder Bremen,FC Koln,1,1,1,18,8,4,1,896.466028247779,929.85895254528,0,0,0,0,2,1,1,3,9,2,10,8,18,25,0,0,10,-10,3,-3,1,1,1,4,8,18
2020-11-07,D1,Augsburg,Hertha,0,0,3,10,12,2,6,1065.77288121799,849.461397888415,1,0,0,2,1,0,0,2,7,1,16,8,29,15,-3,3,-2,2,-4,4,3,0,6,2,12,10
2020-11-07,D1,Mainz,Schalke 04,1,2,2,14,22,7,3,842.111713245143,835.091928494458,0,0,3,5,0,0,4,5,0,2,7,6,19,21,0,0,-8,8,4,-4,2,2,3,7,22,14
2020-11-07,D1,RB Leipzig,Freiburg,2,3,0,15,8,7,3,1219.1413586223,1022.84958194166,4,0,0,0,4,1,0,2,10,3,17,10,40,28,3,-3,7,-7,4,-4,0,3,3,7,8,15
2020-11-07,D1,Stuttgart,Ein Frankfurt,1,2,2,16,15,5,8,1009.3729330885,983.838570455379,0,0,0,1,2,0,3,2,9,8,14,12,24,23,0,0,1,-1,-3,3,2,2,8,5,15,16
2020-11-07,D1,Union Berlin,Arminia Bielefeld,2,5,0,9,5,8,1,1169.1491258296,802.790119373078,0,0,0,2,2,0,1,10,9,3,19,6,32,11,5,-5,4,-4,7,-7,0,5,1,8,5,9
2020-11-07,D1,Dortmund,Bayern Munich,0,2,3,15,16,5,8,1241.23499559062,1269.34704003601,4,2,0,0,4,2,0,0,12,12,21,20,41,43,-1,1,-1,1,-3,3,3,2,8,5,16,15
2020-11-08,D1,Wolfsburg,Hoffenheim,2,2,1,14,17,8,5,1071.64833010704,957.722965287936,1,0,0,0,6,1,0,2,7,4,16,8,29,22,1,-1,-3,3,3,-3,1,2,5,8,17,14
2020-11-08,D1,Leverkusen,M'gladbach,2,4,3,15,15,5,6,1269.13105029471,1129.89735860689,1,2,0,0,4,2,0,0,11,11,24,19,41,31,1,-1,0,0,-1,1,3,4,6,5,15,15
2020-11-21,D1,Bayern Munich,Werder Bremen,1,1,1,15,9,3,4,1298.76346075008,897.999111463985,3,0,0,0,10,3,0,2,15,7,20,11,43,19,0,0,6,-6,-1,1,1,1,4,3,9,15
2020-11-21,D1,Arminia Bielefeld,Leverkusen,0,1,2,1,10,1,4,786.775642230189,1288.95224217734,0,2,2,0,0,9,2,0,0,13,6,24,10,41,-1,1,-9,9,-3,3,2,1,4,1,10,1
2020-11-21,D1,Hoffenheim,Stuttgart,1,3,3,13,20,8,9,935.855310083603,1008.19914481558,0,0,2,0,0,4,2,1,1,7,7,15,22,25,0,0,-7,7,-1,1,3,3,9,8,20,13
2020-11-21,D1,M'gladbach,Augsburg,1,1,1,15,10,6,5,1110.07616672426,981.089028732804,1,0,0,1,5,0,0,2,10,4,18,13,31,26,0,0,5,-5,1,-1,1,1,5,6,10,15
2020-11-21,D1,Schalke 04,Wolfsburg,0,0,2,13,19,6,8,835.415157546782,1093.51598531137,0,0,0,0,2,5,4,3,3,9,4,16,21,29,-2,2,-6,6,-2,2,2,0,8,6,19,13
2020-11-21,D1,Ein Frankfurt,RB Leipzig,1,1,1,8,10,3,3,985.012358728293,1245.7714280477,0,0,0,1,5,0,1,1,6,12,12,20,21,43,0,0,-2,2,0,0,1,1,3,3,10,8
2020-11-21,D1,Hertha,Dortmund,0,2,5,9,15,3,8,934.145250373599,1211.81857487654,0,2,0,0,1,2,4,0,4,12,8,21,17,41,-3,3,-6,6,-5,5,5,2,8,3,15,9
2020-11-22,D1,Freiburg,Mainz,0,1,3,19,22,6,8,996.219512516258,841.788484192819,0,0,1,3,0,0,5,3,2,1,9,8,28,17,-2,2,-3,3,-2,2,3,1,8,6,22,19
2020-11-22,D1,FC Koln,Union Berlin,0,1,2,10,10,4,3,928.325869329074,1185.16360297249,0,1,1,0,0,6,5,0,3,11,6,19,23,35,-1,1,0,0,1,-1,2,1,3,4,10,10
2020-11-27,D1,Wolfsburg,Werder Bremen,2,5,3,12,5,6,4,1109.70478102075,911.101635855452,2,0,0,0,7,4,0,3,11,5,18,12,29,17,2,-2,7,-7,2,-2,3,5,4,6,5,12
2020-11-28,D1,Augsburg,Freiburg,1,1,1,10,10,2,5,986.7704496691,934.057575120159,0,0,1,1,0,0,1,3,4,2,14,6,27,27,0,0,0,0,-3,3,1,1,5,2,10,10
2020-11-28,D1,Dortmund,FC Koln,0,1,2,14,7,4,5,1230.16334118781,916.443783341929,0,0,1,0,0,2,1,4,12,3,24,3,41,23,-1,1,7,-7,-1,1,2,1,5,4,7,14
2020-11-28,D1,RB Leipzig,Arminia Bielefeld,2,2,1,15,13,7,3,1235.604035805,783.408462711549,5,0,0,3,5,0,0,11,10,0,21,5,41,10,1,-1,2,-2,4,-4,1,2,3,7,13,15
2020-11-28,D1,Stuttgart,Bayern Munich,0,1,3,15,14,4,6,1004.91491573102,1285.66093635862,0,3,0,0,3,3,4,0,7,13,15,21,26,44,-2,2,1,-1,-2,2,3,1,6,4,14,15
2020-11-28,D1,Union Berlin,Ein Frankfurt,1,3,3,15,12,7,5,1197.04568895963,995.179750970996,1,0,0,0,3,1,0,3,11,4,21,13,38,22,0,0,3,-3,2,-2,3,3,5,7,12,15
2020-11-28,D1,M'gladbach,Schalke 04,2,4,1,19,13,9,2,1104.39474578796,819.2263618374,0,0,0,0,6,1,1,6,8,3,16,4,31,18,3,-3,6,-6,7,-7,1,4,2,9,13,19
2020-11-29,D1,Leverkusen,Hertha,1,0,0,14,5,2,3,1292.31942169598,915.800484062335,2,1,0,0,5,1,0,0,15,4,24,7,41,17,0,0,9,-9,-1,1,0,0,3,2,5,14
2020-11-29,D1,Mainz,Hoffenheim,1,1,1,10,9,4,5,903.950421588918,939.13953916817,0,0,0,1,1,0,5,3,4,2,8,8,19,20,0,0,1,-1,-1,1,1,1,5,4,9,10
2020-12-04,D1,Hertha,Union Berlin,2,3,1,10,4,7,1,928.513609541954,1188.67122300107,0,2,1,0,0,7,5,0,5,11,8,19,18,39,2,-2,6,-6,6,-6,1,3,1,7,4,10
2020-12-05,D1,Arminia Bielefeld,Mainz,2,2,1,11,15,5,5,778.996137581483,905.565421819697,0,1,3,0,0,1,3,0,0,5,5,6,7,17,1,-1,-4,4,0,0,1,2,5,5,15,11
2020-12-05,D1,Ein Frankfurt,Dortmund,1,1,1,9,16,1,5,1003.55421692956,1175.19582547266,0,3,0,0,6,3,2,0,4,9,13,21,23,38,0,0,-7,7,-4,4,1,1,5,1,16,9
2020-12-05,D1,FC Koln,Wolfsburg,1,2,2,6,16,3,6,971.411299057077,1130.90764671927,0,1,2,0,0,6,6,0,5,13,6,18,23,32,0,0,-10,10,-3,3,2,2,6,3,16,6
2020-12-05,D1,Freiburg,M'gladbach,1,2,2,22,11,7,4,936.466636350859,1122.09054775474,0,0,2,1,0,0,6,1,2,10,7,18,25,31,0,0,11,-11,3,-3,2,2,4,7,11,22
2020-12-05,D1,Bayern Munich,RB Leipzig,1,3,3,10,8,6,4,1300.19911190185,1240.01636093507,0,0,0,0,11,1,1,2,13,10,23,21,44,41,0,0,2,-2,2,-2,3,3,4,6,8,10
2020-12-06,D1,Werder Bremen,Stuttgart,0,1,2,14,11,4,7,889.898770156934,990.376740187788,0,0,0,0,3,5,2,2,4,4,11,14,17,25,-1,1,3,-3,-3,3,2,1,7,4,11,14
2020-12-06,D1,Schalke 04,Leverkusen,0,0,3,13,24,4,9,801.530559870629,1279.60629621636,0,3,1,0,0,10,5,0,2,13,3,22,15,42,-3,3,-11,11,-5,5,3,0,9,4,24,13
2020-12-07,D1,Hoffenheim,Augsburg,2,3,1,10,13,7,3,937.524538937391,984.3613884384,0,0,0,0,1,1,3,3,3,5,9,15,18,28,2,-2,-3,3,4,-4,1,3,3,7,13,10
2020-12-11,D1,Wolfsburg,Ein Frankfurt,2,2,1,16,7,8,4,1124.03846585074,1010.87269042754,3,0,0,0,8,2,0,4,11,5,18,13,32,24,1,-1,9,-9,4,-4,1,2,4,8,7,16
2020-12-12,D1,Dortmund,Stuttgart,0,1,5,12,18,4,10,1167.87735197467,1013.37202776991,0,1,2,0,0,6,2,0,7,6,19,14,38,28,-4,4,-6,6,-6,6,5,1,10,4,18,12
2020-12-12,D1,Freiburg,Arminia Bielefeld,2,2,0,16,5,7,1,944.284832144225,822.163886820398,0,0,0,4,1,0,7,12,2,3,8,7,23,10,2,-2,11,-11,6,-6,0,2,1,7,5,16
2020-12-12,D1,Mainz,FC Koln,0,0,1,15,9,4,6,862.397672580782,978.280479925609,0,1,0,0,2,3,6,0,5,5,5,7,17,23,-1,1,6,-6,-2,2,1,0,6,4,9,15
2020-12-12,D1,M'gladbach,Hertha,1,1,1,17,9,4,3,1114.27235196137,1000.19576359219,1,0,0,0,7,2,0,1,8,8,16,11,32,21,0,0,8,-8,1,-1,1,1,3,4,9,17
2020-12-12,D1,RB Leipzig,Werder Bremen,2,2,0,15,7,7,2,1242.76048782563,866.903482574817,6,0,0,1,6,0,0,4,8,3,21,11,39,17,2,-2,8,-8,5,-5,0,2,2,7,7,15
2020-12-12,D1,Union Berlin,Bayern Munich,1,1,1,13,15,6,5,1116.98906895083,1297.45498501128,0,4,0,0,4,4,1,0,10,11,16,23,36,42,0,0,-2,2,1,-1,1,1,5,6,15,13
2020-12-13,D1,Augsburg,Schalke 04,1,2,2,8,15,4,4,934.627000279777,794.989780951888,0,0,0,1,1,0,2,7,5,2,12,3,27,14,0,0,-7,7,0,0,2,2,4,4,15,8
2020-12-13,D1,Leverkusen,Hoffenheim,2,4,1,13,11,8,4,1286.1470751351,987.258927096013,0,0,0,0,6,1,1,4,13,5,22,12,42,18,3,-3,2,-2,4,-4,1,4,4,8,11,13
2020-12-15,D1,Ein Frankfurt,M'gladbach,1,3,3,11,8,4,4,988.942045091422,1109.19991453393,0,0,0,0,7,1,3,2,4,6,12,17,21,32,0,0,3,-3,0,0,3,3,4,4,8,11
2020-12-15,D1,Hertha,Mainz,1,0,0,9,5,0,0,1005.26820101963,840.691938663701,1,0,0,1,1,0,0,1,8,5,9,5,22,17,0,0,4,-4,0,0,0,0,0,0,5,9
2020-12-15,D1,Stuttgart,Union Berlin,1,2,2,13,15,6,6,1104.80714920285,1124.62513770015,0,0,1,1,0,0,5,1,8,8,17,17,28,37,0,0,-2,2,0,0,2,2,6,6,15,13
2020-12-15,D1,Werder Bremen,Dortmund,0,1,2,7,15,3,9,857.862976396476,1076.44223054173,0,0,1,0,0,4,3,1,2,4,11,16,16,35,-1,1,-8,8,-6,6,2,1,9,3,15,7
2020-12-16,D1,Schalke 04,Freiburg,0,0,2,10,11,2,5,801.095069404588,973.331804527776,0,0,2,0,0,1,6,4,2,5,4,8,14,25,-2,2,-1,1,-3,3,2,0,5,2,11,10
2020-12-16,D1,Bayern Munich,Wolfsburg,2,2,1,13,17,2,7,1289.81891626197,1145.96911118686,0,0,0,0,12,7,2,1,9,13,21,20,42,32,1,-1,-4,4,-5,5,1,2,7,2,17,13
2020-12-16,D1,Arminia Bielefeld,Augsburg,0,0,1,12,8,2,2,793.116914436847,928.521711827077,1,0,0,1,1,0,0,4,3,3,6,10,10,25,-1,1,4,-4,0,0,1,0,2,2,8,12
2020-12-16,D1,FC Koln,Leverkusen,0,0,4,7,14,1,7,999.98621384269,1302.70306546251,0,4,0,0,1,11,7,0,8,13,10,24,26,44,-4,4,-7,7,-6,6,4,0,7,1,14,7
2020-12-16,D1,Hoffenheim,RB Leipzig,0,0,1,7,4,3,3,970.702936768604,1251.80099400397,1,0,0,0,2,2,0,3,5,11,9,21,15,41,-1,1,3,-3,0,0,1,0,3,3,4,7
2020-12-18,D1,Union Berlin,Dortmund,2,2,1,12,16,5,4,1123.71347413208,1090.60392278471,0,1,0,0,5,5,2,0,6,7,17,19,37,35,1,-1,-4,4,1,-1,1,2,4,5,16,12
2020-12-19,D1,Augsburg,Ein Frankfurt,0,0,2,15,15,4,6,948.645734879854,994.269068252414,0,0,0,1,2,0,3,5,6,4,10,10,28,19,-2,2,0,0,-2,2,2,0,6,4,15,15
2020-12-19,D1,Mainz,Werder Bremen,0,0,1,9,13,1,7,847.750735145504,843.701284153492,0,0,1,2,0,0,7,5,5,1,6,8,15,16,-1,1,-4,4,-6,6,1,0,7,1,13,9
2020-12-19,D1,M'gladbach,Hoffenheim,0,1,2,15,14,5,5,1103.87289137294,960.113313742769,0,0,0,1,8,0,1,5,7,5,17,6,33,14,-1,1,1,-1,0,0,2,1,5,5,14,15
2020-12-19,D1,RB Leipzig,FC Koln,1,0,0,14,4,6,1,1262.3906170298,980.766180064297,7,2,0,0,7,4,0,0,11,7,23,10,41,23,0,0,10,-10,5,-5,0,0,1,6,4,14
2020-12-19,D1,Schalke 04,Arminia Bielefeld,0,0,1,11,8,5,3,777.357487587193,772.99289138407,0,0,3,5,0,0,7,13,1,3,4,3,14,10,-1,1,3,-3,2,-2,1,0,3,5,8,11
2020-12-19,D1,Leverkusen,Bayern Munich,0,1,2,8,14,3,3,1321.9230992409,1309.27838190327,1,0,0,0,7,5,0,1,13,9,26,24,47,44,-1,1,-6,6,0,0,2,1,3,3,14,8
2020-12-20,D1,Freiburg,Hertha,2,4,1,17,10,9,3,997.069386345171,998.209404537824,1,0,0,0,2,3,0,2,8,6,10,10,25,23,3,-3,7,-7,6,-6,1,4,3,9,10,17
2020-12-20,D1,Wolfsburg,Stuttgart,2,1,0,13,9,4,1,1126.50964554556,1105.71881277092,4,2,0,0,9,7,0,0,10,8,19,15,32,28,1,-1,4,-4,3,-3,0,1,1,4,9,13
2021-01-02,D1,Arminia Bielefeld,M'gladbach,0,0,1,7,22,0,7,805.394864405097,1059.33939170333,0,0,1,0,0,2,1,3,6,6,6,14,13,30,-1,1,-15,15,-7,7,1,0,7,0,22,7
2021-01-02,D1,Ein Frankfurt,Leverkusen,2,2,1,10,10,4,2,1032.40042054188,1288.75899166408,0,5,0,0,8,12,4,0,6,10,10,25,21,44,1,-1,0,0,2,-2,1,2,2,4,10,10
2021-01-02,D1,FC Koln,Augsburg,0,0,1,12,11,2,4,991.484744071696,910.514382590387,0,1,1,0,0,1,8,0,8,5,11,9,23,25,-1,1,1,-1,-2,2,1,0,4,2,11,12
2021-01-02,D1,Hoffenheim,Freiburg,0,1,3,13,7,6,4,1004.64681341238,1051.7799117066,0,1,1,0,0,2,1,0,7,11,9,13,17,27,-2,2,6,-6,2,-2,3,1,4,6,7,13
2021-01-02,D1,Werder Bremen,Union Berlin,0,0,2,10,9,2,2,876.074235485346,1152.6731697069,0,0,2,0,0,1,4,2,3,6,8,17,18,40,-2,2,1,-1,0,0,2,0,2,2,9,10
2021-01-02,D1,Hertha,Schalke 04,2,3,0,20,10,10,4,943.498879176396,744.955514566166,0,0,0,0,2,1,1,8,6,1,10,4,20,14,3,-3,10,-10,6,-6,0,3,4,10,10,20
2021-01-02,D1,Stuttgart,RB Leipzig,0,0,1,10,22,1,9,1075.631436793,1251.6720530224,0,1,0,0,1,3,6,0,7,11,14,21,25,41,-1,1,-12,12,-8,8,1,0,9,1,22,10
2021-01-03,D1,Dortmund,Wolfsburg,2,2,0,14,22,7,5,1061.64422720989,1156.59702152348,0,0,3,1,0,0,3,2,4,10,16,21,34,35,2,-2,-8,8,2,-2,0,2,5,7,22,14
2021-01-03,D1,Bayern Munich,Mainz,2,5,2,19,12,12,7,1342.44248948009,815.37778381365,1,0,0,0,13,1,0,2,11,2,24,6,44,14,3,-3,7,-7,5,-5,2,5,7,12,12,19
2021-01-08,D1,M'gladbach,Bayern Munich,2,3,2,8,15,4,4,1071.38347372101,1347.44980369053,0,1,1,0,0,6,2,0,6,11,16,24,32,44,1,-1,-7,7,0,0,2,3,4,4,15,8
2021-01-09,D1,Freiburg,FC Koln,2,5,0,12,5,6,2,1089.72403906703,952.159243668838,2,0,0,0,3,5,0,1,13,5,15,10,30,23,5,-5,7,-7,4,-4,0,5,2,6,5,12
2021-01-09,D1,Leverkusen,Werder Bremen,1,1,1,12,3,3,1,1236.66779016267,861.244204896005,0,1,1,0,0,1,1,0,9,3,22,7,41,18,0,0,9,-9,2,-2,1,1,1,3,3,12
2021-01-09,D1,Mainz,Ein Frankfurt,0,0,2,8,15,0,7,810.370469603202,1084.49162204329,0,1,2,0,0,1,8,0,1,8,6,12,14,23,-2,2,-7,7,-7,7,2,0,7,0,15,8
2021-01-09,D1,Schalke 04,Hoffenheim,2,4,0,12,18,5,5,718.585459133992,966.70268605195,0,1,4,0,0,1,8,0,1,6,3,9,11,17,4,-4,-6,6,0,0,0,4,5,5,18,12
2021-01-09,D1,Union Berlin,Wolfsburg,1,2,2,13,11,6,5,1167.50320029624,1101.04305046581,1,0,0,2,6,0,0,3,8,7,19,20,40,35,0,0,2,-2,1,-1,2,2,5,6,11,13
2021-01-09,D1,RB Leipzig,Dortmund,0,1,3,12,15,4,7,1268.71657211687,1117.19819826755,0,0,0,1,8,0,1,1,11,7,21,16,41,37,-2,2,-3,3,-3,3,3,1,7,4,15,12
2021-01-10,D1,Augsburg,Stuttgart,0,1,4,14,27,4,11,949.839882993244,1058.58691769854,0,0,1,1,0,0,4,1,7,7,12,11,25,24,-3,3,-13,13,-7,7,4,1,11,4,27,14
2021-01-10,D1,Arminia Bielefeld,Hertha,2,1,0,12,10,2,6,793.350782387411,969.86893460857,0,0,2,1,0,0,2,3,6,8,6,13,12,23,1,-1,2,-2,-4,4,0,1,6,2,10,12
2021-01-15,D1,Union Berlin,Leverkusen,2,1,0,10,12,2,4,1164.47938903988,1223.97330747721,0,0,0,1,7,0,1,1,9,7,19,20,38,41,1,-1,-2,2,-2,2,0,1,4,2,12,10
2021-01-16,D1,Dortmund,Mainz,1,1,1,17,8,7,3,1179.05544922831,795.363846401628,1,0,0,1,1,0,0,3,9,1,16,6,37,14,0,0,9,-9,4,-4,1,1,3,7,8,17
2021-01-16,D1,FC Koln,Hertha,1,0,0,8,14,2,3,906.029204032385,922.879099987214,0,0,2,2,0,0,9,4,4,5,9,13,20,23,0,0,-6,6,-1,1,0,0,3,2,14,8
2021-01-16,D1,Hoffenheim,Arminia Bielefeld,1,0,0,11,8,5,2,862.642327860096,840.340617008767,0,1,2,0,0,1,2,0,3,6,8,9,17,15,0,0,3,-3,3,-3,0,0,2,5,8,11
2021-01-16,D1,Werder Bremen,Augsburg,2,2,0,10,6,5,2,873.938687581469,911.840252709477,0,2,3,0,0,2,5,0,4,7,7,12,16,25,2,-2,4,-4,3,-3,0,2,2,5,6,10
2021-01-16,D1,Wolfsburg,RB Leipzig,1,2,2,8,13,2,9,1104.06686172218,1206.85932115611,5,2,0,0,10,4,0,0,7,10,18,18,33,38,0,0,-5,5,-7,7,2,2,9,2,13,8
2021-01-16,D1,Stuttgart,M'gladbach,1,2,2,19,8,7,5,1096.58654798231,1124.53538847447,0,1,1,0,0,3,7,0,7,8,13,16,27,32,0,0,11,-11,2,-2,2,2,5,7,8,19
2021-01-17,D1,Bayern Munich,Freiburg,2,2,1,25,8,9,3,1294.29788893708,1135.85407870348,2,2,0,0,14,3,0,0,10,15,21,17,41,30,1,-1,17,-17,6,-6,1,2,3,9,8,25
2021-01-17,D1,Ein Frankfurt,Schalke 04,2,3,1,20,5,11,1,1099.49824524487,822.645817325846,1,0,0,1,9,0,0,9,10,4,15,6,26,14,2,-2,15,-15,10,-10,1,3,1,11,5,20
2021-01-19,D1,M'gladbach,Werder Bremen,2,1,0,11,11,6,2,1123.25106594253,922.561821024279,1,0,0,0,1,2,0,1,8,7,14,9,33,19,1,-1,0,0,4,-4,0,1,2,6,11,11
2021-01-19,D1,Hertha,Hoffenheim,0,0,3,13,11,2,6,922.10374140011,861.616704356255,1,0,0,1,3,0,0,1,5,4,13,9,21,17,-3,3,2,-2,-4,4,3,0,6,2,11,13
2021-01-19,D1,Leverkusen,Dortmund,2,2,1,23,15,13,3,1186.54665218347,1166.22253307995,0,1,0,0,1,1,2,0,4,10,17,14,41,35,1,-1,8,-8,10,-10,1,2,3,13,15,23
2021-01-19,D1,Mainz,Wolfsburg,0,0,2,8,8,0,2,808.196762549992,1108.66717905889,0,0,3,0,0,1,9,4,2,5,7,18,14,34,-2,2,0,0,-2,2,2,0,2,0,8,8
2021-01-20,D1,Schalke 04,FC Koln,0,1,2,15,12,8,4,807.833759692387,906.804562619489,1,0,0,1,1,0,0,2,3,2,5,10,11,18,-1,1,3,-3,4,-4,2,1,4,8,12,15
2021-01-20,D1,Augsburg,Bayern Munich,0,0,1,9,17,0,4,863.217119266667,1312.63870391865,0,0,2,1,0,0,5,1,6,12,9,21,25,41,-1,1,-8,8,-4,4,1,0,4,0,17,9
2021-01-20,D1,Arminia Bielefeld,Stuttgart,2,3,0,9,11,3,3,841.366240512609,1097.87087051425,1,1,0,0,1,1,0,0,7,5,10,13,16,27,3,-3,-2,2,0,0,0,3,3,3,11,9
2021-01-20,D1,Freiburg,Ein Frankfurt,1,2,2,11,17,4,4,1117.51326372191,1114.31030287833,3,2,0,0,4,2,0,0,12,13,17,17,27,29,0,0,-6,6,0,0,2,2,4,4,17,11
2021-01-20,D1,RB Leipzig,Union Berlin,2,1,0,15,4,5,1,1202.2590038194,1201.90604433361,0,1,1,0,0,2,2,0,8,11,19,19,36,38,1,-1,11,-11,4,-4,0,1,1,5,4,15
2021-01-22,D1,M'gladbach,Dortmund,2,4,2,10,16,7,7,1138.5809606919,1136.09232133349,2,0,0,1,2,0,0,1,10,7,17,14,35,35,2,-2,-6,6,0,0,2,4,7,7,16,10
2021-01-23,D1,Augsburg,Union Berlin,2,2,1,8,9,4,5,858.738740804452,1169.93855309245,0,0,3,1,0,0,6,1,3,10,9,16,22,35,1,-1,-1,1,-1,1,1,2,5,4,9,8
2021-01-23,D1,Arminia Bielefeld,Ein Frankfurt,0,1,5,8,15,4,8,930.149384093564,1114.45780049771,2,0,0,0,2,3,0,1,10,13,13,17,19,29,-4,4,-7,7,-4,4,5,1,8,4,15,8
2021-01-23,D1,Freiburg,Stuttgart,2,2,1,9,27,4,11,1117.36576610253,1009.08772693329,0,0,0,1,5,0,1,1,10,4,18,12,27,27,1,-1,-18,18,-7,7,1,2,11,4,27,9
2021-01-23,D1,Leverkusen,Wolfsburg,0,0,1,10,8,4,4,1216.67686392993,1121.87996797064,1,1,0,0,2,2,0,0,4,8,17,18,41,34,-1,1,2,-2,0,0,1,0,4,4,8,10
2021-01-23,D1,Mainz,RB Leipzig,2,3,2,10,12,4,5,794.983973638239,1234.22649506057,0,0,4,0,0,5,10,1,1,8,6,19,14,39,1,-1,-2,2,-1,1,2,3,5,4,12,10
2021-01-23,D1,Hertha,Werder Bremen,0,1,4,18,7,10,5,858.173198149835,907.231926274903,0,0,1,1,0,0,1,2,4,7,10,8,18,19,-3,3,11,-11,5,-5,4,1,5,10,7,18
2021-01-24,D1,Schalke 04,Bayern Munich,0,0,4,14,32,4,14,784.710493472646,1317.11708238087,0,1,1,0,0,1,1,0,3,12,4,21,8,41,-4,4,-18,18,-10,10,4,0,14,4,32,14
2021-01-24,D1,Hoffenheim,FC Koln,2,3,0,13,13,4,4,925.54724760653,929.927828839229,0,1,0,0,1,1,3,0,7,5,12,12,19,18,3,-3,0,0,0,0,0,3,4,4,13,13
2021-01-29,D1,Stuttgart,Mainz,2,2,0,9,10,3,2,986.749702489021,854.255310070937,0,0,0,0,1,1,8,4,4,4,11,6,26,14,2,-2,-1,1,1,-1,0,2,2,3,10,9
2021-01-30,D1,Bayern Munich,Hoffenheim,2,4,1,15,15,9,5,1322.86864179231,980.766358283291,3,1,0,0,15,1,0,0,12,7,23,14,44,22,3,-3,0,0,4,-4,1,4,5,9,15,15
2021-01-30,D1,Dortmund,Augsburg,2,3,1,14,5,5,1,1092.54884478438,913.59314557683,0,0,0,1,2,0,1,1,7,6,11,11,35,25,2,-2,9,-9,4,-4,1,3,1,5,5,14
2021-01-30,D1,Ein Frankfurt,Hertha,2,3,1,17,11,8,4,1147.62845487316,811.290824082485,2,0,0,0,10,1,0,5,13,4,19,10,32,17,2,-2,6,-6,4,-4,1,3,4,8,11,17
2021-01-30,D1,Union Berlin,M'gladbach,1,1,1,13,12,3,4,1115.08414832007,1182.12443724101,1,0,0,0,8,4,0,1,7,13,13,19,34,35,0,0,1,-1,-1,1,1,1,4,3,12,13
2021-01-30,D1,Werder Bremen,Schalke 04,1,1,1,15,6,6,1,954.114300342253,778.958934061206,1,0,0,2,1,0,0,10,7,3,10,4,22,8,0,0,9,-9,5,-5,1,1,1,6,6,15
2021-01-30,D1,RB Leipzig,Leverkusen,2,1,0,16,8,2,4,1174.95515862787,1176.15614867779,1,0,0,2,1,0,0,2,7,4,18,14,39,38,1,-1,8,-8,-2,2,0,1,4,2,8,16
2021-01-31,D1,FC Koln,Arminia Bielefeld,2,3,1,14,9,7,3,874.708718162468,896.978729718115,0,0,0,0,1,2,10,1,4,7,12,13,15,18,2,-2,5,-5,4,-4,1,3,3,7,9,14
2021-01-31,D1,Wolfsburg,Freiburg,2,3,0,12,9,6,2,1162.40068322278,1139.7037905468,0,0,0,1,11,0,1,1,8,10,18,21,36,27,3,-3,3,-3,4,-4,0,3,2,6,9,12
2021-02-05,D1,Hertha,Bayern Munich,0,0,1,11,17,7,7,800.232101009685,1336.22497767606,0,2,2,0,0,2,2,0,1,12,9,23,17,46,-1,1,-6,6,0,0,1,0,7,7,17,11
2021-02-06,D1,Augsburg,Wolfsburg,0,0,2,9,17,1,9,890.519242835126,1213.37495665244,1,2,0,0,1,3,0,0,3,11,10,18,25,36,-2,2,-8,8,-8,8,2,0,9,1,17,9
2021-02-06,D1,Freiburg,Dortmund,2,2,1,6,16,3,5,1088.72951711714,1115.62274752609,1,0,0,2,6,0,0,2,7,7,20,14,27,35,1,-1,-10,10,-2,2,1,2,5,3,16,6
2021-02-06,D1,Leverkusen,Stuttgart,2,5,2,25,14,11,7,1144.04553384694,1014.64845995184,0,0,1,2,0,0,1,2,4,7,13,14,35,28,3,-3,11,-11,4,-4,2,5,7,11,14,25
2021-02-06,D1,Mainz,Union Berlin,2,1,0,9,10,5,3,826.356552608115,1118.13371360067,1,0,0,2,1,0,0,2,4,5,5,13,11,32,1,-1,-1,1,2,-2,0,1,3,5,10,9
2021-02-06,D1,Schalke 04,RB Leipzig,0,0,3,3,24,1,10,786.404773887512,1207.06577345872,0,0,2,1,0,0,2,2,4,7,5,18,8,39,-3,3,-21,21,-9,9,3,0,10,1,24,3
2021-02-06,D1,M'gladbach,FC Koln,0,1,2,10,7,2,3,1179.07487196041,921.373688871271,3,0,0,1,3,0,0,1,11,7,17,12,35,18,-1,1,3,-3,-1,1,2,1,3,2,7,10
2021-02-07,D1,Hoffenheim,Ein Frankfurt,0,1,3,8,9,2,5,967.410022399541,1158.68717794596,1,1,0,0,2,4,0,0,7,13,13,21,22,34,-2,2,-1,1,-3,3,3,1,5,2,9,8
2021-02-12,D1,RB Leipzig,Augsburg,2,2,1,16,4,6,2,1215.95948262864,878.6884590085,2,0,0,2,2,0,0,2,10,3,20,10,41,22,1,-1,12,-12,4,-4,1,2,2,6,4,16
2021-02-13,D1,Dortmund,Hoffenheim,1,2,2,6,12,3,6,1081.15072455965,945.521770823079,1,0,0,1,3,0,0,1,4,7,13,10,32,22,0,0,-6,6,-3,3,2,2,6,3,12,6
2021-02-13,D1,Leverkusen,Mainz,1,2,2,11,19,5,6,1179.15736466921,880.299089176516,1,0,0,1,1,0,0,5,6,7,13,8,35,13,0,0,-8,8,-1,1,2,2,6,5,19,11
2021-02-13,D1,Stuttgart,Hertha,1,1,1,11,11,3,3,979.536629129575,797.434497054875,1,0,0,1,2,0,0,6,4,1,11,6,25,17,0,0,0,0,0,0,1,1,3,3,11,11
2021-02-13,D1,Werder Bremen,Freiburg,1,0,0,12,8,4,2,946.668460515948,1123.20154008357,0,0,0,2,2,0,1,2,8,7,11,22,22,30,0,0,4,-4,2,-2,0,0,2,4,8,12
2021-02-13,D1,Union Berlin,Schalke 04,1,0,0,19,6,3,1,1064.19117703227,777.511064717598,0,0,0,0,9,1,1,11,4,1,13,5,29,8,0,0,13,-13,2,-2,0,0,1,3,6,19
2021-02-14,D1,Ein Frankfurt,FC Koln,2,2,0,17,6,7,1,1180.57542952242,973.539621920907,3,1,0,0,11,1,0,0,13,10,23,14,36,21,2,-2,11,-11,6,-6,0,2,1,7,6,17
2021-02-14,D1,Wolfsburg,M'gladbach,1,0,0,18,12,6,4,1225.20574047907,1126.90893891077,1,0,0,0,12,5,0,2,13,8,20,16,38,32,0,0,6,-6,2,-2,0,0,4,6,12,18
2021-02-15,D1,Bayern Munich,Arminia Bielefeld,1,3,3,19,7,11,3,1339.02258163087,850.313759009312,4,0,0,1,16,0,0,2,15,7,25,13,48,18,0,0,12,-12,8,-8,3,3,3,11,7,19
2021-02-19,D1,Arminia Bielefeld,Wolfsburg,0,0,3,7,11,2,6,864.502136471246,1220.79603945661,0,3,1,0,0,4,1,0,5,13,11,18,18,38,-3,3,-4,4,-4,4,3,0,6,2,11,7
2021-02-20,D1,Ein Frankfurt,Bayern Munich,2,2,1,12,22,6,6,1201.00766308877,1324.83420416893,4,3,0,0,12,3,0,0,13,13,26,25,38,46,1,-1,-10,10,0,0,1,2,6,6,22,12
2021-02-20,D1,FC Koln,Stuttgart,0,0,1,9,9,0,3,953.107388354555,971.842503481292,1,0,0,3,2,0,0,3,9,4,11,9,21,26,-1,1,0,0,-3,3,1,0,3,0,9,9
2021-02-20,D1,Freiburg,Union Berlin,0,0,1,9,15,1,4,1115.7060861959,1053.34552441889,2,0,0,3,7,0,0,3,8,2,20,13,28,30,-1,1,-6,6,-3,3,1,0,4,1,15,9
2021-02-20,D1,M'gladbach,Mainz,0,1,2,12,8,3,6,1131.31863993323,891.440722490924,0,0,1,0,0,1,1,6,8,7,16,9,33,14,-1,1,4,-4,-3,3,2,1,6,3,8,12
2021-02-20,D1,Schalke 04,Dortmund,0,0,4,13,9,2,6,788.356717330978,1075.2038372268,0,0,3,3,0,0,3,3,2,4,5,14,9,30,-4,4,4,-4,-4,4,4,0,6,2,9,13
2021-02-21,D1,Augsburg,Leverkusen,1,1,1,6,10,3,3,870.65745314686,1168.0157313548,0,0,1,3,0,0,1,3,3,7,9,11,19,35,0,0,-4,4,0,0,1,1,3,3,10,6
2021-02-21,D1,Hertha,RB Leipzig,0,0,3,8,14,4,7,805.128622703159,1223.99048849028,0,1,3,0,0,1,3,0,1,12,6,20,15,41,-3,3,-6,6,-3,3,3,0,7,4,14,8
2021-02-21,D1,Hoffenheim,Werder Bremen,2,4,0,12,3,6,1,951.468658155937,954.163914403626,0,1,1,0,0,1,1,0,7,8,11,12,20,23,4,-4,9,-9,5,-5,0,4,1,6,3,12
2021-02-26,D1,Werder Bremen,Ein Frankfurt,2,2,1,9,13,5,4,889.160608247947,1243.95295559044,0,2,0,0,3,5,2,0,5,15,12,28,23,38,1,-1,-4,4,1,-1,1,2,4,5,13,9
2021-02-27,D1,Bayern Munich,FC Koln,2,5,1,15,6,7,3,1281.88891166726,922.831285635985,0,0,0,1,17,0,1,1,10,6,22,11,46,21,4,-4,9,-9,4,-4,1,5,3,7,6,15
2021-02-27,D1,Dortmund,Arminia Bielefeld,2,3,0,20,8,9,2,1095.96649048515,852.074154156362,0,0,0,0,4,1,1,3,7,4,14,11,33,17,3,-3,12,-12,7,-7,0,3,2,9,8,20
2021-02-27,D1,Stuttgart,Schalke 04,2,5,1,19,11,10,5,1002.11860619986,767.594064072626,0,0,0,0,3,2,1,12,7,2,11,5,26,9,4,-4,8,-8,5,-5,1,5,5,10,11,19
2021-02-27,D1,Wolfsburg,Hertha,2,2,0,11,7,2,2,1233.22402177149,796.149948225861,0,0,0,0,13,1,1,7,13,1,21,5,40,15,2,-2,4,-4,0,0,0,2,2,2,7,11
2021-02-27,D1,RB Leipzig,M'gladbach,2,3,2,21,5,11,2,1232.96916296757,1080.17449880528,3,0,0,0,3,6,0,3,12,5,20,15,43,32,1,-1,16,-16,9,-9,2,3,2,11,5,21
2021-02-28,D1,Union Berlin,Hoffenheim,1,1,1,4,15,1,4,1091.02825020733,1016.47196431162,0,0,0,0,10,1,2,2,5,7,15,14,32,20,0,0,-11,11,-3,3,1,1,4,1,15,4
2021-02-28,D1,Mainz,Augsburg,0,0,1,10,8,5,3,942.58486361887,881.763398036536,2,0,0,3,2,0,0,3,10,4,11,7,17,17,-1,1,2,-2,2,-2,1,0,3,5,8,10
2021-02-28,D1,Leverkusen,Freiburg,0,1,2,21,6,5,3,1156.90978646512,1078.02336040745,0,0,0,0,2,1,1,3,5,7,9,17,35,27,-1,1,15,-15,2,-2,2,1,3,5,6,21
2021-03-05,D1,Schalke 04,Mainz,1,0,0,2,19,2,2,741.036250058344,905.039530526454,0,1,4,0,0,2,4,0,2,7,5,11,9,17,0,0,-17,17,0,0,0,0,2,2,19,2
2021-03-06,D1,Ein Frankfurt,Stuttgart,1,1,1,19,8,8,1,1187.30193259338,1028.67642021414,5,1,0,0,13,1,0,0,12,10,25,14,35,28,0,0,11,-11,7,-7,1,1,1,8,8,19
2021-03-06,D1,Freiburg,RB Leipzig,0,0,3,5,13,1,8,1117.16673390446,1251.73841937279,0,2,1,0,0,2,1,0,7,15,17,22,30,43,-3,3,-8,8,-7,7,3,0,8,1,13,5
2021-03-06,D1,Hertha,Augsburg,2,2,1,17,7,7,4,789.593755170284,919.308731128952,0,1,4,0,0,1,4,0,1,4,5,10,15,19,1,-1,10,-10,3,-3,1,2,4,7,7,17
2021-03-06,D1,Hoffenheim,Wolfsburg,2,2,1,9,17,4,5,1019.85365896592,1239.78021482707,1,4,0,0,1,5,0,0,5,13,12,21,21,42,1,-1,-8,8,-1,1,1,2,5,4,17,9
2021-03-06,D1,M'gladbach,Leverkusen,0,0,1,7,13,3,5,1061.40524240007,1117.76641296811,0,0,2,0,0,1,2,4,2,5,15,9,29,34,-1,1,-6,6,-2,2,1,0,5,3,13,7
2021-03-06,D1,Bayern Munich,Dortmund,2,4,2,25,4,9,3,1296.38344928866,1117.47254345961,1,1,0,0,18,1,0,0,10,10,22,17,46,33,2,-2,21,-21,6,-6,2,4,3,9,4,25
2021-03-07,D1,FC Koln,Werder Bremen,1,1,1,16,11,4,5,908.336748014585,945.811631245013,0,0,1,1,0,0,1,1,6,8,10,15,21,23,0,0,5,-5,-1,1,1,1,5,4,11,16
2021-03-07,D1,Arminia Bielefeld,Union Berlin,1,0,0,5,7,3,3,830.568101181898,1087.64655555303,0,1,2,0,0,1,2,0,1,6,11,13,14,30,0,0,-2,2,0,0,0,0,3,3,7,5
2021-03-10,D1,Arminia Bielefeld,Werder Bremen,0,0,2,22,5,7,2,840.63375934437,944.092510724385,0,0,0,0,1,1,3,2,2,6,9,13,15,21,-2,2,17,-17,5,-5,2,0,2,7,5,22
2021-03-12,D1,Augsburg,M'gladbach,2,3,1,10,28,3,7,875.887349018193,1034.5512372538,0,0,0,1,1,0,2,4,4,1,7,12,19,28,2,-2,-18,18,-4,4,1,3,7,3,28,10
2021-03-13,D1,Mainz,Freiburg,2,1,0,10,13,7,3,898.002000491353,1082.76028701524,0,1,1,0,0,2,1,0,8,7,12,14,18,29,1,-1,-3,3,4,-4,0,1,3,7,13,10
2021-03-13,D1,Union Berlin,FC Koln,2,2,1,13,9,8,5,1077.58089739056,910.055868535212,0,0,0,2,11,0,3,2,6,4,11,11,30,21,1,-1,4,-4,3,-3,1,2,5,8,9,13
2021-03-13,D1,Werder Bremen,Bayern Munich,0,1,3,9,22,4,6,975.26308169516,1319.46173685649,1,0,0,1,4,0,0,1,8,10,16,22,23,46,-2,2,-13,13,-2,2,3,1,6,4,22,9
2021-03-13,D1,Wolfsburg,Schalke 04,2,5,0,16,7,7,2,1189.85656187894,748.073780093444,1,0,0,1,14,0,0,13,10,2,21,6,41,9,5,-5,9,-9,5,-5,0,5,2,7,7,16
2021-03-13,D1,Dortmund,Hertha,2,2,0,14,4,4,0,1094.39425589178,833.015137281043,1,0,0,1,5,0,0,8,7,4,14,5,30,18,2,-2,10,-10,4,-4,0,2,0,4,4,14
2021-03-14,D1,Leverkusen,Arminia Bielefeld,0,1,2,20,10,8,5,1144.62041811438,809.463188373595,0,0,1,1,0,0,2,4,8,2,12,9,34,15,-1,1,10,-10,3,-3,2,1,5,8,10,20
2021-03-14,D1,RB Leipzig,Ein Frankfurt,1,1,1,14,5,8,2,1286.144866262,1180.46549851707,4,0,0,1,4,0,0,1,15,10,22,23,43,35,0,0,9,-9,6,-6,1,1,2,8,5,14
2021-03-14,D1,Stuttgart,Hoffenheim,2,2,0,7,16,4,5,1035.51285429046,1069.77731191405,1,0,0,0,4,2,0,3,8,8,15,15,26,24,2,-2,-9,9,-1,1,0,2,5,4,16,7
2021-03-19,D1,Arminia Bielefeld,RB Leipzig,0,0,1,5,20,0,8,865.346333744128,1281.42288576471,0,3,1,0,0,3,4,0,4,13,9,23,18,41,-1,1,-15,15,-8,8,1,0,8,0,20,5
2021-03-20,D1,Bayern Munich,Stuttgart,2,4,0,15,12,7,4,1330.09047436111,1083.68178768569,2,0,0,0,19,2,0,1,10,11,25,15,46,28,4,-4,3,-3,3,-3,0,4,4,7,12,15
2021-03-20,D1,Ein Frankfurt,Union Berlin,2,5,2,9,24,5,8,1185.18747901436,1095.24539540496,0,0,0,0,14,2,1,1,8,9,21,13,36,32,3,-3,-15,15,-3,3,2,5,8,5,24,9
2021-03-20,D1,FC Koln,Dortmund,1,2,2,10,13,2,4,892.391370520808,1110.33541268459,0,0,0,1,1,0,2,1,1,10,11,14,20,30,0,0,-3,3,-2,2,2,2,4,2,13,10
2021-03-20,D1,Werder Bremen,Wolfsburg,0,1,2,11,16,4,5,964.63434419054,1200.641858678,0,0,1,1,0,0,1,1,7,10,15,23,22,41,-1,1,-5,5,-1,1,2,1,5,4,16,11
2021-03-20,D1,Schalke 04,M'gladbach,0,0,3,4,21,1,7,737.288483294378,971.950302390143,0,0,0,2,1,0,5,5,2,1,3,9,9,25,-3,3,-17,17,-6,6,3,0,7,1,21,4
2021-03-21,D1,Hoffenheim,Mainz,0,1,2,8,16,2,7,1021.60837851882,945.577627353784,2,0,0,0,2,3,0,1,8,8,15,15,23,21,-1,1,-8,8,-5,5,2,1,7,2,16,8
2021-03-21,D1,Hertha,Leverkusen,2,3,0,13,9,10,1,817.073980488239,1088.73727274385,1,1,0,0,1,2,0,0,4,5,5,11,18,31,3,-3,4,-4,9,-9,0,3,1,10,9,13
2021-03-21,D1,Freiburg,Augsburg,2,2,0,10,19,3,8,1035.18466015281,938.488283881853,0,0,2,1,0,0,2,1,4,7,11,10,28,22,2,-2,-9,9,-5,5,0,2,8,3,19,10
2021-04-03,D1,Augsburg,Hoffenheim,2,2,1,7,16,2,6,906.531186459775,982.715369494288,1,0,0,1,2,0,0,4,7,7,10,14,19,23,1,-1,-9,9,-4,4,1,2,6,2,16,7
2021-04-03,D1,Dortmund,Ein Frankfurt,0,1,2,20,15,7,3,1101.43644178243,1225.90937488123,2,0,0,0,6,1,0,2,10,8,14,21,28,38,-1,1,5,-5,4,-4,2,1,3,7,15,20
2021-04-03,D1,Leverkusen,Schalke 04,2,2,1,6,4,2,2,998.552838080486,714.850257250308,0,0,2,2,0,0,3,14,4,1,11,3,28,8,1,-1,2,-2,0,0,1,2,2,2,4,6
2021-04-03,D1,Mainz,Arminia Bielefeld,1,1,1,12,9,5,2,984.470636378314,859.999461624464,1,1,0,0,1,1,0,0,10,4,17,8,24,18,0,0,3,-3,3,-3,1,1,2,5,9,12
2021-04-03,D1,Wolfsburg,FC Koln,2,1,0,13,10,6,1,1213.72813472726,901.290341422961,2,0,0,3,15,0,0,3,12,2,25,11,43,21,1,-1,3,-3,5,-5,0,1,1,6,10,13
2021-04-03,D1,RB Leipzig,Bayern Munich,0,0,1,13,9,3,5,1286.76975788437,1355.23447493091,0,1,0,0,5,1,1,0,13,12,25,25,44,46,-1,1,4,-4,-2,2,1,0,5,3,9,13
2021-04-03,D1,M'gladbach,Freiburg,2,2,1,19,7,5,4,994.388528434213,1067.14175757489,0,0,3,1,0,0,3,1,3,6,11,14,25,31,1,-1,12,-12,1,-1,1,2,4,5,7,19
2021-04-04,D1,Stuttgart,Werder Bremen,2,1,0,14,9,3,2,1058.5377871159,951.548068141282,2,1,0,0,5,2,0,0,10,7,14,12,27,21,1,-1,5,-5,1,-1,0,1,2,3,9,14
2021-04-04,D1,Union Berlin,Hertha,1,1,1,11,4,3,1,1054.52349953809,907.258415151601,1,0,0,2,12,0,0,9,8,6,10,7,29,20,0,0,7,-7,2,-2,1,1,1,3,4,11
2021-04-09,D1,Arminia Bielefeld,Freiburg,2,1,0,14,10,4,2,865.49830462853,1028.53719024722,0,0,2,2,0,0,5,2,5,6,6,13,19,31,1,-1,4,-4,2,-2,0,1,2,4,10,14
2021-04-10,D1,Bayern Munich,Union Berlin,1,1,1,14,6,2,2,1381.00901509394,1048.12062288739,3,0,0,1,20,0,0,2,15,6,25,11,46,27,0,0,8,-8,0,0,1,1,2,2,6,14
2021-04-10,D1,Ein Frankfurt,Wolfsburg,2,4,3,9,20,5,7,1246.91154605236,1222.81801041079,1,1,0,0,15,1,0,0,8,12,23,25,40,43,1,-1,-11,11,-2,2,3,4,7,5,20,9
2021-04-10,D1,Hertha,M'gladbach,1,2,2,24,7,8,4,913.661291802301,1032.99309576188,2,1,0,0,2,1,0,0,7,6,8,11,18,28,0,0,17,-17,4,-4,2,2,4,8,7,24
2021-04-10,D1,Werder Bremen,RB Leipzig,0,1,4,11,8,2,4,929.10208225463,1260.99521772134,0,4,2,0,0,4,2,0,4,10,12,22,20,41,-3,3,3,-3,-2,2,4,1,4,2,8,11
2021-04-10,D1,Stuttgart,Dortmund,0,2,3,13,18,3,7,1080.98377300255,1080.4342706113,3,0,0,0,6,1,0,2,10,7,17,14,29,28,-1,1,-5,5,-4,4,3,2,7,3,18,13
2021-04-11,D1,Schalke 04,Augsburg,2,1,0,7,13,2,4,704.392468773606,945.437670093306,0,0,1,2,0,0,6,2,1,9,3,13,7,22,1,-1,-6,6,-2,2,0,1,4,2,13,7
2021-04-11,D1,FC Koln,Mainz,0,2,3,22,9,4,6,892.200465739432,978.971793374249,0,1,0,0,2,4,3,0,2,8,8,18,20,24,-1,1,13,-13,-2,2,3,2,6,4,9,22
2021-04-12,D1,Hoffenheim,Leverkusen,1,0,0,2,7,0,5,943.808885860758,1009.01062655719,0,0,1,1,0,0,1,1,4,6,11,11,23,28,0,0,-5,5,-5,5,0,0,5,0,7,2
2021-04-16,D1,RB Leipzig,Hoffenheim,1,0,0,14,6,2,0,1275.05578255075,946.776777042117,0,0,1,2,0,0,2,5,10,4,25,9,43,23,0,0,8,-8,2,-2,0,0,0,2,6,14
2021-04-17,D1,Augsburg,Arminia Bielefeld,1,0,0,9,8,3,1,894.2246358973,911.501637534199,2,0,0,0,3,2,0,1,6,7,10,9,21,22,0,0,1,-1,2,-2,0,0,1,3,8,9
2021-04-17,D1,Freiburg,Schalke 04,2,4,0,13,4,8,2,982.533857341552,755.605502969611,1,0,0,3,1,0,0,15,3,4,10,6,31,10,4,-4,9,-9,6,-6,0,4,2,8,4,13
2021-04-17,D1,M'gladbach,Ein Frankfurt,2,4,0,19,16,4,5,1027.70402574588,1276.6959997759,1,1,0,0,1,2,0,0,7,11,9,23,28,42,4,-4,3,-3,-1,1,0,4,5,4,16,19
2021-04-17,D1,Union Berlin,Stuttgart,2,2,1,9,9,4,2,1060.01568695982,1048.93316200416,0,0,0,1,13,0,1,2,6,7,12,17,25,28,1,-1,0,0,2,-2,1,2,2,4,9,9
2021-04-17,D1,Wolfsburg,Bayern Munich,0,2,3,7,14,3,9,1193.03355668725,1369.11395102151,3,2,0,0,16,2,0,0,9,13,22,23,40,46,-1,1,-7,7,-6,6,3,2,9,3,14,7
2021-04-17,D1,Leverkusen,FC Koln,2,3,0,8,14,5,2,1006.04273537583,868.030280891933,1,0,0,4,1,0,0,4,7,2,12,8,26,20,3,-3,-6,6,3,-3,0,3,2,5,14,8
2021-04-18,D1,Dortmund,Werder Bremen,2,4,1,19,10,9,3,1112.48488160969,915.041517425224,0,0,1,1,0,0,1,1,7,3,17,9,28,19,3,-3,9,-9,6,-6,1,4,3,9,10,19
2021-04-20,D1,FC Koln,RB Leipzig,2,2,1,5,23,3,6,834.08860962686,1263.25660590255,0,5,1,0,0,5,4,0,1,8,5,23,17,41,1,-1,-18,18,-3,3,1,2,6,3,23,5
2021-04-20,D1,Bayern Munich,Leverkusen,2,2,0,26,6,9,3,1386.15560681094,1039.9844066409,0,0,0,0,21,1,1,2,13,7,23,15,46,28,2,-2,20,-20,6,-6,0,2,3,9,6,26
2021-04-20,D1,Arminia Bielefeld,Schalke 04,2,1,0,10,3,5,0,910.706657372167,728.113596527639,1,0,0,4,1,0,0,16,8,3,10,5,23,10,1,-1,7,-7,5,-5,0,1,0,5,3,10
2021-04-20,D1,Ein Frankfurt,Augsburg,2,2,0,12,14,4,4,1172.53447539816,895.019616059333,2,0,0,3,16,0,0,3,10,7,20,11,41,21,2,-2,-2,2,0,0,0,2,4,4,14,12
2021-04-21,D1,Dortmund,Union Berlin,2,2,0,21,6,11,2,1138.98174895819,1090.9952947447,1,0,0,0,1,1,0,3,10,8,17,14,31,27,2,-2,15,-15,9,-9,0,2,2,11,6,21
2021-04-21,D1,Hoffenheim,M'gladbach,2,3,2,19,5,6,3,958.575953690319,1131.86555012362,0,0,0,0,1,2,2,1,2,10,10,11,23,28,1,-1,14,-14,3,-3,2,3,3,6,5,19
2021-04-21,D1,Stuttgart,Wolfsburg,0,1,3,11,13,4,4,1017.95355421928,1175.99190089782,0,0,1,1,0,0,1,1,6,9,14,19,28,37,-2,2,-2,2,0,0,3,1,4,4,13,11
2021-04-21,D1,Werder Bremen,Mainz,0,0,1,18,13,4,5,888.544650076728,1003.14197822175,0,2,3,0,0,5,3,0,0,11,8,18,19,24,-1,1,5,-5,-1,1,1,0,5,4,13,18
2021-04-23,D1,Augsburg,FC Koln,0,2,3,13,14,5,6,880.254443529009,893.099615138731,0,0,0,5,4,0,1,5,4,4,11,5,21,19,-1,1,-1,1,-1,1,3,2,6,5,14,13
2021-04-24,D1,Freiburg,Hoffenheim,1,1,1,15,16,7,4,1010.02576378352,1005.33266887096,2,0,0,0,2,1,0,6,6,5,13,13,33,23,0,0,-1,1,3,-3,1,1,4,7,16,15
2021-04-24,D1,Mainz,Bayern Munich,2,2,1,8,17,4,4,1024.95398245816,1396.67873583082,0,3,0,0,2,3,1,0,13,13,21,23,26,48,1,-1,-9,9,0,0,1,2,4,4,17,8
2021-04-24,D1,Union Berlin,Werder Bremen,2,3,1,17,9,6,5,1053.15689491148,866.732645840315,1,0,0,2,14,0,0,2,5,0,14,7,27,19,2,-2,8,-8,1,-1,1,3,5,6,9,17
2021-04-24,D1,Wolfsburg,Dortmund,0,0,2,21,8,2,4,1201.17079316924,1176.82014879141,0,1,1,0,0,2,1,0,9,10,19,20,39,33,-2,2,13,-13,-2,2,2,0,4,2,8,21
2021-04-24,D1,Leverkusen,Ein Frankfurt,2,3,1,18,12,10,4,1029.46127762101,1187.29964792849,2,0,0,1,2,0,0,1,7,12,12,20,25,43,2,-2,6,-6,6,-6,1,3,4,10,12,18
2021-04-25,D1,RB Leipzig,Stuttgart,2,2,0,24,2,11,0,1204.24560039067,992.774661947862,0,0,0,2,1,0,3,3,7,3,20,14,40,25,2,-2,22,-22,11,-11,0,2,0,11,2,24
2021-04-25,D1,M'gladbach,Arminia Bielefeld,2,5,0,20,10,12,5,1085.10883494297,927.283669663782,2,0,0,0,2,3,0,2,10,8,11,12,27,23,5,-5,10,-10,7,-7,0,5,5,12,10,20
2021-05-03,D1,Mainz,Hertha,1,1,1,16,7,9,5,1082.21565453703,918.950361818305,1,0,0,0,3,1,0,10,13,8,21,9,29,19,0,0,9,-9,4,-4,1,1,5,9,7,16
2021-05-06,D1,Hertha,Freiburg,2,3,0,13,15,6,4,925.960455664395,1009.80965191965,0,0,0,3,3,0,1,3,6,7,10,11,19,33,3,-3,-2,2,2,-2,0,3,4,6,15,13
2021-05-07,D1,Stuttgart,Augsburg,2,2,1,14,20,6,9,972.739833806001,849.436988804522,0,0,2,4,0,0,2,4,3,4,13,11,22,20,1,-1,-6,6,-3,3,1,2,9,6,20,14
2021-05-08,D1,Dortmund,RB Leipzig,2,3,2,15,14,4,7,1223.74658322058,1224.28042853254,2,0,0,1,2,0,0,1,12,7,22,20,36,40,1,-1,1,-1,-3,3,2,3,7,4,14,15
2021-05-08,D1,Hoffenheim,Schalke 04,2,4,2,20,6,12,3,1005.54878073484,711.536584236024,1,0,0,5,2,0,0,17,6,3,13,5,24,10,2,-2,14,-14,9,-9,2,4,3,12,6,20
2021-05-08,D1,Werder Bremen,Leverkusen,1,0,0,13,14,2,4,844.382312818156,1091.97695166709,0,0,4,1,0,0,4,3,0,10,7,14,19,25,0,0,-1,1,-2,2,0,0,4,2,14,13
2021-05-08,D1,Wolfsburg,Union Berlin,2,3,0,17,9,8,1,1154.24435874006,1075.50722793364,0,0,2,1,0,0,2,4,6,8,18,16,36,29,3,-3,8,-8,7,-7,0,3,1,8,9,17
2021-05-08,D1,Bayern Munich,M'gladbach,2,6,0,22,14,7,2,1339.41706375196,1127.61967993802,1,0,0,1,22,0,0,2,10,10,22,13,47,29,6,-6,8,-8,5,-5,0,6,2,7,14,22
2021-05-09,D1,FC Koln,Freiburg,0,1,4,18,11,2,6,923.917069863218,942.367234585974,1,0,0,4,1,0,0,4,6,4,8,10,19,30,-3,3,7,-7,-4,4,4,1,6,2,11,18
2021-05-09,D1,Ein Frankfurt,Mainz,1,1,1,14,6,4,3,1124.7839738824,1075.20556069094,3,3,0,0,17,6,0,0,9,11,17,21,43,30,0,0,8,-8,1,-1,1,1,3,4,6,14
2021-05-09,D1,Hertha,Arminia Bielefeld,1,0,0,11,12,4,5,993.402872998068,884.77282466874,1,0,0,1,4,0,0,3,9,8,13,12,19,23,0,0,-1,1,-1,1,0,0,5,4,12,11
2021-05-12,D1,Schalke 04,Hertha,0,1,2,12,18,1,6,697.901140786696,988.557156963995,1,0,0,0,1,2,0,11,3,7,4,13,9,19,-1,1,-6,6,-5,5,2,1,6,1,18,12
2021-05-15,D1,Augsburg,Werder Bremen,2,2,0,15,16,7,5,828.339668173931,854.179533597053,0,0,1,3,0,0,2,3,1,1,10,5,17,20,2,-2,-1,1,2,-2,0,2,5,7,16,15
2021-05-15,D1,Arminia Bielefeld,Hoffenheim,1,1,1,17,7,6,3,889.618540702813,1019.18422418417,2,0,0,0,2,2,0,7,8,9,13,13,24,27,0,0,10,-10,3,-3,1,1,3,6,7,17
2021-05-15,D1,Freiburg,Bayern Munich,1,2,2,13,16,4,6,994.005711340342,1377.31764980811,0,0,0,1,3,0,1,1,7,10,13,25,30,47,0,0,-3,3,-2,2,2,2,6,4,16,13
2021-05-15,D1,Hertha,FC Koln,1,0,0,1,11,1,3,998.669450337317,872.278593108849,0,1,0,0,5,1,1,0,9,6,16,8,21,19,0,0,-10,10,-2,2,0,0,3,1,11,1
2021-05-15,D1,Leverkusen,Union Berlin,1,1,1,9,15,4,6,1082.17973088819,1033.12647689796,3,0,0,2,3,0,0,5,8,7,14,13,23,28,0,0,-6,6,-2,2,1,1,6,4,15,9
2021-05-15,D1,M'gladbach,Stuttgart,0,1,2,9,11,4,7,1089.71909388186,993.837154436592,3,0,0,3,3,0,0,4,7,3,13,13,28,24,-1,1,-2,2,-3,3,2,1,7,4,11,9
2021-05-15,D1,Schalke 04,Ein Frankfurt,2,4,3,11,24,6,9,687.788847413374,1122.51617560136,0,0,1,2,0,0,1,2,3,7,4,15,9,43,1,-1,-13,13,-3,3,3,4,9,6,24,11
2021-05-16,D1,Mainz,Dortmund,0,1,3,9,13,5,4,1077.47335897198,1255.79575215218,0,2,0,0,4,3,1,0,11,15,19,22,30,36,-2,2,-4,4,1,-1,3,1,4,5,13,9
2021-05-16,D1,RB Leipzig,Wolfsburg,1,2,2,14,12,4,4,1192.23125960094,1196.62510977574,1,1,0,0,2,1,0,0,7,6,17,18,37,39,0,0,2,-2,0,0,2,2,4,4,12,14
2021-05-22,D1,Bayern Munich,Augsburg,2,5,2,24,9,13,5,1364.49097581138,875.453112863119,2,0,0,5,23,0,0,5,10,4,23,10,45,20,3,-3,15,-15,8,-8,2,5,5,13,9,24
2021-05-22,D1,Dortmund,Leverkusen,2,3,1,10,16,4,7,1278.93169899168,1079.93563628861,3,0,0,0,3,1,0,4,15,8,22,15,39,24,2,-2,-6,6,-3,3,1,3,7,4,16,10
2021-05-22,D1,Ein Frankfurt,Freiburg,2,3,1,18,11,11,6,1063.35993173857,1006.83238533708,0,1,0,0,18,1,1,0,4,8,15,11,40,28,2,-2,7,-7,5,-5,1,3,6,11,11,18
2021-05-22,D1,FC Koln,Schalke 04,2,1,0,20,7,10,1,877.855250345669,746.945091276159,0,0,1,6,0,0,1,18,7,3,9,7,19,12,1,-1,13,-13,9,-9,0,1,1,10,7,20
2021-05-22,D1,Hoffenheim,Hertha,2,2,1,21,9,5,5,1013.47953338898,993.092793100497,2,1,0,0,3,3,0,0,9,9,13,17,25,22,1,-1,12,-12,0,0,1,2,5,5,9,21
2021-05-22,D1,Stuttgart,Arminia Bielefeld,0,0,2,11,11,0,3,1034.45064286504,895.323231497999,1,0,0,0,1,1,0,4,6,6,13,13,27,22,-2,2,0,0,-3,3,2,0,3,0,11,11
2021-05-22,D1,Union Berlin,RB Leipzig,2,2,1,11,17,5,7,1035.37057149754,1192.43359309263,2,0,0,2,15,0,0,2,7,5,13,15,26,37,1,-1,-6,6,-2,2,1,2,7,5,17,11
2021-05-22,D1,Werder Bremen,M'gladbach,0,2,4,16,15,8,8,807.066088907865,1049.10560545342,0,0,0,2,1,0,5,3,1,6,4,13,17,28,-2,2,1,-1,0,0,4,2,8,8,15,16
2021-05-22,D1,Wolfsburg,Mainz,0,2,3,16,14,5,8,1196.42277628406,1054.33741213249,1,0,0,0,1,7,0,1,7,8,16,19,37,30,-1,1,2,-2,-3,3,3,2,8,5,14,16
2019-08-16,D1,Bayern Munich,Hertha,1,2,2,17,6,7,3,1370.65436880516,962.968329226081,3,0,0,1,24,0,0,1,10,8,23,14,45,19,0,0,11,-11,4,-4,2,2,3,7,6,17
2019-08-17,D1,Dortmund,Augsburg,2,5,1,23,5,10,1,1300.09822131575,869.289719869339,4,0,0,6,4,0,0,6,15,3,25,10,39,17,4,-4,18,-18,9,-9,1,5,1,10,5,23
2019-08-17,D1,Freiburg,Mainz,2,3,0,19,19,8,5,970.048070771324,1098.74012065495,0,1,0,0,4,8,2,0,5,8,11,21,25,33,3,-3,0,0,3,-3,0,3,5,8,19,19
2019-08-17,D1,Leverkusen,Paderborn,2,3,2,13,11,4,6,1058.76911396454,1000,0,0,0,0,4,0,1,0,5,0,12,0,24,0,1,-1,2,-2,-2,2,2,3,6,4,11,13
2019-08-17,D1,Werder Bremen,Fortuna Dusseldorf,0,1,3,23,12,10,7,789.621035899068,1000,0,0,1,0,0,0,6,0,1,0,1,0,17,0,-2,2,11,-11,3,-3,3,1,7,10,12,23
2019-08-17,D1,Wolfsburg,FC Koln,2,2,1,14,11,5,2,1152.02006776159,898.337929186868,0,0,1,0,0,2,1,1,7,10,16,11,37,22,1,-1,3,-3,3,-3,1,2,2,5,11,14
2019-08-17,D1,M'gladbach,Schalke 04,1,0,0,16,8,4,1,1066.55065846222,726.462412434959,0,0,1,7,0,0,1,19,6,3,16,6,28,12,0,0,8,-8,3,-3,0,0,1,4,8,16
2019-08-18,D1,Ein Frankfurt,Hoffenheim,2,1,0,17,10,8,1,1100.14424630433,1043.6039972634,1,0,0,0,19,3,0,8,7,11,17,13,40,28,1,-1,7,-7,7,-7,0,1,1,8,10,17
2019-08-18,D1,Union Berlin,RB Leipzig,0,0,4,13,14,2,8,1080.92557641237,1146.8785881778,3,0,0,3,16,0,0,3,7,4,15,12,26,34,-4,4,-1,1,-6,6,4,0,8,2,14,13
2019-08-23,D1,FC Koln,Dortmund,0,1,3,13,14,1,6,886.279071943542,1310.06740376081,1,3,0,0,1,4,0,0,7,15,11,25,22,39,-2,2,-1,1,-5,5,3,1,6,1,14,13
2019-08-24,D1,Augsburg,Union Berlin,1,1,1,12,13,4,1,859.320537424281,1028.52212458999,1,0,0,0,1,1,0,6,3,7,7,12,17,25,0,0,-1,1,3,-3,1,1,1,4,13,12
2019-08-24,D1,Fortuna Dusseldorf,Leverkusen,0,1,3,11,11,6,7,1020.13216611858,1085.4073186592,0,0,0,1,0,0,0,5,3,8,3,15,3,26,-2,2,0,0,-1,1,3,1,7,6,11,11
2019-08-24,D1,Hoffenheim,Werder Bremen,2,3,2,10,18,3,6,1016.76605798287,769.488869780492,3,0,0,4,4,0,0,4,8,1,13,1,28,16,1,-1,-8,8,-3,3,2,3,6,3,18,10
2019-08-24,D1,Mainz,M'gladbach,0,1,3,21,15,4,6,1024.88545440754,1054.50955765792,0,1,1,0,0,1,2,0,5,7,18,17,33,26,-2,2,6,-6,-2,2,3,1,6,4,15,21
2019-08-24,D1,Paderborn,Freiburg,0,1,3,15,9,2,4,973.361795305343,1043.90273701873,0,0,0,1,0,0,0,1,0,7,0,14,0,25,-2,2,6,-6,-2,2,3,1,4,2,9,15
2019-08-24,D1,Schalke 04,Bayern Munich,0,0,3,9,10,2,6,738.503513239256,1357.44854836797,1,0,0,0,1,1,0,2,4,8,7,21,10,46,-3,3,-1,1,-4,4,3,0,6,2,10,9
2019-08-25,D1,RB Leipzig,Ein Frankfurt,2,2,1,13,11,5,5,1199.28204000018,1126.98218558486,0,0,0,3,3,0,1,3,7,7,14,19,37,40,1,-1,2,-2,0,0,1,2,5,5,11,13
2019-08-25,D1,Hertha,Wolfsburg,0,0,3,8,9,2,4,976.174149663272,1164.07892500492,0,0,0,0,6,2,2,1,6,7,15,16,20,39,-3,3,-1,1,-2,2,3,0,4,2,9,8
2019-08-30,D1,M'gladbach,RB Leipzig,0,1,3,11,14,3,6,1094.63669085024,1224.71746199723,0,1,0,0,1,1,2,0,7,7,17,14,28,39,-2,2,-3,3,-3,3,3,1,6,3,14,11
2019-08-31,D1,Bayern Munich,Mainz,2,6,1,19,7,10,4,1360.455817733,984.758321215228,0,0,0,1,25,0,1,1,11,4,21,15,46,32,5,-5,12,-12,6,-6,1,6,4,10,7,19
2019-08-31,D1,Freiburg,FC Koln,0,1,2,14,9,1,3,1078.97617607109,879.243591734294,1,0,0,1,5,0,0,2,10,4,14,10,28,21,-1,1,5,-5,-2,2,2,1,3,1,9,14
2019-08-31,D1,Leverkusen,Hoffenheim,1,0,0,20,6,2,1,1121.12069907819,1029.18990223077,1,0,0,1,5,0,0,9,8,10,18,16,29,30,0,0,14,-14,1,-1,0,0,1,2,6,20
2019-08-31,D1,Schalke 04,Hertha,2,3,0,9,9,2,3,735.496243874224,948.5603628488,0,0,1,0,0,1,1,2,4,5,7,12,10,19,3,-3,0,0,-1,1,0,3,3,2,9,9
2019-08-31,D1,Wolfsburg,Paderborn,1,1,1,15,7,5,3,1191.69271181939,938.288356252983,1,0,0,1,1,0,0,1,10,0,16,0,41,0,0,0,8,-8,2,-2,1,1,3,5,7,15
2019-08-31,D1,Union Berlin,Dortmund,2,3,1,15,13,7,2,1021.2927937832,1317.10288397005,0,4,1,0,0,5,1,0,5,15,13,27,23,41,2,-2,2,-2,5,-5,1,3,2,7,13,15
2019-09-01,D1,Werder Bremen,Augsburg,2,3,2,15,12,5,6,757.065025532585,866.549868231068,0,0,2,7,0,0,7,7,1,4,1,8,13,18,1,-1,3,-3,-1,1,2,3,6,5,12,15
2019-09-01,D1,Ein Frankfurt,Fortuna Dusseldorf,2,2,1,15,14,8,4,1101.54676358781,984.418785699586,2,1,0,0,20,1,0,0,7,3,16,3,37,3,1,-1,1,-1,4,-4,1,2,4,8,14,15
2019-09-13,D1,Fortuna Dusseldorf,Wolfsburg,1,1,1,12,15,3,6,962.815748899787,1181.72996906441,0,1,1,0,0,3,1,0,3,8,3,14,3,39,0,0,-3,3,-3,3,1,1,6,3,15,12
2019-09-14,D1,Augsburg,Ein Frankfurt,2,2,1,9,23,6,3,824.786981343608,1123.14980038761,0,0,0,4,2,0,1,4,4,9,5,16,18,39,1,-1,-14,14,3,-3,1,2,3,6,23,9
2019-09-14,D1,Dortmund,Leverkusen,2,4,0,11,22,9,12,1242.90433307999,1116.98323922925,5,1,0,0,5,1,0,0,12,8,27,16,41,27,4,-4,-11,11,-3,3,0,4,12,9,22,11
2019-09-14,D1,FC Koln,M'gladbach,0,0,1,14,15,7,4,927.849404921574,1066.47293226863,0,2,1,0,0,2,1,0,7,7,13,14,21,25,-1,1,-1,1,3,-3,1,0,4,7,15,14
2019-09-14,D1,Mainz,Hertha,2,2,1,14,16,5,8,969.495542094817,864.232197859662,0,0,2,1,0,0,3,3,3,2,14,11,32,19,1,-1,-2,2,-3,3,1,2,8,5,16,14
2019-09-14,D1,Union Berlin,Werder Bremen,0,1,2,12,16,5,7,1095.49134467327,798.827912420045,1,0,0,5,1,0,0,5,8,3,15,4,26,16,-1,1,-4,4,-2,2,2,1,7,5,16,12
2019-09-14,D1,RB Leipzig,Bayern Munich,1,1,1,12,14,6,7,1252.88122057883,1375.71859685341,1,1,0,0,4,2,0,0,10,11,17,21,39,46,0,0,-2,2,-1,1,1,1,7,6,14,12
2019-09-15,D1,Hoffenheim,Freiburg,0,0,3,22,16,5,8,1033.3273620797,1030.37036288381,4,1,0,0,5,1,0,0,8,7,17,14,28,27,-3,3,6,-6,-3,3,3,0,8,5,16,22
2019-09-15,D1,Paderborn,Schalke 04,0,1,5,9,18,1,11,948.251099007959,819.824408863362,0,0,1,0,0,1,1,20,1,7,1,10,1,13,-4,4,-9,9,-10,10,5,1,11,1,18,9
2019-09-20,D1,Schalke 04,Mainz,2,2,1,19,14,6,3,907.140625387809,992.086573278861,1,0,0,2,1,0,0,2,7,6,10,14,16,32,1,-1,5,-5,3,-3,1,2,3,6,14,19
2019-09-21,D1,Bayern Munich,FC Koln,2,4,0,24,16,5,2,1370.28621313711,907.980122877636,1,1,0,0,26,1,0,0,11,6,21,13,44,21,4,-4,8,-8,3,-3,0,4,2,5,16,24
2019-09-21,D1,Freiburg,Augsburg,1,1,1,17,12,5,2,1085.36606111195,879.046719233337,0,0,1,8,0,0,1,8,9,4,17,8,27,18,0,0,5,-5,3,-3,1,1,2,5,12,17
2019-09-21,D1,Hertha,Paderborn,2,2,1,6,17,4,8,841.641166675619,860.934882483512,0,0,1,0,0,1,3,2,1,1,10,1,19,1,1,-1,-11,11,-4,4,1,2,8,4,17,6
2019-09-21,D1,Leverkusen,Union Berlin,2,2,0,20,4,7,0,1074.88557494895,1041.31266424413,0,0,0,0,6,2,1,7,7,7,15,14,27,26,2,-2,16,-16,7,-7,0,2,0,7,4,20
2019-09-21,D1,Werder Bremen,RB Leipzig,0,0,3,11,14,1,7,853.006592849181,1258.31360429513,1,2,0,0,1,2,0,0,6,10,7,15,16,40,-3,3,-3,3,-6,6,3,0,7,1,14,11
2019-09-22,D1,M'gladbach,Fortuna Dusseldorf,2,2,1,23,18,11,4,1086.34221431257,971.745529307513,0,0,1,1,0,0,3,1,10,4,16,4,25,4,1,-1,5,-5,7,-7,1,2,4,11,18,23
2019-09-22,D1,Ein Frankfurt,Dortmund,1,2,2,17,15,3,7,1068.89006249788,1285.00199736029,3,0,0,1,21,0,0,1,9,12,13,27,36,44,0,0,2,-2,-4,4,2,2,7,3,15,17
2019-09-23,D1,Wolfsburg,Hoffenheim,1,1,1,12,11,4,5,1172.80018865669,978.33166385157,0,0,0,0,2,1,1,10,8,7,15,16,37,25,0,0,1,-1,-1,1,1,1,5,4,11,12
2019-09-27,D1,Union Berlin,Ein Frankfurt,0,1,2,12,14,5,6,1001.67989274741,1077.73059061703,0,0,1,5,0,0,1,5,4,7,11,14,25,34,-1,1,-2,2,-1,1,2,1,6,5,14,12
2019-09-28,D1,Augsburg,Leverkusen,0,0,3,8,11,1,5,887.569087727345,1114.51834644567,1,0,0,1,3,0,0,1,5,10,8,15,19,30,-3,3,-3,3,-4,4,3,0,5,1,11,8
2019-09-28,D1,Hoffenheim,M'gladbach,0,0,3,17,11,4,5,986.456042545598,1108.15427178014,0,3,1,0,0,3,1,0,5,10,16,16,26,27,-3,3,6,-6,-1,1,3,0,5,4,11,17
2019-09-28,D1,Mainz,Wolfsburg,0,0,1,15,4,5,3,952.415018383611,1164.67580996266,1,0,0,0,1,4,0,1,3,9,11,16,32,35,-1,1,11,-11,2,-2,1,0,3,5,4,15
2019-09-28,D1,Paderborn,Bayern Munich,0,2,3,10,18,5,6,827.159689978917,1378.71018405172,0,0,2,0,0,3,2,1,1,11,1,21,1,44,-1,1,-8,8,-1,1,3,2,6,5,18,10
2019-09-28,D1,RB Leipzig,Schalke 04,0,1,3,17,13,6,8,1267.95650092848,946.812180283059,0,1,0,0,5,2,1,0,13,10,17,13,40,18,-2,2,4,-4,-2,2,3,1,8,6,13,17
2019-09-28,D1,Dortmund,Werder Bremen,1,2,2,19,11,7,5,1276.16146924114,843.363696215829,6,1,0,0,6,1,0,0,10,6,25,7,42,15,0,0,8,-8,2,-2,2,2,5,7,11,19
2019-09-29,D1,Fortuna Dusseldorf,Freiburg,0,1,2,17,9,7,3,949.93347183994,1076.84369261794,0,2,0,0,1,2,2,0,4,10,4,15,4,28,-1,1,8,-8,4,-4,2,1,3,7,9,17
2019-09-29,D1,FC Koln,Hertha,0,0,4,8,10,3,6,899.55615196303,875.416359180213,0,0,2,2,0,0,2,4,3,4,13,12,18,22,-4,4,-2,2,-3,3,4,0,6,3,10,8
2019-10-04,D1,Hertha,Fortuna Dusseldorf,2,3,1,16,9,3,3,944.393749236185,929.128788492839,1,0,0,2,1,0,0,2,6,1,12,4,25,4,2,-2,7,-7,0,0,1,3,3,3,9,16
2019-10-05,D1,Bayern Munich,Hoffenheim,0,1,2,20,8,4,5,1381.27774932241,950.280872624215,2,0,0,0,27,2,0,11,13,5,21,13,44,26,-1,1,12,-12,-1,1,2,1,5,4,8,20
2019-10-05,D1,Freiburg,Dortmund,1,2,2,6,8,1,4,1097.64837596504,1262.60832964281,0,0,0,0,1,1,2,2,10,8,17,23,28,43,0,0,-2,2,-3,3,2,2,4,1,8,6
2019-10-05,D1,Leverkusen,RB Leipzig,1,1,1,11,11,8,5,1137.75815198988,1192.1732435146,1,3,0,0,7,3,0,0,10,10,18,17,30,37,0,0,0,0,3,-3,1,1,5,8,11,11
2019-10-05,D1,Paderborn,Mainz,0,1,2,16,18,7,7,824.592124708225,937.848151323083,0,0,3,3,0,0,3,3,1,3,1,8,1,29,-1,1,-2,2,0,0,2,1,7,7,18,16
2019-10-05,D1,Schalke 04,FC Koln,1,1,1,15,9,3,5,1022.59543769694,830.578761907058,2,0,0,1,2,0,0,1,12,3,16,10,21,15,0,0,6,-6,-2,2,1,1,5,3,9,15
2019-10-06,D1,M'gladbach,Augsburg,2,5,1,13,13,9,3,1144.32944170153,864.329282183133,1,0,0,0,1,1,0,9,12,5,19,8,30,19,4,-4,0,0,6,-6,1,5,3,9,13,13
2019-10-06,D1,Wolfsburg,Union Berlin,2,1,0,13,14,4,3,1179.24267702319,976.574653665513,0,0,0,1,3,0,2,8,9,4,16,11,35,25,1,-1,-1,1,1,-1,0,1,3,4,14,13
2019-10-06,D1,Ein Frankfurt,Werder Bremen,1,2,2,24,11,7,5,1102.83582969893,856.916835814158,0,0,0,0,22,2,1,1,7,7,14,8,34,15,0,0,13,-13,2,-2,2,2,5,7,11,24
2019-10-18,D1,Ein Frankfurt,Leverkusen,2,3,0,10,19,5,10,1093.08698470674,1140.24376900478,0,1,0,0,23,1,2,0,8,8,15,16,32,30,3,-3,-9,9,-5,5,0,3,10,5,19,10
2019-10-19,D1,Augsburg,Bayern Munich,1,2,2,9,24,7,9,842.870782354097,1322.21852931018,0,1,1,0,0,4,1,0,4,10,8,21,19,43,0,0,-15,15,-2,2,2,2,9,7,24,9
2019-10-19,D1,Fortuna Dusseldorf,Mainz,2,1,0,20,7,4,1,887.196863721103,959.771307890407,0,1,1,0,0,1,3,0,1,6,4,10,4,31,1,-1,13,-13,3,-3,0,1,1,4,7,20
2019-10-19,D1,RB Leipzig,Wolfsburg,1,1,1,13,14,5,6,1189.6876264997,1194.44017327876,0,1,1,0,0,5,2,0,8,9,15,19,35,37,0,0,-1,1,-1,1,1,1,6,5,14,13
2019-10-19,D1,Union Berlin,Freiburg,2,2,0,18,12,5,4,961.377157409939,1104.72139601616,0,3,2,0,0,3,2,0,3,8,8,18,24,28,2,-2,6,-6,1,-1,0,2,4,5,12,18
2019-10-19,D1,Werder Bremen,Hertha,1,1,1,15,11,5,2,866.665680806352,986.325674007921,0,1,1,0,0,1,1,0,8,9,9,14,16,27,0,0,4,-4,3,-3,1,1,2,5,11,15
2019-10-19,D1,Dortmund,M'gladbach,2,1,0,20,13,7,3,1255.53530959169,1165.78794153056,0,4,0,0,7,4,1,0,6,12,21,19,43,32,1,-1,7,-7,4,-4,0,1,3,7,13,20
2019-10-20,D1,FC Koln,Paderborn,2,3,0,16,9,6,1,838.61904133721,802.668968140901,0,0,3,1,0,0,3,3,4,1,8,1,16,1,3,-3,7,-7,5,-5,0,3,1,6,9,16
2019-10-20,D1,Hoffenheim,Schalke 04,2,2,0,9,11,3,1,1009.34009263645,1014.55515826678,0,2,2,0,0,3,2,0,5,13,15,17,28,21,2,-2,-2,2,2,-2,0,2,1,3,11,9
2019-10-25,D1,Mainz,FC Koln,2,3,1,18,16,6,8,921.182507492303,887.528160376338,0,0,1,0,0,1,1,2,6,4,9,11,28,19,2,-2,2,-2,-2,2,1,3,8,6,16,18
2019-10-26,D1,Bayern Munich,Union Berlin,2,2,1,21,6,10,4,1308.12447835052,1022.36816346945,0,0,1,2,0,0,1,9,8,3,19,11,44,24,1,-1,15,-15,6,-6,1,2,4,10,6,21
2019-10-26,D1,Freiburg,RB Leipzig,2,2,1,14,25,3,6,1043.73038995666,1189.90647571737,0,0,0,0,2,4,3,1,8,6,15,16,28,33,1,-1,-11,11,-3,3,1,2,6,3,25,14
2019-10-26,D1,Hertha,Hoffenheim,0,2,3,13,17,4,8,981.023146063561,1053.85597133005,2,1,0,0,2,3,0,0,10,7,12,15,28,28,-1,1,-4,4,-4,4,3,2,8,4,17,13
2019-10-26,D1,Paderborn,Fortuna Dusseldorf,2,2,0,14,18,6,4,753.759849101773,925.785664119207,0,0,4,3,0,0,4,3,0,4,1,7,1,7,2,-2,-4,4,2,-2,0,2,4,6,18,14
2019-10-26,D1,Schalke 04,Dortmund,1,0,0,13,8,3,3,970.039279573185,1279.44834656566,0,0,0,0,3,2,1,3,10,9,17,21,21,43,0,0,5,-5,0,0,0,0,3,3,8,13
2019-10-26,D1,Leverkusen,Werder Bremen,1,2,2,21,10,4,3,1078.35582016517,871.968208750712,0,0,0,0,8,3,1,2,7,6,15,9,29,14,0,0,11,-11,1,-1,2,2,3,4,10,21
2019-10-27,D1,Wolfsburg,Augsburg,1,0,0,14,10,3,5,1194.2213240611,856.964833313758,1,0,0,1,4,0,0,10,9,5,17,9,35,19,0,0,4,-4,-2,2,0,0,5,3,10,14
2019-10-27,D1,M'gladbach,Ein Frankfurt,2,4,2,12,15,7,3,1141.87490455659,1154.97493354635,2,1,0,0,2,1,0,0,12,8,19,17,32,32,2,-2,-3,3,4,-4,2,4,3,7,15,12
2019-11-01,D1,Hoffenheim,Paderborn,2,3,0,12,9,7,2,1079.24438554904,817.716475995015,1,0,0,2,1,0,0,4,10,3,17,4,30,4,3,-3,3,-3,5,-5,0,3,2,7,9,12
2019-11-02,D1,Dortmund,Wolfsburg,2,3,0,17,12,8,3,1268.06169510842,1182.23712077599,1,0,0,0,8,6,0,1,7,9,19,17,41,33,3,-3,5,-5,5,-5,0,3,3,8,12,17
2019-11-02,D1,Ein Frankfurt,Bayern Munich,2,5,1,17,7,11,3,1109.46445098675,1318.47924570529,1,0,0,0,24,5,0,1,8,10,17,21,32,44,4,-4,10,-10,8,-8,1,5,3,11,7,17
2019-11-02,D1,Leverkusen,M'gladbach,0,1,2,23,11,6,6,1069.83119995479,1187.3853871162,0,0,0,1,9,0,2,1,8,12,15,22,30,35,-1,1,12,-12,0,0,2,1,6,6,11,23
2019-11-02,D1,RB Leipzig,Mainz,2,8,0,19,10,12,2,1145.185065907,960.80509470185,0,0,0,1,1,0,3,1,5,6,15,12,30,31,8,-8,9,-9,10,-10,0,8,2,12,10,19
2019-11-02,D1,Werder Bremen,Freiburg,1,2,2,20,13,10,3,880.49282896109,1088.45179976702,0,0,0,1,1,0,2,1,4,8,10,17,14,28,0,0,7,-7,7,-7,2,2,3,10,13,20
2019-11-02,D1,Union Berlin,Hertha,2,1,0,16,8,6,3,1012.01339611467,955.634731844566,1,0,0,0,1,2,0,1,3,10,10,11,23,28,1,-1,8,-8,3,-3,0,1,3,6,8,16
2019-11-03,D1,Fortuna Dusseldorf,FC Koln,2,2,0,9,8,3,1,861.829037225965,847.905573166792,1,0,0,1,1,0,0,3,3,4,7,10,7,19,2,-2,1,-1,2,-2,0,2,1,3,8,9
2019-11-03,D1,Augsburg,Schalke 04,0,2,3,12,11,4,3,868.949036598862,981.425931030421,0,0,0,1,1,0,2,1,3,8,7,15,17,22,-1,1,1,-1,1,-1,3,2,3,4,11,12
2019-11-08,D1,FC Koln,Hoffenheim,0,1,2,11,15,3,5,805.804606739389,1099.05138065,1,2,0,0,1,4,0,0,4,12,7,17,18,30,-1,1,-4,4,-2,2,2,1,5,3,15,11
2019-11-09,D1,Hertha,RB Leipzig,0,2,4,7,10,3,7,928.782296247716,1196.82494074867,0,0,1,1,0,0,1,2,7,5,11,18,25,30,-2,2,-3,3,-4,4,4,2,7,3,10,7
2019-11-09,D1,Mainz,Union Berlin,0,2,3,18,14,5,4,909.165219860179,1038.86583171152,1,0,0,3,1,0,0,10,6,6,9,10,30,25,-1,1,4,-4,1,-1,3,2,4,5,14,18
2019-11-09,D1,Paderborn,Augsburg,0,0,1,12,13,4,5,797.909480894055,846.961189730551,1,0,0,0,1,1,0,11,3,2,4,7,4,17,-1,1,-1,1,-1,1,1,0,5,4,13,12
2019-11-09,D1,Schalke 04,Fortuna Dusseldorf,1,3,3,12,9,5,5,1003.41377789873,903.930003653368,0,0,0,4,4,0,2,4,8,6,18,10,24,10,0,0,3,-3,0,0,3,3,5,5,9,12
2019-11-09,D1,Bayern Munich,Dortmund,2,4,0,17,2,5,0,1219.26199340666,1309.3901991388,1,0,0,0,1,3,0,4,7,9,18,19,41,44,4,-4,15,-15,5,-5,0,4,0,5,2,17
2019-11-10,D1,M'gladbach,Werder Bremen,2,3,1,17,16,7,7,1208.9533265202,889.069146559196,3,0,0,0,3,4,0,3,12,5,22,11,38,12,2,-2,1,-1,0,0,1,3,7,7,16,17
2019-11-10,D1,Wolfsburg,Leverkusen,0,0,2,9,9,1,4,1140.90861674561,1048.26326055079,0,0,0,1,5,0,1,1,8,5,17,15,33,27,-2,2,0,0,-3,3,2,0,4,1,9,9
2019-11-10,D1,Freiburg,Ein Frankfurt,2,1,0,13,17,7,6,1079.87548216892,1208.68170328538,1,0,0,1,3,0,0,1,8,10,18,17,29,34,1,-1,-4,4,1,-1,0,1,6,7,17,13
2019-11-22,D1,Dortmund,Paderborn,1,3,3,18,10,7,4,1228.52007345547,770.397530578774,2,0,0,3,9,0,0,5,8,3,16,4,41,4,0,0,8,-8,3,-3,3,3,4,7,10,18
2019-11-23,D1,Ein Frankfurt,Wolfsburg,0,0,2,17,9,9,6,1165.33342615156,1085.62567886195,2,0,0,1,25,0,0,2,7,5,14,14,33,30,-2,2,8,-8,3,-3,2,0,6,9,9,17
2019-11-23,D1,Fortuna Dusseldorf,Bayern Munich,0,0,4,12,18,1,5,908.390167006577,1300.13211908998,2,0,0,1,2,0,0,2,7,7,8,20,11,41,-4,4,-6,6,-4,4,4,0,5,1,18,12
2019-11-23,D1,Leverkusen,Freiburg,1,1,1,27,7,9,2,1103.54619843445,1123.22375930274,0,0,1,0,0,1,3,2,5,8,15,18,30,32,0,0,20,-20,7,-7,1,1,2,9,7,27
2019-11-23,D1,Union Berlin,M'gladbach,2,2,0,11,12,6,2,1059.44560406536,1220.96028278025,2,1,0,0,2,1,0,0,9,12,13,24,25,41,2,-2,-1,1,4,-4,0,2,2,6,12,11
2019-11-23,D1,Werder Bremen,Schalke 04,0,1,2,16,10,5,5,877.062190299146,998.953614545523,0,1,0,0,2,1,3,0,4,6,11,18,12,25,-1,1,6,-6,0,0,2,1,5,5,10,16
2019-11-23,D1,RB Leipzig,FC Koln,2,4,1,20,6,8,1,1212.27184394583,795.818648586185,1,0,0,2,2,0,0,4,8,4,18,7,32,18,3,-3,14,-14,7,-7,1,4,1,8,6,20
2019-11-24,D1,Augsburg,Hertha,2,4,0,14,5,5,1,874.473140045832,913.335393050551,0,0,1,1,0,0,3,2,5,4,10,10,17,25,4,-4,9,-9,4,-4,0,4,1,5,5,14
2019-11-24,D1,Hoffenheim,Mainz,0,1,5,22,11,8,5,1109.03733880321,888.585447506341,2,0,0,2,2,0,0,2,15,6,20,9,33,27,-4,4,11,-11,3,-3,5,1,5,8,11,22
2019-11-29,D1,Schalke 04,Union Berlin,2,2,1,17,17,8,7,1020.1660001306,1122.33964034118,0,1,0,0,5,1,3,0,8,12,21,15,28,28,1,-1,0,0,1,-1,1,2,7,8,17,17
2019-11-30,D1,FC Koln,Augsburg,1,1,1,13,11,6,4,786.725066334472,946.16107678972,0,1,1,0,0,2,1,0,3,8,7,12,17,20,0,0,2,-2,2,-2,1,1,4,6,11,13
2019-11-30,D1,Hertha,Dortmund,0,1,2,13,7,3,5,841.647456306663,1214.65717703038,0,0,2,1,0,0,2,5,1,8,10,14,22,41,-1,1,6,-6,-2,2,2,1,5,3,7,13
2019-11-30,D1,Hoffenheim,Fortuna Dusseldorf,1,1,1,12,11,6,3,1008.33852850535,896.145585091965,0,0,1,0,0,1,1,5,12,7,17,8,33,11,0,0,1,-1,3,-3,1,1,3,6,11,12
2019-11-30,D1,Paderborn,RB Leipzig,0,2,3,8,18,4,6,784.260427003868,1221.36542619755,0,1,1,0,0,1,1,0,4,10,5,18,5,32,-1,1,-10,10,-2,2,3,2,6,4,18,8
2019-11-30,D1,Bayern Munich,Leverkusen,0,1,2,24,11,11,7,1312.3767010046,1104.45141591867,2,1,0,0,2,1,0,0,10,5,20,13,41,31,-1,1,13,-13,4,-4,2,1,7,11,11,24
2019-12-01,D1,M'gladbach,Freiburg,2,4,2,22,13,13,5,1158.06624650443,1122.31854181851,4,0,0,0,4,2,0,3,9,8,21,16,38,30,2,-2,9,-9,8,-8,2,4,5,13,13,22
2019-12-01,D1,Wolfsburg,Werder Bremen,0,2,3,19,10,6,3,1139.37211021402,855.849804714069,0,0,1,1,0,0,2,4,5,3,14,11,30,12,-1,1,9,-9,3,-3,3,2,3,6,10,19
2019-12-02,D1,Mainz,Ein Frankfurt,2,2,1,18,14,8,4,989.284257804201,1111.58699479949,0,0,1,2,0,0,1,2,6,6,12,14,27,30,1,-1,4,-4,4,-4,1,2,4,8,14,18
2019-12-06,D1,Ein Frankfurt,Hertha,1,2,2,25,9,6,3,1068.76581574493,834.953593137274,0,0,1,2,0,0,1,3,3,0,11,10,27,21,0,0,16,-16,3,-3,2,2,3,6,9,25
2019-12-07,D1,Augsburg,Mainz,2,2,1,18,12,5,3,939.294162566926,1032.10543685877,1,1,0,0,1,1,0,0,8,9,13,15,18,29,1,-1,6,-6,2,-2,1,2,3,5,12,18
2019-12-07,D1,Dortmund,Fortuna Dusseldorf,2,5,0,23,2,10,0,1221.35104019977,901.139862316272,0,0,0,0,10,2,1,6,8,5,17,9,44,12,5,-5,21,-21,10,-10,0,5,0,10,2,23
2019-12-07,D1,Freiburg,Wolfsburg,2,1,0,10,10,3,0,1082.95758473508,1085.83898107494,2,1,0,0,4,1,0,0,8,4,16,13,30,27,1,-1,0,0,3,-3,0,1,0,3,10,10
2019-12-07,D1,M'gladbach,Bayern Munich,2,2,1,7,17,3,5,1197.42720358786,1263.22627707095,5,1,0,0,5,1,0,0,12,9,24,17,38,38,1,-1,-10,10,-2,2,1,2,5,3,17,7
2019-12-07,D1,RB Leipzig,Hoffenheim,2,3,1,25,11,14,1,1226.14825829546,1003.34425128104,2,3,0,0,3,5,0,0,12,10,18,17,35,34,2,-2,14,-14,13,-13,1,3,1,14,11,25
2019-12-07,D1,Leverkusen,Schalke 04,2,2,1,19,5,9,3,1153.60183985232,1061.31432438673,0,2,0,0,1,2,4,0,8,11,15,21,31,31,1,-1,14,-14,6,-6,1,2,3,9,5,19
2019-12-08,D1,Union Berlin,FC Koln,2,2,0,11,14,5,4,1081.19131608505,793.591980557266,3,0,0,3,3,0,0,5,9,1,12,5,27,18,2,-2,-3,3,1,-1,0,2,4,5,14,11
2019-12-08,D1,Werder Bremen,Paderborn,0,0,1,12,18,3,5,909.382933853157,779.477594905958,0,0,1,0,0,1,4,6,5,4,11,4,15,5,-1,1,-6,6,-2,2,1,0,5,3,18,12
2019-12-13,D1,Hoffenheim,Augsburg,0,2,4,19,6,8,4,984.300022153829,979.644704740655,0,0,0,0,1,3,2,1,7,10,17,13,33,21,-2,2,13,-13,4,-4,4,2,4,8,6,19
2019-12-14,D1,Bayern Munich,Werder Bremen,2,6,1,29,11,14,2,1225.23738830265,865.946255205502,0,1,1,0,0,1,1,0,6,4,16,8,37,15,5,-5,18,-18,12,-12,1,6,2,14,11,29
2019-12-14,D1,FC Koln,Leverkusen,2,2,0,13,6,5,2,779.52599974416,1177.29627029891,0,2,0,0,1,2,2,0,1,10,5,18,18,33,2,-2,7,-7,3,-3,0,2,2,5,6,13
2019-12-14,D1,Hertha,Freiburg,2,1,0,14,15,4,2,844.344430160635,1115.22296506126,0,0,3,1,0,0,3,4,1,8,11,16,21,33,1,-1,-1,1,2,-2,0,1,2,4,15,14
2019-12-14,D1,Mainz,Dortmund,0,0,4,9,18,0,7,991.754894685036,1241.57240496129,1,1,0,0,1,1,0,0,6,10,12,17,26,44,-4,4,-9,9,-7,7,4,0,7,0,18,9
2019-12-14,D1,Paderborn,Union Berlin,1,1,1,14,15,3,2,822.914273553613,1095.25729689816,0,0,2,1,0,0,2,1,4,12,7,15,8,29,0,0,-1,1,1,-1,1,1,2,3,15,14
2019-12-14,D1,Fortuna Dusseldorf,RB Leipzig,0,0,3,4,21,1,7,880.918497554749,1245.19248742267,0,2,1,0,0,2,1,0,5,15,8,20,12,35,-3,3,-17,17,-6,6,3,0,7,1,21,4
2019-12-15,D1,Wolfsburg,M'gladbach,2,2,1,17,6,7,5,1053.57360074876,1235.41609235615,0,0,2,1,0,0,3,1,3,12,12,24,27,40,1,-1,11,-11,2,-2,1,2,5,7,6,17
2019-12-15,D1,Schalke 04,Ein Frankfurt,2,1,0,11,17,5,3,1037.61989394014,1059.37497872157,1,0,0,3,6,0,0,3,10,4,18,12,28,25,1,-1,-6,6,2,-2,0,1,3,5,17,11
2019-12-17,D1,Werder Bremen,Mainz,0,0,5,15,19,5,8,849.341404965652,967.005746829964,0,0,2,1,0,0,5,1,3,6,8,12,15,23,-5,5,-4,4,-3,3,5,0,8,5,19,15
2019-12-17,D1,Augsburg,Fortuna Dusseldorf,2,3,0,12,6,7,2,1024.08993935934,868.987464279483,2,0,0,1,2,0,0,7,13,2,15,8,23,12,3,-3,6,-6,5,-5,0,3,2,7,6,12
2019-12-17,D1,Dortmund,RB Leipzig,1,3,3,14,12,6,8,1266.32155281636,1257.12352069793,1,3,0,0,11,3,0,0,10,15,19,20,44,37,0,0,2,-2,-2,2,3,3,8,6,12,14
2019-12-17,D1,Union Berlin,Hoffenheim,0,0,2,16,7,2,4,1084.7785732877,939.85478753514,4,0,0,1,4,0,0,1,10,4,16,16,27,32,-2,2,9,-9,-2,2,2,0,4,2,7,16
2019-12-18,D1,Leverkusen,Hertha,0,0,1,17,10,7,5,1097.64868243494,897.224634906579,1,0,0,0,2,1,0,4,10,4,15,11,30,23,-1,1,7,-7,2,-2,1,0,5,7,10,17
2019-12-18,D1,Ein Frankfurt,FC Koln,0,2,4,17,21,6,9,1025.37387597912,859.17358760813,0,0,0,4,1,0,2,6,1,4,11,8,25,21,-2,2,-4,4,-3,3,4,2,9,6,21,17
2019-12-18,D1,Freiburg,Bayern Munich,0,1,3,15,22,5,10,1062.34276031531,1241.84223854251,3,0,0,1,5,0,0,1,7,9,15,16,30,37,-2,2,-7,7,-5,5,3,1,10,5,22,15
2019-12-18,D1,M'gladbach,Paderborn,2,2,0,17,12,6,2,1188.04623141654,833.392997164067,6,1,0,0,6,2,0,0,9,5,21,8,37,9,2,-2,5,-5,4,-4,0,2,2,6,12,17
2019-12-18,D1,Wolfsburg,Schalke 04,1,1,1,29,8,11,2,1100.94346168837,1071.62099668258,1,0,0,1,1,0,0,1,6,10,14,18,30,31,0,0,21,-21,9,-9,1,1,2,11,8,29
2019-12-20,D1,Hoffenheim,Dortmund,2,2,1,11,12,3,5,1001.0144530208,1265.89806671602,0,2,1,0,0,2,3,0,4,11,19,19,32,42,1,-1,-1,1,-2,2,1,2,5,3,12,11
2019-12-21,D1,Bayern Munich,Wolfsburg,2,2,0,18,10,8,3,1264.86295347257,1099.59630926526,1,0,0,1,1,0,0,1,9,7,16,12,37,28,2,-2,8,-8,5,-5,0,2,3,8,10,18
2019-12-21,D1,FC Koln,Werder Bremen,2,1,0,7,6,1,1,922.544843186419,799.498386736204,1,0,0,1,2,0,0,1,7,3,11,7,21,15,1,-1,1,-1,0,0,0,1,1,1,6,7
2019-12-21,D1,Mainz,Leverkusen,0,0,1,17,14,2,4,1016.84876505941,1048.99638124507,0,0,1,1,0,0,1,1,9,7,15,12,23,30,-1,1,3,-3,-2,2,1,0,4,2,14,17
2019-12-21,D1,RB Leipzig,Augsburg,2,3,1,22,6,7,2,1257.54700679828,1055.77538798632,3,1,0,0,4,4,0,0,13,13,21,18,38,26,2,-2,16,-16,5,-5,1,3,2,7,6,22
2019-12-21,D1,Schalke 04,Freiburg,1,2,2,19,19,6,7,1072.9681491057,1039.32204538525,2,0,0,2,7,0,0,5,10,4,16,12,32,29,0,0,0,0,-1,1,2,2,7,6,19,19
2019-12-21,D1,Hertha,M'gladbach,1,0,0,8,11,0,5,945.876936096456,1198.1255177826,1,0,0,2,1,0,0,2,7,9,11,21,23,40,0,0,-3,3,-5,5,0,0,5,0,11,8
2019-12-22,D1,Fortuna Dusseldorf,Union Berlin,2,2,1,22,17,8,6,837.302015652504,1023.61890780204,0,0,2,0,0,1,2,2,1,7,8,16,12,27,1,-1,5,-5,2,-2,1,2,6,8,17,22
2019-12-22,D1,Paderborn,Ein Frankfurt,2,2,1,19,20,5,5,823.313710798011,962.002620400834,0,0,0,4,1,0,3,4,5,1,8,8,9,22,1,-1,-1,1,0,0,1,2,5,5,20,19
2020-01-17,D1,Schalke 04,M'gladbach,2,2,0,13,14,7,5,1071.4235143996,1188.19543138634,0,0,0,0,8,1,1,3,8,10,16,19,33,38,2,-2,-1,1,2,-2,0,2,5,7,14,13
2020-01-18,D1,Augsburg,Dortmund,0,3,5,13,17,5,8,1034.86438238042,1213.3385058265,3,0,0,1,3,0,0,1,10,10,18,18,26,39,-2,2,-4,4,-3,3,5,3,8,5,17,13
2020-01-18,D1,FC Koln,Wolfsburg,2,3,1,12,17,7,8,943.663042120093,1075.15769102782,2,0,0,2,3,0,0,2,10,4,13,9,21,28,2,-2,-5,5,-1,1,1,3,8,7,17,12
2020-01-18,D1,Fortuna Dusseldorf,Werder Bremen,0,0,1,17,13,2,4,884.986946279687,778.38018780253,1,0,0,2,1,0,0,2,4,3,11,6,15,15,-1,1,4,-4,-2,2,1,0,4,2,13,17
2020-01-18,D1,Hoffenheim,Ein Frankfurt,0,1,2,12,13,5,3,1053.57401391033,917.866746267914,1,0,0,5,1,0,0,5,7,1,19,7,34,22,-1,1,-1,1,2,-2,2,1,3,5,13,12
2020-01-18,D1,Mainz,Freiburg,0,1,2,24,13,8,5,987.801248857814,1040.86668009135,0,0,2,0,0,1,2,6,6,4,12,12,22,30,-1,1,11,-11,3,-3,2,1,5,8,13,24
2020-01-18,D1,RB Leipzig,Union Berlin,2,3,1,19,15,8,5,1278.45801240418,975.933977174857,4,0,0,1,5,0,0,3,13,4,23,16,38,24,2,-2,4,-4,3,-3,1,3,5,8,15,19
2020-01-19,D1,Hertha,Bayern Munich,0,0,4,6,20,1,10,955.807022492709,1289.30157171001,0,1,0,0,2,1,1,0,8,9,9,19,23,40,-4,4,-14,14,-9,9,4,0,10,1,20,6
2020-01-19,D1,Paderborn,Leverkusen,0,1,4,13,12,7,7,867.44958493093,1078.04389744666,1,1,0,0,2,1,0,0,7,9,11,14,12,30,-3,3,1,-1,0,0,4,1,7,7,12,13
2020-01-24,D1,Dortmund,FC Koln,2,5,1,14,11,9,5,1236.45957811761,1003.36991612155,0,1,0,0,12,1,1,0,10,12,18,13,39,24,4,-4,3,-3,4,-4,1,5,5,9,11,14
2020-01-25,D1,Ein Frankfurt,RB Leipzig,2,2,0,7,22,5,4,961.766736943461,1291.53868072742,0,0,1,0,0,4,3,1,4,13,7,25,24,41,2,-2,-15,15,1,-1,0,2,4,5,22,7
2020-01-25,D1,Freiburg,Paderborn,0,0,2,19,15,5,3,1068.01682695806,842.441594168567,0,0,1,1,0,0,1,1,7,7,15,11,30,12,-2,2,4,-4,2,-2,2,0,3,5,15,19
2020-01-25,D1,M'gladbach,Mainz,2,3,1,15,12,5,9,1130.1284646861,960.651101991109,7,1,0,0,7,1,0,0,7,3,19,12,38,21,2,-2,3,-3,-4,4,1,3,9,5,12,15
2020-01-25,D1,Union Berlin,Augsburg,2,2,0,12,25,3,7,962.85330885162,1011.7433100893,0,0,1,1,0,0,1,1,4,9,13,17,24,26,2,-2,-13,13,-4,4,0,2,7,3,25,12
2020-01-25,D1,Wolfsburg,Hertha,0,1,2,20,9,7,4,1015.45081702636,939.308519150709,0,1,0,0,2,2,1,0,4,8,8,8,25,20,-1,1,11,-11,3,-3,2,1,4,7,9,20
2020-01-25,D1,Bayern Munich,Schalke 04,2,5,0,24,7,14,1,1305.80007505201,1129.49048109984,2,0,0,0,2,1,0,2,12,8,21,19,40,36,5,-5,17,-17,13,-13,0,5,1,14,7,24
2020-01-26,D1,Werder Bremen,Hoffenheim,0,0,3,16,9,3,4,819.902063524126,1009.67402323478,0,1,3,0,0,1,6,0,3,6,8,16,17,31,-3,3,7,-7,-1,1,3,0,4,3,9,16
2020-01-26,D1,Leverkusen,Fortuna Dusseldorf,2,3,0,25,12,11,3,1103.05188820903,843.465070558091,0,0,1,2,0,0,1,8,9,3,17,8,32,15,3,-3,13,-13,8,-8,0,3,3,11,12,25
2020-01-31,D1,Hertha,Schalke 04,1,0,0,9,13,0,5,978.211324623597,1090.12916859616,0,0,1,1,0,0,2,3,10,8,11,18,22,33,0,0,-4,4,-5,5,0,0,5,0,13,9
2020-02-01,D1,Augsburg,Werder Bremen,2,2,1,14,7,4,1,961.754605550363,792.509343668832,0,1,1,0,0,1,1,0,6,3,16,7,23,17,1,-1,7,-7,3,-3,1,2,1,4,7,14
2020-02-01,D1,Dortmund,Union Berlin,2,5,0,13,5,7,0,1263.19201930156,1012.84201339056,1,0,0,2,13,0,0,4,10,4,20,16,39,26,5,-5,8,-8,7,-7,0,5,0,7,5,13
2020-02-01,D1,Fortuna Dusseldorf,Ein Frankfurt,1,1,1,8,6,1,4,823.476304773268,1038.05278771478,0,1,1,0,0,1,1,0,3,6,8,10,15,27,0,0,2,-2,-3,3,1,1,4,1,6,8
2020-02-01,D1,Hoffenheim,Leverkusen,2,2,1,14,22,6,11,1037.06674309007,1123.04065399385,0,2,1,0,0,2,1,0,9,9,16,19,33,34,1,-1,-8,8,-5,5,1,2,11,6,22,14
2020-02-01,D1,Mainz,Bayern Munich,0,1,3,8,13,3,5,936.637505704606,1345.16138755569,0,2,3,0,0,2,3,0,3,15,9,21,21,42,-2,2,-5,5,-2,2,3,1,5,3,13,8
2020-02-01,D1,RB Leipzig,M'gladbach,1,2,2,18,7,8,4,1215.2526299561,1154.1420609726,5,0,0,1,6,0,0,4,10,7,25,19,40,41,0,0,11,-11,4,-4,2,2,4,8,7,18
2020-02-02,D1,FC Koln,Freiburg,2,4,0,24,9,9,2,976.637474937602,999.109051070276,3,1,0,0,4,2,0,0,12,4,13,12,23,29,4,-4,15,-15,7,-7,0,4,2,9,9,24
2020-02-02,D1,Paderborn,Wolfsburg,0,2,4,10,9,7,5,911.349370056346,976.548011553472,0,0,1,3,0,0,1,3,7,4,11,7,15,24,-2,2,1,-1,2,-2,4,2,5,7,9,10
2020-02-07,D1,Ein Frankfurt,Augsburg,2,5,0,13,8,9,5,1029.26150239129,979.292742753335,1,0,0,2,1,0,0,2,7,6,8,19,25,26,5,-5,5,-5,4,-4,0,5,5,9,8,13
2020-02-08,D1,Freiburg,Hoffenheim,2,1,0,12,21,6,6,930.439982706085,1076.8274718483,0,2,2,0,0,2,2,0,4,12,11,16,29,33,1,-1,-9,9,0,0,0,1,6,6,21,12
2020-02-08,D1,Hertha,Mainz,0,1,3,13,10,3,3,983.194164582907,929.012024424491,0,0,0,1,1,0,3,1,8,3,12,9,23,18,-2,2,3,-3,0,0,3,1,3,3,10,13
2020-02-08,D1,Schalke 04,Paderborn,1,1,1,15,15,4,4,1085.14632863685,875.62666413276,1,1,0,0,9,1,0,0,6,6,16,11,34,15,0,0,0,0,0,0,1,1,4,4,15,15
2020-02-08,D1,Werder Bremen,Union Berlin,0,0,2,14,11,3,5,774.971206465859,984.525948355902,0,0,4,3,0,0,7,5,3,3,6,13,17,23,-2,2,3,-3,-2,2,2,0,5,3,11,14
2020-02-08,D1,Wolfsburg,Fortuna Dusseldorf,1,1,1,9,10,5,2,1012.27071747706,832.267590096764,0,0,1,3,0,0,2,9,4,4,10,6,27,16,0,0,-1,1,3,-3,1,1,2,5,10,9
2020-02-08,D1,Leverkusen,Dortmund,2,4,3,9,12,5,6,1083.27992523563,1291.50808433622,1,1,0,0,1,1,0,0,9,10,19,20,34,39,1,-1,-3,3,-1,1,3,4,6,5,12,9
2020-02-09,D1,Bayern Munich,RB Leipzig,1,0,0,10,8,3,1,1352.7868688358,1212.46705138162,3,0,0,1,3,0,0,2,15,8,24,23,42,41,0,0,2,-2,2,-2,0,0,1,3,8,10
2020-02-14,D1,Dortmund,Ein Frankfurt,2,4,0,17,1,7,0,1242.33778682329,1092.67636992035,2,0,0,0,14,2,0,1,9,10,20,11,36,25,4,-4,16,-16,7,-7,0,4,0,7,1,17
2020-02-15,D1,Augsburg,Freiburg,1,1,1,10,20,3,5,915.87787522427,975.177782303735,1,0,0,1,1,0,0,1,3,7,16,11,26,29,0,0,-10,10,-2,2,1,1,5,3,20,10
2020-02-15,D1,Hoffenheim,Wolfsburg,0,2,3,14,15,6,6,1032.08967225065,1004.65111707671,1,1,0,0,1,1,0,0,9,4,13,11,33,25,-1,1,-1,1,0,0,3,2,6,6,15,14
2020-02-15,D1,Paderborn,Hertha,0,1,2,20,17,4,6,884.254080710685,932.551918263053,0,2,2,0,0,3,2,0,7,5,12,12,16,22,-1,1,3,-3,-2,2,2,1,6,4,17,20
2020-02-15,D1,RB Leipzig,Werder Bremen,2,3,0,10,8,3,1,1218.59917746155,754.765350054496,0,0,0,1,7,0,1,1,8,3,21,6,39,17,3,-3,2,-2,2,-2,0,3,1,3,8,10
2020-02-15,D1,Union Berlin,Leverkusen,0,2,3,20,12,7,5,1004.73180476727,1132.45022274855,1,0,0,1,1,0,0,1,6,12,13,19,26,34,-1,1,8,-8,2,-2,3,2,5,7,12,20
2020-02-15,D1,Fortuna Dusseldorf,M'gladbach,0,1,4,9,17,4,6,839.887190497116,1156.92763954708,0,0,0,0,1,1,2,5,5,8,6,17,14,39,-3,3,-8,8,-2,2,4,1,6,4,17,9
2020-02-16,D1,FC Koln,Bayern Munich,0,1,4,13,26,6,8,1045.30654330179,1346.65474275587,4,3,0,0,5,3,0,0,12,13,16,22,23,42,-3,3,-13,13,-2,2,4,1,8,6,26,13
2020-02-16,D1,Mainz,Schalke 04,1,0,0,15,8,5,3,979.654270744345,1076.51891205893,0,0,4,0,0,1,4,4,3,6,12,16,21,34,0,0,7,-7,2,-2,0,0,3,5,8,15
2020-02-21,D1,Bayern Munich,Paderborn,2,3,2,18,5,9,4,1363.01284986717,856.674041473749,0,0,0,0,4,2,1,1,13,4,22,11,42,16,1,-1,13,-13,5,-5,2,3,4,9,5,18
2020-02-22,D1,Freiburg,Fortuna Dusseldorf,0,0,2,15,9,4,4,972.473133087659,824.745814355658,1,0,0,0,1,1,0,10,7,2,11,6,27,14,-2,2,6,-6,0,0,2,0,4,4,9,15
2020-02-22,D1,Hertha,FC Koln,0,0,5,9,17,1,11,960.13195749999,1028.9484361905,0,0,1,1,0,0,4,1,7,9,15,16,25,23,-5,5,-8,8,-10,10,5,0,11,1,17,9
2020-02-22,D1,M'gladbach,Hoffenheim,1,1,1,17,22,10,4,1172.06901568854,997.567728845055,8,0,0,1,8,0,0,1,8,6,17,13,41,30,0,0,-5,5,6,-6,1,1,4,10,22,17
2020-02-22,D1,Werder Bremen,Dortmund,0,0,2,8,12,2,6,747.701936246436,1280.65533899265,0,0,5,1,0,0,8,1,3,12,6,22,17,36,-2,2,-4,4,-4,4,2,0,6,2,12,8
2020-02-22,D1,Schalke 04,RB Leipzig,0,0,5,3,22,2,8,1072.17022367771,1225.66259126961,0,0,0,0,10,1,1,3,6,8,14,21,35,39,-5,5,-19,19,-6,6,5,0,8,2,22,3
2020-02-23,D1,Leverkusen,Augsburg,2,2,0,9,8,4,3,1153.18963261655,918.582524440345,2,0,0,3,2,0,0,3,12,4,21,14,34,26,2,-2,1,-1,1,-1,0,2,3,4,8,9
2020-02-23,D1,Wolfsburg,Mainz,2,4,0,16,13,6,3,1039.1730604823,984.002959125567,0,1,0,0,1,1,3,0,7,4,11,10,25,22,4,-4,3,-3,3,-3,0,4,3,6,13,16
2020-02-24,D1,Ein Frankfurt,Union Berlin,0,1,2,21,11,3,7,1054.35881775099,983.992394899272,2,1,0,0,2,1,0,0,10,6,11,10,25,25,-1,1,10,-10,-4,4,2,1,7,3,11,21
2020-02-28,D1,Fortuna Dusseldorf,Hertha,1,3,3,14,16,5,7,886.203343389768,900.614585431731,0,3,1,0,0,4,3,0,5,7,8,15,17,25,0,0,-2,2,-2,2,3,3,7,5,16,14
2020-02-29,D1,Augsburg,M'gladbach,0,2,3,8,15,3,7,900.5318267392,1164.64679475435,0,1,0,0,2,2,1,0,4,8,13,18,26,39,-1,1,-7,7,-4,4,3,2,7,3,15,8
2020-02-29,D1,Dortmund,Freiburg,2,1,0,16,13,2,4,1284.55426531892,911.01560405355,3,0,0,0,15,1,0,2,12,4,22,11,39,27,1,-1,3,-3,-2,2,0,1,4,2,13,16
2020-02-29,D1,Hoffenheim,Bayern Munich,0,0,6,4,25,1,11,1004.98994977924,1366.30441185238,0,4,1,0,0,4,1,0,7,13,13,25,30,42,-6,6,-21,21,-10,10,6,0,11,1,25,4
2020-02-29,D1,Mainz,Paderborn,2,2,0,8,9,3,4,929.657369396562,853.382479488537,0,0,0,1,1,0,5,2,4,4,7,11,22,15,2,-2,-1,1,-1,1,0,2,4,3,9,8
2020-02-29,D1,FC Koln,Schalke 04,2,3,0,11,7,6,1,1088.46580825876,1028.89972496782,0,0,1,0,0,2,1,5,9,3,19,11,26,32,3,-3,4,-4,5,-5,0,3,1,6,7,11
2020-03-01,D1,Union Berlin,Wolfsburg,1,2,2,6,14,3,3,1022.38619815897,1093.5186502113,0,2,1,0,0,2,1,0,9,10,13,14,25,27,0,0,-8,8,0,0,2,2,3,3,14,6
2020-03-01,D1,RB Leipzig,Leverkusen,1,1,1,9,14,2,6,1268.93308997949,1171.24033031769,1,1,0,0,8,1,0,0,8,12,21,21,39,36,0,0,-5,5,-4,4,1,1,6,2,14,9
2020-03-06,D1,Paderborn,FC Koln,0,1,2,16,15,2,3,819.001462660289,1133.73877247845,0,1,3,0,0,1,3,0,1,9,8,21,15,26,-1,1,1,-1,-1,1,2,1,3,2,15,16
2020-03-07,D1,Freiburg,Union Berlin,2,3,1,9,14,4,4,904.339968826772,1025.61695342188,0,2,1,0,0,2,1,0,4,7,8,11,24,26,2,-2,-5,5,0,0,1,3,4,4,14,9
2020-03-07,D1,Hertha,Werder Bremen,1,2,2,19,7,5,3,899.951303557922,743.803009920165,0,0,2,2,0,0,5,2,5,0,15,3,26,14,0,0,12,-12,2,-2,2,2,3,5,7,19
2020-03-07,D1,Leverkusen,Ein Frankfurt,2,4,0,14,9,5,3,1175.62431484496,1015.9650144913,3,0,0,1,3,0,0,2,10,7,19,11,37,22,4,-4,5,-5,2,-2,0,4,3,5,9,14
2020-03-07,D1,Schalke 04,Hoffenheim,1,1,1,14,4,4,1,983.626760748125,986.533494403108,0,0,1,0,0,1,2,2,3,4,11,13,29,30,0,0,10,-10,3,-3,1,1,1,4,4,14
2020-03-07,D1,Wolfsburg,RB Leipzig,1,0,0,16,15,4,4,1090.28789494839,1264.54910545222,1,1,0,0,2,2,0,0,11,9,15,19,27,39,0,0,1,-1,0,0,0,0,4,4,15,16
2020-03-07,D1,M'gladbach,Dortmund,0,1,2,10,10,3,4,1176.12886453203,1291.2299005457,0,1,0,0,9,1,1,0,11,12,18,22,42,39,-1,1,0,0,-1,1,2,1,4,3,10,10
2020-03-08,D1,Bayern Munich,Augsburg,2,2,0,17,8,6,2,1384.76086722851,889.049756961518,1,0,0,4,5,0,0,4,13,4,28,10,44,23,2,-2,9,-9,4,-4,0,2,2,6,8,17
2020-03-08,D1,Mainz,Fortuna Dusseldorf,1,1,1,3,20,1,5,964.038386224811,886.866625263577,1,1,0,0,2,2,0,0,7,6,10,9,22,17,0,0,-17,17,-4,4,1,1,5,1,20,3
2020-03-11,D1,M'gladbach,FC Koln,2,2,1,12,16,5,3,1154.3585317068,1142.72590255151,0,2,1,0,0,2,2,0,8,12,15,24,39,29,1,-1,-4,4,2,-2,1,2,3,5,16,12
2020-05-16,D1,Augsburg,Wolfsburg,0,1,2,8,17,3,5,884.269409236844,1097.7014363333,0,0,1,0,0,3,2,1,1,9,7,13,22,27,-1,1,-9,9,-2,2,2,1,5,3,17,8
2020-05-16,D1,Dortmund,Schalke 04,2,4,0,11,10,4,3,1313.00023337092,983.760617656737,4,0,0,1,16,0,0,6,12,3,22,9,41,27,4,-4,1,-1,1,-1,0,4,3,4,10,11
2020-05-16,D1,Fortuna Dusseldorf,Paderborn,1,0,0,10,7,1,1,890.363201510126,810.014332587229,0,0,0,2,1,0,4,3,6,1,10,7,18,15,0,0,3,-3,0,0,0,0,1,1,7,10
2020-05-16,D1,Hoffenheim,Hertha,0,0,3,21,12,5,5,986.399637494496,893.208405867511,0,0,2,0,0,5,2,1,2,5,14,13,30,24,-3,3,9,-9,0,0,3,0,5,5,12,21
2020-05-16,D1,RB Leipzig,Freiburg,1,1,1,23,7,9,2,1257.13556406732,962.913769316071,0,0,0,1,9,0,1,3,9,7,17,11,37,26,0,0,16,-16,7,-7,1,1,2,9,7,23
2020-05-16,D1,Ein Frankfurt,M'gladbach,0,1,3,12,15,4,8,979.179399442586,1185.28752713763,0,2,1,0,0,3,1,0,4,10,10,18,22,39,-2,2,-3,3,-4,4,3,1,8,4,15,12
2020-05-17,D1,FC Koln,Mainz,1,2,2,16,11,6,5,1111.79690712069,960.541809978263,1,0,0,1,1,0,0,1,9,8,21,11,29,23,0,0,5,-5,1,-1,2,2,5,6,11,16
2020-05-17,D1,Union Berlin,Bayern Munich,0,0,2,10,14,2,3,967.043152932583,1389.54121495319,0,5,0,0,1,5,2,0,7,13,10,28,26,44,-2,2,-4,4,-1,1,2,0,3,2,14,10
2020-05-18,D1,Werder Bremen,Leverkusen,0,1,4,9,13,1,6,750.545907610576,1212.40992989368,0,0,6,0,0,2,9,1,1,13,4,22,12,37,-3,3,-4,4,-5,5,4,1,6,1,13,9
2020-05-22,D1,Hertha,Union Berlin,2,4,0,14,7,8,0,962.025821923741,959.959458659619,0,0,0,1,1,0,6,1,8,4,13,10,24,26,4,-4,7,-7,8,-8,0,4,0,8,7,14
2020-05-23,D1,Freiburg,Werder Bremen,0,0,1,15,11,8,3,973.944395960576,743.407217446783,1,0,0,0,1,1,0,3,5,1,12,4,24,12,-1,1,4,-4,5,-5,1,0,3,8,11,15
2020-05-23,D1,M'gladbach,Leverkusen,0,1,3,16,13,6,7,1205.80357513418,1219.54862005747,1,1,0,0,1,3,0,0,10,13,18,25,39,37,-2,2,3,-3,-1,1,3,1,7,6,13,16
2020-05-23,D1,Paderborn,Hoffenheim,1,1,1,13,18,3,7,813.649950796265,917.582221438266,0,0,4,0,0,2,4,3,1,2,8,11,16,30,0,0,-5,5,-4,4,1,1,7,3,18,13
2020-05-23,D1,Wolfsburg,Dortmund,0,0,2,8,6,1,2,1112.19258424051,1329.85438359633,0,2,0,0,3,2,1,0,11,15,15,24,27,43,-2,2,2,-2,-1,1,2,0,2,1,6,8
2020-05-23,D1,Bayern Munich,Ein Frankfurt,2,5,2,23,11,10,4,1396.62490922615,958.663351446035,2,0,0,2,6,0,0,3,15,3,28,10,44,21,3,-3,12,-12,6,-6,2,5,4,10,11,23
2020-05-24,D1,Schalke 04,Augsburg,0,0,3,12,9,2,7,966.906467431333,869.778261329632,0,0,0,5,1,0,3,5,2,1,8,4,24,22,-3,3,3,-3,-5,5,3,0,7,2,9,12
2020-05-24,D1,Mainz,RB Leipzig,0,0,5,4,21,1,9,967.098294875699,1246.10493742281,0,0,0,0,3,3,1,1,6,9,9,17,24,38,-5,5,-17,17,-8,8,5,0,9,1,21,4
2020-05-24,D1,FC Koln,Fortuna Dusseldorf,1,2,2,16,10,6,5,1105.24042222325,886.727583301089,0,0,0,0,2,3,1,1,10,6,19,11,30,19,0,0,6,-6,1,-1,2,2,5,6,10,16
2020-05-26,D1,Dortmund,Bayern Munich,0,0,1,13,13,5,6,1349.34364044262,1404.73828566341,5,6,0,0,17,6,0,0,15,15,27,28,45,47,-1,1,0,0,-1,1,1,0,6,5,13,13
2020-05-26,D1,Ein Frankfurt,Freiburg,1,3,3,35,10,16,5,950.549975008781,923.361547764132,0,0,2,0,0,1,2,4,0,4,10,11,18,23,0,0,25,-25,11,-11,3,3,5,16,10,35
2020-05-26,D1,Leverkusen,Wolfsburg,0,1,4,10,14,2,9,1261.67207308401,1092.70332739421,4,1,0,0,4,4,0,0,13,8,25,15,39,24,-3,3,-4,4,-7,7,4,1,9,2,14,10
2020-05-26,D1,Werder Bremen,M'gladbach,1,0,0,12,8,7,4,793.990065643227,1163.68012210764,0,3,7,0,0,4,10,0,4,9,7,17,14,36,0,0,4,-4,3,-3,0,0,4,7,8,12
2020-05-27,D1,RB Leipzig,Hertha,1,2,2,11,13,5,4,1270.83457946575,1026.14512723278,0,1,0,0,10,6,2,0,9,8,17,15,40,24,0,0,-2,2,1,-1,2,2,4,5,13,11
2020-05-27,D1,Augsburg,Paderborn,1,0,0,12,15,3,3,939.169467279168,818.298373585372,0,0,2,0,0,1,3,4,3,2,7,6,25,17,0,0,-3,3,0,0,0,0,3,3,15,12
2020-05-27,D1,Fortuna Dusseldorf,Schalke 04,2,2,1,13,7,8,2,895.64462885207,897.515261481798,0,0,0,2,2,0,5,7,7,1,9,7,20,23,1,-1,6,-6,6,-6,1,2,2,8,7,13
2020-05-27,D1,Hoffenheim,FC Koln,2,3,1,8,15,6,5,912.933798649159,1096.32337667227,0,0,3,1,0,0,3,1,3,8,9,17,28,30,2,-2,-7,7,1,-1,1,3,5,6,15,8
2020-05-27,D1,Union Berlin,Mainz,1,1,1,9,10,4,2,895.84015335058,942.368652832758,0,0,1,0,0,1,3,2,4,5,10,9,26,21,0,0,-1,1,2,-2,1,1,2,4,10,9
2020-05-29,D1,Freiburg,Leverkusen,0,0,1,9,7,1,1,924.611071547434,1182.53038785223,0,2,1,0,0,4,1,0,5,10,9,22,24,39,-1,1,2,-2,0,0,1,0,1,1,7,9
2020-05-30,D1,Hertha,Augsburg,2,2,0,12,8,6,2,1035.8582940498,933.817349230004,1,1,0,0,2,1,0,0,9,4,16,8,24,25,2,-2,4,-4,4,-4,0,2,2,6,8,12
2020-05-30,D1,Mainz,Hoffenheim,0,0,1,18,13,2,6,940.238654539347,978.00650584596,0,0,1,0,0,3,2,4,6,5,10,12,22,28,-1,1,5,-5,-4,4,1,0,6,2,13,18
2020-05-30,D1,Schalke 04,Werder Bremen,0,0,1,12,6,1,2,865.342971514307,806.585431036935,0,1,1,0,0,2,4,0,1,5,4,8,23,14,-1,1,6,-6,-1,1,1,0,2,1,6,12
2020-05-30,D1,Wolfsburg,Ein Frankfurt,0,1,2,19,6,4,3,1171.84501262599,949.300451225479,0,0,1,3,0,0,2,4,8,1,18,11,26,18,-1,1,13,-13,1,-1,2,1,3,4,6,19
2020-05-30,D1,Bayern Munich,Fortuna Dusseldorf,2,5,0,23,7,8,2,1431.67904755329,927.816918819561,3,0,0,0,7,4,0,2,15,7,28,12,49,20,5,-5,16,-16,6,-6,0,5,2,8,7,23
2020-05-31,D1,M'gladbach,Union Berlin,2,4,1,16,13,10,5,1151.08475671393,897.970151643991,0,0,1,2,0,0,1,2,7,2,18,11,37,24,3,-3,3,-3,5,-5,1,4,5,10,13,16
2020-05-31,D1,Paderborn,Dortmund,0,1,6,10,16,1,11,823.650491634536,1322.40287855275,0,3,0,0,1,3,5,0,3,12,7,24,18,42,-5,5,-6,6,-10,10,6,1,11,1,16,10
2020-06-01,D1,FC Koln,RB Leipzig,0,2,4,7,19,5,8,1031.25066947547,1261.12141264873,0,1,0,0,3,4,2,0,5,7,14,15,27,40,-2,2,-12,12,-3,3,4,2,8,5,19,7
2020-06-03,D1,Werder Bremen,Ein Frankfurt,0,0,3,11,12,3,4,843.946190305744,999.388884477928,0,1,0,0,1,1,11,0,8,4,8,11,16,18,-3,3,-1,1,-1,1,3,0,4,3,12,11
2020-06-05,D1,Freiburg,M'gladbach,2,1,0,16,18,6,4,912.789111879491,1171.68894542254,0,0,2,0,0,5,2,1,5,10,9,18,21,37,1,-1,-2,2,2,-2,0,1,4,6,18,16
2020-06-06,D1,Ein Frankfurt,Mainz,0,0,2,10,17,0,5,1031.03032488318,911.703565007395,0,0,0,0,1,2,3,3,7,3,11,10,21,19,-2,2,-7,7,-5,5,2,0,5,0,17,10
2020-06-06,D1,Fortuna Dusseldorf,Hoffenheim,1,2,2,23,8,4,5,920.103420113631,1006.54159537791,1,1,0,0,3,4,0,0,6,8,12,12,20,28,0,0,15,-15,-1,1,2,2,5,4,8,23
2020-06-06,D1,Leverkusen,Bayern Munich,0,2,4,10,16,6,10,1194.35234752017,1439.39254625921,0,7,1,0,0,7,1,0,12,15,22,28,41,49,-2,2,-6,6,-4,4,4,2,10,6,16,10
2020-06-06,D1,RB Leipzig,Paderborn,1,1,1,12,17,5,5,1279.56611582221,815.719080461898,0,0,0,0,11,2,3,5,9,3,18,4,43,15,0,0,-5,5,0,0,1,1,5,5,17,12
2020-06-06,D1,Dortmund,Hertha,2,1,0,12,5,3,2,1330.33428972538,1067.19305422585,0,0,1,0,0,7,1,1,12,11,24,16,44,27,1,-1,7,-7,1,-1,0,1,2,3,5,12
2020-06-07,D1,Werder Bremen,Wolfsburg,0,0,1,14,18,4,3,812.304749900495,1121.75657937354,0,2,1,0,0,5,12,0,7,7,8,18,15,25,-1,1,-4,4,1,-1,1,0,3,4,18,14
2020-06-07,D1,Union Berlin,Schalke 04,1,1,1,12,5,6,1,877.365962935384,827.982212245497,0,0,0,3,1,0,4,8,1,1,8,4,24,22,0,0,7,-7,5,-5,1,1,1,6,5,12
2020-06-07,D1,Augsburg,FC Koln,1,1,1,18,9,5,2,902.482589053946,1012.805966302,0,0,0,2,1,0,4,2,4,2,8,14,24,27,0,0,9,-9,3,-3,1,1,2,5,9,18
2020-06-12,D1,Hoffenheim,RB Leipzig,0,0,2,22,14,7,7,1002.64111488938,1265.63842977414,1,2,0,0,1,5,0,0,8,9,10,18,26,41,-2,2,8,-8,0,0,2,0,7,7,14,22
2020-06-13,D1,FC Koln,Union Berlin,0,1,2,10,7,6,5,1007.8895271252,875.106949797547,0,0,1,3,0,0,3,3,3,2,12,9,28,22,-1,1,3,-3,1,-1,2,1,5,6,7,10
2020-06-13,D1,Fortuna Dusseldorf,Dortmund,0,0,1,6,5,4,3,924.003900602161,1341.86926772556,0,4,0,0,4,4,1,0,6,12,12,24,18,44,-1,1,1,-1,1,-1,1,0,3,4,5,6
2020-06-13,D1,Hertha,Ein Frankfurt,0,1,4,4,18,3,7,1055.65807622568,972.675398229629,2,2,0,0,3,2,0,0,10,7,15,10,27,18,-3,3,-14,14,-4,4,4,1,7,3,18,4
2020-06-13,D1,Paderborn,Werder Bremen,0,1,5,20,11,8,8,829.646766509961,803.079996454685,0,2,1,0,0,3,6,0,4,7,5,8,16,14,-4,4,9,-9,0,0,5,1,8,8,11,20
2020-06-13,D1,Wolfsburg,Freiburg,1,2,2,22,10,7,6,1130.98133281935,965.021456594316,0,0,2,0,0,2,3,5,9,5,18,12,28,23,0,0,12,-12,1,-1,2,2,6,7,10,22
2020-06-13,D1,Bayern Munich,M'gladbach,2,2,1,11,9,6,2,1456.59745055701,1119.45660070771,4,0,0,1,8,0,0,2,15,7,28,17,52,34,1,-1,2,-2,4,-4,1,2,2,6,9,11
2020-06-14,D1,Mainz,Augsburg,0,0,1,18,9,4,3,970.058491660944,907.399028230745,0,0,2,1,0,0,3,1,5,5,13,6,22,25,-1,1,9,-9,1,-1,1,0,3,4,9,18
2020-06-14,D1,Schalke 04,Leverkusen,1,1,1,7,15,4,5,830.241225383334,1177.14744322238,0,3,2,0,0,5,5,0,1,9,4,22,20,41,0,0,-8,8,-1,1,1,1,5,4,15,7
2020-06-16,D1,M'gladbach,Wolfsburg,2,3,0,11,12,3,2,1111.42033057153,1123.87131055513,1,3,0,0,1,6,0,0,4,7,14,18,31,29,3,-3,-1,1,1,-1,0,3,2,3,12,11
2020-06-16,D1,Freiburg,Hertha,2,2,1,17,12,6,5,972.131478858539,988.344114806461,1,0,0,1,1,0,0,2,5,7,10,15,21,27,1,-1,5,-5,1,-1,1,2,5,6,12,17
2020-06-16,D1,Union Berlin,Paderborn,2,1,0,14,10,6,2,918.774095073299,760.221190184641,0,0,0,0,2,3,5,6,5,3,9,4,22,16,1,-1,4,-4,4,-4,0,1,2,6,10,14
2020-06-16,D1,Werder Bremen,Bayern Munich,0,0,1,6,13,1,4,872.505572780005,1464.63372069319,0,8,2,0,0,8,13,0,7,15,11,30,17,52,-1,1,-7,7,-3,3,1,0,4,1,13,6
2020-06-17,D1,Ein Frankfurt,Schalke 04,2,2,1,14,8,4,5,1039.98935964884,842.416481739081,0,0,1,0,0,1,4,9,10,2,10,4,21,20,1,-1,6,-6,-1,1,1,2,5,4,8,14
2020-06-17,D1,Augsburg,Hoffenheim,0,1,3,12,17,5,5,945.108411604238,986.821104511682,0,0,0,0,2,5,5,1,8,8,9,10,25,23,-2,2,-5,5,0,0,3,1,5,5,17,12
2020-06-17,D1,Dortmund,Mainz,0,0,2,15,10,5,6,1347.16589749937,932.349108287451,1,1,0,0,1,3,0,0,12,4,27,10,47,22,-2,2,5,-5,-1,1,2,0,6,5,10,15
2020-06-17,D1,Leverkusen,FC Koln,2,3,1,13,7,6,1,1164.97218686663,964.222381849446,0,0,2,0,0,1,2,3,7,2,20,12,39,28,2,-2,6,-6,5,-5,1,3,1,6,7,13
2020-06-17,D1,RB Leipzig,Fortuna Dusseldorf,1,2,2,14,12,5,2,1281.45844015184,918.707270828351,0,0,0,1,12,0,4,3,11,5,20,11,41,17,0,0,2,-2,3,-3,2,2,2,5,12,14
2020-06-20,D1,Bayern Munich,Freiburg,2,3,1,23,11,8,3,1466.6835702831,1005.62363491195,5,0,0,0,9,3,0,6,15,8,30,12,52,23,2,-2,12,-12,5,-5,1,3,3,8,11,23
2020-06-20,D1,FC Koln,Ein Frankfurt,1,1,1,4,9,2,2,943.217555506126,1055.52936508284,0,3,2,0,0,3,4,0,1,12,9,13,28,24,0,0,-5,5,0,0,1,1,2,2,9,4
2020-06-20,D1,Fortuna Dusseldorf,Augsburg,1,1,1,8,11,4,3,931.179187885677,906.491131631051,0,1,1,0,0,1,2,0,5,5,12,8,18,22,0,0,-3,3,1,-1,1,1,3,4,11,8
2020-06-20,D1,Hertha,Leverkusen,2,2,0,13,12,5,2,954.851958753049,1185.97701320995,0,0,1,0,0,6,1,1,4,7,12,20,27,41,2,-2,1,-1,3,-3,0,2,2,5,12,13
2020-06-20,D1,Hoffenheim,Union Berlin,2,4,0,15,5,8,1,1025.43838448487,937.106693916156,0,1,1,0,0,1,1,0,10,8,13,12,26,22,4,-4,10,-10,7,-7,0,4,1,8,5,15
2020-06-20,D1,Mainz,Werder Bremen,2,3,1,21,19,12,6,1012.68733600868,870.455723190097,0,3,3,0,0,4,4,0,7,6,12,11,22,17,2,-2,2,-2,6,-6,1,3,6,12,19,21
2020-06-20,D1,Paderborn,M'gladbach,0,1,3,11,22,1,10,741.888591341784,1167.90532729574,0,0,2,2,0,0,7,3,2,7,4,16,15,34,-2,2,-11,11,-9,9,3,1,10,1,22,11
2020-06-20,D1,RB Leipzig,Dortmund,0,0,2,16,11,5,7,1268.98652309452,1266.82766977814,0,5,0,0,13,5,5,0,9,9,18,24,39,46,-2,2,5,-5,-2,2,2,0,7,5,11,16
2020-06-20,D1,Schalke 04,Wolfsburg,0,1,4,10,10,3,5,826.876476305086,1067.38631383092,0,0,0,1,1,0,6,1,2,7,3,15,17,26,-3,3,0,0,-2,2,4,1,5,3,10,10
2020-06-27,D1,Augsburg,RB Leipzig,0,1,2,5,14,1,5,907.626148958541,1224.85639140166,0,3,1,0,0,6,6,0,5,8,9,15,22,36,-1,1,-9,9,-4,4,2,1,5,1,14,5
2020-06-27,D1,Dortmund,Hoffenheim,0,0,4,7,15,4,7,1310.957801471,1073.8865824791,0,1,1,0,0,6,1,0,12,10,24,15,46,28,-4,4,-8,8,-3,3,4,0,7,4,15,7
2020-06-27,D1,Ein Frankfurt,Paderborn,2,3,2,12,16,4,5,1050.53014774343,734.935675873811,1,0,0,1,1,0,0,7,10,1,14,4,25,15,1,-1,-4,4,-1,1,2,3,5,4,16,12
2020-06-27,D1,Freiburg,Schalke 04,2,4,0,15,21,8,5,999.857381458544,805.032263639564,2,0,0,1,2,0,0,10,7,2,12,3,23,14,4,-4,-6,6,3,-3,0,4,5,8,21,15
2020-06-27,D1,Leverkusen,Mainz,2,1,0,13,6,2,1,1116.60152687366,1039.53072941931,1,2,0,0,1,4,0,0,7,9,17,15,38,22,1,-1,7,-7,1,-1,0,1,1,2,6,13
2020-06-27,D1,M'gladbach,Hertha,2,2,1,22,4,8,2,1174.85824276371,1024.22744508934,2,0,0,2,2,0,0,3,9,6,16,15,34,30,1,-1,18,-18,6,-6,1,2,2,8,4,22
2020-06-27,D1,Union Berlin,Fortuna Dusseldorf,2,3,0,11,25,7,4,888.658495921924,930.044170558188,1,0,0,0,3,1,0,4,7,3,9,10,22,18,3,-3,-14,14,3,-3,0,3,4,7,25,11
2020-06-27,D1,Werder Bremen,FC Koln,2,6,1,18,6,9,2,843.612329779469,948.216772845531,0,0,3,1,0,0,14,4,3,2,11,7,14,28,5,-5,12,-12,7,-7,1,6,2,9,6,18
2020-06-27,D1,Wolfsburg,Bayern Munich,0,0,4,11,17,4,11,1089.23052649644,1472.44982373651,0,9,0,0,1,9,4,0,7,15,15,30,29,55,-4,4,-6,6,-7,7,4,0,11,4,17,11
2018-08-24,D1,Bayern Munich,Hoffenheim,2,3,1,16,8,5,5,1485.24902244585,1176.64247912167,6,2,0,0,10,7,0,0,15,10,30,18,58,31,2,-2,8,-8,0,0,1,3,5,5,8,16
2018-08-25,D1,Fortuna Dusseldorf,Augsburg,0,1,2,9,14,5,7,869.047454735093,898.749307058853,0,0,0,0,1,2,3,1,3,5,9,9,18,19,-1,1,-5,5,-2,2,2,1,7,5,14,9
2018-08-25,D1,Freiburg,Ein Frankfurt,0,0,2,22,10,6,2,1031.55831410104,1059.47922793977,3,0,0,0,3,4,0,1,10,10,15,17,23,27,-2,2,12,-12,4,-4,2,0,2,6,10,22
2018-08-25,D1,Hertha,Nurnberg,2,1,0,10,12,3,3,1005.29253498661,1000,1,0,0,0,1,0,0,0,3,0,14,0,29,0,1,-1,-2,2,0,0,0,1,3,3,12,10
2018-08-25,D1,M'gladbach,Leverkusen,2,2,0,17,13,7,3,1193.79315286644,1141.61722991983,3,0,0,1,3,0,0,2,9,7,19,19,34,38,2,-2,4,-4,4,-4,0,2,3,7,13,17
2018-08-25,D1,Werder Bremen,Hannover,1,1,1,15,13,3,4,939.219513636701,1000,1,0,0,0,1,0,0,0,6,0,13,0,17,0,0,0,2,-2,-1,1,1,1,4,3,13,15
2018-08-25,D1,Wolfsburg,Schalke 04,2,2,1,11,9,7,4,1076.4313277871,773.33133099707,0,0,1,2,0,0,5,11,7,2,14,3,29,14,1,-1,2,-2,3,-3,1,2,4,7,9,11
2018-08-26,D1,Dortmund,RB Leipzig,2,4,1,10,10,5,7,1208.20190482842,1233.73323330135,0,4,2,0,0,7,2,0,9,8,21,17,43,36,3,-3,0,0,-2,2,1,4,7,5,10,10
2018-08-26,D1,Mainz,Stuttgart,2,1,0,8,12,3,3,1014.51502637314,973.912826596142,1,1,0,0,1,1,0,0,9,6,12,12,22,27,1,-1,-4,4,0,0,0,1,3,3,12,8
2018-08-31,D1,Hannover,Dortmund,1,0,0,7,8,0,3,997.229163982479,1266.73356029743,0,6,0,0,0,6,0,0,1,9,1,21,1,43,0,0,-1,1,-3,3,0,0,3,0,8,7
2018-09-01,D1,Augsburg,M'gladbach,1,1,1,18,7,7,2,928.020310267502,1231.11354987557,0,1,2,0,0,1,7,0,7,12,12,19,19,37,0,0,11,-11,5,-5,1,1,2,7,7,18
2018-09-01,D1,Ein Frankfurt,Werder Bremen,0,1,2,5,11,1,6,1099.81989058211,941.990349654222,2,0,0,1,2,0,0,1,13,7,20,14,30,18,-1,1,-6,6,-5,5,2,1,6,1,11,5
2018-09-01,D1,Hoffenheim,Freiburg,2,3,1,20,9,7,4,1163.94674501406,991.2176514587,1,0,0,1,1,0,0,7,9,7,17,12,31,23,2,-2,11,-11,3,-3,1,3,4,7,9,20
2018-09-01,D1,Leverkusen,Wolfsburg,0,1,3,16,12,3,5,1104.2968329107,1085.94853209648,2,1,0,0,2,1,0,0,7,7,16,16,38,29,-2,2,4,-4,-2,2,3,1,5,3,12,16
2018-09-01,D1,Nurnberg,Mainz,1,1,1,19,6,4,1,968.487422785238,1042.79235681229,0,0,0,1,0,0,0,1,0,9,0,14,0,25,0,0,13,-13,3,-3,1,1,1,4,6,19
2018-09-01,D1,Stuttgart,Bayern Munich,0,0,3,4,20,0,6,945.635496156991,1497.94475655346,0,10,1,0,0,10,1,0,6,15,9,30,24,58,-3,3,-16,16,-6,6,3,0,6,0,20,4
2018-09-02,D1,RB Leipzig,Fortuna Dusseldorf,1,1,1,23,14,7,8,1175.20157783234,839.776451526444,0,0,1,1,0,0,6,5,7,2,16,8,33,18,0,0,9,-9,-1,1,1,1,8,7,14,23
2018-09-02,D1,Schalke 04,Hertha,0,0,2,16,5,4,3,763.814126687695,1036.80511220137,0,0,1,3,0,0,7,4,1,6,2,16,11,29,-2,2,11,-11,1,-1,2,0,3,4,5,16
2018-09-14,D1,Dortmund,Ein Frankfurt,2,3,1,10,5,6,2,1256.32989018779,1054.20700852261,1,1,0,0,1,5,0,0,7,10,19,20,43,30,2,-2,5,-5,4,-4,1,3,2,6,5,10
2018-09-15,D1,Bayern Munich,Leverkusen,2,3,1,18,3,5,1,1502.3018687218,1058.12521617484,7,0,0,2,11,0,0,3,15,6,30,13,58,38,2,-2,15,-15,4,-4,1,3,1,5,3,18
2018-09-15,D1,Fortuna Dusseldorf,Hoffenheim,2,2,1,8,18,4,5,851.723485958209,1187.63528752861,0,0,1,1,0,0,4,1,3,12,8,20,19,31,1,-1,-10,10,-1,1,1,2,5,4,18,8
2018-09-15,D1,Mainz,Augsburg,2,2,1,22,13,7,4,1039.42172194981,939.261550538273,2,1,0,0,2,3,0,0,10,5,14,13,23,17,1,-1,9,-9,3,-3,1,2,4,7,13,22
2018-09-15,D1,M'gladbach,Schalke 04,2,2,1,15,15,4,6,1219.8723096048,748.726403481457,4,0,0,3,4,0,0,12,13,0,17,2,35,10,1,-1,0,0,-2,2,1,2,6,4,15,15
2018-09-15,D1,RB Leipzig,Hannover,2,3,2,15,16,6,8,1163.25454340058,1007.63283409212,0,0,0,0,1,1,7,1,5,2,16,2,33,2,1,-1,-1,1,-2,2,2,3,8,6,16,15
2018-09-15,D1,Wolfsburg,Hertha,1,2,2,15,9,6,5,1132.12014883233,1051.89283540761,1,1,0,0,1,1,0,0,9,9,16,16,31,29,0,0,6,-6,1,-1,2,2,5,6,9,15
2018-09-16,D1,Freiburg,Stuttgart,1,3,3,12,11,5,6,967.529108944155,941.278383988645,0,0,1,1,0,0,1,1,6,6,11,9,23,23,0,0,1,-1,-1,1,3,3,6,5,11,12
2018-09-16,D1,Werder Bremen,Nurnberg,1,1,1,14,11,2,2,987.603231713725,971.858057647719,0,0,0,1,2,0,1,1,7,1,14,1,21,1,0,0,3,-3,0,0,1,1,2,2,11,14
2018-09-21,D1,Stuttgart,Fortuna Dusseldorf,1,0,0,10,19,1,7,942.484979407807,907.637366868389,0,0,2,0,0,1,2,6,4,5,7,10,24,19,0,0,-9,9,-6,6,0,0,7,1,19,10
2018-09-22,D1,Augsburg,Werder Bremen,0,2,3,21,12,7,7,916.239303444388,986.878635628988,0,1,0,0,1,1,8,0,5,8,10,14,17,22,-1,1,9,-9,0,0,3,2,7,7,12,21
2018-09-22,D1,Hertha,M'gladbach,2,4,2,16,17,7,4,1055.5231443832,1223.85702325261,2,0,0,0,2,2,0,1,10,13,14,20,29,37,2,-2,-1,1,3,-3,2,4,4,7,17,16
2018-09-22,D1,Hoffenheim,Dortmund,1,1,1,17,8,5,2,1131.72140661843,1277.20871016822,2,0,0,0,2,7,0,1,9,10,19,19,28,46,0,0,9,-9,3,-3,1,1,2,5,8,17
2018-09-22,D1,Nurnberg,Hannover,2,2,0,14,9,6,3,972.582653732455,989.078717641081,0,0,0,1,1,0,1,2,2,2,2,2,2,2,2,-2,5,-5,3,-3,0,2,3,6,9,14
2018-09-22,D1,Schalke 04,Bayern Munich,0,0,2,10,14,2,7,744.741689833645,1508.61431449389,0,11,2,0,0,11,8,0,0,15,2,30,9,58,-2,2,-4,4,-5,5,2,0,7,2,14,10
2018-09-22,D1,Wolfsburg,Freiburg,0,1,3,17,12,9,8,1128.48983985675,966.322513524994,0,0,0,2,2,0,1,8,10,4,17,12,32,23,-2,2,5,-5,1,-1,3,1,8,9,12,17
2018-09-23,D1,Ein Frankfurt,RB Leipzig,1,1,1,8,9,5,2,1033.32818854218,1181.80865985162,0,0,1,1,0,0,1,1,7,7,19,16,30,33,0,0,-1,1,3,-3,1,1,2,5,9,8
2018-09-23,D1,Leverkusen,Mainz,2,1,0,18,12,5,5,1051.81277040275,1062.44396904369,0,0,1,0,0,1,1,2,3,10,10,17,35,26,1,-1,6,-6,0,0,0,1,5,5,12,18
2018-09-25,D1,Bayern Munich,Augsburg,1,1,1,16,12,8,4,1509.68110517539,890.657235301596,8,0,0,1,12,0,0,1,15,4,30,9,58,17,0,0,4,-4,4,-4,1,1,4,8,12,16
2018-09-25,D1,Freiburg,Schalke 04,2,1,0,15,15,4,3,1029.28335914147,743.674899152148,0,0,0,4,1,0,2,13,7,0,14,2,23,6,1,-1,0,0,1,-1,0,1,3,4,15,15
2018-09-25,D1,Hannover,Hoffenheim,0,1,3,17,17,8,9,943.140325671476,1138.05538390599,0,0,0,2,1,0,1,2,2,7,2,17,2,29,-2,2,0,0,-1,1,3,1,9,8,17,17
2018-09-25,D1,Werder Bremen,Hertha,2,3,1,14,12,6,2,1012.46070377178,1119.10981954362,0,0,0,0,3,2,2,1,11,10,14,16,22,32,2,-2,2,-2,4,-4,1,3,2,6,12,14
2018-09-26,D1,Dortmund,Nurnberg,2,7,0,19,4,10,1,1270.87473288066,1018.52104570206,2,0,0,0,2,1,0,2,8,5,20,5,44,5,7,-7,15,-15,9,-9,0,7,1,10,4,19
2018-09-26,D1,Fortuna Dusseldorf,Leverkusen,0,1,2,16,6,4,3,909.236798902855,1084.79163449819,1,0,0,3,1,0,0,4,5,6,8,13,20,35,-1,1,10,-10,1,-1,2,1,3,4,6,16
2018-09-26,D1,Mainz,Wolfsburg,1,0,0,11,12,2,4,1029.46510494825,1065.52899424027,3,2,0,0,3,2,0,0,7,7,16,14,26,32,0,0,-1,1,-2,2,0,0,4,2,12,11
2018-09-26,D1,M'gladbach,Ein Frankfurt,2,3,1,21,12,9,2,1160.27034809219,1039.77800657063,5,0,0,1,5,0,0,1,10,7,19,17,37,28,2,-2,9,-9,7,-7,1,3,2,9,12,21
2018-09-26,D1,RB Leipzig,Stuttgart,2,2,0,18,9,8,0,1175.35884182317,940.885547373341,1,0,0,0,2,1,0,2,8,2,16,8,31,25,2,-2,9,-9,8,-8,0,2,0,8,9,18
2018-09-28,D1,Hertha,Bayern Munich,2,2,0,6,25,4,5,1062.19711611649,1494.56307242545,3,12,0,0,3,12,0,0,10,13,13,28,29,56,2,-2,-19,19,-1,1,0,2,5,4,25,6
2018-09-29,D1,Hoffenheim,RB Leipzig,0,1,2,13,18,6,7,1159.6014520004,1193.42058502727,0,0,0,0,3,1,1,2,7,8,17,16,29,34,-1,1,-5,5,-1,1,2,1,7,6,18,13
2018-09-29,D1,Leverkusen,Dortmund,0,2,4,14,16,6,10,1101.87114573785,1305.71883621483,1,0,0,0,1,8,0,2,6,11,13,20,35,44,-2,2,-2,2,-4,4,4,2,10,6,16,14
2018-09-29,D1,Nurnberg,Fortuna Dusseldorf,2,3,0,10,13,6,4,983.676942367888,892.157287663196,1,0,0,0,2,2,0,7,5,5,5,8,5,20,3,-3,-3,3,2,-2,0,3,4,6,13,10
2018-09-29,D1,Schalke 04,Mainz,2,1,0,15,15,2,5,733.312742418994,1031.11996925368,0,0,3,1,0,0,9,3,0,8,2,17,6,27,1,-1,0,0,-3,3,0,1,5,2,15,15
2018-09-29,D1,Stuttgart,Werder Bremen,2,2,1,18,14,5,3,922.823804169241,1069.3734071989,0,2,0,0,1,2,3,0,2,11,8,17,22,25,1,-1,4,-4,2,-2,1,2,3,5,14,18
2018-09-29,D1,Wolfsburg,M'gladbach,1,2,2,13,10,3,3,1063.87412993485,1189.49974576439,0,0,1,1,0,0,2,2,8,10,15,19,33,37,0,0,3,-3,0,0,2,2,3,3,10,13
2018-09-30,D1,Augsburg,Freiburg,2,4,1,21,13,10,6,905.775268051532,1039.64551587462,0,1,1,0,0,1,9,0,5,7,10,17,18,26,3,-3,8,-8,4,-4,1,4,6,10,13,21
2018-09-30,D1,Ein Frankfurt,Hannover,2,4,1,15,4,7,1,1010.54860889843,921.594257577065,0,0,0,2,1,0,2,3,4,2,14,2,25,2,3,-3,11,-11,6,-6,1,4,1,7,4,15
2018-10-05,D1,Werder Bremen,Wolfsburg,2,2,0,15,10,5,4,1024.62304453144,1069.41980383538,1,0,0,0,4,3,0,1,10,6,17,13,25,31,2,-2,5,-5,1,-1,0,2,4,5,10,15
2018-10-06,D1,Bayern Munich,M'gladbach,0,0,3,14,7,3,3,1413.57034164337,1183.95407186386,0,0,0,0,13,1,1,3,10,8,25,20,53,37,-3,3,7,-7,0,0,3,0,3,3,7,14
2018-10-06,D1,Dortmund,Augsburg,2,4,3,20,12,8,6,1326.4401096034,980.336841423505,3,0,0,0,3,1,0,2,11,5,20,12,44,18,1,-1,8,-8,2,-2,3,4,6,8,12,20
2018-10-06,D1,Fortuna Dusseldorf,Schalke 04,0,0,2,9,15,3,5,851.666851583859,787.54604020202,0,0,1,5,0,0,1,14,5,3,7,4,19,8,-2,2,-6,6,-2,2,2,0,5,3,15,9
2018-10-06,D1,Hannover,Stuttgart,2,3,1,15,11,6,5,880.727170759089,967.574166836704,0,0,1,1,0,0,2,3,1,5,2,11,2,25,2,-2,4,-4,1,-1,1,3,5,6,11,15
2018-10-06,D1,Mainz,Hertha,1,0,0,23,11,3,1,976.886671470651,1143.18984689858,0,0,0,1,4,0,1,2,5,10,14,16,27,31,0,0,12,-12,2,-2,0,0,1,3,11,23
2018-10-07,D1,Freiburg,Leverkusen,1,0,0,7,14,1,0,965.083942502647,1081.14987234928,1,1,0,0,2,1,0,0,7,6,14,13,26,35,0,0,-7,7,1,-1,0,0,0,1,14,7
2018-10-07,D1,Hoffenheim,Ein Frankfurt,0,1,2,20,6,4,4,1130.7065087128,1051.41569571641,0,0,1,2,0,0,2,2,7,4,16,17,26,27,-1,1,14,-14,0,0,2,1,4,4,6,20
2018-10-07,D1,RB Leipzig,Nurnberg,2,6,0,18,3,8,0,1222.31552831487,1024.16737844723,2,0,0,1,3,0,0,3,11,8,18,8,36,8,6,-6,15,-15,8,-8,0,6,0,8,3,18
2018-10-19,D1,Ein Frankfurt,Fortuna Dusseldorf,2,7,1,21,10,13,5,1090.59444941157,799.805772747088,1,0,0,1,2,0,0,8,7,4,17,7,27,18,6,-6,11,-11,8,-8,1,7,5,13,10,21
2018-10-20,D1,Augsburg,RB Leipzig,1,0,0,6,15,0,3,972.656168262596,1262.56377494829,1,1,0,0,1,2,0,0,4,13,9,18,18,38,0,0,-9,9,-3,3,0,0,3,0,15,6
2018-10-20,D1,Leverkusen,Hannover,1,2,2,19,9,7,7,1075.99518021397,935.324925822157,0,0,1,3,0,0,1,4,7,3,13,5,33,5,0,0,10,-10,0,0,2,2,7,7,9,19
2018-10-20,D1,Nurnberg,Hoffenheim,0,1,3,7,20,2,12,983.919131813804,1091.52775501764,2,1,0,0,3,1,0,0,7,4,8,16,8,26,-2,2,-13,13,-10,10,3,1,12,2,20,7
2018-10-20,D1,Schalke 04,Werder Bremen,0,0,2,14,8,4,3,839.407119038792,1074.10433492459,1,0,0,1,1,0,0,1,6,10,6,17,10,28,-2,2,6,-6,1,-1,2,0,3,4,8,14
2018-10-20,D1,Stuttgart,Dortmund,0,0,4,13,12,5,4,912.976411773636,1334.12078276431,1,1,0,0,2,9,0,0,5,13,11,20,24,47,-4,4,1,-1,1,-1,4,0,4,5,12,13
2018-10-20,D1,Wolfsburg,Bayern Munich,0,1,3,8,13,1,11,1019.93851344224,1327.46743065743,0,0,0,1,1,0,3,1,3,7,12,22,30,52,-2,2,-5,5,-10,10,3,1,11,1,13,8
2018-10-21,D1,Hertha,Freiburg,1,1,1,13,8,5,3,1136.06714260485,970.238634637961,4,0,0,1,4,0,0,1,8,8,17,14,32,24,0,0,5,-5,2,-2,1,1,3,5,8,13
2018-10-21,D1,M'gladbach,Mainz,2,4,0,16,13,8,4,1270.0569828498,984.00937576438,6,0,0,2,6,0,0,4,10,5,23,15,37,25,4,-4,3,-3,4,-4,0,4,4,8,13,16
2018-10-26,D1,Freiburg,M'gladbach,2,3,1,13,11,7,2,977.343800997489,1290.89993927059,0,1,0,0,3,2,1,0,8,10,12,23,24,39,2,-2,2,-2,5,-5,1,3,2,7,11,13
2018-10-27,D1,Dortmund,Hertha,1,2,2,19,10,5,4,1344.6138910676,1128.96197624532,4,0,0,0,4,1,0,3,13,8,23,18,47,30,0,0,9,-9,1,-1,2,2,4,5,10,19
2018-10-27,D1,Fortuna Dusseldorf,Wolfsburg,0,0,3,8,18,1,6,773.566269823965,1007.17527408929,0,0,2,1,0,0,2,2,1,2,6,12,18,27,-3,3,-10,10,-5,5,3,0,6,1,18,8
2018-10-27,D1,Hannover,Augsburg,0,1,2,17,9,4,4,941.470814306754,983.58165348347,1,0,0,1,1,0,0,3,4,5,6,10,6,18,-1,1,8,-8,0,0,2,1,4,4,9,17
2018-10-27,D1,Hoffenheim,Stuttgart,2,4,0,22,6,10,0,1122.2199898875,902.483303470345,0,0,2,2,0,0,3,4,7,4,16,8,29,21,4,-4,16,-16,10,-10,0,4,0,10,6,22
2018-10-27,D1,Mainz,Bayern Munich,0,1,2,6,21,1,5,963.166419343589,1340.23067001037,0,1,0,0,5,1,2,0,2,7,12,22,24,52,-1,1,-15,15,-4,4,2,1,5,1,21,6
2018-10-28,D1,Nurnberg,Ein Frankfurt,1,1,1,10,10,3,2,953.226896943943,1116.83395233469,0,1,1,0,0,1,1,0,6,10,8,17,8,30,0,0,0,0,1,-1,1,1,2,3,10,10
2018-10-28,D1,RB Leipzig,Schalke 04,1,0,0,15,6,2,0,1251.63828972741,821.363856356711,3,1,0,0,4,1,0,0,11,6,18,6,36,9,0,0,9,-9,2,-2,0,0,0,2,6,15
2018-10-28,D1,Werder Bremen,Leverkusen,0,2,6,14,17,6,10,1092.14759760667,1069.84929172937,2,0,0,0,5,2,0,1,12,8,20,11,31,31,-4,4,-3,3,-4,4,6,2,10,6,17,14
2018-11-02,D1,Stuttgart,Ein Frankfurt,0,0,3,10,15,0,7,874.085178963156,1109.81114640844,0,0,1,0,0,2,1,1,3,10,5,17,18,31,-3,3,-5,5,-7,7,3,0,7,0,15,10
2018-11-03,D1,Augsburg,Nurnberg,1,2,2,17,13,4,5,1011.72198365107,960.249702870198,0,0,0,2,2,0,1,4,8,4,12,9,21,9,0,0,4,-4,-1,1,2,2,5,4,13,17
2018-11-03,D1,Bayern Munich,Freiburg,1,1,1,24,10,6,1,1346.78592621356,1052.66955521622,0,0,1,0,0,1,2,2,7,8,22,15,52,27,0,0,14,-14,5,-5,1,1,1,6,10,24
2018-11-03,D1,Hertha,RB Leipzig,0,0,3,12,25,5,11,1137.78777642924,1238.1181769392,0,0,0,0,5,3,1,1,6,11,16,19,31,34,-3,3,-13,13,-6,6,3,0,11,5,25,12
2018-11-03,D1,Leverkusen,Hoffenheim,0,1,4,21,10,9,4,1138.48632488193,1150.61811439468,0,2,0,0,1,2,2,0,8,9,14,16,31,31,-3,3,11,-11,5,-5,4,1,4,9,10,21
2018-11-03,D1,Schalke 04,Hannover,2,3,1,16,20,6,6,834.883969144925,913.330484139151,0,0,1,0,0,1,1,5,7,4,7,6,10,6,2,-2,-4,4,0,0,1,3,6,6,20,16
2018-11-03,D1,Wolfsburg,Dortmund,0,0,1,13,12,3,1,1029.72170205014,1335.78809088369,0,2,1,0,0,10,4,0,5,13,12,21,27,45,-1,1,1,-1,2,-2,1,0,1,3,12,13
2018-11-04,D1,Mainz,Werder Bremen,2,2,1,13,14,6,4,956.611163140403,1023.51056445411,0,1,1,0,0,1,3,0,2,9,9,20,24,31,1,-1,-1,1,2,-2,1,2,4,6,14,13
2018-11-04,D1,M'gladbach,Fortuna Dusseldorf,2,3,0,21,13,7,6,1215.57418505186,751.019841863123,7,0,0,2,7,0,0,9,10,0,20,5,36,15,3,-3,8,-8,1,-1,0,3,6,7,13,21
2018-11-09,D1,Hannover,Wolfsburg,2,2,1,10,19,4,9,859.735290238269,1020.34201751606,0,1,1,0,0,1,1,0,4,4,6,12,6,26,1,-1,-9,9,-5,5,1,2,9,4,19,10
2018-11-10,D1,Dortmund,Bayern Munich,2,3,2,11,9,5,3,1345.16777541776,1335.7578475301,0,2,0,0,5,2,1,0,13,7,24,20,45,50,1,-1,2,-2,2,-2,2,3,3,5,9,11
2018-11-10,D1,Fortuna Dusseldorf,Hertha,2,4,1,20,11,9,5,743.983777654356,1098.57989282891,0,0,3,0,0,2,3,4,0,6,5,16,14,30,3,-3,9,-9,4,-4,1,4,5,9,11,20
2018-11-10,D1,Freiburg,Mainz,0,1,3,15,12,4,9,1063.69763389968,994.697787901915,1,0,0,3,4,0,0,5,6,4,13,12,28,24,-2,2,3,-3,-5,5,3,1,9,4,12,15
2018-11-10,D1,Hoffenheim,Augsburg,2,2,1,18,22,7,7,1203.24634334267,1009.36878848996,1,1,0,0,1,1,0,0,9,8,16,13,34,22,1,-1,-4,4,0,0,1,2,7,7,22,18
2018-11-10,D1,Nurnberg,Stuttgart,0,0,2,10,13,3,4,962.602898031312,851.755928140563,0,0,0,3,1,0,2,5,5,3,10,5,10,17,-2,2,-3,3,-1,1,2,0,4,3,13,10
2018-11-10,D1,Werder Bremen,M'gladbach,0,1,3,20,16,5,6,985.423939692594,1222.61024926063,0,0,1,1,0,0,1,1,6,10,17,20,30,39,-2,2,4,-4,-1,1,3,1,6,5,16,20
2018-11-11,D1,Ein Frankfurt,Schalke 04,2,3,0,14,5,4,1,1132.14039723103,888.479163045807,2,0,0,0,3,2,0,1,13,10,17,10,34,13,3,-3,9,-9,3,-3,0,3,1,4,5,14
2018-11-11,D1,RB Leipzig,Leverkusen,2,3,0,14,7,7,2,1277.32606053953,1085.85809593395,0,1,0,0,5,3,1,0,11,5,19,11,36,30,3,-3,7,-7,5,-5,0,3,2,7,7,14
2018-11-23,D1,Leverkusen,Stuttgart,2,2,0,17,10,4,2,1058.66515404302,909.149829134384,0,1,1,0,0,1,3,0,5,3,11,8,27,17,2,-2,7,-7,2,-2,0,2,2,4,10,17
2018-11-24,D1,Augsburg,Ein Frankfurt,0,1,3,25,15,10,7,993.577114651271,1153.66942801689,0,1,0,0,3,3,2,0,5,13,10,17,22,37,-2,2,10,-10,3,-3,3,1,7,10,15,25
2018-11-24,D1,Bayern Munich,Fortuna Dusseldorf,1,3,3,17,9,5,5,1304.624322063,840.510957570692,0,0,0,3,1,0,3,10,7,3,17,8,47,16,0,0,8,-8,0,0,3,3,5,5,9,17
2018-11-24,D1,Hertha,Hoffenheim,1,3,3,23,13,8,6,1002.05271291258,1219.03801718136,0,3,1,0,0,3,2,0,3,12,13,19,29,36,0,0,10,-10,2,-2,3,3,6,8,13,23
2018-11-24,D1,Mainz,Dortmund,0,1,2,15,11,7,7,1047.15268783504,1376.30130088486,1,3,0,0,1,11,0,0,7,13,12,24,26,45,-1,1,4,-4,0,0,2,1,7,7,11,15
2018-11-24,D1,Schalke 04,Nurnberg,2,5,2,20,12,10,6,866.950132259949,905.208997037491,1,0,0,0,1,1,0,5,7,2,10,10,12,10,3,-3,8,-8,4,-4,2,5,6,10,12,20
2018-11-24,D1,Wolfsburg,RB Leipzig,2,1,0,5,10,3,4,974.520350871626,1304.51900243045,0,1,2,0,0,4,5,0,3,11,9,22,25,38,1,-1,-5,5,-1,1,0,1,4,3,10,5
2018-11-25,D1,Freiburg,Werder Bremen,1,1,1,23,19,9,8,1011.24273396655,967.585161421357,0,0,1,1,0,0,1,1,6,6,13,16,25,30,0,0,4,-4,1,-1,1,1,8,9,19,23
2018-11-25,D1,M'gladbach,Hannover,2,4,1,20,5,6,3,1240.44902753187,905.556956882703,8,0,0,1,8,0,0,6,12,7,20,8,39,9,3,-3,15,-15,3,-3,1,4,3,6,5,20
2018-11-30,D1,Fortuna Dusseldorf,Mainz,0,0,1,20,15,7,3,854.441612981817,1038.78751010877,1,1,0,0,1,1,0,0,4,6,8,11,16,25,-1,1,5,-5,4,-4,1,0,3,7,15,20
2018-12-01,D1,Dortmund,Freiburg,2,2,0,11,5,4,1,1384.66647861113,1009.24274372316,1,0,0,0,6,2,0,3,13,6,26,14,45,25,2,-2,6,-6,3,-3,0,2,1,4,5,11
2018-12-01,D1,Hannover,Hertha,0,0,2,10,14,2,8,891.706478970016,1010.92114344743,1,0,0,1,1,0,0,5,4,3,7,11,9,27,-2,2,-4,4,-6,6,2,0,8,2,14,10
2018-12-01,D1,Hoffenheim,Schalke 04,1,1,1,20,13,7,5,1210.16958664651,927.46247546404,2,0,0,1,2,0,0,2,13,7,17,13,37,15,0,0,7,-7,2,-2,1,1,5,7,13,20
2018-12-01,D1,Stuttgart,Augsburg,2,1,0,13,17,3,4,883.081087289356,968.609934647226,0,0,2,1,0,0,2,1,3,5,8,9,17,22,1,-1,-4,4,-1,1,0,1,4,3,17,13
2018-12-01,D1,Werder Bremen,Bayern Munich,0,1,2,9,16,3,5,969.585151664754,1290.69366665187,0,0,2,1,0,0,2,1,4,8,14,15,28,45,-1,1,-7,7,-2,2,2,1,5,3,16,9
2018-12-02,D1,Ein Frankfurt,Wolfsburg,0,1,2,13,10,2,3,1178.63660802093,1030.19069137079,3,0,0,1,4,0,0,1,13,6,20,9,40,25,-1,1,3,-3,-1,1,2,1,3,2,10,13
2018-12-02,D1,RB Leipzig,M'gladbach,2,2,0,14,7,6,4,1248.84866193129,1254.29950544456,1,1,0,0,6,1,0,0,8,12,21,22,37,39,2,-2,7,-7,2,-2,0,2,4,6,7,14
2018-12-03,D1,Nurnberg,Leverkusen,1,1,1,11,20,4,6,844.6966538334,1084.73389588805,0,0,1,1,0,0,3,1,2,7,9,14,10,27,0,0,-9,9,-2,2,1,1,6,4,20,11
2018-12-07,D1,Werder Bremen,Fortuna Dusseldorf,2,3,1,22,12,9,3,960.877626443803,837.988239222306,0,0,3,0,0,1,3,11,1,4,13,5,27,15,2,-2,10,-10,6,-6,1,3,3,9,12,22
2018-12-08,D1,Bayern Munich,Nurnberg,2,3,0,20,4,8,1,1299.40119187282,854.273434240307,0,0,0,1,2,0,4,6,8,3,15,9,45,11,3,-3,16,-16,7,-7,0,3,1,8,4,20
2018-12-08,D1,Freiburg,RB Leipzig,2,3,0,12,15,9,4,1000.18199348612,1293.39429641393,0,0,0,1,1,0,2,1,5,10,13,21,25,37,3,-3,-3,3,5,-5,0,3,4,9,15,12
2018-12-08,D1,Hertha,Ein Frankfurt,2,1,0,7,18,4,4,1040.29405813668,1133.73963749795,0,2,0,0,1,4,3,0,5,10,13,20,27,39,1,-1,-11,11,0,0,0,1,4,4,18,7
2018-12-08,D1,Leverkusen,Augsburg,2,1,0,21,13,7,1,1075.15711548115,928.887798694203,1,0,0,2,1,0,0,2,7,4,15,9,25,19,1,-1,8,-8,6,-6,0,1,1,7,13,21
2018-12-08,D1,Schalke 04,Dortmund,0,1,2,6,10,3,3,938.208465414597,1393.72722884817,2,4,0,0,2,12,0,0,8,13,14,26,16,45,-1,1,-4,4,0,0,2,1,3,3,10,6
2018-12-08,D1,Wolfsburg,Hoffenheim,1,2,2,10,19,3,6,1075.08766189377,1199.42359669595,1,0,0,0,1,4,0,1,9,11,11,18,28,37,0,0,-9,9,-3,3,2,2,6,3,19,10
2018-12-09,D1,Mainz,Hannover,1,1,1,28,11,5,3,1055.24088386828,862.33356428076,0,0,1,2,0,0,1,7,9,3,11,7,28,9,0,0,17,-17,2,-2,1,1,3,5,11,28
2018-12-09,D1,M'gladbach,Stuttgart,2,3,0,23,7,7,2,1209.75387096191,922.803223242379,9,0,0,1,9,0,0,1,9,6,19,10,39,17,3,-3,16,-16,5,-5,0,3,2,7,7,23
2018-12-14,D1,Nurnberg,Wolfsburg,0,0,2,11,10,0,4,846.464464512389,1080.58101175305,0,1,0,0,1,1,4,0,2,7,6,12,11,26,-2,2,1,-1,-4,4,2,0,4,0,10,11
2018-12-15,D1,Augsburg,Schalke 04,1,1,1,17,15,9,5,909.616437544246,933.874082944122,0,0,1,0,0,1,3,3,1,7,9,14,18,16,0,0,2,-2,4,-4,1,1,5,9,15,17
2018-12-15,D1,Dortmund,Werder Bremen,2,2,1,16,9,9,5,1398.06161131865,989.838723018596,2,0,0,0,7,1,0,2,15,4,28,13,48,27,1,-1,7,-7,4,-4,1,2,5,9,9,16
2018-12-15,D1,Fortuna Dusseldorf,Freiburg,2,2,0,20,6,8,2,809.027142647514,1092.22513881531,0,0,1,1,0,0,1,4,4,5,4,13,12,27,2,-2,14,-14,6,-6,0,2,2,8,6,20
2018-12-15,D1,Hannover,Bayern Munich,0,0,4,3,32,0,14,870.404462432584,1307.21016160074,0,1,1,0,0,1,1,0,4,8,8,15,10,45,-4,4,-29,29,-14,14,4,0,14,0,32,3
2018-12-15,D1,Hoffenheim,M'gladbach,1,0,0,27,5,6,1,1193.93024683667,1227.29810585801,0,0,0,1,3,0,1,1,9,12,18,22,35,41,0,0,22,-22,5,-5,0,0,1,6,5,27
2018-12-15,D1,Stuttgart,Hertha,2,2,1,9,15,4,3,905.258988346282,1080.699017628,1,1,0,0,1,1,0,0,6,7,9,13,17,29,1,-1,-6,6,1,-1,1,2,3,4,15,9
2018-12-16,D1,Ein Frankfurt,Leverkusen,2,2,1,17,12,7,6,1093.33467800663,1094.4284766311,0,0,1,0,0,1,1,2,9,7,19,15,36,28,1,-1,5,-5,1,-1,1,2,6,7,12,17
2018-12-16,D1,RB Leipzig,Mainz,2,4,1,17,11,7,5,1201.35115108474,1047.16998571646,2,2,0,0,7,2,0,0,9,10,20,12,36,28,3,-3,6,-6,2,-2,1,4,5,7,11,17
2018-12-18,D1,Fortuna Dusseldorf,Dortmund,2,2,1,8,11,3,3,882.37458775145,1403.63422853161,1,5,0,0,1,13,0,0,7,15,7,28,15,48,1,-1,-3,3,0,0,1,2,3,3,11,8
2018-12-18,D1,Hertha,Augsburg,1,2,2,17,8,7,2,1033.78680536088,910.731731741829,1,0,0,3,2,0,0,3,7,1,13,9,26,19,0,0,9,-9,5,-5,2,2,2,7,8,17
2018-12-18,D1,M'gladbach,Nurnberg,2,2,0,17,7,7,2,1225.76616635068,828.373249551746,10,0,0,2,10,0,0,7,10,1,20,6,39,11,2,-2,10,-10,5,-5,0,2,2,7,7,17
2018-12-18,D1,Wolfsburg,Stuttgart,2,2,0,16,11,5,1,1098.67222671369,952.171200613405,0,0,0,2,2,0,1,2,10,9,14,12,29,20,2,-2,5,-5,4,-4,0,2,1,5,11,16
2018-12-19,D1,Bayern Munich,RB Leipzig,2,1,0,10,8,4,2,1316.86637572876,1233.15595475915,1,0,0,2,3,0,0,2,10,9,17,20,45,36,1,-1,2,-2,2,-2,0,1,2,4,8,10
2018-12-19,D1,Freiburg,Hannover,1,1,1,14,18,7,3,1018.87769371137,860.748248304564,1,0,0,0,2,1,0,8,4,4,10,8,27,10,0,0,-4,4,4,-4,1,1,3,7,18,14
2018-12-19,D1,Mainz,Ein Frankfurt,1,2,2,17,12,6,4,1015.36518204204,1125.4354202501,0,0,0,1,1,0,2,1,7,9,11,22,28,36,0,0,5,-5,2,-2,2,2,4,6,12,17
2018-12-19,D1,Schalke 04,Leverkusen,0,1,2,18,8,4,5,932.758788746538,1062.32773438763,0,0,1,1,0,0,1,3,5,7,15,12,17,25,-1,1,10,-10,-1,1,2,1,5,4,8,18
2018-12-19,D1,Werder Bremen,Hoffenheim,1,1,1,26,14,5,4,984.266105805633,1195.462186344,1,0,0,0,1,5,0,2,4,7,10,16,27,33,0,0,12,-12,1,-1,1,1,4,5,14,26
2018-12-21,D1,Dortmund,M'gladbach,2,2,1,12,3,4,2,1342.66771630377,1233.84974153255,3,0,0,0,8,1,0,2,12,10,25,22,45,42,1,-1,9,-9,2,-2,1,2,2,4,3,12
2018-12-22,D1,Ein Frankfurt,Bayern Munich,0,0,3,10,9,3,7,1120.52954022606,1341.30216787705,1,2,0,0,1,2,0,0,7,13,20,20,37,45,-3,3,1,-1,-4,4,3,0,7,3,9,10
2018-12-22,D1,Hannover,Fortuna Dusseldorf,0,0,1,17,13,3,6,867.565996930787,943.34109997929,0,0,2,1,0,0,2,12,2,7,9,10,11,17,-1,1,4,-4,-3,3,1,0,6,3,13,17
2018-12-22,D1,Leverkusen,Hertha,2,3,1,15,13,7,8,1082.918090537,1028.34555388473,2,0,0,1,2,0,0,1,10,8,15,11,28,27,2,-2,2,-2,-1,1,1,3,8,7,13,15
2018-12-22,D1,Nurnberg,Freiburg,0,0,1,16,7,3,3,820.289674369879,1012.05994508515,0,0,1,2,0,0,5,5,1,5,3,11,11,25,-1,1,9,-9,0,0,1,0,3,3,7,16
2018-12-22,D1,RB Leipzig,Werder Bremen,2,3,2,11,15,5,6,1208.72016261087,992.948135159247,3,0,0,1,8,0,0,3,6,5,17,11,35,28,1,-1,-4,4,-1,1,2,3,6,5,15,11
2018-12-22,D1,Stuttgart,Schalke 04,0,1,3,17,15,5,6,925.783440578018,912.168432597168,2,0,0,0,2,2,0,4,6,5,9,12,20,16,-2,2,2,-2,-1,1,3,1,6,5,15,17
2018-12-23,D1,Augsburg,Wolfsburg,0,2,3,10,16,4,5,916.172983217974,1125.05998674908,0,2,0,0,1,2,4,0,2,13,7,16,19,29,-1,1,-6,6,-1,1,3,2,5,4,16,10
2018-12-23,D1,Hoffenheim,Mainz,1,1,1,28,12,7,5,1186.78015699039,1020.27106206609,0,0,0,1,4,0,2,1,5,5,17,12,33,26,0,0,16,-16,2,-2,1,1,5,7,12,28
2019-01-18,D1,Hoffenheim,Bayern Munich,0,1,3,13,21,5,9,1179.64985104654,1365.19883556153,0,3,0,0,5,3,3,0,5,15,18,23,34,45,-2,2,-8,8,-4,4,3,1,9,5,21,13
2019-01-19,D1,Augsburg,Fortuna Dusseldorf,0,1,2,13,11,6,3,901.386447712753,968.470548035174,0,1,1,0,0,1,5,0,2,9,7,13,16,20,-1,1,2,-2,3,-3,2,1,3,6,11,13
2019-01-19,D1,Ein Frankfurt,Freiburg,2,3,1,9,21,4,7,1096.63287254157,1027.9963560524,0,1,1,0,0,1,1,0,4,7,17,13,34,27,2,-2,-12,12,-3,3,1,3,7,4,21,9
2019-01-19,D1,Hannover,Werder Bremen,0,0,1,10,23,1,13,842.436548874903,978.607430698234,0,0,3,2,0,0,3,4,2,4,6,8,11,25,-1,1,-13,13,-12,12,1,0,13,1,23,10
2019-01-19,D1,Leverkusen,M'gladbach,0,0,1,22,7,10,3,1119.9429873118,1211.55689209491,3,0,0,1,3,0,0,3,10,7,17,19,30,42,-1,1,15,-15,7,-7,1,0,3,10,7,22
2019-01-19,D1,RB Leipzig,Dortmund,0,0,1,12,8,5,4,1223.06086707188,1364.9605657414,4,0,0,1,9,0,0,1,9,12,17,25,35,45,-1,1,4,-4,1,-1,1,0,4,5,8,12
2019-01-19,D1,Stuttgart,Mainz,0,2,3,28,14,8,4,880.208047002833,1027.40136800993,0,0,1,0,0,1,1,2,6,6,9,12,20,27,-1,1,14,-14,4,-4,3,2,4,8,14,28
2019-01-20,D1,Nurnberg,Hertha,0,1,3,14,16,3,8,804.353263402633,991.320657109934,0,0,2,2,0,0,6,2,1,7,3,10,11,27,-2,2,-2,2,-5,5,3,1,8,3,16,14
2019-01-20,D1,Schalke 04,Wolfsburg,2,2,1,20,12,5,5,957.743826172353,1139.8465222543,0,3,2,0,0,3,2,0,5,13,12,19,18,31,1,-1,8,-8,0,0,1,2,5,5,12,20
2019-01-25,D1,Hertha,Schalke 04,1,2,2,11,14,4,7,1013.61895560527,1005.13211740322,0,1,0,0,3,3,1,0,7,7,12,15,30,21,0,0,-3,3,-3,3,2,2,7,4,14,11
2019-01-26,D1,Dortmund,Hannover,2,5,1,18,11,9,3,1384.57239179359,822.373316644442,4,0,0,0,9,2,0,9,12,2,25,5,48,11,4,-4,7,-7,6,-6,1,5,3,9,11,18
2019-01-26,D1,Freiburg,Hoffenheim,0,2,4,20,16,8,11,992.691909359273,1157.21549766023,0,0,0,0,3,6,1,3,7,4,12,15,24,31,-2,2,4,-4,-3,3,4,2,11,8,16,20
2019-01-26,D1,Mainz,Nurnberg,2,2,1,20,8,4,3,1046.6011663237,782.054964907297,0,0,0,3,2,0,3,8,6,0,15,3,27,11,1,-1,12,-12,1,-1,1,2,3,4,8,20
2019-01-26,D1,M'gladbach,Augsburg,2,2,0,14,4,6,1,1235.30921394517,875.489466771567,11,0,0,0,11,1,0,4,10,2,19,6,42,16,2,-2,10,-10,5,-5,0,2,1,6,4,14
2019-01-26,D1,Werder Bremen,Ein Frankfurt,1,2,2,18,8,9,4,998.670662928696,1131.9373192347,0,0,0,0,2,1,1,2,7,7,8,17,28,34,0,0,10,-10,5,-5,2,2,4,9,8,18
2019-01-26,D1,Wolfsburg,Leverkusen,0,0,3,10,23,4,14,1092.45823102343,1096.19066546154,1,1,0,0,3,1,0,0,10,9,19,16,31,27,-3,3,-13,13,-10,10,3,0,14,4,23,10
2019-01-27,D1,Bayern Munich,Stuttgart,2,4,1,19,7,6,2,1387.63318894785,861.008248689062,2,0,0,3,4,0,0,3,15,3,23,9,45,17,3,-3,12,-12,4,-4,1,4,2,6,7,19
2019-01-27,D1,Fortuna Dusseldorf,RB Leipzig,0,0,4,10,12,0,9,994.36752897636,1203.44904101969,2,0,0,3,2,0,0,3,12,6,16,16,22,34,-4,4,-2,2,-9,9,4,0,9,0,12,10
2019-02-01,D1,Hannover,RB Leipzig,0,0,3,5,19,1,8,817.4939138234,1233.22885111055,0,1,4,0,0,1,4,0,1,9,5,18,11,37,-3,3,-14,14,-7,7,3,0,8,1,19,5
2019-02-02,D1,Ein Frankfurt,Dortmund,1,1,1,12,13,7,4,1126.08442716868,1389.45179461463,1,1,0,0,1,1,0,0,8,12,17,27,34,48,0,0,-1,1,3,-3,1,1,4,7,13,12
2019-02-02,D1,Hertha,Wolfsburg,0,0,1,11,8,4,4,1013.22819997857,1038.51243608052,0,0,0,1,4,0,2,1,5,9,12,16,28,28,-1,1,3,-3,0,0,1,0,4,4,8,11
2019-02-02,D1,Hoffenheim,Fortuna Dusseldorf,1,1,1,12,8,4,6,1181.72959606348,964.587718885502,0,2,1,0,0,2,4,0,6,12,15,16,31,21,0,0,4,-4,-2,2,1,1,6,4,8,12
2019-02-02,D1,Leverkusen,Bayern Munich,2,3,1,11,17,4,6,1150.13646040445,1392.65261107164,0,4,1,0,0,4,1,0,9,15,16,23,30,45,2,-2,-6,6,-2,2,1,3,6,4,17,11
2019-02-02,D1,Nurnberg,Werder Bremen,1,1,1,11,10,2,3,770.596265747131,1004.52355499471,0,1,3,0,0,1,7,0,0,5,2,9,11,29,0,0,1,-1,-1,1,1,1,3,2,10,11
2019-02-02,D1,Schalke 04,M'gladbach,0,0,2,9,16,1,9,1005.52287302992,1245.12620319667,1,1,0,0,1,1,0,0,8,10,15,22,22,42,-2,2,-7,7,-8,8,2,0,9,1,16,9
2019-02-03,D1,Augsburg,Mainz,2,3,0,19,6,8,0,865.672477520072,1058.05986548387,0,1,2,0,0,2,6,0,2,8,3,18,15,27,3,-3,13,-13,8,-8,0,3,0,8,6,19
2019-02-03,D1,Stuttgart,Freiburg,1,2,2,17,16,4,4,855.988826565269,968.177810956021,0,0,2,1,0,0,2,1,3,4,9,9,14,24,0,0,1,-1,0,0,2,2,4,4,16,17
2019-02-08,D1,Mainz,Leverkusen,0,1,5,15,18,2,7,976.08172313892,1220.4449568064,1,2,0,0,3,2,0,0,8,12,15,19,27,30,-4,4,-3,3,-5,5,5,1,7,2,18,15
2019-02-09,D1,Bayern Munich,Schalke 04,2,3,1,17,7,4,5,1322.34411466969,987.881001833122,3,0,0,0,5,4,0,1,12,7,22,12,42,22,2,-2,10,-10,-1,1,1,3,5,4,7,17
2019-02-09,D1,Dortmund,Hoffenheim,1,3,3,16,14,7,6,1379.21313165502,1172.85617154243,5,1,0,0,10,7,0,0,10,6,25,13,49,29,0,0,2,-2,1,-1,3,3,6,7,14,16
2019-02-09,D1,Freiburg,Wolfsburg,1,3,3,10,15,4,4,963.183698288101,1068.18777425917,0,1,1,0,0,1,2,0,5,9,9,19,22,31,0,0,-5,5,0,0,3,3,4,4,15,10
2019-02-09,D1,Hannover,Nurnberg,2,2,0,18,9,8,1,808.365808523616,779.990575685878,0,0,5,4,0,0,5,9,1,1,5,2,11,12,2,-2,9,-9,7,-7,0,2,1,8,9,18
2019-02-09,D1,M'gladbach,Hertha,0,0,3,13,11,4,4,1262.76807439347,983.552861799915,12,1,0,0,12,1,0,0,12,5,22,12,42,28,-3,3,2,-2,0,0,3,0,4,4,11,13
2019-02-09,D1,RB Leipzig,Ein Frankfurt,1,0,0,14,6,1,2,1242.35695641034,1136.32309012829,0,0,1,0,0,2,1,3,9,6,18,15,37,32,0,0,8,-8,-1,1,0,0,2,1,6,14
2019-02-10,D1,Fortuna Dusseldorf,Stuttgart,2,3,0,15,15,6,2,973.461143406547,860.982939233189,0,0,1,4,0,0,1,4,10,1,17,10,22,15,3,-3,0,0,4,-4,0,3,2,6,15,15
2019-02-10,D1,Werder Bremen,Augsburg,2,4,0,11,13,5,3,995.12924505596,947.650619865024,0,0,0,1,3,0,2,5,6,4,10,5,27,18,4,-4,-2,2,2,-2,0,4,3,5,13,11
2019-02-15,D1,Augsburg,Bayern Munich,0,2,3,8,17,2,8,891.907840805731,1333.50754479711,1,0,0,1,1,0,0,1,3,12,5,25,15,42,-1,1,-9,9,-6,6,3,2,8,2,17,8
2019-02-16,D1,Hertha,Werder Bremen,1,1,1,11,8,2,2,1074.40632406738,1050.87202411525,0,0,1,0,0,2,3,1,7,8,15,13,28,29,0,0,3,-3,0,0,1,1,2,2,8,11
2019-02-16,D1,Hoffenheim,Hannover,2,3,0,26,5,11,1,1181.37978084719,848.649496194706,0,0,0,1,1,0,5,10,6,3,11,5,30,13,3,-3,21,-21,10,-10,0,3,1,11,5,26
2019-02-16,D1,Schalke 04,Freiburg,1,0,0,15,12,2,3,976.717571705709,967.877272795849,0,0,1,0,0,1,1,2,7,5,12,10,22,23,0,0,3,-3,-1,1,0,0,3,2,12,15
2019-02-16,D1,Stuttgart,RB Leipzig,0,1,3,7,7,3,4,823.513363442512,1237.620077042,0,2,0,0,1,2,3,0,1,10,7,16,15,38,-2,2,0,0,-1,1,3,1,4,3,7,7
2019-02-16,D1,Wolfsburg,Mainz,2,3,0,16,12,6,4,1063.49419975143,950.698509914968,0,0,1,1,0,0,1,1,7,7,20,12,29,24,3,-3,4,-4,2,-2,0,3,4,6,12,16
2019-02-17,D1,Ein Frankfurt,M'gladbach,1,1,1,12,14,3,5,1141.05996949663,1171.914612126,0,2,0,0,2,2,1,0,6,9,13,19,30,39,0,0,-2,2,-2,2,1,1,5,3,14,12
2019-02-17,D1,Leverkusen,Fortuna Dusseldorf,2,2,0,13,3,7,0,1245.82817003035,1010.93071919722,1,0,0,0,1,3,0,1,12,10,22,17,33,25,2,-2,10,-10,7,-7,0,2,0,7,3,13
2019-02-18,D1,Nurnberg,Dortmund,1,0,0,7,17,2,6,739.706888014788,1370.68952235026,0,0,0,0,1,2,8,1,1,11,2,23,12,47,0,0,-10,10,-4,4,0,0,6,2,17,7
2019-02-22,D1,Werder Bremen,Stuttgart,1,1,1,15,8,4,3,1051.95416411693,816.108690404242,1,0,0,5,4,0,0,5,9,1,13,7,27,15,0,0,7,-7,1,-1,1,1,3,4,8,15
2019-02-23,D1,Bayern Munich,Hertha,2,1,0,12,9,4,2,1338.17712821136,1073.32418406571,4,2,0,0,6,2,0,0,12,8,27,15,42,26,1,-1,3,-3,2,-2,0,1,2,4,9,12
2019-02-23,D1,Fortuna Dusseldorf,Nurnberg,2,2,1,19,5,7,2,992.903970290696,754.882080595001,1,0,0,5,1,0,0,10,7,2,16,3,24,12,1,-1,14,-14,5,-5,1,2,2,7,5,19
2019-02-23,D1,Freiburg,Augsburg,2,5,1,19,14,11,4,968.284295771281,887.238257391476,0,0,0,2,1,0,3,6,3,3,10,5,24,14,4,-4,5,-5,7,-7,1,5,4,11,14,19
2019-02-23,D1,Mainz,Schalke 04,2,3,0,21,10,6,3,913.273873849213,976.310548730277,0,0,1,1,0,0,1,2,6,5,12,10,23,23,3,-3,11,-11,3,-3,0,3,3,6,10,21
2019-02-23,D1,M'gladbach,Wolfsburg,0,0,3,15,5,5,3,1170.49742697862,1100.91883581718,0,0,1,0,0,2,1,1,10,7,17,20,39,29,-3,3,10,-10,2,-2,3,0,3,5,5,15
2019-02-24,D1,Dortmund,Leverkusen,2,3,2,9,13,4,4,1355.51432977005,1263.85491893688,0,3,0,0,11,3,1,0,9,12,21,22,47,36,1,-1,-4,4,0,0,2,3,4,4,13,9
2019-02-24,D1,Hannover,Ein Frankfurt,0,0,3,11,14,3,8,834.647848547445,1142.477154644,1,0,0,0,1,3,0,4,3,7,5,11,12,31,-3,3,-3,3,-5,5,3,0,8,3,14,11
2019-02-25,D1,RB Leipzig,Hoffenheim,1,1,1,15,7,4,4,1245.02475008027,1195.38142849445,0,0,0,0,1,8,2,1,10,8,19,13,40,30,0,0,8,-8,0,0,1,1,4,4,7,15
2019-03-01,D1,Augsburg,Dortmund,2,2,1,9,18,4,8,837.514772584871,1379.26273891535,0,0,1,0,0,3,1,2,3,9,5,21,14,47,1,-1,-9,9,-4,4,1,2,8,4,18,9
2019-03-02,D1,Ein Frankfurt,Hoffenheim,2,3,2,18,20,10,7,1158.32325100672,1197.6521557896,0,0,0,0,3,9,2,2,7,9,14,13,34,31,1,-1,-2,2,3,-3,2,3,7,10,20,18
2019-03-02,D1,Hertha,Mainz,2,2,1,11,13,4,1,1061.88208612411,977.592208739648,0,0,0,2,1,0,4,2,5,6,12,12,25,23,1,-1,-2,2,3,-3,1,2,1,4,13,11
2019-03-02,D1,Leverkusen,Freiburg,2,2,0,17,8,5,3,1240.10650979158,1018.00778057789,2,0,0,0,2,2,0,3,12,6,21,13,36,26,2,-2,9,-9,2,-2,0,2,3,5,8,17
2019-03-02,D1,M'gladbach,Bayern Munich,0,1,5,11,19,2,14,1105.18884376015,1349.61922615296,0,1,2,0,0,1,2,0,7,12,17,27,36,42,-4,4,-8,8,-12,12,5,1,14,2,19,11
2019-03-02,D1,Nurnberg,RB Leipzig,0,0,1,7,12,1,5,741.916107549549,1242.75402278513,0,3,0,0,2,3,9,0,2,11,2,17,11,38,-1,1,-5,5,-4,4,1,0,5,1,12,7
2019-03-02,D1,Schalke 04,Fortuna Dusseldorf,0,0,4,7,13,2,5,911.992213839842,1005.86994333615,0,0,0,1,1,0,2,2,2,7,9,19,23,24,-4,4,-6,6,-3,3,4,0,5,2,13,7
2019-03-03,D1,Stuttgart,Hannover,2,5,1,14,3,8,1,825.560695686263,818.801752184723,0,0,1,2,0,0,4,11,2,3,5,5,15,12,4,-4,11,-11,7,-7,1,5,1,8,3,14
2019-03-03,D1,Wolfsburg,Werder Bremen,1,1,1,13,12,5,3,1166.22741903566,1042.50215883491,1,0,0,0,1,3,0,2,10,7,20,14,31,27,0,0,1,-1,2,-2,1,1,3,5,12,13
2019-03-08,D1,Werder Bremen,Schalke 04,2,4,2,20,14,7,8,1047.97068618562,864.505971004193,0,0,0,2,5,0,1,3,7,1,12,9,25,23,2,-2,6,-6,-1,1,2,4,8,7,14,20
2019-03-09,D1,Bayern Munich,Wolfsburg,2,6,0,22,4,12,1,1374.99455922838,1160.75889168494,5,1,0,0,7,3,0,0,12,11,27,20,42,32,6,-6,18,-18,11,-11,0,6,1,12,4,22
2019-03-09,D1,Dortmund,Stuttgart,2,3,1,18,7,8,1,1317.97304019824,888.808956779476,1,0,0,0,12,1,0,6,6,5,18,8,46,17,2,-2,11,-11,7,-7,1,3,1,8,7,18
2019-03-09,D1,Freiburg,Hertha,2,2,1,10,16,4,6,998.902950957207,1086.26751037626,1,0,0,1,2,0,0,1,6,7,10,12,23,25,1,-1,-6,6,-2,2,1,2,6,4,16,10
2019-03-09,D1,Mainz,M'gladbach,0,0,1,15,11,2,4,953.206784487506,1079.81351068473,1,0,0,0,1,3,0,1,3,4,11,14,23,36,-1,1,4,-4,-2,2,1,0,4,2,11,15
2019-03-09,D1,RB Leipzig,Augsburg,1,0,0,17,5,4,3,1246.14586984015,898.804471301981,0,0,0,3,2,0,3,7,11,6,20,8,40,17,0,0,12,-12,1,-1,0,0,3,4,5,17
2019-03-10,D1,Hannover,Leverkusen,0,2,3,11,15,5,5,755.55349109151,1259.21133941226,0,0,1,1,0,0,1,1,3,12,4,21,12,36,-1,1,-4,4,0,0,3,2,5,5,15,11
2019-03-10,D1,Hoffenheim,Nurnberg,2,2,1,18,11,6,5,1162.04522272245,738.524260494525,1,0,0,6,2,0,0,11,6,2,12,2,30,8,1,-1,7,-7,1,-1,1,2,5,6,11,18
2019-03-11,D1,Fortuna Dusseldorf,Ein Frankfurt,0,0,3,7,15,3,6,1053.3561861718,1193.93018407387,2,1,0,0,2,4,0,0,10,9,22,17,26,36,-3,3,-8,8,-3,3,3,0,6,3,15,7
2019-03-15,D1,M'gladbach,Freiburg,1,1,1,13,10,2,2,1100.64273304362,1038.78411210451,0,0,3,1,0,0,3,4,4,8,16,13,36,23,0,0,3,-3,0,0,1,1,2,2,10,13
2019-03-16,D1,Augsburg,Hannover,2,3,1,22,13,10,4,910.988155794647,752.213408587852,1,0,0,3,1,0,0,12,4,3,8,4,17,12,2,-2,9,-9,6,-6,1,3,4,10,13,22
2019-03-16,D1,Hertha,Dortmund,0,2,3,7,25,4,8,1046.38634922895,1324.81085141291,1,0,0,1,2,0,0,3,7,8,12,18,25,46,-1,1,-18,18,-4,4,3,2,8,4,25,7
2019-03-16,D1,Schalke 04,RB Leipzig,0,0,1,14,15,3,4,841.87070678498,1233.96218534748,0,4,1,0,0,4,3,0,1,9,8,18,23,38,-1,1,-1,1,-1,1,1,0,4,3,15,14
2019-03-16,D1,Stuttgart,Hoffenheim,1,1,1,13,21,2,8,881.971145564799,1167.18581851202,1,0,0,1,1,0,0,3,4,8,5,14,17,30,0,0,-8,8,-6,6,1,1,8,2,21,13
2019-03-16,D1,Wolfsburg,Fortuna Dusseldorf,2,5,2,19,18,10,6,1123.26737649703,1019.75827990866,0,1,0,0,2,1,1,0,8,9,17,19,31,26,3,-3,1,-1,4,-4,2,5,6,10,18,19
2019-03-17,D1,Bayern Munich,Mainz,2,6,0,22,7,11,1,1412.48607441629,932.37756212861,6,0,0,3,8,0,0,3,15,3,27,11,44,22,6,-6,15,-15,10,-10,0,6,1,11,7,22
2019-03-17,D1,Ein Frankfurt,Nurnberg,2,1,0,24,9,4,3,1227.52809033701,733.383664704963,1,0,0,7,4,0,0,12,11,1,17,2,39,8,1,-1,15,-15,1,-1,0,1,3,4,9,24
2019-03-17,D1,Leverkusen,Werder Bremen,0,1,3,15,10,2,5,1262.55142191592,1070.60595040483,3,0,0,0,3,4,0,3,12,9,24,15,36,25,-2,2,5,-5,-3,3,3,1,5,2,10,15
2019-03-29,D1,Hoffenheim,Leverkusen,2,4,1,13,18,5,6,1156.37674744933,1196.66130410733,2,1,0,0,3,1,0,0,8,9,14,21,31,36,3,-3,-5,5,-1,1,1,4,6,5,18,13
2019-03-30,D1,Dortmund,Wolfsburg,2,2,0,11,7,5,3,1335.53718566102,1162.01693660921,2,0,0,1,13,0,0,1,10,10,21,17,46,33,2,-2,4,-4,2,-2,0,2,3,5,7,11
2019-03-30,D1,Fortuna Dusseldorf,M'gladbach,2,3,1,8,13,4,6,981.008719796479,1097.82376213511,0,1,1,0,0,4,1,0,6,5,16,14,26,36,2,-2,-5,5,-2,2,1,3,6,4,13,8
2019-03-30,D1,Freiburg,Bayern Munich,1,1,1,12,26,5,8,1041.60308301302,1422.34291249341,2,2,0,0,3,2,0,0,8,15,13,27,24,47,0,0,-14,14,-3,3,1,1,8,5,26,12
2019-03-30,D1,Nurnberg,Augsburg,2,3,0,12,14,4,3,729.865900136567,936.091020454155,0,0,1,0,0,1,10,8,1,7,2,10,5,17,3,-3,-2,2,1,-1,0,3,3,4,14,12
2019-03-30,D1,RB Leipzig,Hertha,2,5,0,21,6,9,0,1240.02568758709,1035.66001498085,0,0,0,2,3,0,4,2,11,4,21,11,38,22,5,-5,15,-15,9,-9,0,5,0,9,6,21
2019-03-30,D1,Werder Bremen,Mainz,2,3,1,8,12,4,5,1136.49606821342,922.520724051489,1,0,0,4,6,0,0,4,9,3,17,10,28,22,2,-2,-4,4,-1,1,1,3,5,4,12,8
2019-03-31,D1,Ein Frankfurt,Stuttgart,2,3,0,11,10,5,3,1231.04585490541,892.780216627481,2,0,0,1,5,0,0,7,13,5,19,6,39,15,3,-3,1,-1,2,-2,0,3,3,5,10,11
2019-03-31,D1,Hannover,Schalke 04,0,0,1,15,6,3,3,727.110543928343,835.807204545378,0,0,2,3,0,0,2,4,0,1,3,8,12,20,-1,1,9,-9,0,0,1,0,3,3,6,15
2019-04-05,D1,Mainz,Freiburg,2,5,0,9,17,5,5,902.707883818862,1054.38717938015,0,0,1,0,0,1,1,5,3,8,9,11,21,24,5,-5,-8,8,0,0,0,5,5,5,17,9
2019-04-06,D1,Bayern Munich,Dortmund,2,5,0,22,5,10,1,1409.55881612629,1359.14706225632,7,1,0,0,9,1,0,0,13,12,25,21,48,46,5,-5,17,-17,9,-9,0,5,1,10,5,22
2019-04-06,D1,Hertha,Fortuna Dusseldorf,0,1,2,13,13,3,7,1000.78533219472,1039.08055868804,0,0,1,1,0,0,1,1,3,9,11,16,21,29,-1,1,0,0,-4,4,2,1,7,3,13,13
2019-04-06,D1,Leverkusen,RB Leipzig,0,2,4,11,8,4,4,1135.835048028,1274.90037037321,0,5,1,0,0,5,1,0,6,11,18,21,35,38,-2,2,3,-3,0,0,4,2,4,4,8,11
2019-04-06,D1,Schalke 04,Ein Frankfurt,0,1,2,6,16,4,5,858.110200320088,1244.66321336711,0,2,2,0,0,5,4,0,3,15,8,22,20,39,-1,1,-10,10,-1,1,2,1,5,4,16,6
2019-04-06,D1,Stuttgart,Nurnberg,1,1,1,14,19,4,6,879.162858165777,813.433047450941,0,0,0,8,2,0,1,13,5,3,6,5,15,8,0,0,-5,5,-2,2,1,1,6,4,19,14
2019-04-06,D1,Wolfsburg,Hannover,2,3,1,13,11,5,4,1138.40706001391,704.807548153634,1,0,0,4,3,0,0,13,7,0,14,3,33,9,2,-2,2,-2,1,-1,1,3,4,5,11,13
2019-04-07,D1,Augsburg,Hoffenheim,0,0,4,8,18,0,9,852.523873139782,1217.20300352867,2,0,0,0,2,1,0,4,7,8,10,16,17,34,-4,4,-10,10,-9,9,4,0,9,0,18,8
2019-04-07,D1,M'gladbach,Werder Bremen,1,1,1,15,12,3,6,1039.75192324355,1156.30890844604,0,1,0,0,1,5,4,0,4,11,14,20,33,28,0,0,3,-3,-3,3,1,1,6,3,12,15
2019-04-12,D1,Nurnberg,Schalke 04,1,1,1,17,16,6,2,816.424413773769,851.869421435079,1,1,0,0,1,1,0,0,4,3,6,5,9,20,0,0,1,-1,4,-4,1,1,2,6,16,17
2019-04-13,D1,Dortmund,Mainz,2,2,1,11,17,7,9,1295.824583728,1007.08189901938,3,0,0,5,14,0,0,5,9,3,18,9,43,24,1,-1,-6,6,-2,2,1,2,9,7,17,11
2019-04-13,D1,Hannover,M'gladbach,0,0,1,12,18,5,9,698.128988050898,1044.92687292182,0,0,3,1,0,0,3,1,0,5,3,12,8,31,-1,1,-6,6,-4,4,1,0,9,5,18,12
2019-04-13,D1,RB Leipzig,Wolfsburg,2,2,0,21,6,10,2,1302.08449455602,1145.08562011665,1,0,0,2,4,0,0,2,13,7,24,17,40,36,2,-2,15,-15,8,-8,0,2,2,10,6,21
2019-04-13,D1,Stuttgart,Leverkusen,0,0,1,13,18,5,5,876.171491842949,1108.65092384519,0,0,0,1,3,0,2,1,5,6,7,18,16,34,-1,1,-5,5,0,0,1,0,5,5,18,13
2019-04-13,D1,Werder Bremen,Freiburg,2,2,1,17,9,7,5,1151.13395876778,950.013164179627,2,0,0,1,7,0,0,6,11,5,18,11,26,23,1,-1,8,-8,2,-2,1,2,5,7,9,17
2019-04-14,D1,Ein Frankfurt,Augsburg,0,1,3,17,18,4,6,1250.90399225212,838.440485434032,3,0,0,1,6,0,0,9,15,7,22,10,39,16,-2,2,-1,1,-2,2,3,1,6,4,18,17
2019-04-14,D1,Fortuna Dusseldorf,Bayern Munich,0,1,4,7,21,2,10,1067.5676525768,1472.8812946546,1,0,0,0,1,3,0,1,9,13,16,25,32,48,-3,3,-14,14,-8,8,4,1,10,2,21,7
2019-04-14,D1,Hoffenheim,Hertha,2,2,0,30,5,7,2,1231.28639123442,972.298238305959,3,0,0,3,4,0,0,3,10,3,19,8,34,20,2,-2,25,-25,5,-5,0,2,2,7,5,30
2019-04-20,D1,Augsburg,Stuttgart,2,6,0,24,14,13,4,918.686667290594,862.872517091835,0,0,1,2,0,0,1,8,7,2,13,7,16,16,6,-6,10,-10,9,-9,0,6,4,13,14,24
2019-04-20,D1,Bayern Munich,Werder Bremen,2,1,0,28,3,7,0,1482.52385577589,1166.43491163149,8,0,0,0,10,6,0,1,13,13,25,20,48,29,1,-1,25,-25,7,-7,0,1,0,7,3,28
2019-04-20,D1,Leverkusen,Nurnberg,2,2,0,20,5,9,1,1121.9498985963,818.051077247481,0,0,2,0,0,1,2,14,6,5,18,7,34,9,2,-2,15,-15,8,-8,0,2,1,9,5,20
2019-04-20,D1,Mainz,Fortuna Dusseldorf,2,3,1,21,17,5,7,996.875473088625,1057.92509145552,1,1,0,0,1,1,0,0,3,6,6,16,24,32,2,-2,4,-4,-2,2,1,3,7,5,17,21
2019-04-20,D1,M'gladbach,RB Leipzig,0,1,2,14,14,4,4,1052.58056137406,1327.37093798767,0,6,0,0,2,6,5,0,8,13,12,24,34,42,-1,1,0,0,0,0,2,1,4,4,14,14
2019-04-20,D1,Schalke 04,Hoffenheim,0,2,5,15,11,5,6,850.242757961366,1247.4078668843,0,1,3,0,0,2,5,0,4,13,5,19,20,34,-3,3,4,-4,-1,1,5,2,6,5,11,15
2019-04-21,D1,Freiburg,Dortmund,0,0,4,9,10,2,6,934.712211315921,1306.03100965876,0,0,0,1,4,0,1,1,5,12,11,18,20,45,-4,4,-1,1,-4,4,4,0,6,2,10,9
2019-04-21,D1,Hertha,Hannover,1,0,0,16,13,3,5,956.176762656075,690.475299598653,0,0,2,5,0,0,2,14,0,0,7,3,19,8,0,0,3,-3,-2,2,0,0,5,3,13,16
2019-04-22,D1,Wolfsburg,Ein Frankfurt,1,1,1,21,12,8,3,1119.799176685,1170.65781039556,2,3,0,0,4,6,0,0,6,12,17,21,33,38,0,0,9,-9,5,-5,1,1,3,8,12,21
2019-04-26,D1,Augsburg,Leverkusen,0,1,4,8,13,2,7,988.540057215205,1134.94272956932,1,1,0,0,1,1,0,0,9,6,13,18,18,37,-3,3,-5,5,-5,5,4,1,7,2,13,8
2019-04-27,D1,Dortmund,Schalke 04,0,2,4,8,8,2,4,1319.64199383982,840.179846661704,4,0,0,0,15,2,0,1,12,4,20,5,45,17,-2,2,0,0,-2,2,4,2,4,2,8,8
2019-04-27,D1,Ein Frankfurt,Hertha,1,0,0,10,10,4,3,1168.33227060141,945.874899299236,0,0,1,4,0,0,1,4,10,1,21,8,36,20,0,0,0,0,1,-1,0,0,3,4,10,10
2019-04-27,D1,Fortuna Dusseldorf,Werder Bremen,2,4,1,13,18,6,9,1006.43938182403,1157.50771990224,0,0,1,1,0,0,1,2,6,10,15,19,32,29,3,-3,-5,5,-3,3,1,4,9,6,18,13
2019-04-27,D1,Hannover,Mainz,2,1,0,7,23,3,4,700.777162955491,1048.36118272011,0,0,4,6,0,0,4,6,1,6,4,9,9,24,1,-1,-16,16,-1,1,0,1,4,3,23,7
2019-04-27,D1,RB Leipzig,Freiburg,2,2,1,15,14,4,8,1338.28535722134,921.101227134861,2,0,0,2,5,0,0,7,15,2,24,10,42,19,1,-1,1,-1,-4,4,1,2,8,4,14,15
2019-04-27,D1,Stuttgart,M'gladbach,2,1,0,13,17,6,4,793.019127167223,1041.66614214039,0,1,1,0,0,1,3,0,2,5,6,9,16,31,1,-1,-4,4,2,-2,0,1,4,6,17,13
2019-04-28,D1,Hoffenheim,Wolfsburg,0,1,4,19,22,7,10,1257.47077818396,1122.12471647914,4,0,0,3,5,0,0,3,13,7,21,15,34,34,-3,3,-3,3,-3,3,4,1,10,7,22,19
2019-04-28,D1,Nurnberg,Bayern Munich,1,1,1,9,18,4,6,805.058246274461,1491.45104750514,0,1,0,0,2,4,1,0,5,13,6,28,8,50,0,0,-9,9,-2,2,1,1,6,4,18,9
2019-05-03,D1,Mainz,RB Leipzig,1,3,3,14,15,6,5,991.984430002676,1343.60107002153,2,7,0,0,2,7,0,0,6,15,9,26,21,42,0,0,-1,1,1,-1,3,3,5,6,15,14
2019-05-04,D1,Bayern Munich,Hannover,2,3,1,27,2,14,1,1476.05485019945,757.153915672929,9,0,0,0,11,1,0,15,11,4,26,4,51,9,2,-2,25,-25,13,-13,1,3,1,14,2,27
2019-05-04,D1,Hertha,Stuttgart,2,3,1,11,14,6,1,954.916383250431,844.674041495878,0,0,0,3,1,0,3,9,2,4,6,9,21,16,2,-2,-3,3,5,-5,1,3,1,6,14,11
2019-05-04,D1,M'gladbach,Hoffenheim,1,2,2,10,26,5,9,990.011227811739,1182.70913391474,0,2,1,0,0,3,6,0,4,12,9,20,28,31,0,0,-16,16,-4,4,2,2,9,5,26,10
2019-05-04,D1,Werder Bremen,Dortmund,1,2,2,14,21,4,8,1080.65454713434,1237.14792222796,3,1,0,0,8,1,0,0,7,9,16,19,29,42,0,0,-7,7,-4,4,2,2,8,4,21,14
2019-05-04,D1,Wolfsburg,Nurnberg,2,2,0,10,12,4,3,1196.88636074837,820.454443580151,0,0,0,1,5,0,1,15,7,6,17,7,37,9,2,-2,-2,2,1,-1,0,2,3,4,12,10
2019-05-05,D1,Freiburg,Fortuna Dusseldorf,1,1,1,9,16,3,3,915.785514334673,1083.29255459193,0,0,1,1,0,0,2,1,1,9,9,15,19,32,0,0,-7,7,0,0,1,1,3,3,16,9
2019-05-05,D1,Leverkusen,Ein Frankfurt,2,6,1,17,4,11,2,1167.76567757728,1159.29078665022,1,0,0,0,1,7,0,1,9,8,18,21,40,34,5,-5,13,-13,9,-9,1,6,2,11,4,17
2019-05-05,D1,Schalke 04,Augsburg,1,0,0,14,7,3,3,922.673918273565,955.717109207246,0,1,4,0,0,1,6,0,7,6,8,13,20,18,0,0,7,-7,0,0,0,0,3,3,7,14
2019-05-11,D1,Augsburg,Hertha,0,3,4,5,24,3,8,954.19998547355,985.306808430973,0,0,1,0,0,1,1,5,7,5,14,8,19,23,-1,1,-19,19,-5,5,4,3,8,3,24,5
2019-05-11,D1,Dortmund,Fortuna Dusseldorf,2,3,2,15,8,5,3,1230.39196083413,1076.12546576729,0,0,1,0,0,1,1,2,7,7,19,16,40,32,1,-1,7,-7,2,-2,2,3,3,5,8,15
2019-05-11,D1,Hannover,Freiburg,2,3,0,18,5,6,1,755.776862944879,922.952603159314,1,0,0,3,1,0,0,8,4,1,4,9,9,19,3,-3,13,-13,5,-5,0,3,1,6,5,18
2019-05-11,D1,Hoffenheim,Werder Bremen,0,0,1,19,11,3,6,1174.64542791173,1087.41050852817,0,0,1,2,0,0,1,3,10,5,18,16,31,29,-1,1,8,-8,-3,3,1,0,6,3,11,19
2019-05-11,D1,Leverkusen,Schalke 04,1,1,1,18,8,5,3,1239.94377890452,924.191042007261,2,1,0,0,2,3,0,0,12,5,18,8,40,18,0,0,10,-10,2,-2,1,1,3,5,8,18
2019-05-11,D1,Nurnberg,M'gladbach,0,0,4,12,16,2,5,811.440737689379,998.074933814751,0,0,0,1,3,0,2,1,3,5,6,9,9,26,-4,4,-4,4,-3,3,4,0,5,2,16,12
2019-05-11,D1,RB Leipzig,Bayern Munich,1,0,0,10,11,3,5,1331.33543792654,1477.43190292749,3,0,0,0,6,5,0,1,13,13,24,26,43,53,0,0,-1,1,-2,2,0,0,5,3,11,10
2019-05-11,D1,Stuttgart,Wolfsburg,2,3,0,11,8,4,2,814.283616315336,1205.90006663914,1,1,0,0,1,1,0,0,4,10,9,17,16,37,3,-3,3,-3,2,-2,0,3,2,4,8,11
2019-05-12,D1,Ein Frankfurt,Mainz,0,0,2,13,15,4,4,1087.11268532298,1004.25006209767,0,0,0,7,1,0,2,7,5,7,20,10,31,22,-2,2,-2,2,0,0,2,0,4,4,15,13
2019-05-18,D1,Bayern Munich,Ein Frankfurt,2,5,1,23,6,14,2,1471.07428548958,1032.98903575361,10,0,0,1,12,0,0,2,11,2,24,17,51,31,4,-4,17,-17,12,-12,1,5,2,14,6,23
2019-05-18,D1,Fortuna Dusseldorf,Hannover,2,2,1,15,14,7,3,1057.46839876264,834.693923929618,1,0,0,1,1,0,0,16,4,7,13,7,32,12,1,-1,1,-1,4,-4,1,2,3,7,14,15
2019-05-18,D1,Freiburg,Nurnberg,2,5,1,18,14,8,5,844.035542174575,778.598917982816,0,0,0,2,1,0,3,16,1,2,6,6,19,8,4,-4,4,-4,3,-3,1,5,5,8,14,18
2019-05-18,D1,Hertha,Leverkusen,0,1,5,9,13,4,8,1014.44939517685,1228.41481365459,1,2,0,0,2,2,0,0,8,13,11,19,23,40,-4,4,-4,4,-4,4,5,1,8,4,13,9
2019-05-18,D1,Mainz,Hoffenheim,2,4,2,22,19,12,7,1058.37371166703,1134.77548382196,0,0,0,0,3,4,1,1,7,7,10,17,22,30,2,-2,3,-3,5,-5,2,4,7,12,19,22
2019-05-18,D1,M'gladbach,Dortmund,0,0,2,7,12,0,3,1030.91675352131,1249.04902783877,0,0,0,0,1,2,7,1,7,10,12,19,29,40,-2,2,-5,5,-3,3,2,0,3,0,12,7
2019-05-18,D1,Schalke 04,Stuttgart,1,0,0,12,16,3,8,935.720007257194,912.988310726346,0,0,0,4,1,0,7,10,6,6,9,11,18,16,0,0,-4,4,-5,5,0,0,8,3,16,12
2019-05-18,D1,Werder Bremen,RB Leipzig,2,2,1,6,10,3,3,1127.28045261794,1337.69305536445,0,0,0,0,9,8,1,1,7,11,18,24,32,41,1,-1,-4,4,0,0,1,2,3,3,10,6
2019-05-18,D1,Wolfsburg,Augsburg,2,8,1,18,12,10,4,1107.19537222813,925.057398727678,1,0,0,0,6,2,0,1,7,7,14,14,34,19,7,-7,6,-6,6,-6,1,8,4,10,12,18
2023-08-11,F1,Nice,Lille,1,1,1,8,12,3,5,1000,1000,0,0,0,0,0,0,0,0,0,0,0,0,0,0,0,0,-4,4,-2,2,1,1,5,3,12,8
2023-08-12,F1,Marseille,Reims,2,2,1,14,11,4,4,1000,1000,0,0,0,0,0,0,0,0,0,0,0,0,0,0,1,-1,3,-3,0,0,1,2,4,4,11,14
2023-08-12,F1,Paris SG,Lorient,1,0,0,20,4,4,0,1000,1000,0,0,0,0,0,0,0,0,0,0,0,0,0,0,0,0,16,-16,4,-4,0,0,0,4,4,20
2023-08-13,F1,Brest,Lens,2,3,2,15,10,8,2,1000,1000,0,0,0,0,0,0,0,0,0,0,0,0,0,0,1,-1,5,-5,6,-6,2,3,2,8,10,15
2023-08-13,F1,Clermont,Monaco,0,2,4,15,14,7,8,1000,1000,0,0,0,0,0,0,0,0,0,0,0,0,0,0,-2,2,1,-1,-1,1,4,2,8,7,14,15
2023-08-13,F1,Montpellier,Le Havre,1,2,2,15,12,5,4,1000,1000,0,0,0,0,0,0,0,0,0,0,0,0,0,0,0,0,3,-3,1,-1,2,2,4,5,12,15
2023-08-13,F1,Nantes,Toulouse,0,1,2,9,9,4,5,1000,1000,0,0,0,0,0,0,0,0,0,0,0,0,0,0,-1,1,0,0,-1,1,2,1,5,4,9,9
2023-08-13,F1,Rennes,Metz,2,5,1,29,9,14,3,1000,1000,0,0,0,0,0,0,0,0,0,0,0,0,0,0,4,-4,20,-20,11,-11,1,5,3,14,9,29
2023-08-13,F1,Strasbourg,Lyon,2,2,1,8,23,2,7,1000,1000,0,0,0,0,0,0,0,0,0,0,0,0,0,0,1,-1,-15,15,-5,5,1,2,7,2,23,8
2023-08-18,F1,Metz,Marseille,1,2,2,10,22,5,5,935.497069871667,1032,0,0,0,0,0,0,0,0,0,3,0,3,0,3,0,0,-12,12,0,0,2,2,5,5,22,10
2023-08-19,F1,Lyon,Montpellier,0,1,4,7,14,3,8,968,1000,0,0,0,0,0,0,0,0,0,1,0,1,0,1,-3,3,-7,7,-5,5,4,1,8,3,14,7
2023-08-19,F1,Toulouse,Paris SG,1,1,1,8,16,2,3,1032,1000,0,0,0,0,0,0,0,0,3,1,3,1,3,1,0,0,-8,8,-1,1,1,1,3,2,16,8
2023-08-20,F1,Lille,Nantes,2,2,0,18,14,8,4,1000,968,0,0,0,0,0,0,0,0,1,0,1,0,1,0,2,-2,4,-4,4,-4,0,2,4,8,14,18
2023-08-20,F1,Le Havre,Brest,0,1,2,18,10,7,5,1000,1032,0,0,0,0,0,0,0,0,1,3,1,3,1,3,-1,1,8,-8,2,-2,2,1,5,7,10,18
2023-08-20,F1,Lorient,Nice,1,1,1,9,21,2,8,1000,1000,0,0,0,0,0,0,0,0,1,1,1,1,1,1,0,0,-12,12,-6,6,1,1,8,2,21,9
2023-08-20,F1,Reims,Clermont,2,2,0,8,11,4,4,968,956.142381974524,0,0,0,0,0,0,0,0,0,0,0,0,0,0,2,-2,-3,3,0,0,0,2,4,4,11,8
2023-08-20,F1,Monaco,Strasbourg,2,3,0,9,4,4,1,1043.85761802548,1032,0,0,0,0,0,0,0,0,3,3,3,3,3,3,3,-3,5,-5,3,-3,0,3,1,4,4,9
2023-08-20,F1,Lens,Rennes,1,1,1,15,10,4,5,968,1064.50293012833,0,0,0,0,0,0,0,0,0,3,0,3,0,3,0,0,5,-5,-1,1,1,1,5,4,10,15
2023-08-25,F1,Nantes,Monaco,1,3,3,3,27,3,10,928.170434271128,1096.52882818428,0,1,1,0,0,1,1,0,0,6,0,6,0,6,0,0,-24,24,-7,7,3,3,10,3,27,3
2023-08-26,F1,Marseille,Brest,2,2,0,15,18,6,7,1027.66674288794,1061.06099694205,1,1,0,0,1,1,0,0,4,6,4,6,4,6,2,-2,-3,3,-1,1,0,2,7,6,18,15
2023-08-26,F1,Paris SG,Lens,2,3,1,17,12,7,4,1001.46950152898,972.333257112063,0,0,0,1,1,0,1,1,2,1,2,1,2,1,2,-2,5,-5,3,-3,1,3,4,7,12,17
2023-08-27,F1,Rennes,Le Havre,1,2,2,22,7,8,3,1060.16967301627,970.939003057951,1,0,0,0,1,1,0,1,4,1,4,1,4,1,0,0,15,-15,5,-5,2,2,3,8,7,22
2023-08-27,F1,Clermont,Metz,0,0,1,16,10,4,5,913.780998310818,939.83032698373,0,0,1,1,0,0,1,1,0,1,0,1,0,1,-1,1,6,-6,-1,1,1,0,5,4,10,16
2023-08-27,F1,Montpellier,Reims,0,1,3,19,12,3,6,1049.52320357838,1010.36138366371,0,0,0,1,1,0,1,1,4,3,4,3,4,3,-2,2,7,-7,-3,3,3,1,6,3,12,19
2023-08-27,F1,Strasbourg,Toulouse,2,2,0,11,7,3,1,979.328789841191,1030.53049847102,1,1,0,0,1,1,0,0,3,4,3,4,3,4,2,-2,4,-4,2,-2,0,2,1,3,7,11
2023-08-27,F1,Lorient,Lille,2,4,1,9,18,6,7,1000,1039.82956572887,0,0,0,0,1,1,1,1,2,4,2,4,2,4,3,-3,-9,9,-1,1,1,4,7,6,18,9
2023-08-27,F1,Nice,Lyon,1,0,0,21,6,4,1,1000,918.476796421621,0,0,0,1,1,0,1,1,2,0,2,0,2,0,0,0,15,-15,3,-3,0,0,1,4,6,21
2023-09-01,F1,Nantes,Marseille,1,1,1,10,26,2,9,935.368828098574,1075.72686336167,0,0,0,0,1,1,2,1,1,7,1,7,1,7,0,0,-16,16,-7,7,1,1,9,2,26,10
2023-09-02,F1,Brest,Rennes,1,0,0,13,6,2,3,1013.00087646831,1056.14847500398,1,0,0,0,1,1,0,1,6,5,6,5,6,5,0,0,7,-7,-1,1,0,0,3,2,6,13
2023-09-02,F1,Monaco,Lens,2,3,0,11,12,6,1,1089.33043435684,932.144978638403,1,0,0,2,1,0,0,2,7,1,7,1,7,1,3,-3,-1,1,5,-5,0,3,1,6,12,11
2023-09-03,F1,Toulouse,Clermont,1,2,2,9,15,5,3,980.255954518891,884.17574455161,0,0,0,1,1,0,1,1,4,0,4,0,4,0,0,0,-6,6,2,-2,2,2,3,5,15,9
2023-09-03,F1,Le Havre,Lorient,2,3,0,17,9,6,2,974.960201070243,1060.75578410688,0,0,1,0,0,1,1,1,2,5,2,5,2,5,3,-3,8,-8,4,-4,0,3,2,6,9,17
2023-09-03,F1,Lille,Montpellier,2,1,0,15,9,6,5,979.073781621992,1000.74292608369,1,1,0,0,1,1,0,0,4,4,4,4,4,4,1,-1,6,-6,1,-1,0,1,5,6,9,15
2023-09-03,F1,Metz,Reims,1,2,2,12,12,4,2,969.435580742939,1059.14166115839,0,1,0,0,1,1,1,0,4,6,4,6,4,6,0,0,0,0,2,-2,2,2,2,4,12,12
2023-09-03,F1,Nice,Strasbourg,2,2,0,16,4,6,0,996.313133485663,1029.60333379332,0,0,0,1,2,0,2,1,3,6,3,6,3,6,2,-2,12,-12,6,-6,0,2,0,6,4,16
2023-09-03,F1,Lyon,Paris SG,0,1,4,19,22,8,8,922.163662935958,1041.65778000264,0,0,1,0,0,1,1,1,1,5,1,5,1,5,-3,3,-3,3,0,0,4,1,8,8,22,19
2023-09-15,F1,Paris SG,Nice,0,2,3,12,14,3,8,1078.14034755379,1044.36023923703,1,0,0,0,2,1,0,1,8,6,8,6,8,6,-1,1,-2,2,-5,5,3,2,8,3,14,12
2023-09-16,F1,Rennes,Lille,1,2,2,7,10,4,6,1054.17160720524,1013.06699980029,0,0,0,1,2,0,1,2,6,7,6,7,6,7,0,0,-3,3,-2,2,2,2,6,4,10,7
2023-09-16,F1,Lens,Metz,0,0,1,31,2,10,2,900.728401024435,973.477282269169,0,1,0,0,1,1,1,0,1,5,1,5,1,5,-1,1,29,-29,8,-8,1,0,2,10,2,31
2023-09-17,F1,Lorient,Monaco,1,2,2,10,20,3,7,993.025381865471,1120.74701197081,1,0,0,0,2,2,0,1,5,10,5,10,5,10,0,0,-10,10,-4,4,2,2,7,3,20,10
2023-09-17,F1,Clermont,Nantes,0,0,1,16,8,3,5,888.490956610139,941.502455590634,0,0,2,1,0,0,2,1,1,2,1,2,1,2,-1,1,8,-8,-2,2,1,0,5,3,8,16
2023-09-17,F1,Reims,Brest,0,1,2,13,18,7,7,1055.09995963216,1014.97774426705,1,0,0,1,1,0,0,1,7,7,7,7,7,7,-1,1,-5,5,0,0,2,1,7,7,18,13
2023-09-17,F1,Strasbourg,Montpellier,1,2,2,14,11,7,4,981.556228041955,966.749707905391,2,0,0,1,2,0,0,1,6,4,6,4,6,4,0,0,3,-3,3,-3,2,2,4,7,11,14
2023-09-17,F1,Marseille,Toulouse,1,0,0,24,10,6,3,1069.59323586961,975.940742460362,2,0,0,1,2,0,0,1,8,5,8,5,8,5,0,0,14,-14,3,-3,0,0,3,6,10,24
2023-09-17,F1,Lyon,Le Havre,1,0,0,23,7,7,0,885.681095384807,1042.69060331165,0,0,2,0,0,2,2,2,1,5,1,5,1,5,0,0,16,-16,7,-7,0,0,0,7,7,23
2023-09-22,F1,Monaco,Nice,0,0,1,9,13,3,7,1115.1165872987,1079.46173544389,2,1,0,0,2,2,0,0,11,9,11,9,11,9,-1,1,-4,4,-4,4,1,0,7,3,13,9
2023-09-23,F1,Nantes,Lorient,2,5,3,19,10,9,7,968.657455816655,998.655806537579,0,0,0,1,2,0,3,2,5,6,5,6,5,6,2,-2,9,-9,2,-2,3,5,7,9,10,19
2023-09-23,F1,Brest,Lyon,2,1,0,27,6,11,3,1050.6567969378,892.456575505704,0,0,0,0,2,1,1,2,10,2,10,2,10,2,1,-1,21,-21,8,-8,0,1,3,11,6,27
2023-09-24,F1,Metz,Strasbourg,0,0,1,13,4,1,1,998.873098339898,980.87477508677,0,0,0,2,2,0,2,2,8,7,8,7,8,7,-1,1,9,-9,0,0,1,0,1,1,4,13
2023-09-24,F1,Le Havre,Clermont,2,2,1,9,11,3,4,1035.91512319075,861.335956384117,1,0,0,0,1,1,0,2,6,1,6,1,6,1,1,-1,-2,2,-1,1,1,2,4,3,11,9
2023-09-24,F1,Lens,Toulouse,2,2,1,27,7,7,2,875.332584953706,980.152092195977,0,0,1,0,0,1,2,2,1,6,1,6,1,6,1,-1,20,-20,5,-5,1,2,2,7,7,27
2023-09-24,F1,Montpellier,Rennes,1,0,0,13,18,4,6,967.431160860576,1052.28745267333,0,0,1,0,0,2,2,2,5,7,5,7,5,7,0,0,-5,5,-2,2,0,0,6,4,18,13
2023-09-24,F1,Paris SG,Marseille,2,4,0,15,6,5,0,1043.03885134693,1065.381886134,0,0,1,0,0,2,1,2,8,9,8,9,8,9,4,-4,9,-9,5,-5,0,4,0,5,6,15
2023-09-26,F1,Lille,Reims,0,1,2,14,4,3,4,1014.9511543322,1019.42090696141,2,0,0,0,2,2,0,1,8,7,8,7,8,7,-1,1,10,-10,-1,1,2,1,4,3,4,14
2023-09-29,F1,Strasbourg,Lens,0,0,1,8,9,2,2,1014.53100064345,916.70419499595,0,0,0,3,3,0,1,3,7,4,10,4,10,4,-1,1,-1,1,0,0,1,0,2,2,9,8
2023-09-30,F1,Clermont,Paris SG,1,0,0,12,21,3,10,844.186027096551,1111.68415443696,0,1,3,0,0,2,3,0,1,10,1,11,1,11,0,0,-9,9,-7,7,0,0,10,3,21,12
2023-09-30,F1,Monaco,Marseille,2,3,2,10,8,7,4,1079.84413393258,996.736583043962,0,0,1,1,0,0,1,3,8,6,11,9,11,9,1,-1,2,-2,3,-3,2,3,4,7,8,10
2023-10-01,F1,Reims,Lyon,2,2,0,8,11,3,6,1051.00925024102,874.097407410852,0,0,1,1,0,0,1,3,10,2,10,2,10,2,2,-2,-3,3,-3,3,0,2,6,3,11,8
2023-10-01,F1,Le Havre,Lille,0,0,2,5,16,0,6,1053.06505247832,983.362811052594,2,0,0,0,2,1,0,3,8,7,9,8,9,8,-2,2,-11,11,-6,6,2,0,6,0,16,5
2023-10-01,F1,Nice,Brest,1,0,0,12,7,1,2,1114.73418881001,1069.01596503265,1,1,0,0,3,1,0,0,11,10,12,13,12,13,0,0,5,-5,-1,1,0,0,2,1,7,12
2023-10-01,F1,Toulouse,Metz,2,3,0,15,8,10,3,938.780482153733,965.216872783222,0,2,0,0,2,2,2,0,3,8,6,8,6,8,3,-3,7,-7,7,-7,0,3,3,10,8,15
2023-10-01,F1,Lorient,Montpellier,0,0,3,14,14,3,8,951.020807646426,971.263046549547,0,0,0,0,3,1,1,2,5,5,6,6,6,6,-3,3,0,0,-5,5,3,0,8,3,14,14
2023-10-01,F1,Rennes,Nantes,2,3,1,16,10,5,3,1048.45556698436,1016.29245470781,0,1,0,0,3,1,2,0,5,8,8,8,8,8,2,-2,6,-6,2,-2,1,3,3,5,10,16
2023-10-06,F1,Strasbourg,Nantes,0,1,2,11,16,3,7,973.75161359359,976.483304463621,0,0,1,1,0,0,2,1,7,8,10,8,10,8,-1,1,-5,5,-4,4,2,1,7,3,16,11
2023-10-07,F1,Metz,Nice,0,0,1,10,7,3,4,906.543955349964,1112.64085511076,0,2,1,0,0,3,3,0,7,11,8,13,8,13,-1,1,3,-3,-1,1,1,0,4,3,7,10
2023-10-07,F1,Reims,Monaco,0,1,3,11,11,4,4,1074.28377092493,1104.332371322,1,0,0,0,1,3,0,2,10,8,13,14,13,14,-2,2,0,0,0,0,3,1,4,4,11,11
2023-10-08,F1,Marseille,Le Havre,2,3,0,14,7,6,1,972.248345654542,1000.52492849307,0,0,0,0,3,3,1,3,5,8,9,9,9,9,3,-3,7,-7,5,-5,0,3,1,6,7,14
2023-10-08,F1,Brest,Toulouse,1,1,1,13,9,2,3,1071.1092987319,997.453399586991,1,0,0,1,3,0,0,3,8,5,14,9,14,9,0,0,4,-4,-1,1,1,1,3,2,9,13
2023-10-08,F1,Lyon,Lorient,1,3,3,9,6,6,5,850.822886726946,899.66273415409,0,0,0,2,1,0,3,3,2,4,2,6,2,6,0,0,3,-3,1,-1,3,3,5,6,6,9
2023-10-08,F1,Lens,Lille,1,1,1,14,8,5,3,957.483582045806,1035.90293503785,1,1,0,0,1,2,0,0,6,7,7,11,7,11,0,0,6,-6,2,-2,1,1,3,5,8,14
2023-10-08,F1,Rennes,Paris SG,0,1,3,14,17,4,7,1088.26471722855,1101.33401360388,1,0,0,0,4,3,0,1,7,10,11,12,11,12,-2,2,-3,3,-3,3,3,1,7,4,17,14
2023-10-20,F1,Le Havre,Lens,1,0,0,14,13,5,7,941.564968452158,961.03482501995,0,1,1,0,0,1,1,0,7,7,9,8,9,8,0,0,1,-1,-2,2,0,0,7,5,13,14
2023-10-21,F1,Paris SG,Strasbourg,2,3,0,8,7,4,1,1143.54264104891,942.003206436335,1,1,0,0,1,1,0,0,10,4,15,10,15,10,3,-3,1,-1,3,-3,0,3,1,4,7,8
2023-10-21,F1,Nice,Marseille,2,1,0,10,9,2,1,1127.61079816413,1031.20830569545,0,0,0,2,4,0,1,4,13,5,16,12,16,12,1,-1,1,-1,1,-1,0,1,1,2,9,10
2023-10-22,F1,Lorient,Rennes,2,2,1,5,20,4,6,897.42827479032,1046.05608978352,0,0,1,0,0,3,2,3,2,6,7,11,7,11,1,-1,-15,15,-2,2,1,2,6,4,20,5
2023-10-22,F1,Lille,Brest,2,1,0,6,9,4,1,1032.35169206371,1067.76723777274,0,0,1,0,0,2,1,1,8,9,12,15,12,15,1,-1,-3,3,3,-3,0,1,1,4,9,6
2023-10-22,F1,Nantes,Montpellier,2,2,0,14,11,5,6,1008.23171162088,1022.62112004188,1,1,0,0,3,2,0,0,10,5,11,9,11,9,2,-2,3,-3,-1,1,0,2,6,5,11,14
2023-10-22,F1,Toulouse,Reims,1,1,1,11,15,5,4,1000.79546054615,1034.20982976858,1,1,0,0,3,3,0,0,6,7,10,13,10,13,0,0,-4,4,1,-1,1,1,4,5,15,11
2023-10-22,F1,Monaco,Metz,2,2,1,27,8,13,4,1144.40631247835,891.574012296599,1,0,0,1,1,0,0,1,10,4,17,8,17,8,1,-1,19,-19,9,-9,1,2,4,13,8,27
2023-10-22,F1,Lyon,Clermont,0,1,2,25,12,6,5,853.057346090717,854.536167929638,0,0,0,1,2,0,4,3,2,2,3,2,3,2,-1,1,13,-13,1,-1,2,1,5,6,12,25
2023-10-27,F1,Clermont,Nice,0,0,1,8,11,3,5,886.399964227305,1150.95285674351,0,3,0,0,1,4,4,0,5,13,5,19,5,19,-1,1,-3,3,-2,2,1,0,5,3,11,8
2023-10-28,F1,Reims,Lorient,2,1,0,12,9,5,1,1032.67576804983,942.33927448665,0,0,1,0,0,1,1,4,7,5,14,10,14,10,1,-1,3,-3,4,-4,0,1,1,5,9,12
2023-10-28,F1,Lens,Nantes,2,4,0,11,11,7,1,960.139142376993,1053.90470095742,0,1,0,0,2,1,1,0,8,12,9,14,9,14,4,-4,0,0,6,-6,0,4,1,7,11,11
2023-10-29,F1,Brest,Paris SG,0,2,3,20,17,5,10,1032.51659634715,1169.56939990632,0,1,0,0,4,4,1,0,8,10,15,18,15,18,-1,1,3,-3,-5,5,3,2,10,5,17,20
2023-10-29,F1,Lille,Monaco,2,2,0,7,16,5,6,1067.6023334893,1156.51312002345,1,1,0,0,1,4,0,0,8,10,15,20,15,20,2,-2,-9,9,-1,1,0,2,6,5,16,7
2023-10-29,F1,Metz,Le Havre,1,0,0,9,12,3,1,879.467204751499,942.460651095115,0,0,2,1,0,0,4,4,3,5,8,10,8,10,0,0,-3,3,2,-2,0,0,1,3,12,9
2023-10-29,F1,Montpellier,Toulouse,2,3,0,19,16,6,5,976.948130705334,1002.32952226489,0,0,0,0,1,1,3,4,5,6,9,11,9,11,3,-3,3,-3,1,-1,0,3,5,6,16,19
2023-10-29,F1,Rennes,Strasbourg,1,1,1,20,11,3,3,1001.14509008719,915.976447578922,0,0,1,1,0,0,1,1,5,4,11,10,11,10,0,0,9,-9,0,0,1,1,3,3,11,20
2023-11-03,F1,Paris SG,Montpellier,2,3,0,21,7,10,2,1189.56277306437,1035.45637877941,2,0,0,1,2,0,0,1,13,8,21,12,21,12,3,-3,14,-14,8,-8,0,3,2,10,7,21
2023-11-04,F1,Lorient,Lens,1,0,0,7,14,2,7,918.477010762033,1041.63938249,1,0,0,0,1,2,0,1,4,11,10,12,10,12,0,0,-7,7,-5,5,0,0,7,2,14,7
2023-11-04,F1,Marseille,Lille,1,0,0,8,10,3,1,1007.86624711607,1122.444624076,1,0,0,0,4,3,0,1,4,10,12,18,12,18,0,0,-2,2,2,-2,0,0,1,3,10,8
2023-11-05,F1,Lyon,Metz,1,1,1,15,10,4,5,821.193549793049,882.336784753853,0,0,1,2,0,0,5,2,2,1,3,9,3,9,0,0,5,-5,-1,1,1,1,5,4,10,15
2023-11-05,F1,Nantes,Reims,0,0,1,17,7,4,4,972.40446084442,1056.53803177445,2,0,0,0,4,4,0,1,9,10,14,17,14,17,-1,1,10,-10,0,0,1,0,4,4,7,17
2023-11-05,F1,Strasbourg,Clermont,1,0,0,18,10,5,2,919.821889589822,874.941627396894,0,1,2,0,0,1,3,0,4,4,11,5,11,5,0,0,8,-8,3,-3,0,0,2,5,10,18
2023-11-05,F1,Toulouse,Le Havre,0,1,2,17,15,5,7,943.821274190818,939.591071092761,0,0,0,0,4,1,1,5,5,5,11,11,11,11,-1,1,2,-2,-2,2,2,1,7,5,15,17
2023-11-05,F1,Monaco,Brest,2,2,0,12,15,6,1,1101.67082943676,1012.52322318909,2,0,0,1,2,0,0,2,9,5,20,15,20,15,2,-2,-3,3,5,-5,0,2,1,6,15,12
2023-11-05,F1,Nice,Rennes,2,2,0,16,11,4,4,1162.41119357392,997.299648076289,1,0,0,1,5,0,0,4,13,5,22,12,22,12,2,-2,5,-5,0,0,0,2,4,4,11,16
2023-11-10,F1,Montpellier,Nice,1,0,0,9,15,1,4,1003.64187696446,1186.86555506789,1,4,0,0,2,5,0,0,7,13,12,24,12,25,0,0,-6,6,-3,3,0,0,4,1,15,9
2023-11-11,F1,Reims,Paris SG,0,0,3,19,14,6,6,1080.93703867397,1221.37727487933,1,2,0,0,1,5,0,0,10,13,20,23,20,24,-3,3,5,-5,0,0,3,0,6,6,14,19
2023-11-11,F1,Le Havre,Monaco,1,0,0,9,10,5,4,971.980667945055,1134.51576068241,0,0,0,1,1,0,2,1,5,12,13,20,14,23,0,0,-1,1,1,-1,0,0,4,5,10,9
2023-11-12,F1,Clermont,Lorient,2,1,0,17,10,6,3,876.99702019201,923.922631567106,0,0,1,1,0,0,5,5,5,5,6,10,6,11,1,-1,7,-7,3,-3,0,1,3,6,10,17
2023-11-12,F1,Lille,Toulouse,1,1,1,13,2,6,1,1117.35141047956,911.431677338524,2,0,0,1,2,0,0,5,11,5,18,8,19,11,0,0,11,-11,5,-5,1,1,1,6,2,13
2023-11-12,F1,Metz,Nantes,2,3,1,9,16,4,3,879.54974747598,948.005453944903,0,0,0,1,1,0,5,1,2,6,10,14,10,14,2,-2,-7,7,1,-1,1,3,3,4,16,9
2023-11-12,F1,Rennes,Lyon,0,0,1,8,12,2,5,972.845286582316,823.980587070922,0,0,0,2,1,0,2,4,4,2,9,4,12,4,-1,1,-4,4,-3,3,1,0,5,2,12,8
2023-11-12,F1,Lens,Marseille,2,1,0,14,8,3,2,1036.19376168492,1012.9594607125,1,0,0,3,3,0,0,5,9,4,13,13,13,13,1,-1,6,-6,1,-1,0,1,2,3,8,14
2023-11-24,F1,Paris SG,Monaco,2,5,2,16,14,11,7,1254.99308443313,1127.53286380699,3,0,0,0,3,1,0,2,15,10,25,18,27,24,3,-3,2,-2,4,-4,2,5,7,11,14,16
2023-11-25,F1,Clermont,Lens,0,0,3,13,16,4,10,913.292938457222,1066.05698781541,1,0,0,0,1,3,0,2,8,9,9,15,9,16,-3,3,-3,3,-6,6,3,0,10,4,16,13
2023-11-25,F1,Strasbourg,Marseille,1,1,1,15,16,7,3,917.766496794705,983.096234582021,0,0,0,4,1,0,4,6,2,4,9,10,12,13,0,0,-1,1,4,-4,1,1,3,7,16,15
2023-11-26,F1,Nice,Toulouse,2,1,0,8,19,3,3,1179.13178576202,919.94085618707,2,0,0,0,6,1,0,6,13,3,24,8,26,12,1,-1,-11,11,0,0,0,1,3,3,19,8
2023-11-26,F1,Lorient,Metz,0,2,3,11,14,5,5,887.626713301895,931.938578605004,0,0,0,0,2,1,1,3,5,5,9,12,11,13,-1,1,-3,3,0,0,3,2,5,5,14,11
2023-11-26,F1,Montpellier,Brest,0,1,3,17,17,5,5,1011.37564627033,979.678291943435,0,0,0,2,3,0,1,3,7,2,12,12,13,15,-2,2,0,0,0,0,3,1,5,5,17,17
2023-11-26,F1,Nantes,Le Havre,1,0,0,19,6,3,0,895.616622815878,978.963564820482,0,1,1,0,0,2,1,0,6,6,14,14,14,15,0,0,13,-13,3,-3,0,0,0,3,6,19
2023-11-26,F1,Rennes,Reims,2,3,1,10,15,5,5,927.916025708046,1047.32122912017,0,1,1,0,0,5,3,0,1,7,8,17,12,20,2,-2,-5,5,0,0,1,3,5,5,15,10
2023-11-26,F1,Lyon,Lille,0,0,2,11,15,5,8,868.909847945192,1108.84223163102,0,0,0,0,1,4,6,2,5,9,7,16,7,20,-2,2,-4,4,-3,3,2,0,8,5,15,11
2023-11-29,F1,Montpellier,Clermont,1,1,1,32,5,10,1,963.527860391502,881.30403311346,0,0,1,0,0,2,2,1,4,7,9,9,13,9,0,0,27,-27,9,-9,1,1,1,10,5,32
2023-12-01,F1,Reims,Strasbourg,2,2,1,13,10,4,3,988.957482974796,920.740079254962,0,0,1,0,0,1,1,2,7,3,14,10,20,13,1,-1,3,-3,1,-1,1,2,3,4,10,13
2023-12-02,F1,Lens,Lyon,2,3,2,10,12,7,7,1098.04589315917,851.29465755141,2,1,0,0,4,1,0,0,11,5,18,7,19,7,1,-1,-2,2,0,0,2,3,7,7,12,10
2023-12-02,F1,Nantes,Nice,2,1,0,13,13,4,6,899.382919315568,1190.88335640639,0,0,0,0,1,6,2,1,4,13,14,26,15,29,1,-1,0,0,-2,2,0,1,6,4,13,13
2023-12-03,F1,Le Havre,Paris SG,0,0,2,22,9,7,5,975.197268320793,1290.37088509771,0,3,0,0,2,6,3,0,7,15,14,25,16,30,-2,2,13,-13,2,-2,2,0,5,7,9,22
2023-12-03,F1,Brest,Clermont,2,3,0,12,10,7,1,1027.52607782226,885.021437120802,0,0,1,0,0,3,2,2,4,5,12,10,18,10,3,-3,2,-2,6,-6,0,3,1,7,10,12
2023-12-03,F1,Monaco,Montpellier,2,2,0,27,9,9,4,1092.1550631424,959.810456384161,3,0,0,2,3,0,0,2,7,5,17,10,24,14,2,-2,18,-18,5,-5,0,2,4,9,9,27
2023-12-03,F1,Toulouse,Lorient,1,1,1,11,11,6,5,908.189285542707,859.686000753992,0,0,1,2,0,0,2,6,2,4,8,6,12,11,0,0,0,0,1,-1,1,1,5,6,11,11
2023-12-03,F1,Lille,Metz,2,2,0,16,7,6,4,1126.4574220248,959.879291152907,0,1,0,0,3,2,1,0,11,8,19,12,23,16,2,-2,9,-9,2,-2,0,2,4,6,7,16
2023-12-03,F1,Marseille,Rennes,2,2,0,5,10,2,0,980.122652121764,986.279771853416,0,0,0,2,5,0,1,5,5,4,10,10,14,15,2,-2,-5,5,2,-2,0,2,0,2,10,5
2023-12-06,F1,Marseille,Lyon,2,3,0,12,6,5,1,1024.75741662069,838.840472342026,1,0,0,1,6,0,0,1,5,4,10,6,17,7,3,-3,6,-6,4,-4,0,3,1,5,6,12
2023-12-07,F1,Brest,Strasbourg,1,1,1,13,9,3,5,1060.86616862523,894.94361977783,1,0,0,1,1,0,0,3,6,3,15,7,21,13,0,0,4,-4,-2,2,1,1,5,3,9,13
2023-12-08,F1,Montpellier,Lens,1,0,0,18,13,4,5,931.89529209014,1110.50007836855,0,1,0,0,1,4,3,0,2,13,10,21,14,22,0,0,5,-5,-1,1,0,0,5,4,13,18
2023-12-09,F1,Rennes,Monaco,0,1,2,15,12,5,5,941.645007354494,1120.07022743642,1,0,0,1,1,0,0,3,4,7,9,17,15,27,-1,1,3,-3,0,0,2,1,5,5,12,15
2023-12-09,F1,Paris SG,Nantes,2,2,1,16,10,6,4,1302.6616334575,953.311945136268,4,0,0,2,4,0,0,2,15,4,25,16,33,18,1,-1,6,-6,2,-2,1,2,4,6,10,16
2023-12-10,F1,Nice,Reims,2,2,1,15,9,5,2,1136.95433058569,1014.75394245193,3,0,0,1,7,0,0,1,10,9,23,16,29,23,1,-1,6,-6,3,-3,1,2,2,5,9,15
2023-12-10,F1,Clermont,Lille,1,0,0,16,12,5,3,851.681346317828,1150.76316714411,0,1,1,0,0,5,1,0,5,11,9,19,10,26,0,0,4,-4,2,-2,0,0,3,5,12,16
2023-12-10,F1,Metz,Brest,0,0,1,6,4,3,3,935.573546033597,1053.75752596668,1,1,0,0,2,1,0,0,8,7,11,15,16,22,-1,1,2,-2,0,0,1,0,3,3,4,6
2023-12-10,F1,Strasbourg,Le Havre,2,2,1,12,15,3,3,902.052262436385,962.906519961009,0,0,0,0,2,3,5,1,4,6,8,11,14,16,1,-1,-3,3,0,0,1,2,3,3,15,12
2023-12-10,F1,Lyon,Toulouse,2,3,0,15,16,7,6,810.990042142593,905.970025227678,0,0,1,1,0,0,7,7,4,2,6,8,7,13,3,-3,-1,1,1,-1,0,3,6,7,16,15
2023-12-10,F1,Lorient,Marseille,0,2,4,15,18,9,8,861.905261069021,1052.60784682012,0,0,1,0,0,1,2,7,2,8,7,12,12,20,-2,2,-3,3,1,-1,4,2,8,9,18,15
2023-12-15,F1,Monaco,Lyon,0,0,1,19,5,4,2,1136.9436404832,880.068588309588,4,0,0,2,4,0,0,2,10,6,19,8,30,10,-1,1,14,-14,2,-2,1,0,2,4,5,19
2023-12-16,F1,Le Havre,Nice,2,3,1,9,13,5,6,925.358257365107,1158.14150106809,0,0,1,1,0,0,4,2,5,10,10,23,16,32,2,-2,-4,4,-1,1,1,3,6,5,13,9
2023-12-16,F1,Lens,Reims,2,2,0,7,14,2,3,1102.93036492031,993.566771969522,3,0,0,2,5,0,0,2,11,6,22,16,23,23,2,-2,-7,7,-1,1,0,2,3,2,14,7
2023-12-17,F1,Nantes,Brest,0,0,2,12,14,4,8,945.756687564428,1075.27365470994,1,2,0,0,2,2,0,0,4,10,13,15,18,25,-2,2,-2,2,-4,4,2,0,8,4,14,12
2023-12-17,F1,Lorient,Strasbourg,0,1,2,7,12,1,9,839.962634650549,939.600525032288,0,0,2,0,0,1,3,4,2,6,6,10,12,17,-1,1,-5,5,-8,8,2,1,9,1,12,7
2023-12-17,F1,Metz,Montpellier,0,0,1,19,6,4,3,914.057417290332,939.465005538382,0,0,1,3,0,0,1,3,7,3,8,10,16,15,-1,1,13,-13,1,-1,1,0,3,4,6,19
2023-12-17,F1,Toulouse,Rennes,1,0,0,15,11,6,4,836.891479060683,924.771594307715,0,0,0,3,1,0,3,6,2,3,7,8,13,15,0,0,4,-4,2,-2,0,0,4,6,11,15
2023-12-17,F1,Marseille,Clermont,2,2,1,15,5,6,2,1074.55047323859,862.828279963307,2,0,0,1,7,0,0,3,10,5,14,10,23,11,1,-1,10,-10,4,-4,1,2,2,6,5,15
2023-12-17,F1,Lille,Paris SG,1,1,1,15,10,3,2,1139.61623349863,1310.21689102934,1,4,0,0,4,7,0,0,9,15,19,28,27,36,0,0,5,-5,1,-1,1,1,2,3,10,15
2023-12-20,F1,Brest,Lorient,2,4,0,12,7,7,3,1103.49950646373,816.896051333218,0,0,0,0,2,1,1,7,13,1,15,6,28,12,4,-4,5,-5,4,-4,0,4,3,7,7,12
2023-12-20,F1,Clermont,Rennes,0,1,3,14,25,6,11,848.226499548156,920.808719805201,0,0,0,0,1,1,2,7,2,4,10,8,11,16,-2,2,-11,11,-5,5,3,1,11,6,25,14
2023-12-20,F1,Lyon,Nantes,2,1,0,8,7,7,0,932.188580825378,917.530835810644,1,0,0,3,1,0,0,3,6,4,11,10,13,18,1,-1,1,-1,7,-7,0,1,0,7,7,8
2023-12-20,F1,Montpellier,Marseille,1,1,1,12,17,6,4,969.129042813762,1089.15225365374,0,1,0,0,2,2,4,0,5,13,12,17,18,26,0,0,-5,5,2,-2,1,1,4,6,17,12
2023-12-20,F1,Nice,Lens,2,2,0,14,10,5,3,1088.62794242078,1133.42133529367,4,0,0,0,8,5,0,1,7,13,20,22,32,26,2,-2,4,-4,2,-2,0,2,3,5,10,14
2023-12-20,F1,Paris SG,Metz,2,3,1,13,3,5,1,1302.93637755722,884.393380014952,5,0,0,1,5,0,0,1,13,6,26,8,37,16,2,-2,10,-10,4,-4,1,3,1,5,3,13
2023-12-20,F1,Reims,Le Havre,2,1,0,22,4,7,1,963.07580159616,994.871816012422,1,0,0,1,1,0,0,2,3,5,13,10,23,19,1,-1,18,-18,6,-6,0,1,1,7,4,22
2023-12-20,F1,Strasbourg,Lille,2,2,1,9,9,2,2,962.667108349619,1146.89674697075,1,0,0,0,3,6,0,1,8,9,10,20,20,28,1,-1,0,0,0,0,1,2,2,2,9,9
2023-12-20,F1,Toulouse,Monaco,0,1,2,20,12,5,4,840.854353563196,1084.82364796741,0,1,0,0,2,1,4,0,3,7,8,19,14,30,-1,1,8,-8,1,-1,2,1,4,5,12,20
2024-01-12,F1,Marseille,Strasbourg,1,1,1,8,18,2,4,1083.83484120579,1010.20555284921,3,1,0,0,8,2,0,0,13,10,18,13,27,23,0,0,-10,10,-2,2,1,1,4,2,18,8
2024-01-13,F1,Monaco,Reims,0,1,3,9,12,5,5,1097.43925130945,997.996174365372,0,0,1,3,0,0,1,3,9,6,19,13,33,26,-2,2,-3,3,0,0,3,1,5,5,12,9
2024-01-13,F1,Rennes,Nice,2,2,0,15,9,5,2,955.635113758439,1138.10881484782,0,0,1,2,0,0,1,3,7,9,8,22,19,35,2,-2,6,-6,3,-3,0,2,2,5,9,15
2024-01-14,F1,Lille,Lorient,2,3,0,24,1,10,0,1099.35830247116,796.108950881255,0,0,0,1,5,0,1,8,8,1,17,6,28,12,3,-3,23,-23,10,-10,0,3,0,10,1,24
2024-01-14,F1,Brest,Montpellier,2,2,0,26,9,9,4,1124.28660691569,974.446455261711,1,1,0,0,3,1,0,0,13,6,17,10,31,19,2,-2,17,-17,5,-5,0,2,4,9,9,26
2024-01-14,F1,Metz,Toulouse,0,0,1,14,4,2,2,877.160012110108,828.238750221155,0,0,2,2,0,0,2,8,3,2,8,5,16,14,-1,1,10,-10,0,0,1,0,2,2,4,14
2024-01-14,F1,Nantes,Clermont,0,1,2,20,15,9,6,886.880063633657,813.400105594918,0,0,1,2,0,0,1,4,4,2,10,9,18,11,-1,1,5,-5,3,-3,2,1,6,9,15,20
2024-01-14,F1,Le Havre,Lyon,2,3,1,14,9,7,2,959.95144324321,962.839353002364,1,1,0,0,1,1,0,0,4,9,10,14,19,16,2,-2,5,-5,5,-5,1,3,2,7,9,14
2024-01-14,F1,Lens,Paris SG,0,0,2,17,15,5,7,1083.94046286663,1310.16974546206,4,0,0,0,6,8,0,1,10,13,19,28,26,40,-2,2,2,-2,-2,2,2,0,7,5,15,17
2024-01-26,F1,Lyon,Rennes,0,2,3,12,11,6,5,918.617195673671,1020.61914727659,2,1,0,0,2,2,0,0,9,7,13,11,16,22,-1,1,1,-1,1,-1,3,2,5,6,11,12
2024-01-27,F1,Nice,Metz,2,1,0,15,2,9,1,1073.12478132967,840.683741319645,5,0,0,2,9,0,0,2,6,0,19,8,35,16,1,-1,13,-13,8,-8,0,1,1,9,2,15
2024-01-27,F1,Marseille,Monaco,1,2,2,22,6,9,5,1080.49395226969,1041.36061275648,0,2,0,0,9,2,1,0,11,9,16,16,28,33,0,0,16,-16,4,-4,2,2,5,9,6,22
2024-01-28,F1,Montpellier,Lille,1,0,0,12,12,7,0,948.411958333214,1115.56482108121,0,0,0,1,3,0,5,2,5,8,10,19,19,31,0,0,0,0,7,-7,0,0,0,7,12,12
2024-01-28,F1,Clermont,Strasbourg,1,1,1,14,6,6,2,852.06872812047,1013.54644178531,0,0,1,0,0,3,3,1,4,11,9,14,14,24,0,0,8,-8,4,-4,1,1,2,6,6,14
2024-01-28,F1,Lorient,Le Havre,1,3,3,13,14,6,5,779.902432271208,1004.1736005719,0,0,3,2,0,0,4,3,1,6,5,13,12,22,0,0,-1,1,1,-1,3,3,5,6,14,13
2024-01-28,F1,Reims,Nantes,1,0,0,10,7,1,5,1054.07481291834,848.211441108106,2,0,0,4,2,0,0,4,9,3,16,7,29,18,0,0,3,-3,-4,4,0,0,5,1,7,10
2024-01-28,F1,Toulouse,Lens,0,0,2,13,13,4,5,864.715021011617,1065.188570431,0,0,1,1,0,0,5,2,5,7,7,18,17,26,-2,2,0,0,-1,1,2,0,5,4,13,13
2024-01-28,F1,Paris SG,Brest,1,2,2,10,9,4,6,1328.92163789769,1150.32110384419,6,3,0,0,6,3,0,0,13,13,28,19,43,34,0,0,1,-1,-2,2,2,2,6,4,9,10
2024-02-02,F1,Strasbourg,Paris SG,0,1,2,20,9,8,5,1006.60301645405,1321.35207644158,2,1,0,0,4,9,0,0,11,11,15,26,25,44,-1,1,11,-11,3,-3,2,1,5,8,9,20
2024-02-03,F1,Rennes,Montpellier,2,2,1,9,17,3,9,1043.48534576612,955.566003474891,1,0,0,1,1,0,0,1,10,6,14,8,25,20,1,-1,-8,8,-6,6,1,2,9,3,17,9
2024-02-03,F1,Nantes,Lens,0,0,1,7,12,2,4,856.718758372757,1086.21881143594,0,1,2,0,0,1,2,0,1,7,5,20,19,29,-1,1,-5,5,-2,2,1,0,4,2,12,7
2024-02-04,F1,Monaco,Le Havre,1,1,1,17,3,5,0,1043.1551870364,995.075429050725,0,0,2,0,0,1,2,4,7,7,14,13,34,23,0,0,14,-14,5,-5,1,1,0,5,3,17
2024-02-04,F1,Lille,Clermont,2,4,0,23,4,13,3,1108.41077593953,859.01215345173,1,1,0,0,6,1,0,0,6,5,17,10,32,15,4,-4,19,-19,10,-10,0,4,3,13,4,23
2024-02-04,F1,Metz,Lorient,0,1,2,10,12,3,4,827.38243805203,789.000603792386,0,0,3,2,0,0,3,9,0,1,8,3,16,13,-1,1,-2,2,-1,1,2,1,4,3,12,10
2024-02-04,F1,Reims,Toulouse,0,2,3,17,9,5,4,1045.56749565369,843.684780006675,0,1,0,0,3,1,1,0,7,4,16,6,30,17,-1,1,8,-8,1,-1,3,2,4,5,9,17
2024-02-04,F1,Brest,Nice,1,0,0,17,13,2,1,1157.8906653003,1086.42608459729,2,0,0,3,4,0,0,4,13,9,20,19,35,38,0,0,4,-4,1,-1,0,0,1,2,13,17
2024-02-04,F1,Lyon,Marseille,2,1,0,12,8,7,1,895.750997184137,1078.69937798977,0,0,1,0,0,3,1,1,9,9,13,17,16,29,1,-1,4,-4,6,-6,0,1,1,7,8,12
2024-02-09,F1,Marseille,Metz,1,1,1,18,7,6,3,1031.2512785686,791.861651418025,0,0,0,3,10,0,2,3,6,0,16,7,29,16,0,0,11,-11,3,-3,1,1,3,6,7,18
2024-02-10,F1,Lens,Strasbourg,2,3,1,10,19,6,5,1099.69938274203,997.616408891003,0,0,1,0,0,4,1,2,9,8,20,14,32,25,2,-2,-9,9,1,-1,1,3,5,6,19,10
2024-02-10,F1,Paris SG,Lille,2,3,1,16,10,8,3,1330.33868400463,1133.20818863222,0,0,0,0,7,1,1,3,11,8,26,17,47,35,2,-2,6,-6,5,-5,1,3,3,8,10,16
2024-02-11,F1,Le Havre,Rennes,0,0,1,13,11,5,2,997.275557245093,1067.55620554849,2,2,0,0,2,3,0,0,8,13,13,16,24,28,-1,1,2,-2,3,-3,1,0,2,5,11,13
2024-02-11,F1,Clermont,Brest,1,1,1,7,15,2,9,834.214740759045,1154.64524140389,0,0,0,0,1,4,4,1,4,11,9,21,15,36,0,0,-8,8,-7,7,1,1,9,2,15,7
2024-02-11,F1,Lorient,Reims,2,2,0,17,23,5,6,824.521390426391,996.817441817674,0,1,0,0,1,1,5,0,4,7,6,13,16,30,2,-2,-6,6,-1,1,0,2,6,5,23,17
2024-02-11,F1,Toulouse,Nantes,0,1,2,16,5,3,2,892.434833842688,843.238187066667,0,0,2,0,0,1,6,5,7,1,9,5,20,19,-1,1,11,-11,1,-1,2,1,2,3,5,16
2024-02-11,F1,Montpellier,Lyon,0,1,2,15,19,8,5,931.495143692526,943.199096605312,0,0,0,1,4,0,6,1,5,9,8,15,20,19,-1,1,-4,4,3,-3,2,1,5,8,19,15
2024-02-11,F1,Nice,Monaco,0,2,3,15,9,5,5,1089.67150849369,1040.95505884203,6,0,0,0,10,3,0,1,7,5,17,15,39,35,-1,1,6,-6,0,0,3,2,5,5,9,15
2024-02-16,F1,Lyon,Nice,2,1,0,9,20,1,6,974.121530279037,1053.21373401325,1,0,0,0,1,1,0,5,9,7,15,14,22,38,1,-1,-11,11,-5,5,0,1,6,1,20,9
2024-02-17,F1,Lille,Le Havre,2,3,0,17,6,8,2,1111.86873056349,971.661775396402,2,0,0,0,7,2,0,5,7,5,16,10,34,23,3,-3,11,-11,6,-6,0,3,2,8,6,17
2024-02-17,F1,Nantes,Paris SG,0,0,2,12,12,7,2,879.739322675616,1351.67814207335,0,2,3,0,0,10,3,0,4,13,8,26,22,49,-2,2,0,0,5,-5,2,0,2,7,12,12
2024-02-18,F1,Strasbourg,Lorient,0,1,3,18,13,4,6,966.28652142029,888.504955990564,0,1,1,0,0,1,1,0,5,7,13,8,22,18,-2,2,5,-5,-2,2,3,1,6,4,13,18
2024-02-18,F1,Monaco,Toulouse,0,1,2,22,14,5,7,1077.41283332248,855.933698233739,0,2,0,0,1,2,3,0,8,6,15,9,35,17,-1,1,8,-8,-2,2,2,1,7,5,14,22
2024-02-18,F1,Montpellier,Metz,2,3,0,21,14,7,4,900.5727100188,801.41927138388,0,0,1,0,0,1,7,4,2,1,7,7,19,17,3,-3,7,-7,3,-3,0,3,4,7,14,21
2024-02-18,F1,Rennes,Clermont,2,3,1,16,14,8,5,1093.16998739718,845.846276631105,2,0,0,1,2,0,0,1,15,5,19,7,28,16,2,-2,2,-2,3,-3,1,3,5,8,14,16
2024-02-18,F1,Reims,Lens,1,1,1,11,9,2,1,932.8338762535,1131.02927021274,0,2,1,0,0,2,2,0,7,9,10,22,30,35,0,0,2,-2,1,-1,1,1,1,2,9,11
2024-02-18,F1,Brest,Marseille,2,1,0,15,9,5,2,1143.01370553183,1021.69365860274,0,0,0,1,5,0,1,2,9,4,22,17,34,27,1,-1,6,-6,3,-3,0,1,2,5,9,15
2024-02-23,F1,Metz,Lyon,0,1,2,15,11,4,5,762.041083861787,1013.28290976396,0,1,4,0,0,1,4,0,1,9,4,18,16,25,-1,1,4,-4,-1,1,2,1,5,4,11,15
2024-02-24,F1,Lorient,Nantes,0,0,1,6,7,1,6,942.020315719142,874.301399697445,1,1,0,0,2,2,0,0,10,4,11,8,20,22,-1,1,-1,1,-5,5,1,0,6,1,7,6
2024-02-24,F1,Strasbourg,Brest,0,0,3,6,15,2,8,912.771161691712,1164.272762079,0,0,2,0,0,5,2,2,2,9,12,22,22,34,-3,3,-9,9,-6,6,3,0,8,2,15,6
2024-02-25,F1,Lens,Monaco,0,2,3,20,15,10,9,1122.77820944271,1027.39129061439,1,1,0,0,1,4,0,0,10,5,20,14,35,32,-1,1,5,-5,1,-1,3,2,9,10,15,20
2024-02-25,F1,Le Havre,Reims,0,1,2,18,16,4,5,938.014729766334,941.084937023535,0,0,1,1,0,0,1,1,5,5,9,11,23,28,-1,1,2,-2,-1,1,2,1,5,4,16,18
2024-02-25,F1,Nice,Clermont,1,0,0,23,13,4,5,1014.05235452833,828.822444445906,0,0,1,2,0,0,1,2,4,5,13,7,37,16,0,0,10,-10,-1,1,0,0,5,4,13,23
2024-02-25,F1,Toulouse,Lille,2,3,1,14,12,4,2,905.955240941824,1145.51577619356,0,0,3,1,0,0,7,4,9,10,11,18,19,34,2,-2,2,-2,2,-2,1,3,2,4,12,14
2024-02-25,F1,Paris SG,Rennes,1,1,1,15,3,3,1,1357.11606505152,1110.19381958238,1,3,0,0,8,4,0,0,13,15,26,22,51,30,0,0,12,-12,2,-2,1,1,1,3,3,15
2024-02-25,F1,Marseille,Montpellier,2,4,1,16,9,6,4,1000.43460205557,939.950897540894,0,0,0,2,11,0,3,2,3,4,16,10,26,19,3,-3,7,-7,2,-2,1,4,4,6,9,16
2024-03-01,F1,Monaco,Paris SG,1,0,0,14,14,6,7,1067.96247313248,1347.33822199856,0,3,1,0,0,11,4,0,8,11,17,24,34,49,0,0,0,0,-1,1,0,0,7,6,14,14
2024-03-02,F1,Reims,Lille,0,0,1,8,8,3,3,972.802167845319,1075.44588352094,0,0,0,2,1,0,3,5,5,7,14,15,28,34,-1,1,0,0,0,0,1,0,3,3,8,8
2024-03-02,F1,Clermont,Marseille,0,1,5,7,17,2,11,836.626820435516,1045.56775625219,0,0,0,2,2,0,5,3,3,5,7,16,17,26,-4,4,-10,10,-9,9,5,1,11,2,17,7
2024-03-03,F1,Toulouse,Nice,2,2,1,17,9,6,6,976.025133614442,1006.24797853872,1,0,0,1,1,0,0,6,9,5,14,11,22,37,1,-1,8,-8,0,0,1,2,6,6,9,17
2024-03-03,F1,Brest,Le Havre,2,1,0,8,11,4,2,1185.03257021058,906.29749894455,1,0,0,1,6,0,0,6,9,2,22,8,37,22,1,-1,-3,3,2,-2,0,1,2,4,11,8
2024-03-03,F1,Montpellier,Strasbourg,1,2,2,21,12,7,4,894.817743344272,892.011353560135,1,0,0,1,1,0,0,3,4,1,9,12,19,19,0,0,9,-9,3,-3,2,2,4,7,12,21
2024-03-03,F1,Nantes,Metz,0,0,2,9,13,2,4,912.460741021142,749.844144724387,0,0,4,1,0,0,4,5,7,1,10,1,24,13,-2,2,-4,4,-2,2,2,0,4,2,13,9
2024-03-03,F1,Rennes,Lorient,0,1,2,22,12,6,6,1119.97166263534,903.860974395445,3,2,0,0,3,2,0,0,13,10,20,11,30,17,-1,1,10,-10,0,0,2,1,6,6,12,22
2024-03-03,F1,Lyon,Lens,0,0,3,13,18,4,8,1025.47984890136,1082.20702692462,2,0,0,0,2,3,0,1,12,10,21,17,27,35,-3,3,-5,5,-4,4,3,0,8,4,18,13
2024-03-08,F1,Nice,Montpellier,0,1,2,19,7,5,2,971.471351672568,894.688507129291,0,0,0,3,1,0,2,3,2,4,11,10,34,20,-1,1,12,-12,3,-3,2,1,2,5,7,19
2024-03-09,F1,Lorient,Lyon,0,0,2,9,13,0,6,953.541950868569,979.773558714965,0,2,1,0,0,2,1,0,12,12,13,21,20,27,-2,2,-4,4,-6,6,2,0,6,0,13,9
2024-03-09,F1,Lens,Brest,2,1,0,6,9,2,3,1127.91331711102,1195.7429515556,0,1,1,0,0,6,1,0,10,11,17,24,38,39,1,-1,-3,3,-1,1,0,1,3,2,9,6
2024-03-10,F1,Paris SG,Reims,1,2,2,19,8,6,3,1336.67698788032,949.990233696819,0,1,0,0,9,1,1,0,11,4,22,11,47,27,0,0,11,-11,3,-3,2,2,3,6,8,19
2024-03-10,F1,Le Havre,Toulouse,2,1,0,12,5,4,0,895.58711759953,1010.80176048059,0,3,2,0,0,3,2,0,1,12,8,16,19,24,1,-1,7,-7,4,-4,0,1,0,4,5,12
2024-03-10,F1,Metz,Clermont,2,1,0,11,13,2,6,812.850917126384,806.828470745162,0,0,5,0,0,1,5,3,4,2,4,7,15,16,1,-1,-2,2,-4,4,0,1,6,2,13,11
2024-03-10,F1,Strasbourg,Monaco,0,0,1,8,17,1,6,892.140589775115,1078.62370725071,0,2,3,0,0,5,3,0,1,8,12,15,20,32,-1,1,-9,9,-5,5,1,0,6,1,17,8
2024-03-10,F1,Lille,Rennes,1,2,2,15,11,8,3,1098.25781766944,1070.29068616222,3,0,0,0,8,5,0,1,9,10,15,20,34,29,0,0,4,-4,5,-5,2,2,3,8,11,15
2024-03-10,F1,Marseille,Nantes,2,2,0,12,10,4,3,1075.36610594255,849.453968619144,1,2,0,0,12,3,0,0,7,6,16,7,28,23,2,-2,2,-2,1,-1,0,2,3,4,10,12
2024-03-15,F1,Toulouse,Lyon,0,2,3,13,18,5,6,968.562700018096,1020.32617616175,2,3,0,0,2,3,0,0,9,12,16,21,23,29,-1,1,-5,5,-1,1,3,2,6,5,18,13
2024-03-16,F1,Nantes,Strasbourg,0,1,3,11,11,2,6,830.675146627962,875.837149369098,0,0,5,0,0,1,5,4,6,1,7,9,20,19,-2,2,0,0,-4,4,3,1,6,2,11,11
2024-03-16,F1,Lens,Nice,0,1,3,20,7,4,3,1166.08247757378,932.512317320991,1,0,0,2,1,0,0,7,10,1,19,8,41,31,-2,2,13,-13,1,-1,3,1,3,4,7,20
2024-03-17,F1,Brest,Lille,1,1,1,16,13,4,8,1157.57379109284,1096.97265823607,2,1,0,0,7,1,0,0,10,7,21,15,36,34,0,0,3,-3,-4,4,1,1,8,4,13,16
2024-03-17,F1,Clermont,Le Havre,2,2,1,9,14,4,5,775.383103007076,937.826178062027,0,0,1,2,0,0,6,7,2,3,6,11,16,21,1,-1,-5,5,-1,1,1,2,5,4,14,9
2024-03-17,F1,Monaco,Lorient,1,2,2,23,11,8,6,1094.92714765673,912.98933342178,0,3,0,0,1,3,5,0,10,9,15,13,34,19,0,0,12,-12,2,-2,2,2,6,8,11,23
2024-03-17,F1,Reims,Metz,2,2,1,17,12,7,4,962.872011640431,844.29628486447,0,1,1,0,0,1,4,0,5,7,12,7,28,15,1,-1,5,-5,3,-3,1,2,4,7,12,17
2024-03-17,F1,Rennes,Marseille,2,2,0,7,8,4,1,1071.57584559559,1094.14492793373,0,1,1,0,0,1,1,0,8,10,21,16,29,30,2,-2,-1,1,3,-3,0,2,1,4,8,7
2024-03-17,F1,Montpellier,Paris SG,0,2,6,12,16,7,9,933.647541480868,1323.79520993671,0,0,0,0,2,12,1,1,7,9,12,20,22,48,-4,4,-4,4,-2,2,6,2,9,7,16,12
2024-03-29,F1,Lille,Lens,2,2,1,15,9,6,3,1099.73548171019,1096.50366382057,0,1,0,0,9,4,1,0,8,7,15,16,35,38,1,-1,6,-6,3,-3,1,2,3,6,9,15
2024-03-30,F1,Metz,Monaco,0,2,5,13,17,7,7,822.812352635935,1087.23884056461,1,3,0,0,1,6,0,0,6,8,7,16,15,35,-3,3,-4,4,0,0,5,2,7,7,17,13
2024-03-30,F1,Lyon,Reims,1,1,1,16,17,3,5,1047.59354914008,984.355943868966,0,0,1,0,0,2,1,1,12,8,21,15,32,28,0,0,-1,1,-2,2,1,1,5,3,17,16
2024-03-31,F1,Lorient,Brest,0,0,1,11,10,5,2,920.677640513898,1154.81096761871,0,0,2,1,0,0,2,1,7,10,14,19,20,34,-1,1,1,-1,3,-3,1,0,2,5,10,11
2024-03-31,F1,Clermont,Toulouse,0,0,3,15,11,5,5,821.34203510097,941.295327039767,1,0,0,1,1,0,0,1,4,9,9,15,19,23,-3,3,4,-4,0,0,3,0,5,5,11,15
2024-03-31,F1,Le Havre,Montpellier,0,0,2,14,14,3,5,891.867245968134,921.300872870607,1,1,0,0,1,1,0,0,3,7,8,9,18,21,-2,2,0,0,-2,2,2,0,5,3,14,14
2024-03-31,F1,Nice,Nantes,0,1,2,12,13,3,4,1002.09113107421,792.486542327745,0,0,1,1,0,0,3,1,4,3,11,7,31,17,-1,1,-1,1,-1,1,2,1,4,3,13,12
2024-03-31,F1,Strasbourg,Rennes,2,2,0,14,12,7,0,914.025753669315,1118.27841195267,0,0,4,0,0,6,4,2,4,8,9,23,19,31,2,-2,2,-2,7,-7,0,2,0,7,12,14
2024-03-31,F1,Marseille,Paris SG,0,0,2,22,8,10,3,1047.44236157665,1336.14187854697,2,1,0,0,13,13,0,0,9,9,13,22,30,48,-2,2,14,-14,7,-7,2,0,3,10,8,22
2024-04-05,F1,Lille,Marseille,2,3,1,14,13,6,4,1131.43782886718,1033.45101683054,1,0,0,1,10,0,0,1,8,9,18,12,35,30,2,-2,1,-1,2,-2,1,3,4,6,13,14
2024-04-06,F1,Lens,Le Havre,1,1,1,18,11,8,3,1064.80131666358,851.716241345003,0,0,1,3,0,0,1,8,6,3,16,8,35,18,0,0,7,-7,5,-5,1,1,3,8,11,18
2024-04-06,F1,Paris SG,Clermont,1,1,1,23,6,7,3,1350.13322329308,784.923613835385,0,0,0,1,10,0,2,4,9,4,22,9,50,18,0,0,17,-17,4,-4,1,1,3,7,6,23
2024-04-07,F1,Brest,Metz,2,4,3,24,8,10,6,1168.00991731254,803.274392298769,0,0,0,1,8,0,1,1,10,6,19,7,36,15,1,-1,16,-16,4,-4,3,4,6,10,8,24
2024-04-07,F1,Montpellier,Lorient,2,2,0,13,19,5,5,961.451877493737,907.478690820068,0,0,1,0,0,4,2,1,7,4,11,14,21,20,2,-2,-6,6,0,0,0,2,5,5,19,13
2024-04-07,F1,Reims,Nice,1,0,0,10,18,3,3,987.236404760179,952.830751039224,1,1,0,0,1,1,0,0,8,4,13,8,26,30,0,0,-8,8,0,0,0,0,3,3,18,10
2024-04-07,F1,Toulouse,Strasbourg,1,0,0,11,8,2,1,977.713748305352,981.056587433121,0,1,1,0,0,2,1,0,9,7,18,9,23,22,0,0,3,-3,1,-1,0,0,1,2,8,11
2024-04-07,F1,Monaco,Rennes,2,1,0,16,12,5,7,1106.77680090178,1051.24757818887,0,0,0,1,2,0,6,3,11,5,16,20,35,28,1,-1,4,-4,-2,2,0,1,7,5,12,16
2024-04-07,F1,Nantes,Lyon,0,1,3,14,19,6,10,841.746922362726,1044.71308824887,0,4,6,0,0,4,6,0,6,10,10,19,20,33,-2,2,-5,5,-4,4,3,1,10,6,19,14
2024-04-12,F1,Metz,Lens,2,2,1,11,17,5,2,796.289622897946,1056.0580911248,0,0,1,1,0,0,1,1,6,7,7,17,15,35,1,-1,-6,6,3,-3,1,2,2,5,17,11
2024-04-13,F1,Strasbourg,Reims,2,3,1,13,8,6,2,980.902648752381,985.65712484806,1,0,0,0,1,3,0,2,8,6,9,11,23,27,2,-2,5,-5,4,-4,1,3,2,6,8,13
2024-04-13,F1,Rennes,Toulouse,0,1,2,19,10,4,3,1024.31890077704,977.867686986092,1,1,0,0,1,1,0,0,4,7,17,16,28,23,-1,1,9,-9,1,-1,2,1,3,4,10,19
2024-04-14,F1,Le Havre,Nantes,0,0,1,10,12,1,4,860.459466883784,820.945231959207,0,1,1,0,0,1,1,0,4,3,6,10,19,17,-1,1,-2,2,-3,3,1,0,4,1,12,10
2024-04-14,F1,Clermont,Montpellier,1,1,1,10,14,2,6,799.733295331092,998.550615088831,0,2,1,0,0,2,1,0,4,10,7,14,16,24,0,0,-4,4,-4,4,1,1,6,2,14,10
2024-04-14,F1,Lyon,Brest,2,4,3,16,22,8,7,1065.51477865239,1174.99468671337,0,1,0,0,1,1,2,0,10,10,22,19,35,38,1,-1,-6,6,1,-1,3,4,7,8,22,16
2024-04-19,F1,Nice,Lorient,2,3,0,19,9,10,4,954.410030951343,870.379953224974,0,0,2,1,0,0,4,2,4,4,9,14,28,19,3,-3,10,-10,6,-6,0,3,4,10,9,19
2024-04-20,F1,Nantes,Rennes,0,0,3,6,14,4,5,856.569016679166,988.065896520628,0,0,7,2,0,0,7,4,6,4,12,14,17,28,-3,3,-8,8,-1,1,3,0,5,4,14,6
2024-04-20,F1,Lens,Clermont,2,1,0,17,8,4,1,1003.77780006746,808.005360782875,0,0,0,0,1,1,2,5,4,5,14,7,34,17,1,-1,9,-9,3,-3,0,1,1,4,8,17
2024-04-21,F1,Le Havre,Metz,0,0,1,16,9,4,2,824.835682163826,848.569913955283,0,0,2,2,0,0,2,2,4,6,5,10,18,18,-1,1,7,-7,2,-2,1,0,2,4,9,16
2024-04-21,F1,Lille,Strasbourg,2,1,0,6,8,2,2,1163.24417772625,1025.36039811158,2,0,0,0,11,3,0,1,11,10,18,11,37,26,1,-1,-2,2,0,0,0,1,2,2,8,6
2024-04-21,F1,Reims,Montpellier,0,1,2,22,12,4,5,941.199375488866,990.278549637048,0,0,0,0,2,3,1,1,6,10,10,14,26,22,-1,1,10,-10,-1,1,2,1,5,4,12,22
2024-04-21,F1,Brest,Monaco,0,0,2,12,8,2,3,1133.23221202001,1133.7054783136,1,4,0,0,9,7,0,0,7,11,18,19,38,35,-2,2,4,-4,-1,1,2,0,3,2,8,12
2024-04-21,F1,Toulouse,Marseille,1,2,2,10,11,3,3,1014.12069124251,1001.64466797147,0,0,0,2,1,0,2,2,7,6,19,11,25,27,0,0,-1,1,0,0,2,2,3,3,11,10
2024-04-21,F1,Paris SG,Lyon,2,4,1,14,16,6,6,1335.32354179737,1107.27725334574,0,5,0,0,11,5,3,0,9,13,20,25,48,38,3,-3,-2,2,0,0,1,4,6,6,16,14
2024-04-24,F1,Lorient,Paris SG,0,1,4,11,15,6,7,828.785976093633,1358.44806934666,0,2,3,0,0,14,3,0,1,11,13,22,16,48,-3,3,-4,4,-1,1,4,1,7,6,15,11
2024-04-24,F1,Marseille,Nice,1,2,2,11,10,4,4,1002.2189632555,996.004008082684,0,0,1,0,0,2,1,1,4,7,11,9,28,28,0,0,1,-1,0,0,2,2,4,4,10,11
2024-04-24,F1,Monaco,Lille,2,1,0,19,13,7,4,1177.50335484927,1183.17184897387,1,0,0,0,3,2,0,1,13,11,21,20,35,37,1,-1,6,-6,3,-3,0,1,4,7,13,19
2024-04-26,F1,Montpellier,Nantes,1,1,1,8,15,1,5,1017.78802009059,821.744341462605,1,2,0,0,1,2,0,0,10,6,17,12,25,17,0,0,-7,7,-4,4,1,1,5,1,15,8
2024-04-27,F1,Paris SG,Le Havre,1,3,3,17,6,4,4,1363.38443574007,795.018291621242,1,0,0,0,12,1,0,9,13,1,22,4,48,17,0,0,11,-11,0,0,3,3,4,4,6,17
2024-04-28,F1,Metz,Lille,0,1,2,5,14,2,4,878.387304497867,1150.6498076904,1,0,0,1,1,0,0,2,6,10,13,17,20,34,-1,1,-9,9,-2,2,2,1,4,2,14,5
2024-04-28,F1,Clermont,Reims,2,4,1,12,10,6,3,792.343078610641,913.689905035326,0,0,0,1,1,0,2,3,5,5,7,10,16,23,3,-3,2,-2,3,-3,1,4,3,6,10,12
2024-04-28,F1,Lorient,Toulouse,0,1,2,15,14,5,5,823.849609700222,1013.54639595847,0,2,4,0,0,2,4,0,1,8,10,17,16,26,-1,1,1,-1,0,0,2,1,5,5,14,15
2024-04-28,F1,Strasbourg,Nice,0,1,3,13,8,5,4,1005.43272686396,996.290186821881,2,0,0,0,2,3,0,2,10,8,11,9,25,26,-2,2,5,-5,1,-1,3,1,4,5,8,13
2024-04-28,F1,Rennes,Brest,0,4,5,21,10,7,5,1022.89057173719,1089.43433548434,0,0,1,1,0,0,1,1,6,7,14,17,30,38,-1,1,11,-11,2,-2,5,4,5,7,10,21
2024-04-28,F1,Lyon,Monaco,2,3,2,15,13,4,5,1084.15272579645,1210.02539613274,1,5,0,0,2,8,0,0,10,13,22,23,37,38,1,-1,2,-2,-1,1,2,3,5,4,13,15
2024-04-28,F1,Marseille,Lens,2,2,1,13,18,6,5,1001.93278451631,1019.4400822397,0,0,0,2,1,0,2,2,2,4,12,14,28,34,1,-1,-5,5,1,-1,1,2,5,6,18,13
2024-05-03,F1,Toulouse,Montpellier,0,1,2,15,5,5,3,1029.62608544529,1009.60992980068,0,1,0,0,2,4,3,0,11,11,20,18,29,25,-1,1,10,-10,2,-2,2,1,3,5,5,15
2024-05-03,F1,Lens,Lorient,2,2,0,18,11,6,5,985.82896392637,807.769920213409,1,0,0,2,2,0,0,3,4,0,11,7,33,15,2,-2,7,-7,1,-1,0,2,5,6,11,18
2024-05-04,F1,Le Havre,Strasbourg,2,3,1,15,5,7,3,809.848623017568,960.421290630415,0,0,3,1,0,0,3,2,2,7,5,11,15,24,2,-2,10,-10,4,-4,1,3,3,7,5,15
2024-05-04,F1,Monaco,Clermont,2,4,1,23,9,8,1,1166.91403232104,865.182177406865,2,0,0,1,4,0,0,6,12,5,20,9,35,16,3,-3,14,-14,7,-7,1,4,1,8,9,23
2024-05-04,F1,Metz,Rennes,0,2,3,7,21,4,9,867.340515847533,996.945619980775,0,1,1,0,0,1,1,0,6,3,12,11,19,30,-1,1,-14,14,-5,5,3,2,9,4,21,7
2024-05-04,F1,Brest,Nantes,1,0,0,9,9,2,1,1115.37928724076,829.922431752516,0,0,1,0,0,3,1,1,9,7,19,10,41,18,0,0,0,0,1,-1,0,0,1,2,9,9
2024-05-06,F1,Lille,Lyon,0,3,4,8,11,5,7,1161.69659634073,1127.26408960815,3,0,0,1,12,0,0,1,12,10,20,22,36,37,-1,1,-3,3,-2,2,4,3,7,5,11,8
2024-05-10,F1,Brest,Reims,1,1,1,16,8,5,2,1104.56415620262,840.850806239101,0,0,0,2,1,0,2,4,7,2,17,10,39,20,0,0,8,-8,3,-3,1,1,2,5,8,16
2024-05-10,F1,Nice,Le Havre,2,1,0,13,12,6,3,1041.30162305543,871.606492244955,1,0,0,0,1,2,0,10,8,5,12,8,26,17,1,-1,1,-1,3,-3,0,1,3,6,12,13
2024-05-12,F1,Clermont,Lyon,0,0,1,18,6,5,2,848.854754842934,1162.42509857136,1,1,0,0,2,1,0,0,5,12,9,22,16,40,-1,1,12,-12,3,-3,1,0,2,5,6,18
2024-05-12,F1,Marseille,Lorient,2,3,1,13,14,4,3,1035.54390282963,784.608141903942,1,0,0,3,2,0,0,4,5,0,14,4,31,15,2,-2,-1,1,1,-1,1,3,3,4,14,13
2024-05-12,F1,Montpellier,Monaco,0,0,2,14,19,3,9,1043.45144895581,1183.24145488497,0,0,0,1,2,0,1,1,11,12,18,23,28,37,-2,2,-5,5,-6,6,2,0,9,3,19,14
2024-05-12,F1,Nantes,Lille,0,1,2,9,12,5,3,840.737562790647,1126.53558737753,0,1,8,0,0,1,8,0,5,9,11,17,19,35,-1,1,-3,3,2,-2,2,1,3,5,12,9
2024-05-12,F1,Paris SG,Toulouse,0,1,3,15,18,3,5,1348.55410434374,995.784566290149,0,3,0,0,13,3,1,0,11,8,20,17,46,28,-2,2,-3,3,-2,2,3,1,5,3,18,15
2024-05-12,F1,Rennes,Lens,1,1,1,16,8,6,4,1017.5330692977,1008.99074223584,0,0,2,3,0,0,2,3,6,7,11,13,33,33,0,0,8,-8,2,-2,1,1,4,6,8,16
2024-05-12,F1,Strasbourg,Metz,2,2,1,10,11,2,2,898.663421403028,846.753066530612,0,1,1,0,0,1,1,0,4,6,11,12,23,16,1,-1,-1,1,0,0,1,2,2,2,11,10
2024-05-15,F1,Nice,Paris SG,0,1,2,12,11,4,4,1058.80680782455,1271.01529445448,2,3,0,0,2,15,0,0,11,8,15,17,28,43,-1,1,1,-1,0,0,2,1,4,4,11,12
2024-05-15,F1,Reims,Marseille,2,1,0,10,19,3,3,851.098871800673,1052.28427677821,0,0,1,0,0,1,2,3,2,8,10,17,21,33,1,-1,-9,9,0,0,0,1,3,3,19,10
2024-05-19,F1,Le Havre,Marseille,0,1,2,13,22,6,7,854.101307475832,1003.58089977175,1,0,0,1,1,0,0,4,4,8,8,14,16,30,-1,1,-9,9,-1,1,2,1,7,6,22,13
2024-05-19,F1,Lens,Montpellier,1,2,2,27,11,13,2,1009.38405168485,1016.34551963306,2,2,0,0,3,5,0,0,7,8,14,18,31,27,0,0,16,-16,11,-11,2,2,2,13,11,27
2024-05-19,F1,Lille,Nice,1,2,2,12,10,3,4,1136.88827096575,1044.23655280291,0,1,1,0,0,4,1,0,9,10,20,14,35,25,0,0,2,-2,-1,1,2,2,4,3,10,12
2024-05-19,F1,Lorient,Clermont,2,5,0,32,9,10,4,767.867767955366,839.815605056651,0,0,5,2,0,0,5,7,0,4,4,8,15,15,5,-5,23,-23,6,-6,0,5,4,10,9,32
2024-05-19,F1,Lyon,Strasbourg,2,2,1,15,10,6,4,1171.46424835764,925.917563074611,2,0,0,2,3,0,0,3,12,6,22,14,43,26,1,-1,5,-5,2,-2,1,2,4,6,10,15
2024-05-19,F1,Metz,Paris SG,0,0,2,10,20,2,8,819.498924859029,1285.58554947612,0,4,2,0,0,16,2,0,6,10,12,19,13,43,-2,2,-10,10,-6,6,2,0,8,2,20,10
2024-05-19,F1,Monaco,Nantes,2,4,0,10,6,6,3,1210.34738420773,830.384879202422,3,0,0,0,5,4,0,2,12,5,23,8,40,18,4,-4,4,-4,3,-3,0,4,3,6,6,10
2024-05-19,F1,Reims,Rennes,2,2,1,6,15,4,5,899.802248807133,1017.13975984868,1,2,0,0,1,2,0,0,4,7,10,11,24,31,1,-1,-9,9,-1,1,1,2,5,4,15,6
2024-05-19,F1,Toulouse,Brest,0,0,3,8,12,2,6,1073.32337617941,1094.31609064105,0,1,1,0,0,1,4,0,10,5,17,15,31,37,-3,3,-4,4,-4,4,3,0,6,2,12,8
2022-08-05,F1,Lyon,Ajaccio,2,2,1,11,8,6,4,1183.98813285107,1000,3,0,0,0,4,0,0,0,12,0,25,0,46,0,1,-1,3,-3,2,-2,1,2,4,6,8,11
2022-08-06,F1,Strasbourg,Monaco,0,1,2,11,24,7,11,913.393678581183,1223.36436032005,1,1,0,0,1,1,0,0,3,12,13,25,25,40,-1,1,-13,13,-4,4,2,1,11,7,24,11
2022-08-06,F1,Clermont,Paris SG,0,0,5,7,18,1,12,750.728079761626,1291.19786458068,0,5,1,0,0,17,1,0,3,10,8,21,15,43,-5,5,-11,11,-11,11,5,0,12,1,18,7
2022-08-07,F1,Toulouse,Nice,1,1,1,6,11,4,4,1022.08267937075,1048.40497560516,0,0,2,0,0,5,5,1,7,8,14,15,30,26,0,0,-5,5,0,0,1,1,4,4,11,6
2022-08-07,F1,Angers,Nantes,1,0,0,16,14,6,4,1000,817.367903090107,0,0,0,1,0,0,0,3,0,2,0,8,0,15,0,0,2,-2,2,-2,0,0,4,6,14,16
2022-08-07,F1,Lens,Brest,2,3,2,17,6,7,4,1009.70459623612,1145.55678744971,0,2,0,0,4,2,1,0,8,8,12,15,29,39,1,-1,11,-11,3,-3,2,3,4,7,6,17
2022-08-07,F1,Lille,Auxerre,2,4,1,16,10,7,2,1132.7198481635,1000,0,0,0,0,1,0,2,0,7,0,18,0,33,0,3,-3,6,-6,5,-5,1,4,2,7,10,16
2022-08-07,F1,Montpellier,Troyes,2,3,2,17,15,6,10,1016.02497508179,1000,0,0,1,0,0,0,2,0,8,0,18,0,28,0,1,-1,2,-2,-4,4,2,3,10,6,15,17
2022-08-07,F1,Rennes,Lorient,0,0,1,21,8,6,2,974.725538552278,856.955293250392,0,0,0,4,1,0,3,5,7,3,11,4,31,17,-1,1,13,-13,4,-4,1,0,2,6,8,21
2022-08-07,F1,Marseille,Reims,2,4,1,16,16,6,6,1022.60428442245,942.216470103536,2,0,0,0,3,1,0,5,10,7,14,13,30,24,3,-3,0,0,0,0,1,4,6,6,16,16
2022-08-12,F1,Nantes,Lille,1,1,1,10,16,1,5,825.080776958058,1167.37785425155,0,2,9,0,0,2,9,0,3,10,9,20,16,35,0,0,-6,6,-4,4,1,1,5,1,16,10
2022-08-13,F1,Monaco,Rennes,1,1,1,12,24,4,8,1232.56555801941,932.275696757238,4,0,0,1,6,0,0,1,12,4,25,10,40,31,0,0,-12,12,-4,4,1,1,8,4,24,12
2022-08-13,F1,Paris SG,Montpellier,2,5,2,20,7,10,4,1297.50824445156,1046.55006608377,0,0,1,0,0,6,2,1,10,8,23,18,43,30,3,-3,13,-13,6,-6,2,5,4,10,7,20
2022-08-14,F1,Ajaccio,Lens,1,0,0,9,12,2,3,983.521439931161,1053.61608718204,0,0,0,0,0,1,0,4,0,8,0,12,0,31,0,0,-3,3,-1,1,0,0,3,2,12,9
2022-08-14,F1,Auxerre,Angers,1,2,2,11,11,4,2,965.341993911946,992.287126132048,0,0,0,0,0,0,0,0,0,1,0,1,0,1,0,0,0,0,2,-2,2,2,2,4,11,11
2022-08-14,F1,Reims,Clermont,0,2,4,9,10,6,5,900.081675767674,744.417699890749,2,0,0,3,2,0,0,8,7,3,12,8,24,14,-2,2,-1,1,1,-1,4,2,5,6,10,9
2022-08-14,F1,Troyes,Toulouse,0,0,3,12,10,2,4,969.474908998015,1023.29255197391,0,4,0,0,0,4,0,0,0,7,0,15,0,31,-3,3,2,-2,-2,2,3,0,4,2,10,12
2022-08-14,F1,Nice,Strasbourg,1,1,1,13,9,3,5,1047.195103002,904.192480881824,0,0,1,3,0,0,1,4,8,3,16,13,24,22,0,0,4,-4,-2,2,1,1,5,3,9,13
2022-08-14,F1,Brest,Marseille,1,1,1,17,5,5,2,1101.64529650379,1064.73907875831,0,1,0,0,2,1,3,0,8,12,15,14,36,30,0,0,12,-12,3,-3,1,1,2,5,5,17
2022-08-19,F1,Lyon,Troyes,2,4,1,16,4,8,1,1200.46669291991,923.323321768803,4,0,0,1,5,0,0,1,15,0,25,0,46,0,3,-3,12,-12,7,-7,1,4,1,8,4,16
2022-08-20,F1,Monaco,Lens,0,1,4,12,14,5,6,1221.39006348631,1050.43120349687,0,0,0,0,7,2,1,5,13,9,25,13,41,29,-3,3,-2,2,-1,1,4,1,6,5,14,12
2022-08-20,F1,Marseille,Nantes,2,2,1,16,12,5,3,1066.43230906143,837.16577720661,3,0,0,0,4,1,0,4,10,3,15,10,28,17,1,-1,4,-4,2,-2,1,2,3,5,12,16
2022-08-21,F1,Strasbourg,Reims,1,1,1,12,12,3,6,910.429694092422,837.791401275932,0,0,1,1,0,0,1,6,4,7,11,9,20,24,0,0,0,0,-3,3,1,1,6,3,12,12
2022-08-21,F1,Angers,Brest,0,1,3,7,11,5,7,991.048738773269,1099.95206620067,0,0,0,1,1,0,1,1,2,6,2,15,2,34,-2,2,-4,4,-2,2,3,1,7,5,11,7
2022-08-21,F1,Clermont,Nice,2,1,0,7,13,2,4,806.707974382491,1040.9578897914,0,0,2,0,0,6,2,2,3,6,8,14,17,25,1,-1,-6,6,-2,2,0,1,4,2,13,7
2022-08-21,F1,Montpellier,Auxerre,0,1,2,13,7,7,2,1025.73762764128,966.580381270726,1,0,0,1,1,0,0,1,7,1,18,1,27,1,-1,1,6,-6,5,-5,2,1,2,7,7,13
2022-08-21,F1,Toulouse,Lorient,1,2,2,16,14,8,4,1069.44413920312,899.405135045431,0,1,0,0,1,1,6,0,7,6,18,7,33,20,0,0,2,-2,4,-4,2,2,4,8,14,16
2022-08-21,F1,Rennes,Ajaccio,2,2,1,16,10,7,3,943.451191290331,986.706323616338,0,0,1,1,0,0,4,1,5,1,8,1,31,1,1,-1,6,-6,4,-4,1,2,3,7,10,16
2022-08-21,F1,Lille,Paris SG,0,1,7,16,16,10,9,1155.292854003,1318.32068289405,1,6,0,0,2,18,0,0,8,12,20,23,35,45,-6,6,0,0,1,-1,7,1,9,10,16,16
2022-08-26,F1,Ajaccio,Lille,0,1,3,13,7,2,4,950.742835358492,1108.56270557788,0,0,0,0,1,3,1,1,1,8,1,17,1,35,-2,2,6,-6,-2,2,3,1,4,2,7,13
2022-08-27,F1,Auxerre,Strasbourg,2,1,0,7,14,3,4,1003.97691473925,907.132478316197,0,0,0,0,1,1,1,5,4,5,4,9,4,18,1,-1,-7,7,-1,1,0,1,4,3,14,7
2022-08-27,F1,Lens,Rennes,2,2,1,17,12,4,6,1129.82098388407,979.414679548177,1,0,0,0,5,1,0,2,9,5,16,11,32,31,1,-1,5,-5,-2,2,1,2,6,4,12,17
2022-08-28,F1,Nantes,Toulouse,2,3,1,16,9,8,3,823.670895964847,1062.18415042818,0,5,0,0,1,5,10,0,2,8,7,16,17,34,2,-2,7,-7,5,-5,1,3,3,8,9,16
2022-08-28,F1,Brest,Montpellier,0,0,7,6,14,0,8,1130.49576146708,988.341094172753,0,0,0,1,3,0,4,2,8,4,15,15,34,26,-7,7,-8,8,-8,8,7,0,8,0,14,6
2022-08-28,F1,Lorient,Clermont,2,2,1,22,9,9,2,906.66512382038,857.51605471806,1,1,0,0,1,1,0,0,7,6,7,11,21,20,1,-1,13,-13,7,-7,1,2,2,9,9,22
2022-08-28,F1,Nice,Marseille,0,0,3,16,13,2,4,990.149809455835,1079.92719030319,0,0,0,0,1,2,2,1,3,10,14,18,22,30,-3,3,3,-3,-2,2,3,0,4,2,13,16
2022-08-28,F1,Troyes,Angers,2,3,1,25,7,11,3,904.931957991424,960.505043506863,0,0,1,0,0,1,1,1,0,2,0,2,0,2,2,-2,18,-18,8,-8,1,3,3,11,7,25
2022-08-28,F1,Reims,Lyon,1,1,1,8,18,5,5,841.088617052157,1218.85805669729,0,2,1,0,0,2,1,0,7,15,9,25,22,46,0,0,-10,10,0,0,1,1,5,5,18,8
2022-08-28,F1,Paris SG,Monaco,1,1,1,18,4,5,3,1365.05083131917,1142.00028309911,1,2,0,0,1,2,0,0,15,10,23,22,45,38,0,0,14,-14,2,-2,1,1,3,5,4,18
2022-08-31,F1,Angers,Reims,0,2,4,10,11,3,5,909.691523716305,853.822912080258,0,0,1,0,0,1,2,7,2,5,2,9,2,20,-2,2,-1,1,-2,2,4,2,5,3,11,10
2022-08-31,F1,Lyon,Auxerre,2,2,1,20,6,8,2,1206.12376166918,1027.28126147305,5,1,0,0,6,1,0,0,13,7,25,7,44,7,1,-1,14,-14,6,-6,1,2,2,8,6,20
2022-08-31,F1,Monaco,Troyes,0,2,4,8,19,6,11,1151.06034284649,955.745477781982,0,0,1,2,0,0,2,2,8,3,20,3,39,3,-2,2,-11,11,-5,5,4,2,11,6,19,8
2022-08-31,F1,Montpellier,Ajaccio,2,2,0,9,15,4,0,1115.86518309255,925.541360656495,0,0,1,2,0,0,1,2,7,1,15,1,29,1,2,-2,-6,6,4,-4,0,2,0,4,15,9
2022-08-31,F1,Strasbourg,Nantes,1,1,1,5,12,2,3,883.828131582399,893.655657750313,0,0,0,1,1,0,2,5,2,5,8,10,17,20,0,0,-7,7,-1,1,1,1,3,2,12,5
2022-08-31,F1,Lens,Lorient,2,5,2,15,10,8,3,1148.77312842762,934.168283659029,2,0,0,0,6,2,0,1,11,10,18,10,35,24,3,-3,5,-5,5,-5,2,5,3,8,10,15
2022-08-31,F1,Lille,Nice,0,1,2,18,3,6,2,1133.76418027988,949.403717694672,0,0,1,1,0,0,1,3,8,3,17,13,35,22,-1,1,15,-15,4,-4,2,1,2,6,3,18
2022-08-31,F1,Marseille,Clermont,2,1,0,21,3,7,0,1120.67328206436,830.012894879412,4,0,0,1,5,0,0,1,13,6,21,10,32,17,1,-1,18,-18,7,-7,0,1,0,7,3,21
2022-08-31,F1,Rennes,Brest,2,3,1,16,7,9,2,960.462535004627,1002.97167254728,1,1,0,0,1,1,0,0,4,7,11,12,28,31,2,-2,9,-9,7,-7,1,3,2,9,7,16
2022-08-31,F1,Toulouse,Paris SG,0,0,3,14,20,7,13,992.19938864271,1355.99077157179,0,7,0,0,2,19,7,0,5,13,15,23,31,43,-3,3,-6,6,-6,6,3,0,13,7,20,14
2022-09-03,F1,Auxerre,Marseille,0,0,2,8,15,2,7,1010.43767652937,1130.78536120145,1,1,0,0,2,3,0,0,7,13,7,23,7,34,-2,2,-7,7,-5,5,2,0,7,2,15,8
2022-09-03,F1,Lyon,Angers,2,5,0,16,8,9,3,1222.96734661286,858.841642266853,6,0,0,1,7,0,0,2,13,2,25,2,47,2,5,-5,8,-8,6,-6,0,5,3,9,8,16
2022-09-03,F1,Nantes,Paris SG,0,0,3,10,19,1,7,893.203204106923,1367.95135661032,1,8,0,0,2,20,0,0,6,13,8,23,20,45,-3,3,-9,9,-6,6,3,0,7,1,19,10
2022-09-04,F1,Montpellier,Lille,0,1,3,4,26,2,7,1137.84370325186,1086.21652917666,1,1,0,0,1,4,0,0,9,7,17,14,31,34,-2,2,-22,22,-5,5,3,1,7,2,26,4
2022-09-04,F1,Ajaccio,Lorient,0,0,1,16,7,3,4,903.562840497184,909.602471809382,0,0,1,1,0,0,2,2,1,10,1,10,1,24,-1,1,9,-9,-1,1,1,0,4,3,7,16
2022-09-04,F1,Brest,Strasbourg,1,1,1,11,10,2,3,953.774642024654,884.280585225789,0,0,1,1,0,0,5,6,4,3,12,6,30,17,0,0,1,-1,-1,1,1,1,3,2,10,11
2022-09-04,F1,Clermont,Toulouse,2,2,0,12,14,3,4,819.900815742318,980.23880360418,1,0,0,1,1,0,0,1,6,5,9,12,16,31,2,-2,-2,2,-1,1,0,2,4,3,14,12
2022-09-04,F1,Reims,Lens,1,1,1,17,20,4,4,904.67279352971,1173.33894027727,0,1,0,0,1,3,2,0,5,13,12,21,22,35,0,0,-3,3,0,0,1,1,4,4,20,17
2022-09-04,F1,Troyes,Rennes,1,1,1,9,19,1,6,1021.95203098204,1009.65956552725,1,0,0,1,1,0,0,3,6,7,6,14,6,28,0,0,-10,10,-5,5,1,1,6,1,19,9
2022-09-04,F1,Nice,Monaco,0,0,1,12,14,5,2,996.951368797893,1084.85378964644,0,0,1,0,0,3,3,1,5,5,13,17,22,38,-1,1,-2,2,3,-3,1,0,2,5,14,12
2022-09-07,F1,Lorient,Lyon,2,3,1,11,15,6,7,941.046257233671,1239.1663485891,2,0,0,0,2,3,0,1,10,13,13,25,26,50,2,-2,-4,4,-1,1,1,3,7,6,15,11
2022-09-09,F1,Lens,Troyes,2,1,0,12,7,3,2,1162.95758674923,1021.38617811661,3,1,0,0,7,1,0,0,11,7,19,7,33,7,1,-1,5,-5,1,-1,0,1,2,3,7,12
2022-09-10,F1,Paris SG,Brest,2,1,0,13,6,4,3,1374.61090846275,950.6163297676,0,0,0,1,2,0,1,1,13,5,23,13,45,30,1,-1,7,-7,1,-1,0,1,3,4,6,13
2022-09-10,F1,Marseille,Lille,2,2,1,14,7,7,3,1160.03099007028,1136.54362146128,5,2,0,0,6,5,0,0,13,7,25,17,37,34,1,-1,7,-7,4,-4,1,2,3,7,7,14
2022-09-11,F1,Strasbourg,Clermont,1,0,0,12,10,4,4,887.438897482844,882.67412276582,0,0,0,2,2,0,3,2,4,9,7,12,18,19,0,0,2,-2,0,0,0,0,4,4,10,12
2022-09-11,F1,Ajaccio,Nice,0,0,1,9,12,3,3,872.119055072895,972.879046165132,0,1,2,0,0,1,3,0,1,4,1,12,1,21,-1,1,-3,3,0,0,1,0,3,3,12,9
2022-09-11,F1,Angers,Montpellier,2,2,1,11,7,5,2,842.642640290609,1087.51661096724,0,1,2,0,0,1,3,0,1,6,2,14,2,31,1,-1,4,-4,3,-3,1,2,2,5,7,11
2022-09-11,F1,Lorient,Nantes,2,3,2,13,9,5,4,1015.39614999631,886.54365225449,3,0,0,0,3,1,0,6,10,5,16,8,26,20,1,-1,4,-4,1,-1,2,3,4,5,9,13
2022-09-11,F1,Toulouse,Reims,2,1,0,14,11,3,1,917.465496580679,915.054147057742,0,1,1,0,0,2,8,0,4,6,11,13,28,23,1,-1,3,-3,2,-2,0,1,1,3,11,14
2022-09-11,F1,Rennes,Auxerre,2,5,0,12,7,9,3,1010.22541839268,981.192047660546,2,0,0,1,2,0,0,1,8,7,12,7,26,7,5,-5,5,-5,6,-6,0,5,3,9,7,12
2022-09-11,F1,Monaco,Lyon,2,2,1,11,20,4,6,1108.9261122792,1164.81645582646,0,0,2,1,0,0,3,2,5,10,17,25,40,47,1,-1,-9,9,-2,2,1,2,6,4,20,11
2022-09-16,F1,Auxerre,Lorient,0,1,3,17,12,5,8,913.377643255777,1036.0441468439,0,1,1,0,0,1,1,0,6,12,7,19,7,26,-2,2,5,-5,-3,3,3,1,8,5,12,17
2022-09-17,F1,Montpellier,Strasbourg,2,2,1,10,8,4,2,1036.0795492295,887.219485253453,0,0,1,0,0,1,1,7,6,4,13,8,31,19,1,-1,2,-2,2,-2,1,2,2,4,8,10
2022-09-17,F1,Lille,Toulouse,2,2,1,10,14,4,5,1106.70359866159,949.243406648031,0,0,2,2,0,0,2,2,6,4,14,11,34,31,1,-1,-4,4,-1,1,1,2,5,4,14,10
2022-09-18,F1,Reims,Monaco,0,0,3,9,20,2,11,883.276236990391,1146.02985461912,0,1,0,0,2,4,3,0,6,7,13,20,23,40,-3,3,-11,11,-9,9,3,0,11,2,20,9
2022-09-18,F1,Brest,Ajaccio,0,0,1,8,6,4,4,945.488608613302,849.147680299931,0,0,0,3,1,0,6,3,4,0,10,1,29,1,-1,1,2,-2,0,0,1,0,4,4,6,8
2022-09-18,F1,Clermont,Troyes,0,1,3,14,9,2,4,882.893534995211,1001.74863759892,2,0,0,1,2,0,0,1,7,7,10,7,19,7,-2,2,5,-5,-2,2,3,1,4,2,9,14
2022-09-18,F1,Marseille,Rennes,1,1,1,15,12,4,4,1189.87101286997,1078.03982279745,6,0,0,0,7,1,0,4,15,10,25,15,39,26,0,0,3,-3,0,0,1,1,4,4,12,15
2022-09-18,F1,Nice,Angers,0,0,1,18,16,5,3,995.850420938096,894.079702028353,0,0,2,2,0,0,4,3,6,3,12,5,24,5,-1,1,2,-2,2,-2,1,0,3,5,16,18
2022-09-18,F1,Nantes,Lens,1,0,0,12,8,4,2,865.895655406907,1182.59512726692,0,0,1,0,0,4,1,1,4,13,7,22,17,33,0,0,4,-4,2,-2,0,0,2,4,8,12
2022-09-18,F1,Lyon,Paris SG,0,0,1,12,15,3,8,1127.71271348654,1379.73862961705,7,9,0,0,8,21,0,0,7,13,22,25,44,45,-1,1,-3,3,-5,5,1,0,8,3,15,12
2022-09-30,F1,Angers,Marseille,0,0,3,16,15,5,7,935.193937621095,1184.89177671733,1,2,0,0,1,4,0,0,6,13,8,23,8,40,-3,3,1,-1,-2,2,3,0,7,5,15,16
2022-10-01,F1,Strasbourg,Rennes,0,1,3,9,17,3,7,868.148388875646,1083.01905895009,0,0,0,0,3,2,4,5,3,8,8,13,19,24,-2,2,-8,8,-4,4,3,1,7,3,17,9
2022-10-01,F1,Paris SG,Nice,2,2,1,12,4,4,1,1391.89107068275,954.736185345354,1,2,0,0,3,2,0,0,13,6,28,9,45,24,1,-1,8,-8,3,-3,1,2,1,4,4,12
2022-10-02,F1,Lorient,Lille,2,2,1,7,20,4,4,1065.0301381184,1125.11859128972,4,0,0,1,4,0,0,1,12,9,22,17,26,34,1,-1,-13,13,0,0,1,2,4,4,20,7
2022-10-02,F1,Ajaccio,Clermont,0,1,3,12,7,3,3,889.800366281476,853.480168924834,0,0,3,0,0,1,4,3,3,4,4,10,4,19,-2,2,5,-5,0,0,3,1,3,3,7,12
2022-10-02,F1,Auxerre,Brest,1,1,1,11,9,3,2,884.391651981271,904.835922631757,0,0,2,2,0,0,2,2,3,1,7,9,7,26,0,0,2,-2,1,-1,1,1,2,3,9,11
2022-10-02,F1,Toulouse,Montpellier,2,4,2,12,23,6,6,930.828414019905,1055.1506456073,1,0,0,1,1,0,0,1,3,9,11,13,28,31,2,-2,-11,11,0,0,2,4,6,6,23,12
2022-10-02,F1,Troyes,Reims,1,2,2,19,5,6,2,1031.1620036693,863.583357530707,0,0,0,1,2,0,1,1,10,5,10,12,10,22,0,0,14,-14,4,-4,2,2,2,6,5,19
2022-10-02,F1,Monaco,Nantes,2,4,1,10,7,6,2,1165.7227340788,877.445541496283,1,0,0,1,1,0,0,7,10,5,20,7,43,18,3,-3,3,-3,4,-4,1,4,2,6,7,10
2022-10-02,F1,Lens,Lyon,2,1,0,21,4,6,0,1171.04524117755,1115.56027242083,4,0,0,2,8,0,0,3,11,6,20,19,33,41,1,-1,17,-17,6,-6,0,1,0,6,4,21
2022-10-07,F1,Lyon,Toulouse,1,1,1,19,5,8,2,1088.62762135826,989.742333628393,0,0,1,3,0,0,1,3,3,6,16,11,38,28,0,0,14,-14,6,-6,1,1,2,8,5,19
2022-10-08,F1,Marseille,Ajaccio,0,1,2,10,6,2,1,1205.82667105124,841.37459202993,0,1,0,0,8,1,1,0,13,3,26,4,40,4,-1,1,4,-4,1,-1,2,1,1,2,6,10
2022-10-08,F1,Reims,Paris SG,1,0,0,24,11,4,3,870.753082016904,1396.67263210302,0,10,1,0,0,22,4,0,5,15,10,28,20,47,0,0,13,-13,1,-1,0,0,3,4,11,24
2022-10-09,F1,Montpellier,Monaco,0,0,2,11,11,1,7,996.236725998814,1183.15483955444,1,2,0,0,1,5,0,0,6,12,13,20,31,43,-2,2,0,0,-6,6,2,0,7,1,11,11
2022-10-09,F1,Angers,Strasbourg,0,2,3,14,15,8,7,914.259043287183,848.414485448973,0,0,1,1,0,0,1,8,6,3,8,5,8,19,-1,1,-1,1,1,-1,3,2,7,8,15,14
2022-10-09,F1,Brest,Lorient,0,1,2,12,14,4,5,903.895514324631,1102.50996183277,0,2,1,0,0,2,7,0,2,15,9,25,24,29,-1,1,-2,2,-1,1,2,1,5,4,14,12
2022-10-09,F1,Clermont,Auxerre,2,2,1,10,14,6,5,901.905943176381,885.332060288397,0,0,1,2,0,0,1,2,7,1,13,8,21,8,1,-1,-4,4,1,-1,1,2,5,6,14,10
2022-10-09,F1,Nice,Troyes,2,3,2,14,17,6,6,949.954623925086,1023.9922791831,0,1,3,0,0,1,5,0,6,8,9,11,23,11,1,-1,-3,3,0,0,2,3,6,6,17,14
2022-10-09,F1,Rennes,Nantes,2,3,0,14,8,4,3,1102.75296237676,860.013436020645,3,0,0,2,3,0,0,8,11,2,15,7,26,15,3,-3,6,-6,1,-1,0,3,3,4,8,14
2022-10-09,F1,Lille,Lens,2,1,0,12,10,6,3,1087.63876757535,1197.97789224012,1,0,0,0,1,5,0,2,6,11,14,22,34,36,1,-1,2,-2,3,-3,0,1,3,6,10,12
2022-10-14,F1,Strasbourg,Lille,0,0,3,12,10,1,7,886.407416648289,1129.47295935628,0,0,1,2,0,0,5,2,5,9,8,16,21,34,-3,3,2,-2,-6,6,3,0,7,1,10,12
2022-10-15,F1,Lorient,Reims,1,0,0,10,7,3,2,1117.97952585259,885.274628548708,5,0,0,0,5,1,0,2,15,3,25,8,29,21,0,0,3,-3,1,-1,0,0,2,3,7,10
2022-10-15,F1,Lens,Montpellier,2,1,0,17,8,5,1,1156.1437004592,973.933709644991,5,0,0,2,9,0,0,2,8,3,21,12,33,30,1,-1,9,-9,4,-4,0,1,1,5,8,17
2022-10-16,F1,Toulouse,Angers,2,3,2,14,13,7,6,994.177065186854,876.266112087868,2,1,0,0,2,1,0,0,7,6,12,8,26,8,1,-1,1,-1,1,-1,2,3,6,7,13,14
2022-10-16,F1,Auxerre,Nice,1,1,1,11,9,3,2,854.85741444807,988.672365062627,0,0,0,1,1,0,3,1,1,6,8,11,8,26,0,0,2,-2,1,-1,1,1,2,3,9,11
2022-10-16,F1,Nantes,Brest,2,4,1,17,11,6,2,838.392578395997,888.425950304808,0,0,0,0,1,1,2,3,1,2,7,6,15,21,3,-3,6,-6,4,-4,1,4,2,6,11,17
2022-10-16,F1,Rennes,Lyon,2,3,2,14,7,5,5,1124.37382000141,1084.1928897998,4,0,0,3,4,0,0,4,11,1,18,14,29,39,1,-1,7,-7,0,0,2,3,5,5,7,14
2022-10-16,F1,Troyes,Ajaccio,1,1,1,9,15,2,7,985.274538045557,898.379663278099,0,2,0,0,3,2,2,0,5,6,11,7,11,7,0,0,-6,6,-5,5,1,1,7,2,15,9
2022-10-16,F1,Monaco,Clermont,1,1,1,6,21,4,7,1205.45785590826,932.380589016708,2,1,0,0,2,2,0,0,15,10,20,16,45,24,0,0,-15,15,-3,3,1,1,7,4,21,6
2022-10-16,F1,Paris SG,Marseille,2,1,0,23,18,8,7,1382.15108557122,1148.82159980307,2,3,0,0,4,5,0,0,13,10,26,23,47,37,1,-1,5,-5,1,-1,0,1,7,8,18,23
2022-10-21,F1,Ajaccio,Paris SG,0,0,3,8,11,1,6,902.299919315641,1395.39858066724,0,0,4,0,0,23,5,1,7,13,8,26,8,49,-3,3,-3,3,-5,5,3,0,6,1,11,8
2022-10-22,F1,Montpellier,Lyon,0,1,2,10,21,4,10,957.329596701319,1055.87727872129,0,0,1,4,0,0,1,5,3,1,9,11,27,36,-1,1,-11,11,-6,6,2,1,10,4,21,10
2022-10-22,F1,Marseille,Lens,0,0,1,13,12,3,4,1135.57410470705,1172.74781340287,0,0,1,1,0,0,2,3,7,10,20,21,34,33,-1,1,1,-1,-1,1,1,0,4,3,12,13
2022-10-23,F1,Angers,Rennes,0,1,2,7,14,2,5,854.727530001561,1152.68943107992,0,1,2,0,0,3,2,0,6,13,7,21,8,31,-1,1,-7,7,-3,3,2,1,5,2,14,7
2022-10-23,F1,Clermont,Brest,0,1,3,14,19,4,11,942.878595914518,826.095228989897,1,0,0,1,1,0,0,4,8,1,17,6,25,21,-2,2,-5,5,-7,7,3,1,11,4,19,14
2022-10-23,F1,Reims,Auxerre,2,2,1,19,10,10,2,894.6319754979,860.732164978954,0,0,0,3,1,0,5,3,3,2,9,9,21,9,1,-1,9,-9,8,-8,1,2,2,10,10,19
2022-10-23,F1,Toulouse,Strasbourg,1,2,2,17,11,6,5,1015.71564727316,864.819072659032,3,1,0,0,3,1,0,0,10,4,14,8,29,21,0,0,6,-6,1,-1,2,2,5,6,11,17
2022-10-23,F1,Troyes,Lorient,1,2,2,13,21,4,5,981.354282008015,1108.6221789034,0,3,0,0,4,3,3,0,5,13,12,23,12,30,0,0,-8,8,-1,1,2,2,5,4,21,13
2022-10-23,F1,Nice,Nantes,1,1,1,11,11,5,4,982.797614531743,900.723299710907,1,0,0,3,1,0,0,9,7,4,11,9,27,18,0,0,0,0,1,-1,1,1,4,5,11,11
2022-10-23,F1,Lille,Monaco,2,4,3,20,9,7,6,1151.06130334553,1194.95984901045,2,3,0,0,2,6,0,0,9,13,16,18,36,43,1,-1,11,-11,1,-1,3,4,6,7,9,20
2022-10-28,F1,Lens,Toulouse,2,3,0,13,9,8,0,1201.33699387512,1009.17290630146,6,0,0,0,10,1,0,4,10,8,23,12,36,30,3,-3,4,-4,8,-8,0,3,0,8,9,13
2022-10-29,F1,Paris SG,Troyes,2,4,3,19,16,11,5,1401.42744196202,986.966390635658,3,0,0,1,5,0,0,1,13,6,26,13,49,13,1,-1,3,-3,6,-6,3,4,5,11,16,19
2022-10-29,F1,Strasbourg,Marseille,1,2,2,12,13,5,5,871.361813630737,1106.98492423481,0,0,2,1,0,0,6,1,4,4,8,19,19,34,0,0,-1,1,0,0,2,2,5,5,13,12
2022-10-30,F1,Auxerre,Ajaccio,2,1,0,18,5,5,1,831.844582234196,896.27105802086,0,0,0,0,2,3,4,1,2,7,8,7,9,8,1,-1,13,-13,4,-4,0,1,1,5,5,18
2022-10-30,F1,Brest,Reims,1,0,0,12,11,4,3,884.163489312882,923.519558242658,0,0,2,0,0,2,8,3,4,6,8,12,23,21,0,0,1,-1,1,-1,0,0,3,4,11,12
2022-10-30,F1,Monaco,Angers,2,2,0,8,8,5,4,1158.9380227614,844.968194490688,0,0,0,1,3,0,1,1,10,3,17,6,42,8,2,-2,0,0,1,-1,0,2,4,5,8,8
2022-10-30,F1,Nantes,Clermont,1,1,1,13,10,4,6,904.434189438614,884.810335591534,1,0,0,0,2,3,0,1,5,7,9,14,19,22,0,0,3,-3,-2,2,1,1,6,4,10,13
2022-10-30,F1,Rennes,Montpellier,2,3,0,14,8,3,3,1162.44876659079,934.170346260986,5,0,0,3,5,0,0,3,13,3,23,9,31,27,3,-3,6,-6,0,0,0,3,3,3,8,14
2022-10-30,F1,Lorient,Nice,0,1,2,14,16,8,5,1103.01007027575,979.086724804037,0,0,0,0,6,1,1,2,11,5,23,11,30,25,-1,1,-2,2,3,-3,2,1,5,8,16,14
2022-10-30,F1,Lyon,Lille,2,1,0,6,15,3,5,1079.03652916162,1187.08312959459,0,1,0,0,1,1,2,0,4,12,11,18,36,38,1,-1,-9,9,-2,2,0,1,5,3,15,6
2022-11-04,F1,Troyes,Auxerre,1,1,1,21,13,6,2,981.573772220684,869.711388492462,0,0,0,4,5,0,4,4,3,5,13,8,13,12,0,0,8,-8,4,-4,1,1,2,6,13,21
2022-11-05,F1,Ajaccio,Strasbourg,2,4,2,12,9,7,5,858.404251762594,880.807149878413,0,0,5,0,0,2,6,1,4,5,7,8,8,17,2,-2,3,-3,2,-2,2,4,5,7,9,12
2022-11-05,F1,Angers,Lens,0,1,2,6,12,3,4,832.604027851013,1228.44821937756,0,1,3,0,0,1,3,0,0,12,6,23,8,39,-1,1,-6,6,-1,1,2,1,4,3,12,6
2022-11-06,F1,Lorient,Paris SG,0,1,2,9,15,2,8,1060.05690560955,1406.820060377,0,1,1,0,0,24,2,0,8,13,20,26,30,49,-1,1,-6,6,-6,6,2,1,8,2,15,9
2022-11-06,F1,Clermont,Montpellier,1,1,1,16,7,7,3,885.713087671161,911.070157928215,0,0,1,4,0,0,1,4,8,0,12,9,23,24,0,0,9,-9,4,-4,1,1,3,7,7,16
2022-11-06,F1,Nice,Brest,2,1,0,14,12,9,2,1022.03988947024,885.968190897321,0,1,0,0,2,1,1,0,8,5,14,6,28,21,1,-1,2,-2,7,-7,0,1,2,9,12,14
2022-11-06,F1,Reims,Nantes,2,1,0,22,15,9,5,921.714856658219,903.531437358987,1,0,0,0,2,1,0,10,7,5,12,10,21,17,1,-1,7,-7,4,-4,0,1,5,9,15,22
2022-11-06,F1,Toulouse,Monaco,0,0,2,13,24,5,10,982.061680799013,1171.30218940107,0,0,0,1,4,0,1,1,8,10,11,20,27,42,-2,2,-11,11,-5,5,2,0,10,5,24,13
2022-11-06,F1,Lille,Rennes,1,1,1,19,3,7,2,1145.44053091167,1185.54895492356,3,2,0,0,3,4,0,0,9,15,18,23,35,34,0,0,16,-16,5,-5,1,1,2,7,3,19
2022-11-06,F1,Marseille,Lyon,2,1,0,6,11,2,4,1097.53958798713,1120.67912784454,0,1,2,0,0,1,3,0,4,7,17,13,35,38,1,-1,-5,5,-2,2,0,1,4,2,11,6
2022-11-11,F1,Lyon,Nice,1,1,1,9,13,3,3,1086.55104303875,1042.11098653003,1,1,0,0,2,2,0,0,7,11,10,17,35,30,0,0,-4,4,0,0,1,1,3,3,13,9
2022-11-12,F1,Lens,Clermont,2,2,1,16,5,3,2,1234.39417920046,886.878754966665,7,0,0,0,11,4,0,2,12,6,23,13,41,23,1,-1,11,-11,1,-1,1,2,2,3,5,16
2022-11-12,F1,Rennes,Toulouse,2,2,1,16,10,8,4,1183.71005531126,959.980284169734,6,0,0,1,6,0,0,5,13,5,24,11,35,26,1,-1,6,-6,4,-4,1,2,4,8,10,16
2022-11-13,F1,Paris SG,Auxerre,2,5,0,9,9,6,3,1414.47509608827,874.69192200726,4,0,0,0,6,1,0,5,13,5,28,6,51,13,5,-5,0,0,3,-3,0,5,3,6,9,9
2022-11-13,F1,Brest,Troyes,2,2,1,15,8,5,2,865.897093837527,976.593238705885,0,0,0,2,1,0,9,2,4,3,6,11,18,14,1,-1,7,-7,3,-3,1,2,2,5,8,15
2022-11-13,F1,Lille,Angers,2,1,0,9,8,4,2,1147.27943052398,826.658068028116,0,0,0,2,4,0,1,2,10,0,16,6,33,8,1,-1,1,-1,2,-2,0,1,2,4,8,9
2022-11-13,F1,Montpellier,Reims,1,1,1,16,17,8,4,909.904490632711,952.041629264074,0,0,2,0,0,3,2,4,1,9,7,14,22,23,0,0,-1,1,4,-4,1,1,4,8,17,16
2022-11-13,F1,Nantes,Ajaccio,1,2,2,15,13,5,4,873.204664753132,905.08592791579,0,0,0,1,3,0,1,2,5,7,7,10,17,11,0,0,2,-2,1,-1,2,2,4,5,13,15
2022-11-13,F1,Strasbourg,Lorient,1,1,1,20,6,4,2,834.125473725217,1052.40186989828,0,0,0,0,1,4,7,1,5,5,8,20,16,30,0,0,14,-14,2,-2,1,1,2,4,6,20
2022-11-13,F1,Monaco,Marseille,0,2,3,11,11,6,3,1193.38358603035,1131.66767279292,1,0,0,0,4,1,0,2,10,4,22,17,42,38,-1,1,0,0,3,-3,3,2,3,6,11,11
2022-12-28,F1,Ajaccio,Angers,2,1,0,11,14,3,4,903.621848465765,817.929425205001,1,0,0,3,1,0,0,3,5,0,11,6,12,8,1,-1,-3,3,-1,1,0,1,4,3,14,11
2022-12-28,F1,Troyes,Nantes,1,0,0,6,19,2,5,934.729279162516,874.668744203157,0,0,0,1,6,0,5,11,3,6,8,7,14,15,0,0,-13,13,-3,3,0,0,5,2,19,6
2022-12-28,F1,Auxerre,Monaco,0,2,3,11,6,6,3,868.357621170839,1155.7583809955,1,1,0,0,3,1,0,0,5,7,6,22,13,39,-1,1,5,-5,3,-3,3,2,3,6,6,11
2022-12-28,F1,Clermont,Lille,0,0,2,9,14,3,3,879.2528556633,1156.00807334709,0,0,0,1,1,0,2,1,3,10,13,19,22,33,-2,2,-5,5,0,0,2,0,3,3,14,9
2022-12-28,F1,Brest,Lyon,0,2,4,17,17,5,10,907.761053380896,1084.51559115724,1,0,0,1,2,0,0,1,7,7,9,8,21,33,-2,2,0,0,-5,5,4,2,10,5,17,17
2022-12-28,F1,Paris SG,Strasbourg,2,2,1,9,10,6,3,1420.80939692469,843.035009838908,5,0,0,1,7,0,0,2,15,3,28,8,51,14,1,-1,-1,1,3,-3,1,2,3,6,10,9
2022-12-29,F1,Lorient,Montpellier,0,0,2,12,14,4,6,1043.49233378459,911.835519053187,0,0,2,0,0,1,3,5,3,2,18,5,31,22,-2,2,-2,2,-2,2,2,0,6,4,14,12
2022-12-29,F1,Reims,Rennes,2,3,1,10,11,4,5,950.110600843598,1197.54748316413,2,0,0,0,3,5,0,1,9,13,12,24,24,38,2,-2,-1,1,-1,1,1,3,5,4,11,10
2022-12-29,F1,Marseille,Toulouse,2,6,1,13,10,7,6,1169.29287782777,946.142856316862,1,0,0,2,1,0,0,6,7,4,17,11,40,23,5,-5,3,-3,1,-1,1,6,6,7,10,13
2022-12-29,F1,Nice,Lens,1,0,0,9,10,5,2,1044.14643841154,1242.02007850382,1,2,0,0,3,2,0,0,9,15,15,23,28,44,0,0,-1,1,3,-3,0,0,2,5,10,9
2023-01-01,F1,Angers,Lorient,0,1,2,14,10,6,5,793.66574809851,983.767665571182,0,0,4,0,0,5,4,2,0,2,6,15,8,31,-1,1,4,-4,1,-1,2,1,5,6,10,14
2023-01-01,F1,Monaco,Brest,2,1,0,17,13,5,6,1166.03125000589,884.471046075002,0,0,1,1,0,0,1,1,9,7,22,8,39,21,1,-1,4,-4,-1,1,0,1,6,5,13,17
2023-01-01,F1,Nantes,Auxerre,2,1,0,10,14,3,6,877.407408064178,858.084752160448,0,0,0,1,4,0,2,6,4,4,8,6,16,13,1,-1,-4,4,-3,3,0,1,6,3,14,10
2023-01-01,F1,Toulouse,Ajaccio,2,2,0,11,1,4,0,914.06766583793,927.885525572257,0,0,1,0,0,1,2,3,1,7,11,14,22,15,2,-2,10,-10,4,-4,0,2,0,4,1,11
2023-01-01,F1,Lyon,Clermont,0,0,1,13,13,2,3,1107.80559846314,864.433907779813,0,0,0,1,3,0,1,3,10,2,11,10,36,22,-1,1,0,0,-1,1,1,0,3,2,13,13
2023-01-01,F1,Lens,Paris SG,2,3,1,10,16,4,6,1233.77989976135,1423.02968788568,8,2,0,0,12,25,0,0,13,15,23,28,42,51,2,-2,-6,6,-2,2,1,3,6,4,16,10
2023-01-02,F1,Strasbourg,Troyes,0,2,3,17,9,7,5,840.814718877919,931.990615301495,0,0,0,3,2,0,8,3,3,3,7,8,14,15,-1,1,8,-8,2,-2,3,2,5,7,9,17
2023-01-02,F1,Lille,Reims,1,1,1,14,9,5,6,1170.82702123058,1020.81094095951,1,0,0,0,5,4,0,5,10,11,19,14,36,27,0,0,5,-5,-1,1,1,1,6,5,9,14
2023-01-02,F1,Montpellier,Marseille,0,1,2,8,18,1,9,971.560187266593,1201.3680683067,0,1,0,0,1,2,3,0,5,10,8,17,22,42,-1,1,-10,10,-8,8,2,1,9,1,18,8
2023-01-02,F1,Rennes,Nice,2,2,1,20,7,5,3,1126.84714304821,1052.38661715401,7,0,0,0,7,3,0,1,10,9,23,16,35,28,1,-1,13,-13,2,-2,1,2,3,5,7,20
2023-01-11,F1,Ajaccio,Reims,0,0,1,11,9,1,3,882.284565408535,1027.31987905439,2,0,0,0,2,5,0,6,7,9,14,15,15,28,-1,1,2,-2,-2,2,1,0,3,1,9,11
2023-01-11,F1,Auxerre,Toulouse,0,0,5,19,9,4,7,827.862601931204,959.668626001652,0,0,1,3,0,0,1,7,4,3,6,11,13,22,-5,5,10,-10,-3,3,5,0,7,4,9,19
2023-01-11,F1,Brest,Lille,1,0,0,5,11,0,4,873.904912622149,1164.3180831357,0,1,1,0,0,1,1,0,4,8,8,20,18,34,0,0,-6,6,-4,4,0,0,4,0,11,5
2023-01-11,F1,Clermont,Rennes,2,2,1,11,9,5,2,915.783424105146,1152.09218005922,0,0,1,1,0,0,3,2,5,10,12,23,22,38,1,-1,2,-2,3,-3,1,2,2,5,9,11
2023-01-11,F1,Nantes,Lyon,1,0,0,13,10,5,6,907.629558293422,1056.45608213781,1,1,0,0,5,1,0,0,6,7,11,11,18,33,0,0,3,-3,-1,1,0,0,6,5,10,13
2023-01-11,F1,Lorient,Monaco,1,2,2,8,16,6,4,999.819293185882,1176.59738345874,0,2,3,0,0,2,4,0,4,12,15,22,34,42,0,0,-8,8,2,-2,2,2,4,6,16,8
2023-01-11,F1,Nice,Montpellier,2,6,1,16,4,10,2,1027.14158014301,958.098462334106,0,1,0,0,4,2,1,0,8,5,13,8,25,21,5,-5,12,-12,8,-8,1,6,2,10,4,16
2023-01-11,F1,Paris SG,Angers,2,2,0,9,6,6,0,1357.3949658824,777.61412048381,6,0,0,4,8,0,0,4,12,0,25,3,50,8,2,-2,3,-3,6,-6,0,2,0,6,6,9
2023-01-11,F1,Strasbourg,Lens,1,2,2,9,15,6,8,817.024722663481,1299.41462176462,0,0,1,0,0,3,9,1,2,13,6,23,14,45,0,0,-6,6,-2,2,2,2,8,6,15,9
2023-01-11,F1,Troyes,Marseille,0,0,2,5,13,1,4,955.780611515933,1214.82979323919,0,2,0,0,7,3,6,0,5,13,11,17,18,42,-2,2,-8,8,-3,3,2,0,4,1,13,5
2023-01-14,F1,Lens,Auxerre,2,1,0,10,6,2,1,1285.28942276539,780.673588001538,9,0,0,2,13,0,0,7,11,1,23,6,43,13,1,-1,4,-4,1,-1,0,1,1,2,6,10
2023-01-14,F1,Marseille,Lorient,2,3,1,16,11,8,3,1230.94664670567,1007.32355111821,2,1,0,0,2,6,0,0,15,5,19,13,42,35,2,-2,5,-5,5,-5,1,3,3,8,11,16
2023-01-14,F1,Lyon,Strasbourg,0,1,2,28,8,7,6,1049.99292282182,831.149921662707,0,0,1,2,0,0,2,3,5,2,12,7,31,15,-1,1,20,-20,1,-1,2,1,6,7,8,28
2023-01-15,F1,Lille,Troyes,2,5,1,23,10,13,2,1153.38018401734,939.663758049453,0,1,0,0,6,1,1,0,9,5,18,8,35,18,4,-4,13,-13,11,-11,1,5,2,13,10,23
2023-01-15,F1,Angers,Clermont,0,1,2,5,10,1,6,774.604845594006,966.715191473601,0,1,5,0,0,1,5,0,0,7,0,15,8,25,-1,1,-5,5,-5,5,2,1,6,1,10,5
2023-01-15,F1,Montpellier,Nantes,0,0,3,11,12,5,7,898.627499623606,914.092717609403,0,0,1,0,0,1,4,12,5,6,5,11,18,18,-3,3,-1,1,-2,2,3,0,7,5,12,11
2023-01-15,F1,Reims,Nice,1,0,0,13,6,2,4,1046.68704830439,1086.61254285351,3,0,0,1,4,0,0,2,11,8,18,16,30,25,0,0,7,-7,-2,2,0,0,4,2,6,13
2023-01-15,F1,Toulouse,Brest,1,1,1,16,17,7,5,1006.85763993132,884.842811740514,1,0,0,2,1,0,0,2,6,4,14,9,25,18,0,0,-1,1,2,-2,1,1,5,7,17,16
2023-01-15,F1,Monaco,Ajaccio,2,7,1,11,5,8,2,1169.09312552641,862.917396158529,1,0,0,1,1,0,0,4,10,7,20,11,40,15,6,-6,6,-6,6,-6,1,7,2,8,5,11
2023-01-15,F1,Rennes,Paris SG,2,1,0,8,8,6,1,1101.16041269076,1360.40424077221,8,0,0,1,8,0,0,1,7,12,22,25,35,53,1,-1,0,0,5,-5,0,1,1,6,8,8
2023-01-27,F1,Lorient,Rennes,2,2,1,4,19,4,6,988.349527089483,1153.41176314655,0,0,0,2,1,0,5,3,5,9,10,22,35,37,1,-1,-15,15,-2,2,1,2,6,4,19,4
2023-01-28,F1,Troyes,Lens,1,1,1,6,21,1,5,910.490687503592,1288.61209033525,0,0,1,0,0,4,7,2,4,11,7,23,18,45,0,0,-15,15,-4,4,1,1,5,1,21,6
2023-01-28,F1,Marseille,Monaco,1,1,1,22,11,6,4,1249.9206707344,1193.43422214362,3,0,0,0,3,3,0,1,15,10,19,20,45,40,0,0,11,-11,2,-2,1,1,4,6,11,22
2023-01-29,F1,Nice,Lille,2,1,0,12,16,6,7,1084.78195667958,1182.5532545632,1,0,0,0,5,2,0,1,6,11,17,21,26,35,1,-1,-4,4,-1,1,0,1,7,6,16,12
2023-01-29,F1,Auxerre,Montpellier,0,0,2,16,4,5,3,777.35092043168,846.521639070359,0,0,2,1,0,0,2,1,0,4,5,5,13,18,-2,2,12,-12,2,-2,2,0,3,5,4,16
2023-01-29,F1,Brest,Angers,2,4,0,9,8,7,1,890.24165546538,758.691852307476,0,0,0,5,1,0,2,5,5,0,9,0,18,8,4,-4,1,-1,6,-6,0,4,1,7,8,9
2023-01-29,F1,Clermont,Nantes,1,0,0,9,4,0,0,982.628184760131,966.198578162651,1,1,0,0,1,2,0,0,9,9,15,14,28,21,0,0,5,-5,0,0,0,0,0,0,4,9
2023-01-29,F1,Strasbourg,Toulouse,0,1,2,11,10,2,3,881.004965659476,1001.45879620645,0,1,0,0,1,1,10,0,5,7,10,12,15,23,-1,1,1,-1,-1,1,2,1,3,2,10,11
2023-01-29,F1,Ajaccio,Lyon,0,0,2,16,8,5,2,838.576299541325,1000.13787882506,0,0,1,0,0,2,1,1,4,5,11,12,15,28,-2,2,8,-8,3,-3,2,0,2,5,8,16
2023-01-29,F1,Paris SG,Reims,1,1,1,12,17,5,4,1308.15289031642,1048.51763447832,7,1,0,0,9,6,0,0,9,9,22,18,50,28,0,0,-5,5,1,-1,1,1,4,5,17,12
2023-02-01,F1,Angers,Ajaccio,0,1,2,6,9,2,4,717.507878191777,813.759904458263,0,0,6,2,0,0,6,5,0,3,0,8,8,15,-1,1,-3,3,-2,2,2,1,4,2,9,6
2023-02-01,F1,Lille,Clermont,1,0,0,22,13,5,5,1141.77859535433,981.872136883148,1,2,0,0,7,2,0,0,8,10,18,13,34,29,0,0,9,-9,0,0,0,0,5,5,13,22
2023-02-01,F1,Nantes,Marseille,0,0,2,12,13,2,4,966.954626039634,1247.34205356422,0,3,0,0,6,4,1,0,9,13,15,20,22,43,-2,2,-1,1,-2,2,2,0,4,2,13,12
2023-02-01,F1,Reims,Lorient,2,4,2,31,12,9,5,1058.65410844648,1034.50314579218,0,0,0,1,5,0,1,1,9,7,18,10,26,35,2,-2,19,-19,4,-4,2,4,5,9,12,31
2023-02-01,F1,Toulouse,Troyes,2,4,1,13,11,6,3,1022.78870488125,923.230919029205,0,0,0,1,2,0,1,1,10,5,14,8,26,19,3,-3,2,-2,3,-3,1,4,3,6,11,13
2023-02-01,F1,Lens,Nice,0,0,1,9,14,4,6,1275.87185880964,1125.55661588845,10,0,0,0,14,1,0,3,9,8,24,17,45,28,-1,1,-5,5,-2,2,1,0,6,4,14,9
2023-02-01,F1,Lyon,Brest,1,0,0,28,8,8,1,1024.95427390812,931.42562958108,0,0,2,0,0,1,3,3,7,5,14,12,28,18,0,0,20,-20,7,-7,0,0,1,8,8,28
2023-02-01,F1,Monaco,Auxerre,2,3,2,16,11,6,3,1196.01283931379,742.111323122327,2,0,0,3,2,0,0,8,11,0,18,5,38,13,1,-1,5,-5,3,-3,2,3,3,6,11,16
2023-02-01,F1,Montpellier,Paris SG,0,1,3,6,19,3,8,881.761236379712,1298.01641634825,0,0,2,2,0,0,5,2,6,7,8,22,20,48,-2,2,-13,13,-5,5,3,1,8,3,19,6
2023-02-01,F1,Rennes,Strasbourg,2,3,0,6,3,3,0,1107.25814444386,859.67505698468,9,1,0,0,9,1,0,0,6,4,19,7,37,15,3,-3,3,-3,3,-3,0,3,0,3,3,6
2023-02-04,F1,Paris SG,Toulouse,2,2,1,22,14,5,5,1305.33767214525,1062.10834786615,0,2,0,0,10,2,1,0,7,13,22,14,48,28,1,-1,8,-8,0,0,1,2,5,5,14,22
2023-02-04,F1,Troyes,Lyon,0,1,3,8,10,2,6,883.911276044305,1020.74823300036,0,1,0,0,1,3,8,0,4,5,7,15,19,26,-2,2,-2,2,-4,4,3,1,6,2,10,8
2023-02-04,F1,Rennes,Lille,0,1,3,10,15,6,6,1128.39974298005,1134.89401709792,10,0,0,1,10,0,0,2,9,6,19,16,40,32,-2,2,-5,5,0,0,3,1,6,6,15,10
2023-02-05,F1,Clermont,Monaco,0,0,2,8,14,3,5,988.756715139565,1200.38499218831,0,0,0,0,2,4,1,2,11,11,13,20,30,38,-2,2,-6,6,-2,2,2,0,5,3,14,8
2023-02-05,F1,Ajaccio,Nantes,0,0,2,8,7,2,3,837.114808510234,952.391397073658,0,0,2,0,0,3,2,1,3,8,10,12,18,21,-2,2,1,-1,-1,1,2,0,3,2,7,8
2023-02-05,F1,Auxerre,Reims,1,0,0,12,8,3,4,737.739170247813,1099.46799395886,0,0,3,0,0,7,3,1,0,9,4,20,13,29,0,0,4,-4,-1,1,0,0,4,3,8,12
2023-02-05,F1,Lorient,Angers,1,0,0,13,13,2,5,993.689260279807,694.152974139806,1,0,0,6,2,0,0,6,7,0,9,0,32,7,0,0,0,0,-3,3,0,0,5,2,13,13
2023-02-05,F1,Strasbourg,Montpellier,2,2,0,6,11,2,0,838.53345844849,874.439980582715,0,1,1,0,0,1,11,0,4,3,7,8,15,17,2,-2,-5,5,2,-2,0,2,0,2,11,6
2023-02-05,F1,Brest,Lens,1,1,1,16,20,3,7,935.631670488832,1230.83099676338,1,0,0,0,2,5,0,3,6,8,13,21,19,42,0,0,-4,4,-4,4,1,1,7,3,20,16
2023-02-05,F1,Marseille,Nice,0,1,3,22,14,5,8,1261.90528253019,1170.59747793471,0,1,0,0,4,2,1,0,13,10,23,19,43,30,-2,2,8,-8,-3,3,3,1,8,5,14,22
2023-02-10,F1,Nice,Ajaccio,2,3,0,11,6,3,3,1225.72287479172,807.297359144157,2,1,0,0,6,1,0,0,13,3,21,10,32,17,3,-3,5,-5,0,0,0,3,3,3,6,11
2023-02-11,F1,Monaco,Paris SG,2,3,1,19,7,9,2,1220.4058225973,1317.99647603058,3,1,0,0,3,1,0,0,11,10,23,22,40,48,2,-2,12,-12,7,-7,1,3,2,9,7,19
2023-02-11,F1,Clermont,Marseille,0,0,2,9,17,4,5,968.735884730574,1206.77988567318,0,4,1,0,0,5,2,0,8,10,13,23,27,42,-2,2,-8,8,-1,1,2,0,5,4,17,9
2023-02-12,F1,Toulouse,Rennes,2,3,1,13,13,7,4,1049.44954398082,1085.36181711758,1,0,0,3,3,0,0,4,10,6,13,16,25,39,2,-2,0,0,3,-3,1,3,4,7,13,13
2023-02-12,F1,Angers,Auxerre,1,1,1,10,15,5,4,705.310668661399,750.19257097216,0,0,7,4,0,0,7,9,1,1,1,5,7,13,0,0,-5,5,1,-1,1,1,4,5,15,10
2023-02-12,F1,Lille,Strasbourg,2,2,0,14,5,10,0,1177.93194296039,886.907573642243,0,0,0,1,8,0,1,1,8,7,16,9,34,17,2,-2,9,-9,10,-10,0,2,0,10,5,14
2023-02-12,F1,Montpellier,Brest,2,3,0,16,10,7,2,826.065865388962,946.685872122325,0,0,3,0,0,2,6,4,3,7,8,11,17,19,3,-3,6,-6,5,-5,0,3,2,7,10,16
2023-02-12,F1,Reims,Troyes,2,4,0,20,7,10,2,1087.01459323451,856.485930734648,1,0,0,2,6,0,0,2,9,1,18,6,30,19,4,-4,13,-13,8,-8,0,4,2,10,7,20
2023-02-12,F1,Nantes,Lorient,2,1,0,13,9,6,5,982.208846439735,982.531565758213,0,0,1,2,0,0,2,2,8,5,14,9,23,32,1,-1,4,-4,1,-1,0,1,5,6,9,13
2023-02-12,F1,Lyon,Lens,2,2,1,11,14,5,4,1048.17357831002,1219.77679512989,0,0,0,0,1,6,4,4,8,6,15,19,26,42,1,-1,-3,3,1,-1,1,2,4,5,14,11
2023-02-17,F1,Auxerre,Lyon,2,2,1,8,6,3,4,748.137103893308,1094.80772895628,0,2,0,0,1,4,4,0,2,10,3,15,11,28,1,-1,2,-2,-1,1,1,2,4,3,6,8
2023-02-18,F1,Nice,Reims,1,0,0,16,10,1,2,1234.72226724759,1114.06081627983,3,0,0,0,7,8,0,2,13,9,21,20,35,32,0,0,6,-6,-1,1,0,0,2,1,10,16
2023-02-18,F1,Strasbourg,Angers,2,2,1,18,10,5,3,873.072890586258,707.366135740251,1,0,0,0,1,1,0,7,6,2,8,2,16,8,1,-1,8,-8,2,-2,1,2,3,5,10,18
2023-02-19,F1,Paris SG,Lille,2,4,3,12,16,10,7,1262.13383549345,1191.76662601637,1,1,0,0,11,1,0,0,7,10,19,19,45,37,1,-1,-4,4,3,-3,3,4,7,10,16,12
2023-02-19,F1,Brest,Monaco,0,1,2,13,10,3,3,873.948064296907,1276.26846313443,0,1,0,0,3,5,1,0,6,13,10,23,16,43,-1,1,3,-3,0,0,2,1,3,3,10,13
2023-02-19,F1,Lorient,Ajaccio,2,3,0,10,12,6,3,950.501842219084,798.297966688291,0,0,0,1,3,0,1,1,4,3,9,10,29,17,3,-3,-2,2,3,-3,0,3,3,6,12,10
2023-02-19,F1,Rennes,Clermont,2,2,0,18,7,6,3,1036.98698366124,950.967166637496,0,0,1,0,0,3,1,1,6,5,13,12,36,24,2,-2,11,-11,3,-3,0,2,3,6,7,18
2023-02-19,F1,Troyes,Montpellier,0,0,1,4,19,2,7,829.439707689329,898.80367321438,0,0,1,1,0,0,9,1,1,6,6,11,19,20,-1,1,-15,15,-5,5,1,0,7,2,19,4
2023-02-19,F1,Lens,Nantes,2,3,1,19,6,6,3,1173.14264448363,1014.23856997886,0,1,1,0,0,4,1,0,5,10,16,16,39,26,2,-2,13,-13,3,-3,1,3,3,6,6,19
2023-02-19,F1,Toulouse,Marseille,0,2,3,15,15,6,7,1097.82437743715,1224.54860376626,2,5,0,0,4,6,0,0,10,10,16,25,27,42,-1,1,0,0,-1,1,3,2,7,6,15,15
2023-02-24,F1,Lille,Brest,2,2,1,18,3,4,0,1166.16049883448,868.200147606995,1,0,0,1,9,0,0,5,7,5,18,10,34,16,1,-1,15,-15,4,-4,1,2,0,4,3,18
2023-02-25,F1,Angers,Lyon,0,1,3,11,7,2,5,689.567464566454,1038.4663551038,0,0,0,1,1,0,8,1,2,10,2,15,8,25,-2,2,4,-4,-3,3,3,1,5,2,7,11
2023-02-25,F1,Montpellier,Lens,1,1,1,8,19,3,6,924.498564532094,1198.23217131375,1,0,0,1,1,0,0,5,9,5,13,16,20,39,0,0,-11,11,-3,3,1,1,6,3,19,8
2023-02-26,F1,Lorient,Auxerre,0,0,1,18,9,4,1,982.563693041321,804.47847774579,1,0,0,0,4,1,0,10,7,5,12,5,32,11,-1,1,9,-9,3,-3,1,0,1,4,9,18
2023-02-26,F1,Ajaccio,Troyes,2,2,1,14,11,6,5,766.236115866054,803.744816371616,0,0,3,3,0,0,3,3,3,1,7,5,17,16,1,-1,3,-3,1,-1,1,2,5,6,11,14
2023-02-26,F1,Clermont,Strasbourg,1,1,1,11,12,4,6,917.751473610079,890.871561760055,0,0,2,2,0,0,3,2,2,6,11,11,24,19,0,0,-1,1,-2,2,1,1,6,4,12,11
2023-02-26,F1,Nantes,Rennes,0,0,1,20,11,7,3,989.149043148738,1070.20267668866,1,0,0,4,1,0,0,5,7,6,16,15,23,39,-1,1,9,-9,4,-4,1,0,3,7,11,20
2023-02-26,F1,Reims,Toulouse,2,3,0,18,13,6,6,1119.40435847612,1077.00465731223,2,0,0,1,7,0,0,1,9,9,18,16,32,27,3,-3,5,-5,0,0,0,3,6,6,13,18
2023-02-26,F1,Monaco,Nice,0,0,3,15,12,4,7,1282.01637982434,1229.3787250513,4,2,0,0,4,3,0,0,13,13,23,19,45,36,-3,3,3,-3,-3,3,3,0,7,4,12,15
2023-02-26,F1,Marseille,Paris SG,0,0,3,19,12,6,7,1245.36832389118,1287.73996267534,0,0,1,1,0,0,2,1,10,10,25,19,42,47,-3,3,7,-7,-1,1,3,0,7,6,12,19
2023-03-03,F1,Nice,Auxerre,1,1,1,17,3,5,1,1292.10940315535,851.580735349882,0,1,0,0,8,2,1,0,13,8,21,8,36,14,0,0,14,-14,4,-4,1,1,1,5,3,17
2023-03-04,F1,Lens,Lille,1,1,1,10,11,1,6,1187.71697230183,1175.91990813785,1,0,0,1,1,0,0,1,5,10,14,18,37,37,0,0,-1,1,-5,5,1,1,6,1,11,10
2023-03-04,F1,Paris SG,Nantes,2,4,2,17,8,11,5,1335.65391211427,964.481810863497,2,0,0,1,12,0,0,1,12,6,19,15,47,22,2,-2,9,-9,6,-6,2,4,5,11,8,17
2023-03-05,F1,Troyes,Monaco,1,2,2,13,17,6,4,768.303496633714,1219.28570172029,0,2,2,0,0,6,10,0,0,12,5,23,13,45,0,0,-4,4,2,-2,2,2,4,6,17,13
2023-03-05,F1,Montpellier,Angers,2,5,0,15,10,8,4,935.013763544019,679.188879802395,0,0,0,1,2,0,1,8,7,2,13,2,18,8,5,-5,5,-5,4,-4,0,5,4,8,10,15
2023-03-05,F1,Reims,Ajaccio,2,1,0,12,5,3,1,1167.31396830428,801.677435603956,3,0,0,2,8,0,0,2,11,6,20,9,32,20,1,-1,7,-7,2,-2,0,1,1,3,5,12
2023-03-05,F1,Strasbourg,Brest,0,0,1,17,8,4,1,892.106963559388,858.44073830362,2,0,0,2,2,0,0,6,7,2,11,7,19,16,-1,1,9,-9,3,-3,1,0,1,4,8,17
2023-03-05,F1,Toulouse,Clermont,0,0,1,9,12,0,3,1029.09504748406,916.516071810746,0,0,1,1,0,0,1,2,6,2,16,12,27,25,-1,1,-3,3,-3,3,1,0,3,0,12,9
2023-03-05,F1,Lyon,Lorient,1,0,0,17,11,5,1,1048.84493986786,935.461435437229,1,0,0,3,2,0,0,3,10,4,17,11,25,29,0,0,6,-6,4,-4,0,0,1,5,11,17
2023-03-05,F1,Rennes,Marseille,0,0,1,13,11,2,4,1094.8699089739,1197.45437445225,1,6,0,0,1,7,0,0,9,9,15,22,39,39,-1,1,2,-2,-2,2,1,0,4,2,11,13
2023-03-10,F1,Lille,Lyon,1,3,3,8,6,6,5,1176.46297433158,1043.80123033493,2,1,0,0,10,1,0,0,10,10,16,15,35,26,0,0,2,-2,1,-1,3,3,5,6,6,8
2023-03-11,F1,Auxerre,Rennes,1,0,0,12,7,0,2,865.23256386289,1072.05296733306,1,1,0,0,2,1,0,0,9,6,9,15,15,38,0,0,5,-5,-2,2,0,0,2,0,7,12
2023-03-11,F1,Brest,Paris SG,0,1,2,7,17,2,8,893.531843695214,1344.91545113527,0,1,1,0,0,1,2,0,4,12,10,19,18,47,-1,1,-10,10,-6,6,2,1,8,2,17,7
2023-03-12,F1,Clermont,Lens,0,0,4,9,13,6,6,958.536705792331,1187.1739061081,0,0,0,0,1,1,4,6,4,6,15,14,25,37,-4,4,-4,4,0,0,4,0,6,6,13,9
2023-03-12,F1,Ajaccio,Montpellier,0,0,1,7,12,1,4,794.724874419158,962.615211761043,1,1,0,0,1,1,0,0,3,10,6,13,20,21,-1,1,-5,5,-3,3,1,0,4,1,12,7
2023-03-12,F1,Angers,Toulouse,0,0,2,13,8,2,5,651.58743158537,987.074413502479,0,0,1,2,0,0,9,2,2,3,2,16,8,27,-2,2,5,-5,-3,3,2,0,5,2,8,13
2023-03-12,F1,Lorient,Troyes,2,2,0,16,9,6,2,940.505144970162,782.082943763869,0,0,1,4,0,0,1,4,5,1,12,5,27,13,2,-2,7,-7,4,-4,0,2,2,6,9,16
2023-03-12,F1,Nantes,Nice,1,2,2,10,16,3,8,955.2202718425,1278.45757464234,0,3,1,0,0,4,1,0,6,11,14,21,22,37,0,0,-6,6,-5,5,2,2,8,3,16,10
2023-03-12,F1,Monaco,Reims,0,0,1,14,17,3,8,1205.50625459014,1174.26652948908,0,0,1,0,0,9,1,3,10,11,21,20,43,34,-1,1,-3,3,-5,5,1,0,8,3,17,14
2023-03-12,F1,Marseille,Strasbourg,1,2,2,7,24,4,9,1220.27131609309,857.015858167795,0,0,2,0,0,1,3,3,9,7,22,11,39,18,0,0,-17,17,-5,5,2,2,9,4,24,7
2023-03-17,F1,Lyon,Nantes,1,1,1,11,11,6,5,1049.62997749092,966.912397415337,0,0,0,2,3,0,1,2,8,4,16,12,27,23,0,0,0,0,1,-1,1,1,5,6,11,11
2023-03-18,F1,Toulouse,Lille,0,0,2,16,18,4,5,998.180547681746,1170.63422717559,0,0,2,0,0,1,2,2,6,8,16,16,27,36,-2,2,-2,2,-1,1,2,0,5,4,18,16
2023-03-18,F1,Lens,Angers,2,3,0,12,3,6,1,1214.45360913932,640.481297406104,0,0,0,2,2,0,1,9,8,1,14,2,37,5,3,-3,9,-9,5,-5,0,3,1,6,3,12
2023-03-19,F1,Ajaccio,Monaco,0,0,2,10,8,1,4,777.087257439369,1170.63669861247,0,0,1,0,0,7,1,1,3,7,6,18,20,40,-2,2,2,-2,-3,3,2,0,4,1,8,10
2023-03-19,F1,Montpellier,Clermont,2,2,1,23,16,9,8,980.252828740833,931.25700276111,1,1,0,0,3,1,0,0,13,4,16,12,24,24,1,-1,7,-7,1,-1,1,2,8,9,16,23
2023-03-19,F1,Nice,Lorient,1,1,1,16,9,1,3,1266.7654490695,965.644390093383,0,0,0,0,9,1,2,4,9,7,22,12,35,27,0,0,7,-7,-2,2,1,1,3,1,9,16
2023-03-19,F1,Strasbourg,Auxerre,2,2,0,13,8,6,1,869.496877479693,873.771447773062,0,0,1,0,0,3,1,1,5,9,12,10,18,16,2,-2,5,-5,5,-5,0,2,1,6,8,13
2023-03-19,F1,Troyes,Brest,1,2,2,15,9,5,2,756.943698640649,889.100278239061,0,1,0,0,1,1,11,0,1,3,2,10,13,18,0,0,6,-6,3,-3,2,2,2,5,9,15
2023-03-19,F1,Paris SG,Rennes,0,0,2,17,10,8,3,1349.34701659142,1063.51408342289,3,0,0,0,13,2,0,1,12,7,22,13,47,36,-2,2,7,-7,5,-5,2,0,3,8,10,17
2023-03-19,F1,Reims,Marseille,0,1,2,19,12,6,5,1209.13608546675,1207.79029678119,4,7,0,0,9,8,0,0,13,10,22,20,37,37,-1,1,7,-7,1,-1,2,1,5,6,12,19
2023-03-31,F1,Marseille,Montpellier,1,1,1,13,9,2,3,1239.9142478799,1007.76982492714,0,2,0,0,1,2,4,0,10,13,20,19,39,24,0,0,4,-4,-1,1,1,1,3,2,9,13
2023-04-01,F1,Auxerre,Troyes,2,1,0,13,14,5,2,829.374267824819,762.75225880944,0,0,0,5,3,0,1,5,8,2,10,3,16,11,1,-1,-1,1,3,-3,0,1,2,5,14,13
2023-04-01,F1,Rennes,Lens,0,0,1,10,12,3,4,1137.04283302112,1218.31799104259,0,1,1,0,0,2,1,0,10,11,16,16,38,39,-1,1,-2,2,-1,1,1,0,4,3,12,10
2023-04-02,F1,Lille,Lorient,2,3,1,20,2,7,1,1194.35019328879,976.839455688344,0,0,0,0,11,2,1,5,8,8,18,12,36,25,2,-2,18,-18,6,-6,1,3,1,7,2,20
2023-04-02,F1,Angers,Nice,1,1,1,13,12,6,3,636.61691550284,1255.57038347454,0,0,2,0,0,5,10,1,0,7,2,20,2,36,0,0,1,-1,3,-3,1,1,3,6,12,13
2023-04-02,F1,Brest,Toulouse,2,3,1,17,8,7,3,883.291718070269,974.46458156855,0,1,2,0,0,1,3,0,4,3,10,13,19,27,2,-2,9,-9,4,-4,1,3,3,7,8,17
2023-04-02,F1,Clermont,Ajaccio,2,2,1,14,3,6,2,903.740006574805,768.839844952574,0,0,1,3,0,0,5,3,4,3,9,6,24,17,1,-1,11,-11,4,-4,1,2,2,6,3,14
2023-04-02,F1,Nantes,Reims,0,0,3,12,14,6,9,970.651305040118,1177.01213436804,0,1,0,0,1,10,2,0,2,10,12,19,23,37,-3,3,-2,2,-3,3,3,0,9,6,14,12
2023-04-02,F1,Monaco,Strasbourg,2,4,3,9,13,7,6,1178.88411109926,913.894057427936,0,0,2,0,0,2,2,4,7,8,20,14,40,21,1,-1,-4,4,1,-1,3,4,6,7,13,9
2023-04-02,F1,Paris SG,Lyon,0,0,1,16,10,5,3,1275.81826699319,1045.89106986614,0,0,1,0,0,2,1,1,12,6,19,16,44,28,-1,1,6,-6,2,-2,1,0,3,5,10,16
2023-04-07,F1,Lens,Strasbourg,2,2,1,13,13,9,3,1242.96589435052,902.459373901851,1,0,0,1,3,0,0,5,11,5,16,11,39,21,1,-1,0,0,6,-6,1,2,3,9,13,13
2023-04-08,F1,Angers,Lille,2,1,0,7,15,5,5,651.734600606278,1213.85263528727,0,1,0,0,1,2,11,0,1,11,3,18,3,39,1,-1,-8,8,0,0,0,1,5,5,15,7
2023-04-08,F1,Nice,Paris SG,0,0,2,21,13,7,4,1240.4526983711,1225.27269215123,0,2,0,0,10,2,3,0,7,9,20,19,37,41,-2,2,8,-8,3,-3,2,0,4,7,13,21
2023-04-09,F1,Lyon,Rennes,2,3,1,11,11,3,3,1096.43664470809,1112.39492971318,0,1,0,0,4,3,2,0,9,7,19,13,31,35,2,-2,0,0,0,0,1,3,3,3,11,11
2023-04-09,F1,Ajaccio,Auxerre,0,0,3,9,11,2,4,748.675723298914,855.312271251216,0,0,2,1,0,0,2,2,3,8,6,13,17,18,-3,3,-2,2,-2,2,3,0,4,2,11,9
2023-04-09,F1,Montpellier,Toulouse,0,1,2,16,15,8,8,1017.11017314963,919.355095883179,2,0,0,1,4,0,0,1,11,3,20,12,25,24,-1,1,1,-1,0,0,2,1,8,8,15,16
2023-04-09,F1,Reims,Brest,1,1,1,22,12,7,5,1202.49291875106,938.40120375564,0,0,1,0,0,2,1,1,12,7,21,12,39,21,0,0,10,-10,2,-2,1,1,5,7,12,22
2023-04-09,F1,Troyes,Clermont,0,0,2,9,12,3,4,736.814255383043,923.904128228465,0,0,0,1,2,0,12,1,2,7,3,9,10,24,-2,2,-3,3,-1,1,2,0,4,3,12,9
2023-04-09,F1,Nantes,Monaco,1,2,2,9,16,2,10,945.170520657092,1190.31879462535,0,1,1,0,0,8,3,0,2,7,9,20,23,40,0,0,-7,7,-8,8,2,2,10,2,16,9
2023-04-09,F1,Lorient,Marseille,1,0,0,9,13,5,2,957.337013689861,1230.5738996574,1,8,0,0,1,9,0,0,5,8,12,18,22,37,0,0,-4,4,3,-3,0,0,2,5,13,9
2023-04-14,F1,Toulouse,Lyon,0,1,2,13,14,6,3,960.128373432339,1142.30729945474,0,1,3,0,0,3,3,0,6,9,12,19,26,33,-1,1,-1,1,3,-3,2,1,3,6,14,13
2023-04-15,F1,Rennes,Reims,2,3,0,23,5,8,1,1066.52427496654,1192.23458426538,0,2,2,0,0,11,2,0,4,10,13,21,32,39,3,-3,18,-18,7,-7,0,3,1,8,5,23
2023-04-15,F1,Paris SG,Lens,2,3,1,15,14,7,7,1271.04529997955,1250.86700210088,0,2,2,0,0,3,2,0,9,13,21,18,43,42,2,-2,1,-1,0,0,1,3,7,7,14,15
2023-04-16,F1,Lille,Montpellier,2,2,1,17,4,7,1,1152.27440110074,976.336895600473,1,0,0,0,12,3,0,1,8,10,18,17,36,25,1,-1,13,-13,6,-6,1,2,1,7,4,17
2023-04-16,F1,Auxerre,Nantes,2,2,1,13,17,7,7,893.613258770942,954.897019278125,1,0,0,0,4,1,0,3,8,3,16,9,21,24,1,-1,-4,4,0,0,1,2,7,7,17,13
2023-04-16,F1,Brest,Nice,2,1,0,14,12,3,6,948.659538241328,1194.68009054278,1,0,0,0,1,6,0,2,8,4,10,17,22,34,1,-1,2,-2,-3,3,0,1,6,3,12,14
2023-04-16,F1,Clermont,Angers,2,2,1,12,7,5,4,946.190703975366,713.312834792808,1,0,0,3,1,0,0,10,9,4,11,6,24,6,1,-1,5,-5,1,-1,1,2,4,5,7,12
2023-04-16,F1,Strasbourg,Ajaccio,2,3,1,12,8,6,1,894.558266151493,710.374735779188,1,0,0,4,1,0,0,4,4,0,11,6,18,14,2,-2,4,-4,5,-5,1,3,1,6,8,12
2023-04-16,F1,Monaco,Lorient,2,3,1,11,7,7,4,1180.59229600432,967.839205562386,1,0,0,1,1,0,0,6,8,6,20,10,38,20,2,-2,4,-4,3,-3,1,3,4,7,7,11
2023-04-16,F1,Marseille,Troyes,2,3,1,28,4,6,2,1220.07170778488,714.527679636143,0,0,0,6,2,0,5,6,9,2,18,2,38,10,2,-2,24,-24,4,-4,1,3,2,6,4,28
2023-04-21,F1,Angers,Paris SG,0,1,2,16,10,4,4,700.038007939526,1312.35862362297,1,3,0,0,2,3,0,0,4,9,6,21,6,43,-1,1,6,-6,0,0,2,1,4,4,10,16
2023-04-22,F1,Auxerre,Lille,1,1,1,8,14,4,6,931.199882608839,1169.32634373182,2,0,0,1,5,0,0,1,10,10,19,20,23,36,0,0,-6,6,-2,2,1,1,6,4,14,8
2023-04-22,F1,Lens,Monaco,2,3,0,21,11,8,4,1209.55367845746,1200.51325734751,2,0,0,0,4,9,0,1,12,10,18,20,39,40,3,-3,10,-10,4,-4,0,3,4,8,11,21
2023-04-23,F1,Reims,Strasbourg,0,0,2,15,9,5,3,1118.79039153421,917.124108606784,0,0,0,2,1,0,2,6,7,7,18,14,38,21,-2,2,6,-6,2,-2,2,0,3,5,9,15
2023-04-23,F1,Ajaccio,Brest,1,0,0,3,10,2,2,687.808893323897,1000.16310842848,0,0,3,0,0,3,3,2,0,8,3,12,13,25,0,0,-7,7,0,0,0,0,2,2,10,3
2023-04-23,F1,Lorient,Toulouse,0,0,1,9,13,1,4,947.918244219193,943.522061519261,0,1,0,0,2,1,1,0,5,6,10,9,19,23,-1,1,-4,4,-3,3,1,0,4,1,13,9
2023-04-23,F1,Nantes,Troyes,1,2,2,19,9,9,4,917.310395440229,709.996809247602,0,0,0,7,1,0,4,7,3,1,9,2,21,9,0,0,10,-10,5,-5,2,2,4,9,9,19
2023-04-23,F1,Nice,Clermont,0,1,2,15,9,5,3,1143.17652035563,959.465530828647,0,1,1,0,0,1,4,0,3,9,14,13,33,26,-1,1,6,-6,2,-2,2,1,3,5,9,15
2023-04-23,F1,Montpellier,Rennes,2,1,0,11,16,2,4,959.284952969396,1139.9684676977,0,0,1,1,0,0,1,1,7,7,17,13,25,32,1,-1,-5,5,-2,2,0,1,4,2,16,11
2023-04-23,F1,Lyon,Marseille,0,1,2,7,14,2,7,1158.91361136782,1224.60257817342,1,0,0,0,5,10,0,1,11,9,21,18,36,41,-1,1,-7,7,-5,5,2,1,7,2,14,7
2023-04-28,F1,Strasbourg,Lyon,0,1,2,11,7,3,4,983.918680661025,1132.89271356351,2,2,0,0,2,4,0,0,9,10,14,18,23,33,-1,1,4,-4,-1,1,2,1,4,3,7,11
2023-04-29,F1,Lille,Ajaccio,2,3,0,10,2,5,0,1159.80621892538,699.262079088697,2,0,0,5,13,0,0,5,10,1,18,4,34,14,3,-3,8,-8,5,-5,0,3,0,5,2,10
2023-04-30,F1,Monaco,Montpellier,0,0,4,7,19,4,9,1147.40027743452,1006.57256251574,2,0,0,1,2,0,0,2,10,7,17,20,40,28,-4,4,-12,12,-5,5,4,0,9,4,19,7
2023-04-30,F1,Clermont,Reims,2,1,0,6,13,2,2,1006.96744279561,1051.99581947997,2,0,0,1,2,0,0,1,12,4,16,17,29,35,1,-1,-7,7,0,0,0,1,2,2,13,6
2023-04-30,F1,Rennes,Angers,2,4,2,13,4,4,2,1092.68085815136,698.206663900628,1,0,0,4,1,0,0,11,6,4,13,5,29,6,2,-2,9,-9,2,-2,2,4,2,4,4,13
2023-04-30,F1,Troyes,Nice,0,0,1,9,29,6,13,718.551924072903,1095.67460838867,0,0,1,1,0,0,13,3,2,2,3,11,9,32,-1,1,-20,20,-7,7,1,0,13,6,29,9
2023-04-30,F1,Paris SG,Lorient,0,1,3,13,14,4,7,1314.18996766187,915.51336243669,1,0,0,2,1,0,0,7,9,2,21,9,43,18,-2,2,-1,1,-3,3,3,1,7,4,14,13
2023-04-30,F1,Marseille,Auxerre,2,2,1,26,11,4,3,1250.62347597773,940.720007415276,1,1,0,0,3,1,0,0,11,10,21,19,44,24,1,-1,15,-15,1,-1,1,2,3,4,11,26
2023-05-02,F1,Toulouse,Lens,0,0,1,9,11,2,3,975.926943301764,1262.66665837045,0,0,4,1,0,0,4,1,6,12,12,20,25,39,-1,1,-2,2,-1,1,1,0,3,2,11,9
2023-05-03,F1,Brest,Nantes,2,2,0,8,13,4,5,988.709922663678,908.755280614928,2,0,0,1,2,0,0,4,9,3,12,7,23,21,2,-2,-5,5,-1,1,0,2,5,4,13,8
2023-05-06,F1,Nice,Rennes,2,2,1,11,14,4,4,1102.22788570657,1100.88858102156,0,0,2,2,0,0,5,2,4,6,11,16,32,29,1,-1,-3,3,0,0,1,2,4,4,14,11
2023-05-06,F1,Reims,Lille,2,1,0,14,11,4,5,1015.87161790105,1166.99576530298,0,0,1,0,0,1,3,2,4,10,14,18,34,37,1,-1,3,-3,-1,1,0,1,5,4,11,14
2023-05-06,F1,Lens,Marseille,2,2,1,9,14,3,3,1272.9723862691,1259.82772231207,3,1,0,0,5,11,0,0,12,11,23,21,39,46,1,-1,-5,5,0,0,1,2,3,3,14,9
2023-05-07,F1,Angers,Monaco,0,1,2,10,14,3,6,689.998941030424,1058.09569320974,0,0,1,1,0,0,1,2,4,7,4,14,6,37,-1,1,-4,4,-3,3,2,1,6,3,14,10
2023-05-07,F1,Ajaccio,Toulouse,1,0,0,4,15,2,5,692.072532711101,965.621215403119,0,2,0,0,1,2,4,0,1,6,4,9,14,25,0,0,-11,11,-3,3,0,0,5,2,15,4
2023-05-07,F1,Auxerre,Clermont,1,1,1,11,9,4,4,931.51576108093,1043.09164437453,0,2,0,0,6,2,1,0,10,15,18,19,21,31,0,0,2,-2,0,0,1,1,4,4,9,11
2023-05-07,F1,Lorient,Brest,2,2,1,6,15,3,2,995.199088862834,1022.6491504541,0,0,1,0,0,4,2,3,4,11,12,15,21,25,1,-1,-9,9,1,-1,1,2,2,3,15,6
2023-05-07,F1,Nantes,Strasbourg,0,0,2,13,8,5,6,874.816052824506,964.856366539217,0,1,0,0,2,1,5,0,2,6,4,14,20,22,-2,2,5,-5,-1,1,2,0,6,5,8,13
2023-05-07,F1,Lyon,Montpellier,2,5,4,16,12,8,6,1151.95502768532,1095.87714674052,0,1,1,0,0,1,1,0,12,7,18,20,33,31,1,-1,4,-4,2,-2,4,5,6,8,12,16
2023-05-07,F1,Troyes,Paris SG,0,1,3,7,31,3,12,711.998646754999,1234.50424123572,0,4,2,0,0,4,14,0,1,9,3,21,9,40,-2,2,-24,24,-9,9,3,1,12,3,31,7
2023-05-12,F1,Lens,Reims,2,2,1,8,17,6,3,1303.76229528342,1060.9745504973,4,0,0,2,6,0,0,2,12,4,23,16,39,34,1,-1,-9,9,3,-3,1,2,3,6,17,8
2023-05-13,F1,Strasbourg,Nice,2,2,0,12,9,3,4,997.595782714269,1134.10453179747,0,1,1,0,0,1,1,0,9,6,14,13,25,32,2,-2,3,-3,-1,1,0,2,4,3,9,12
2023-05-13,F1,Paris SG,Ajaccio,2,5,0,16,7,9,2,1238.63347589178,702.582892151929,0,0,1,6,0,0,1,6,12,2,21,5,40,12,5,-5,9,-9,7,-7,0,5,2,9,7,16
2023-05-14,F1,Clermont,Lyon,2,2,1,9,15,6,4,1038.12302930193,1178.83445334428,3,3,0,0,3,5,0,0,13,12,20,21,31,36,1,-1,-6,6,2,-2,1,2,4,6,15,9
2023-05-14,F1,Brest,Auxerre,2,1,0,15,10,10,2,988.126153853489,936.484376153529,3,0,0,1,3,0,0,1,8,8,15,16,25,21,1,-1,5,-5,8,-8,0,1,2,10,10,15
2023-05-14,F1,Montpellier,Lorient,1,1,1,15,11,4,3,1068.99772108156,1029.72208546344,1,1,0,0,1,1,0,0,6,7,17,12,30,24,0,0,4,-4,1,-1,1,1,3,4,11,15
2023-05-14,F1,Rennes,Troyes,2,4,0,26,4,9,0,1069.01193493067,707.869412098941,2,0,0,0,2,1,0,8,6,1,13,3,28,8,4,-4,22,-22,9,-9,0,4,0,9,4,26
2023-05-14,F1,Toulouse,Nantes,1,0,0,14,8,6,1,955.110855962291,842.076636649454,0,0,5,2,0,0,5,5,7,2,10,4,26,20,0,0,6,-6,5,-5,0,0,1,6,8,14
2023-05-14,F1,Monaco,Lille,1,0,0,8,10,1,4,1064.96097276268,1121.89283270673,0,0,1,1,0,0,1,3,7,7,14,18,37,36,0,0,-2,2,-3,3,0,0,4,1,10,8
2023-05-14,F1,Marseille,Angers,2,3,1,14,4,6,1,1229.03781329774,683.133661477481,2,0,0,5,4,0,0,12,10,3,18,4,43,6,2,-2,10,-10,5,-5,1,3,1,6,4,14
2023-05-19,F1,Lyon,Monaco,2,3,1,22,16,11,9,1134.53944413429,1067.55956497449,1,1,0,0,1,1,0,0,9,7,18,15,35,38,2,-2,6,-6,2,-2,1,3,9,11,16,22
2023-05-20,F1,Nantes,Montpellier,0,0,3,13,13,3,6,847.105854822416,1067.19667655832,0,0,1,1,0,0,6,1,2,7,5,17,20,30,-3,3,0,0,-3,3,3,0,6,3,13,13
2023-05-20,F1,Lille,Marseille,2,2,1,12,8,3,3,1119.29424049492,1232.66823592454,3,0,0,1,14,0,0,1,8,12,16,21,34,43,1,-1,4,-4,0,0,1,2,3,3,8,12
2023-05-21,F1,Ajaccio,Rennes,0,0,5,2,13,0,7,696.117028378779,1083.35277653314,0,0,0,3,2,0,5,3,2,9,2,13,11,28,-5,5,-11,11,-7,7,5,0,7,0,13,2
2023-05-21,F1,Brest,Clermont,2,2,1,10,8,3,2,1015.40449107139,1082.41803851192,4,0,0,0,4,3,0,1,10,13,18,22,25,34,1,-1,2,-2,1,-1,1,2,2,3,8,10
2023-05-21,F1,Nice,Toulouse,1,0,0,21,7,7,4,1073.85026810656,950.081637789329,1,0,0,0,1,3,0,1,6,5,10,11,31,27,0,0,14,-14,3,-3,0,0,4,7,7,21
2023-05-21,F1,Reims,Angers,1,2,2,11,7,5,3,1048.28991349632,679.503238850685,1,0,0,6,1,0,0,13,3,0,13,4,33,6,0,0,4,-4,2,-2,2,2,3,5,7,11
2023-05-21,F1,Troyes,Strasbourg,1,1,1,8,16,3,5,693.528570496468,1057.85004640518,0,2,3,0,0,2,15,0,1,12,3,16,8,27,0,0,-8,8,-2,2,1,1,5,3,16,8
2023-05-21,F1,Lorient,Lens,0,1,3,13,15,5,7,1031.52312998669,1316.44693228441,1,1,0,0,1,1,0,0,7,12,13,25,24,39,-2,2,-2,2,-2,2,3,1,7,5,15,13
2023-05-21,F1,Auxerre,Paris SG,0,1,2,14,15,7,4,909.206038935624,1245.09933966493,0,5,0,0,7,5,2,0,5,12,13,21,21,40,-1,1,-1,1,3,-3,2,1,4,7,15,14
2023-05-27,F1,Angers,Troyes,2,2,1,18,5,5,3,692.082750491157,706.02876338316,0,0,2,1,0,0,2,9,1,2,5,3,7,8,1,-1,13,-13,2,-2,1,2,3,5,5,18
2023-05-27,F1,Clermont,Lorient,2,2,0,18,6,7,1,1044.32128149287,1017.27429767625,4,0,0,0,4,2,0,1,10,7,19,12,34,24,2,-2,12,-12,6,-6,0,2,1,7,6,18
2023-05-27,F1,Lens,Ajaccio,2,3,0,12,6,3,0,1330.69576459484,681.739759996024,5,0,0,7,7,0,0,7,15,2,27,2,41,8,3,-3,6,-6,3,-3,0,3,0,3,6,12
2023-05-27,F1,Lille,Nantes,2,2,1,9,8,2,3,1161.38087077298,823.135867043891,4,0,0,0,15,1,0,6,8,2,18,5,34,19,1,-1,1,-1,-1,1,1,2,3,2,8,9
2023-05-27,F1,Lyon,Reims,2,3,0,23,10,7,1,1170.04524422271,1035.71040185584,2,0,0,3,2,0,0,3,9,4,20,11,35,31,3,-3,13,-13,6,-6,0,3,1,7,10,23
2023-05-27,F1,Marseille,Brest,0,1,2,10,15,4,5,1190.58160564649,1053.50124809045,3,0,0,1,5,0,0,4,9,10,18,18,40,28,-1,1,-5,5,-1,1,2,1,5,4,15,10
2023-05-27,F1,Montpellier,Nice,0,2,3,14,23,8,15,1091.16666433685,1068.37997687544,0,0,0,1,2,0,1,1,10,7,17,10,30,31,-1,1,-9,9,-7,7,3,2,15,8,23,14
2023-05-27,F1,Rennes,Monaco,2,2,0,12,11,6,3,1097.7300449159,1032.05376488607,3,0,0,1,3,0,0,1,9,4,16,14,31,35,2,-2,1,-1,3,-3,0,2,3,6,11,12
2023-05-27,F1,Strasbourg,Paris SG,1,1,1,17,7,5,2,1045.34985351849,1253.18621114689,1,6,0,0,1,6,0,0,10,12,17,21,28,40,0,0,10,-10,3,-3,1,1,2,5,7,17
2023-05-27,F1,Toulouse,Auxerre,1,1,1,10,16,3,2,955.551929020445,901.119167453667,0,0,0,2,1,0,6,2,6,2,12,12,28,21,0,0,-6,6,1,-1,1,1,2,3,16,10
2023-06-03,F1,Ajaccio,Marseille,2,1,0,3,17,1,5,679.198500486828,1146.57279832731,0,0,1,2,0,0,6,2,1,6,2,17,8,37,1,-1,-14,14,-4,4,0,1,5,1,17,3
2023-06-03,F1,Auxerre,Lens,0,1,3,17,15,5,7,903.605578559146,1333.23702410404,0,2,1,0,0,2,3,0,2,15,12,27,22,41,-2,2,2,-2,-2,2,3,1,7,5,15,17
2023-06-03,F1,Brest,Rennes,0,1,2,14,12,5,3,1097.51005540963,1133.39454664082,5,1,0,0,5,1,0,0,12,12,21,18,31,31,-1,1,2,-2,2,-2,2,1,3,5,12,14
2023-06-03,F1,Lorient,Strasbourg,2,2,1,5,15,3,7,976.824004291913,1053.92214615997,0,0,1,0,0,3,1,1,7,8,9,17,21,29,1,-1,-10,10,-4,4,1,2,7,3,15,5
2023-06-03,F1,Monaco,Toulouse,0,1,2,19,22,7,8,996.389263161142,953.065517914966,0,0,0,0,1,4,2,2,4,4,14,10,32,26,-1,1,-3,3,-1,1,2,1,8,7,22,19
2023-06-03,F1,Nantes,Angers,2,1,0,11,5,7,1,815.14415562642,725.366536338999,0,0,2,0,0,1,7,14,1,4,4,8,16,10,1,-1,6,-6,6,-6,0,1,1,7,5,11
2023-06-03,F1,Nice,Lyon,2,3,1,16,16,6,7,1102.47570433002,1204.4838096902,0,0,0,1,2,0,1,1,10,12,12,22,34,38,2,-2,0,0,-1,1,1,3,7,6,16,16
2023-06-03,F1,Paris SG,Clermont,0,2,3,16,12,6,5,1244.61391850541,1084.77157487721,1,0,0,1,1,0,0,2,10,10,19,22,41,34,-1,1,4,-4,1,-1,3,2,5,6,12,16
2023-06-03,F1,Reims,Montpellier,0,1,3,11,16,5,8,1001.27183638836,1057.07093688227,0,1,0,0,2,1,1,0,4,7,8,14,30,30,-2,2,-5,5,-3,3,3,1,8,5,16,11
2023-06-03,F1,Troyes,Lille,1,1,1,8,18,3,7,672.744977535318,1169.37258219045,0,0,0,0,1,1,16,4,1,10,3,20,5,36,0,0,-10,10,-4,4,1,1,7,3,18,8
2021-08-06,F1,Monaco,Nantes,1,1,1,15,5,3,1,960.419552519627,839.054584363447,0,0,1,1,0,0,3,7,4,4,11,6,31,18,0,0,10,-10,2,-2,1,1,1,3,5,15
2021-08-07,F1,Lyon,Brest,1,1,1,17,13,4,8,1148.10714134671,1068.80343673453,3,1,0,0,3,1,0,0,9,9,21,20,37,30,0,0,4,-4,-4,4,1,1,8,4,13,17
2021-08-07,F1,Troyes,Paris SG,0,1,2,15,12,7,3,687.009704763215,1198.84957424565,0,0,0,0,2,7,17,1,2,10,3,19,6,38,-1,1,3,-3,4,-4,2,1,3,7,12,15
2021-08-08,F1,Rennes,Lens,1,1,1,10,11,2,6,1162.10116531592,1340.05789250659,4,3,0,0,4,3,0,0,12,15,18,27,34,43,0,0,-1,1,-4,4,1,1,6,2,11,10
2021-08-08,F1,Bordeaux,Clermont,0,0,2,10,19,6,10,1000,1130.53591913696,0,1,0,0,0,1,0,0,0,10,0,25,0,34,-2,2,-9,9,-4,4,2,0,10,6,19,10
2021-08-08,F1,Nice,Reims,1,0,0,12,5,2,0,1158.8523726735,964.397929991634,1,0,0,4,3,0,0,4,10,4,14,8,34,27,0,0,7,-7,2,-2,0,0,0,2,5,12
2021-08-08,F1,St Etienne,Lorient,1,1,1,20,12,3,3,1000,1015.81069974339,0,0,0,1,0,0,0,2,0,7,0,11,0,23,0,0,8,-8,0,0,1,1,3,3,12,20
2021-08-08,F1,Strasbourg,Angers,0,0,2,7,9,1,2,1014.93545070849,701.456107601971,0,0,0,1,2,0,1,15,8,4,14,8,28,10,-2,2,-2,2,-1,1,2,0,2,1,9,7
2021-08-08,F1,Metz,Lille,1,3,3,12,18,5,7,813.88660975447,1155.10785496255,0,0,3,0,0,2,3,5,3,8,9,18,13,36,0,0,-6,6,-2,2,3,3,7,5,18,12
2021-08-08,F1,Montpellier,Marseille,0,2,3,8,21,1,7,1093.94484327899,1086.63941336434,0,0,1,3,0,0,2,3,7,3,14,14,33,34,-1,1,-13,13,-6,6,3,2,7,1,21,8
2021-08-13,F1,Lorient,Monaco,2,1,0,2,12,2,3,1015.08309230429,955.047245241685,1,0,0,2,1,0,0,2,5,2,12,9,24,29,1,-1,-10,10,-1,1,0,1,3,2,12,2
2021-08-14,F1,Lille,Nice,0,0,4,11,11,2,7,1143.0441837839,1150.72847528822,5,1,0,0,16,1,0,0,9,8,16,14,34,34,-4,4,0,0,-5,5,4,0,7,2,11,11
2021-08-14,F1,Paris SG,Strasbourg,2,4,2,11,8,6,2,1202.04365704524,939.614400627769,0,0,1,1,0,0,1,2,10,5,22,14,41,25,2,-2,3,-3,4,-4,2,4,2,6,8,11
2021-08-15,F1,Angers,Lyon,2,3,0,13,8,6,3,776.777157682689,1144.51720070096,1,0,0,2,1,0,0,2,7,7,10,19,13,38,3,-3,5,-5,3,-3,0,3,3,6,8,13
2021-08-15,F1,Brest,Rennes,1,1,1,10,6,5,2,1072.39337738029,1169.64769414959,0,2,1,0,0,2,1,0,10,13,18,19,30,32,0,0,4,-4,3,-3,1,1,2,5,6,10
2021-08-15,F1,Clermont,Troyes,2,2,0,18,6,8,1,1158.64960367563,683.815621963622,5,0,0,2,5,0,0,10,12,2,25,3,34,6,2,-2,12,-12,7,-7,0,2,1,8,6,18
2021-08-15,F1,Nantes,Metz,2,2,0,11,10,7,5,844.42689164139,825.95028093312,1,0,0,1,1,0,0,1,5,1,7,7,16,14,2,-2,1,-1,2,-2,0,2,5,7,10,11
2021-08-15,F1,Reims,Montpellier,1,3,3,19,15,9,5,972.521827376909,1061.2720874622,0,2,1,0,0,2,2,0,2,7,6,13,27,33,0,0,4,-4,4,-4,3,3,5,9,15,19
2021-08-15,F1,Lens,St Etienne,1,2,2,22,12,7,7,1332.51136367291,1000.7276074391,6,0,0,0,8,0,0,0,13,1,25,1,41,1,0,0,10,-10,0,0,2,2,7,7,12,22
2021-08-15,F1,Marseille,Bordeaux,1,2,2,10,8,2,2,1119.31216918114,971.886315461331,0,0,1,0,0,0,1,0,6,0,16,0,34,0,0,0,2,-2,0,0,2,2,2,2,8,10
2021-08-20,F1,Brest,Paris SG,0,2,4,11,16,3,8,1076.75868026847,1217.906113182,0,1,0,0,1,8,2,0,8,10,18,22,28,43,-2,2,-5,5,-5,5,4,2,8,3,16,11
2021-08-21,F1,Monaco,Lens,0,0,2,9,4,2,2,928.522365716434,1320.63910748134,0,0,0,0,1,4,4,1,1,11,8,23,28,41,-2,2,5,-5,0,0,2,0,2,2,4,9
2021-08-21,F1,St Etienne,Lille,1,1,1,10,8,2,6,1012.59986363067,1079.96764327722,0,0,0,0,1,3,1,6,2,8,2,16,2,34,0,0,2,-2,-4,4,1,1,6,2,8,10
2021-08-22,F1,Lyon,Clermont,1,3,3,21,17,9,5,1047.17468170668,1164.00313528545,0,2,0,0,4,2,1,0,7,12,16,25,35,36,0,0,4,-4,4,-4,3,3,5,9,17,21
2021-08-22,F1,Bordeaux,Angers,1,1,1,14,6,5,3,978.295409004419,874.119676676964,0,1,1,0,0,1,1,0,1,10,1,10,1,16,0,0,8,-8,2,-2,1,1,3,5,6,14
2021-08-22,F1,Metz,Reims,1,1,1,10,12,4,3,784.422813076204,976.522291930162,0,0,0,0,1,1,4,5,1,3,7,6,14,27,0,0,-2,2,1,-1,1,1,3,4,12,10
2021-08-22,F1,Montpellier,Lorient,2,3,1,32,5,11,4,1057.27162290895,1041.60797182954,0,0,2,0,0,1,3,3,7,7,14,14,31,24,2,-2,27,-27,7,-7,1,3,4,11,5,32
2021-08-22,F1,Strasbourg,Troyes,1,1,1,14,10,4,6,923.751944491015,678.4620903538,0,0,1,3,0,0,2,11,2,2,14,3,25,5,0,0,4,-4,-2,2,1,1,6,4,10,14
2021-08-22,F1,Rennes,Nantes,2,1,0,14,4,5,1,1165.2823912614,885.954359498306,0,0,0,0,5,1,1,8,11,7,20,9,33,18,1,-1,10,-10,4,-4,0,1,1,5,4,14
2021-08-27,F1,Nantes,Lyon,0,0,1,18,12,5,5,875.274383906697,1052.36082234764,2,0,0,3,2,0,0,3,7,5,9,14,18,35,-1,1,6,-6,0,0,1,0,5,5,12,18
2021-08-28,F1,Nice,Bordeaux,2,4,0,11,13,5,4,1213.8050157949,973.636722822342,0,0,0,0,4,1,1,1,11,2,17,2,34,2,4,-4,-2,2,1,-1,0,4,4,5,13,11
2021-08-28,F1,Marseille,St Etienne,2,3,1,19,11,5,7,1112.90307563805,1015.66395992776,0,0,0,0,1,1,2,1,4,3,16,3,34,3,2,-2,8,-8,-2,2,1,3,7,5,11,19
2021-08-29,F1,Troyes,Monaco,0,1,2,12,7,3,4,688.192698496086,920.213123286378,0,0,1,3,0,0,18,3,2,1,4,5,6,25,-1,1,5,-5,-1,1,2,1,4,3,7,12
2021-08-29,F1,Angers,Rennes,2,2,0,16,7,4,2,878.77836285904,1175.96236685301,2,0,0,0,2,3,0,1,10,11,11,20,17,33,2,-2,9,-9,2,-2,0,2,2,4,7,16
2021-08-29,F1,Clermont,Metz,1,2,2,16,12,4,4,1158.8169946445,792.46594245768,6,0,0,2,6,0,0,2,13,2,23,8,36,15,0,0,4,-4,0,0,2,2,4,4,12,16
2021-08-29,F1,Lens,Lorient,1,2,2,19,15,9,7,1328.9483499114,999.726275105212,0,0,0,1,9,0,1,4,11,7,26,14,44,24,0,0,4,-4,2,-2,2,2,7,9,15,19
2021-08-29,F1,Strasbourg,Brest,2,3,1,11,11,5,5,914.021336348728,1049.79888483292,0,0,0,0,1,2,3,1,2,5,12,15,26,27,2,-2,0,0,0,0,1,3,5,5,11,11
2021-08-29,F1,Lille,Montpellier,2,2,1,15,6,4,3,1076.90354698014,1099.15331963328,0,0,1,0,0,3,1,1,6,7,14,17,34,34,1,-1,9,-9,1,-1,1,2,3,4,6,15
2021-08-29,F1,Reims,Paris SG,0,0,2,11,12,4,3,968.479162548686,1244.86590861755,0,2,0,0,1,9,3,0,3,10,7,22,25,43,-2,2,-1,1,1,-1,2,0,3,4,12,11
2021-09-10,F1,Lorient,Lille,2,2,1,14,9,7,3,1011.54522355079,1110.95002991352,2,0,0,0,2,4,0,7,8,6,15,16,24,34,1,-1,5,-5,4,-4,1,2,3,7,9,14
2021-09-11,F1,Paris SG,Clermont,2,4,0,13,14,7,2,1259.71099691076,1146.28055071042,1,0,0,0,1,3,0,1,12,11,22,21,43,37,4,-4,-1,1,5,-5,0,4,2,7,14,13
2021-09-11,F1,Monaco,Marseille,0,0,2,7,13,0,5,933.539957024516,1144.79673305115,0,1,1,0,0,1,5,0,4,7,8,16,25,34,-2,2,-6,6,-5,5,2,0,5,0,13,7
2021-09-12,F1,Montpellier,St Etienne,2,2,0,11,14,4,2,1065.1068366999,983.770302514655,1,0,0,1,1,0,0,2,7,3,14,3,34,3,2,-2,-3,3,2,-2,0,2,2,4,14,11
2021-09-12,F1,Bordeaux,Lens,0,2,3,11,12,3,5,947.757552639338,1317.12940146582,0,1,0,0,1,5,2,0,2,9,2,24,2,44,-1,1,-1,1,-2,2,3,2,5,3,12,11
2021-09-12,F1,Brest,Angers,1,1,1,12,8,6,2,989.624083618526,953.067095161746,0,0,1,0,0,2,3,1,2,10,14,14,26,19,0,0,4,-4,4,-4,1,1,2,6,8,12
2021-09-12,F1,Metz,Troyes,0,0,2,16,10,2,5,805.002386391757,674.865864757948,0,0,0,0,2,1,5,12,3,2,9,3,16,6,-2,2,6,-6,-3,3,2,0,5,2,10,16
2021-09-12,F1,Rennes,Reims,0,0,2,9,7,1,3,1101.67363455031,953.634074255474,1,0,0,0,6,2,0,6,8,3,20,7,33,24,-2,2,2,-2,-2,2,2,0,3,1,7,9
2021-09-12,F1,Nantes,Nice,0,0,2,19,9,7,3,858.305043160829,1239.68418597791,0,2,1,0,0,2,1,0,7,13,8,20,15,34,-2,2,10,-10,4,-4,2,0,3,7,9,19
2021-09-12,F1,Lyon,Strasbourg,2,3,1,14,12,7,4,1069.33016309351,974.196137563127,0,0,0,2,5,0,2,3,5,4,17,12,35,26,2,-2,2,-2,3,-3,1,3,4,7,12,14
2021-09-17,F1,Strasbourg,Metz,2,3,0,10,15,6,5,942.05611975718,745.4447728915,1,0,0,0,2,1,0,3,4,3,12,6,26,16,3,-3,-5,5,1,-1,0,3,5,6,15,10
2021-09-18,F1,Lens,Lille,2,1,0,13,6,4,2,1323.9498245486,1070.03641166156,0,0,0,1,10,0,2,8,9,5,24,13,47,31,1,-1,7,-7,2,-2,0,1,2,4,6,13
2021-09-18,F1,St Etienne,Bordeaux,0,1,2,12,13,5,3,949.996443141298,940.937129556562,0,0,0,1,2,0,2,2,3,2,3,2,3,2,-1,1,-1,1,2,-2,2,1,3,5,13,12
2021-09-19,F1,Nice,Monaco,1,2,2,12,8,3,3,1248.47016492224,913.486064713215,1,1,0,0,5,1,0,0,13,4,23,8,34,22,0,0,4,-4,0,0,2,2,3,3,8,12
2021-09-19,F1,Angers,Nantes,0,1,4,10,8,5,4,954.744421289765,849.519064216494,3,0,0,1,3,0,0,9,11,4,15,8,19,12,-3,3,2,-2,1,-1,4,1,4,5,8,10
2021-09-19,F1,Clermont,Brest,1,1,1,7,5,4,1,1102.1188469025,987.946757490507,0,0,0,1,7,0,1,2,8,3,18,12,37,27,0,0,2,-2,3,-3,1,1,1,4,5,7
2021-09-19,F1,Reims,Lorient,1,0,0,10,6,2,3,1015.12465900422,1052.45884180275,0,0,1,0,0,1,4,5,6,8,10,15,24,27,0,0,4,-4,-1,1,0,0,3,2,6,10
2021-09-19,F1,Troyes,Montpellier,1,1,1,8,6,3,2,734.423478258204,1098.88069607325,0,0,2,1,0,0,19,2,4,7,6,14,9,34,0,0,2,-2,1,-1,1,1,2,3,6,8
2021-09-19,F1,Marseille,Rennes,2,2,0,17,13,6,2,1164.85062536245,1040.18304980156,1,0,0,1,2,0,0,2,10,5,16,17,37,33,2,-2,4,-4,4,-4,0,2,2,6,13,17
2021-09-19,F1,Paris SG,Lyon,2,2,1,14,12,5,5,1303.87270071868,1101.47018089945,2,1,0,0,2,1,0,0,15,8,25,17,46,35,1,-1,2,-2,0,0,1,2,5,5,12,14
2021-09-22,F1,Lille,Reims,2,2,1,7,11,4,5,1057.99057830458,1016.83737455426,1,1,0,0,1,3,0,0,4,6,13,8,31,24,1,-1,-4,4,-1,1,1,2,5,4,11,7
2021-09-22,F1,Monaco,St Etienne,2,3,1,14,9,6,3,925.424104371085,917.162238573444,0,0,2,2,0,0,6,3,4,2,6,3,20,3,2,-2,5,-5,3,-3,1,3,3,6,9,14
2021-09-22,F1,Montpellier,Bordeaux,1,3,3,15,15,6,7,1086.37806829846,973.771334124417,2,1,0,0,2,1,0,0,8,5,15,5,32,5,0,0,0,0,-1,1,3,3,7,6,15,15
2021-09-22,F1,Nantes,Brest,2,3,1,14,10,6,2,920.079152098758,993.023150533288,0,0,2,0,0,1,2,3,6,3,11,13,15,28,2,-2,4,-4,4,-4,1,3,2,6,10,14
2021-09-22,F1,Rennes,Clermont,2,6,0,21,4,10,1,1011.42017611252,1097.04245385972,0,0,1,1,0,0,1,2,4,6,17,18,30,38,6,-6,17,-17,9,-9,0,6,1,10,4,21
2021-09-22,F1,Angers,Marseille,1,0,0,9,6,1,1,884.184333407501,1193.6134990515,0,2,1,0,0,2,1,0,8,13,15,16,19,37,0,0,3,-3,0,0,0,0,1,1,6,9
2021-09-22,F1,Lens,Strasbourg,0,0,1,17,6,4,1,1335.99565790557,968.649179672855,1,0,0,3,11,0,0,4,11,7,24,12,47,26,-1,1,11,-11,3,-3,1,0,1,4,6,17
2021-09-22,F1,Lorient,Nice,2,1,0,8,13,1,1,1050.7461262527,1236.53212526437,3,3,0,0,3,3,0,0,8,11,13,21,25,32,1,-1,-5,5,0,0,0,1,1,1,13,8
2021-09-22,F1,Lyon,Troyes,2,3,1,15,12,8,7,1086.25496584011,746.926106032998,1,1,0,0,6,2,0,0,7,5,14,7,35,10,2,-2,3,-3,1,-1,1,3,7,8,12,15
2021-09-22,F1,Metz,Paris SG,0,1,2,6,15,2,5,718.851712975824,1319.08791577802,0,3,1,0,0,10,6,0,2,15,3,25,16,46,-1,1,-9,9,-3,3,2,1,5,2,15,6
2021-09-25,F1,St Etienne,Nice,0,0,3,11,14,6,9,874.347338929785,1188.88437194807,0,0,1,1,0,0,3,1,1,10,3,18,3,31,-3,3,-3,3,-3,3,3,0,9,6,14,11
2021-09-25,F1,Strasbourg,Lille,0,1,2,10,16,3,7,1025.75738518843,1086.21785549333,2,0,0,2,3,0,0,9,10,7,12,15,28,31,-1,1,-6,6,-4,4,2,1,7,3,16,10
2021-09-25,F1,Lyon,Lorient,1,1,1,12,12,2,5,1097.14834567647,1098.39387956901,2,0,0,0,7,2,0,6,10,8,17,15,35,28,0,0,0,0,-3,3,1,1,5,2,12,12
2021-09-25,F1,Paris SG,Montpellier,2,2,0,16,10,5,4,1321.04715124512,1081.36659836256,3,0,0,0,3,1,0,3,15,8,25,15,46,32,2,-2,6,-6,1,-1,0,2,4,5,10,16
2021-09-26,F1,Bordeaux,Rennes,1,1,1,10,18,3,8,978.782804060311,1114.57900243079,0,0,1,2,0,0,3,3,5,6,6,17,6,30,0,0,-8,8,-5,5,1,1,8,3,18,10
2021-09-26,F1,Brest,Metz,0,1,2,11,6,2,4,940.090586203441,716.892477508727,0,0,0,1,1,0,4,4,2,2,10,3,28,15,-1,1,5,-5,-2,2,2,1,4,2,6,11
2021-09-26,F1,Reims,Nantes,2,3,1,9,11,5,2,988.610097365512,973.011716428605,0,1,0,0,1,1,5,0,5,6,8,13,21,18,2,-2,-2,2,3,-3,1,3,2,5,11,9
2021-09-26,F1,Troyes,Angers,1,1,1,6,17,3,6,736.032726196643,895.571441647768,0,0,0,0,1,3,20,2,5,6,7,16,10,20,0,0,-11,11,-3,3,1,1,6,3,17,6
2021-09-26,F1,Clermont,Monaco,0,1,3,12,6,4,3,993.883627541439,968.239004014744,0,0,0,0,8,2,2,1,3,7,15,8,37,23,-2,2,6,-6,1,-1,3,1,3,4,6,12
2021-09-26,F1,Marseille,Lens,0,2,3,14,14,4,5,1182.22639081123,1278.88745239,2,2,0,0,3,6,0,0,11,10,17,21,35,46,-1,1,0,0,-1,1,3,2,5,4,14,14
2021-10-01,F1,Lens,Reims,2,2,0,13,3,7,0,1302.20744365994,1030.50001664046,0,0,1,1,0,0,1,1,10,7,21,10,48,21,2,-2,10,-10,7,-7,0,2,0,7,3,13
2021-10-02,F1,Montpellier,Strasbourg,1,1,1,12,6,4,3,1063.73099136625,999.270462055036,0,1,0,0,3,1,1,0,5,9,12,11,29,28,0,0,6,-6,1,-1,1,1,3,4,6,12
2021-10-02,F1,Nice,Brest,2,2,1,20,6,9,2,1204.21463466232,889.961235913121,0,0,0,1,6,0,1,4,10,2,21,7,31,25,1,-1,14,-14,7,-7,1,2,2,9,6,20
2021-10-03,F1,Rennes,Paris SG,2,2,0,12,13,4,0,1108.62547837532,1338.68275824144,1,4,0,0,1,11,0,0,4,15,15,25,31,46,2,-2,-1,1,4,-4,0,2,0,4,13,12
2021-10-03,F1,Angers,Metz,2,3,2,18,2,5,2,888.700669380056,767.021827799047,0,1,0,0,1,1,2,0,6,4,16,6,21,18,1,-1,16,-16,3,-3,2,3,2,5,2,18
2021-10-03,F1,Lorient,Clermont,1,1,1,6,8,1,4,1098.33652085925,946.794693895963,4,0,0,2,4,0,0,3,9,2,16,15,28,34,0,0,-2,2,-3,3,1,1,4,1,8,6
2021-10-03,F1,Monaco,Bordeaux,2,3,0,12,4,4,1,1015.32793766022,984.736328115787,1,0,0,0,1,2,0,1,10,5,11,7,25,7,3,-3,8,-8,3,-3,0,3,1,4,4,12
2021-10-03,F1,Nantes,Troyes,2,2,0,8,15,4,4,931.12179715366,742.903498464354,1,0,0,1,1,0,0,1,6,5,13,7,18,10,2,-2,-7,7,0,0,0,2,4,4,15,8
2021-10-03,F1,Lille,Marseille,2,2,0,12,10,5,3,1112.70477862673,1158.90639954129,2,0,0,0,2,3,0,1,9,10,15,14,33,35,2,-2,2,-2,2,-2,0,2,3,5,10,12
2021-10-03,F1,St Etienne,Lyon,1,1,1,18,15,6,5,859.01707621553,1097.20570438623,0,0,2,1,0,0,4,1,0,10,3,15,3,35,0,0,3,-3,1,-1,1,1,5,6,15,18
2021-10-15,F1,Paris SG,Angers,2,2,1,13,7,2,2,1269.39658920765,909.930413005466,4,0,0,0,4,4,0,3,12,6,24,16,43,24,1,-1,6,-6,0,0,1,2,2,2,7,13
2021-10-16,F1,Clermont,Lille,2,1,0,9,9,3,2,953.362162191866,1162.36040091845,0,1,1,0,0,1,3,0,2,9,13,15,35,35,1,-1,0,0,1,-1,0,1,2,3,9,9
2021-10-16,F1,Lyon,Monaco,2,2,0,14,9,8,3,1087.68373044249,1065.07041030959,0,1,0,0,8,3,1,0,8,10,13,14,35,28,2,-2,5,-5,5,-5,0,2,3,8,9,14
2021-10-17,F1,Troyes,Nice,2,1,0,8,11,3,3,720.724735518098,1213.22330552172,0,1,0,0,2,1,21,0,5,10,7,23,10,33,1,-1,-3,3,0,0,0,1,3,3,11,8
2021-10-17,F1,Bordeaux,Nantes,1,1,1,8,13,1,7,934.993855466417,953.300560099917,0,0,0,1,1,0,4,1,5,9,7,16,7,20,0,0,-5,5,-6,6,1,1,7,1,13,8
2021-10-17,F1,Brest,Reims,1,1,1,9,13,4,2,880.952565053723,1015.31976547257,0,0,1,2,0,0,5,2,2,7,4,10,25,18,0,0,-4,4,2,-2,1,1,2,4,13,9
2021-10-17,F1,Metz,Rennes,0,0,3,9,21,2,8,745.792084173638,1177.91164740911,0,0,2,0,0,1,7,4,3,7,6,15,18,33,-3,3,-12,12,-6,6,3,0,8,2,21,9
2021-10-17,F1,Strasbourg,St Etienne,2,5,1,12,4,6,2,1002.20538066747,868.539050159263,0,0,1,3,0,0,1,4,7,1,11,4,28,4,4,-4,8,-8,4,-4,1,5,2,6,4,12
2021-10-17,F1,Montpellier,Lens,2,1,0,15,19,6,5,1060.79607275381,1317.38769482783,0,3,0,0,4,7,2,0,6,12,13,21,27,48,1,-1,-4,4,1,-1,0,1,5,6,19,15
2021-10-17,F1,Marseille,Lorient,2,4,1,16,15,6,7,1109.25077724957,1091.76905256335,0,0,1,0,0,3,1,7,7,9,14,17,32,26,3,-3,1,-1,-1,1,1,4,7,6,15,16
2021-10-22,F1,St Etienne,Angers,1,2,2,17,4,6,2,827.69590806784,902.75464874328,0,0,0,1,1,0,5,4,1,5,4,16,4,24,0,0,13,-13,4,-4,2,2,2,6,4,17
2021-10-23,F1,Nantes,Clermont,2,2,1,8,4,4,1,952.458284531369,1002.58290605192,2,0,0,0,2,1,0,4,10,5,14,13,20,38,1,-1,4,-4,3,-3,1,2,1,4,4,8
2021-10-23,F1,Lille,Brest,1,1,1,13,13,3,5,1113.1396570584,886.849306149009,3,0,0,2,3,0,0,5,9,2,14,5,32,25,0,0,0,0,-2,2,1,1,5,3,13,13
2021-10-24,F1,Nice,Lyon,2,3,2,17,13,7,8,1152.77269969976,1128.69083943813,1,0,0,0,7,1,0,2,7,8,20,16,32,37,1,-1,4,-4,-1,1,2,3,8,7,13,17
2021-10-24,F1,Lens,Metz,2,4,1,11,9,5,4,1265.28349534242,737.422515954485,1,0,0,1,1,0,0,1,9,3,18,6,45,15,3,-3,2,-2,1,-1,1,4,4,5,9,11
2021-10-24,F1,Lorient,Bordeaux,1,1,1,14,11,4,5,1039.97898055721,935.836131034964,0,0,0,1,5,0,1,2,6,6,14,8,25,8,0,0,3,-3,-1,1,1,1,5,4,11,14
2021-10-24,F1,Reims,Troyes,0,1,2,18,7,5,4,1009.42302437728,781.175341340057,1,0,0,2,2,0,0,2,5,5,11,9,19,12,-1,1,11,-11,1,-1,2,1,4,5,7,18
2021-10-24,F1,Rennes,Strasbourg,2,1,0,17,8,3,2,1186.28121562826,1043.0485227589,2,0,0,0,2,2,0,1,10,10,15,14,33,28,1,-1,9,-9,1,-1,0,1,2,3,8,17
2021-10-24,F1,Monaco,Montpellier,2,3,1,14,12,4,3,1024.06330131395,1112.90027223922,2,0,0,1,2,0,0,4,10,6,14,13,25,27,2,-2,2,-2,1,-1,1,3,3,4,12,14
2021-10-24,F1,Marseille,Paris SG,1,0,0,15,10,1,4,1161.04084925571,1276.57235346983,1,0,0,1,1,0,0,1,7,12,17,27,34,46,0,0,5,-5,-3,3,0,0,4,1,10,15
2021-10-27,F1,Nice,Marseille,1,1,1,11,7,3,1,1182.55822361327,1166.1734737189,2,0,0,1,8,0,0,2,9,5,20,18,34,32,0,0,4,-4,2,-2,1,1,1,3,7,11
2021-10-29,F1,Paris SG,Lille,2,2,1,17,11,6,3,1271.43972900663,1103.97877365585,5,0,0,1,5,0,0,1,10,10,25,14,47,30,1,-1,6,-6,3,-3,1,2,3,6,11,17
2021-10-30,F1,Metz,St Etienne,1,1,1,9,10,4,3,732.437054568267,831.099701204675,0,0,3,4,0,0,8,5,3,2,5,4,12,5,0,0,-1,1,1,-1,1,1,3,4,10,9
2021-10-30,F1,Lyon,Lens,2,2,1,13,18,4,10,1098.90531552463,1270.26895672864,1,0,0,1,9,0,0,1,8,9,15,20,34,45,1,-1,-5,5,-6,6,1,2,10,4,18,13
2021-10-31,F1,Angers,Nice,0,1,2,3,14,2,5,899.350855606445,1181.80423686391,1,0,0,1,2,0,0,1,6,10,14,20,24,34,-1,1,-11,11,-3,3,2,1,5,2,14,3
2021-10-31,F1,Bordeaux,Reims,2,3,2,17,12,7,8,940.493431250928,958.980469804134,0,0,0,0,2,1,5,3,4,4,9,10,9,16,1,-1,5,-5,-1,1,2,3,8,7,12,17
2021-10-31,F1,Montpellier,Nantes,2,2,0,19,12,10,1,1058.06671551153,989.043167061969,1,0,0,0,5,1,0,2,5,10,13,16,26,23,2,-2,7,-7,9,-9,0,2,1,10,12,19
2021-10-31,F1,Strasbourg,Lorient,2,4,0,15,5,6,0,1023.54091467262,1035.32168034124,1,0,0,1,1,0,0,8,7,6,14,14,28,26,4,-4,10,-10,6,-6,0,4,0,6,5,15
2021-10-31,F1,Troyes,Rennes,1,2,2,14,13,5,5,831.617895913204,1205.78882371454,1,1,0,0,3,2,0,0,7,13,12,17,15,36,0,0,1,-1,0,0,2,2,5,5,13,14
2021-10-31,F1,Brest,Monaco,2,2,0,7,5,3,2,896.010189551559,1078.89685804164,0,0,0,1,1,0,6,1,2,12,5,16,23,25,2,-2,2,-2,1,-1,0,2,2,3,5,7
2021-10-31,F1,Clermont,Marseille,0,0,1,12,9,1,4,965.998023521317,1166.92746046826,1,0,0,0,1,1,0,3,4,5,10,16,35,32,-1,1,3,-3,-3,3,1,0,4,1,9,12
2021-11-05,F1,Lens,Troyes,2,4,0,28,14,12,6,1223.65226250881,844.290943864089,2,1,0,0,2,1,0,0,9,8,19,13,42,16,4,-4,14,-14,6,-6,0,4,6,12,14,28
2021-11-06,F1,Lille,Angers,1,1,1,11,9,6,5,1086.30955821376,888.830001273035,0,0,0,0,4,1,1,5,7,5,14,11,30,21,0,0,2,-2,1,-1,1,1,5,6,9,11
2021-11-06,F1,Bordeaux,Paris SG,0,2,3,18,9,6,5,974.194545273849,1289.10894444872,1,0,0,0,3,1,0,2,6,10,11,25,12,47,-1,1,9,-9,1,-1,3,2,5,6,9,18
2021-11-07,F1,Marseille,Metz,1,0,0,15,12,3,4,1182.24124210941,736.862319117851,0,0,0,2,2,0,1,2,8,4,18,6,34,13,0,0,3,-3,-1,1,0,0,4,3,12,15
2021-11-07,F1,Lorient,Brest,0,1,2,9,16,3,5,968.632437571647,961.034233821638,0,0,0,0,6,1,2,6,3,5,11,7,25,25,-1,1,-7,7,-2,2,2,1,5,3,16,9
2021-11-07,F1,Nantes,Strasbourg,1,2,2,20,17,6,6,953.785707949266,1090.23015744221,3,0,0,1,3,0,0,2,7,7,13,17,22,31,0,0,3,-3,0,0,2,2,6,6,17,20
2021-11-07,F1,Reims,Monaco,1,0,0,11,12,4,3,925.279355781213,1013.87281377157,0,0,1,2,0,0,1,2,4,9,9,16,15,24,0,0,-1,1,1,-1,0,0,3,4,12,11
2021-11-07,F1,St Etienne,Clermont,2,3,2,18,9,4,4,826.67443665509,950.68424188016,0,0,0,1,2,0,6,5,3,4,4,7,6,32,1,-1,9,-9,0,0,2,3,4,4,9,18
2021-11-07,F1,Nice,Montpellier,0,0,1,22,8,6,2,1192.32509119732,1093.32417462423,0,0,0,2,9,0,1,5,10,7,20,15,37,29,-1,1,14,-14,4,-4,1,0,2,6,8,22
2021-11-07,F1,Rennes,Lyon,2,4,1,25,6,12,4,1193.11577576366,1145.52200974446,3,0,0,1,3,0,0,3,11,8,17,18,37,34,3,-3,19,-19,8,-8,1,4,4,12,6,25
2021-11-19,F1,Monaco,Lille,1,2,2,17,15,8,8,1009.87911956761,1078.08272189433,3,0,0,2,3,0,0,2,7,5,17,14,22,28,0,0,2,-2,0,0,2,2,8,8,15,17
2021-11-20,F1,Paris SG,Nantes,2,3,1,14,12,7,6,1298.08820235454,959.764933895707,6,0,0,1,6,0,0,3,10,8,25,14,47,23,2,-2,2,-2,1,-1,1,3,6,7,12,14
2021-11-20,F1,Rennes,Montpellier,2,2,0,30,4,7,2,1240.22369019143,1134.20346848714,4,1,0,0,4,1,0,0,13,10,17,15,37,32,2,-2,26,-26,5,-5,0,2,2,7,4,30
2021-11-21,F1,Brest,Lens,2,4,0,13,14,5,5,993.73394270277,1236.70979710072,1,0,0,2,2,0,0,2,8,9,10,19,25,45,4,-4,-1,1,0,0,0,4,5,5,14,13
2021-11-21,F1,Angers,Lorient,2,1,0,8,10,4,3,897.056837592464,935.932728690515,0,0,1,2,0,0,1,9,5,2,11,11,22,25,1,-1,-2,2,1,-1,0,1,3,4,10,8
2021-11-21,F1,Metz,Bordeaux,1,3,3,20,19,9,5,750.574179414847,965.215287368029,0,0,0,0,1,1,9,3,2,5,6,10,14,12,0,0,1,-1,4,-4,3,3,5,9,19,20
2021-11-21,F1,Strasbourg,Reims,1,1,1,21,10,3,3,1084.25093149577,929.273049985167,2,0,0,1,2,0,0,4,8,2,17,9,29,16,0,0,11,-11,0,0,1,1,3,3,10,21
2021-11-21,F1,Troyes,St Etienne,0,0,1,15,14,3,4,831.233409272173,869.634630987213,0,0,0,0,4,1,1,6,7,6,12,6,16,9,-1,1,1,-1,-1,1,1,0,4,3,14,15
2021-11-21,F1,Clermont,Nice,0,1,2,18,9,6,4,907.724047548037,1151.44579733441,0,1,1,0,0,1,1,0,4,7,6,17,29,37,-1,1,9,-9,2,-2,2,1,4,6,9,18
2021-11-26,F1,Lens,Angers,1,2,2,9,12,4,5,1133.25037762197,932.622570632136,3,0,0,0,3,2,0,6,6,5,18,11,42,25,0,0,-3,3,-1,1,2,2,5,4,12,9
2021-11-27,F1,Lille,Nantes,1,1,1,10,7,3,3,1074.98156332901,948.81620704169,0,0,0,2,5,0,2,4,3,5,12,14,28,22,0,0,3,-3,0,0,1,1,3,3,7,10
2021-11-27,F1,Nice,Metz,0,0,1,20,4,2,1,1164.0758403012,759.36754213221,0,0,1,0,0,1,2,3,10,3,17,6,40,15,-1,1,16,-16,1,-1,1,0,1,2,4,20
2021-11-28,F1,St Etienne,Paris SG,0,1,3,8,15,4,8,898.11208032944,1309.03692920856,1,1,0,0,3,2,0,0,8,13,9,25,12,47,-2,2,-7,7,-4,4,3,1,8,4,15,8
2021-11-28,F1,Bordeaux,Brest,0,1,2,16,14,4,4,956.421924650667,1097.19336218152,0,1,1,0,0,2,1,0,6,11,11,13,13,27,-1,1,2,-2,0,0,2,1,4,4,14,16
2021-11-28,F1,Lorient,Rennes,0,0,2,6,11,0,5,900.366995650843,1271.09861428476,0,0,1,0,0,3,3,1,1,13,10,20,25,40,-2,2,-5,5,-5,5,2,0,5,0,11,6
2021-11-28,F1,Monaco,Strasbourg,1,1,1,8,7,3,4,1012.98027813294,1077.55242335577,0,0,0,0,4,1,1,3,5,8,15,15,23,27,0,0,1,-1,-1,1,1,1,4,3,7,8
2021-11-28,F1,Reims,Clermont,2,1,0,12,4,3,0,935.971558125169,895.094004581245,0,0,0,2,1,0,2,6,3,3,10,5,17,26,1,-1,8,-8,3,-3,0,1,0,3,4,12
2021-11-28,F1,Montpellier,Lyon,0,0,1,15,11,6,3,1103.32854439381,1098.41409531669,2,0,0,2,6,0,0,4,9,7,15,17,29,31,-1,1,4,-4,3,-3,1,0,3,6,11,15
2021-11-28,F1,Marseille,Troyes,2,1,0,14,5,4,2,1168.52938181242,802.755959929947,0,0,0,1,3,0,2,1,9,7,16,12,32,15,1,-1,9,-9,2,-2,0,1,2,4,5,14
2021-12-01,F1,Angers,Monaco,0,1,3,9,14,3,8,940.955561565598,1015.92016360385,1,0,0,0,1,1,0,3,6,6,11,16,26,24,-2,2,-5,5,-5,5,3,1,8,3,14,9
2021-12-01,F1,Brest,St Etienne,2,1,0,8,13,3,3,1116.89364182294,890.58228140636,2,1,0,0,3,2,0,0,13,8,15,9,27,12,1,-1,-5,5,0,0,0,1,3,3,13,8
2021-12-01,F1,Metz,Montpellier,0,1,3,20,10,7,7,817.69113515249,1070.8759370917,0,0,0,1,2,0,10,1,6,6,9,12,15,26,-2,2,10,-10,0,0,3,1,7,7,10,20
2021-12-01,F1,Strasbourg,Bordeaux,2,5,2,19,13,6,2,1074.61253788486,936.721645009248,0,0,0,0,3,2,1,4,6,5,16,11,28,13,3,-3,6,-6,4,-4,2,5,2,6,13,19
2021-12-01,F1,Troyes,Lorient,2,2,0,10,9,3,3,795.808280678955,891.084431420674,0,0,1,3,0,0,2,10,4,1,9,7,15,22,2,-2,1,-1,0,0,0,2,3,3,9,10
2021-12-01,F1,Clermont,Lens,1,2,2,19,9,7,2,866.841689627164,1124.91738668851,0,0,2,3,0,0,2,3,0,7,5,16,23,40,0,0,10,-10,5,-5,2,2,2,7,9,19
2021-12-01,F1,Lyon,Reims,0,1,2,14,8,6,4,1130.8667026188,964.22387307925,2,0,0,0,10,1,0,5,9,5,17,10,34,20,-1,1,6,-6,2,-2,2,1,4,6,8,14
2021-12-01,F1,Nantes,Marseille,0,0,1,3,15,1,5,954.383739056164,1175.47706106341,0,1,0,0,4,2,1,0,5,9,15,16,23,32,-1,1,-12,12,-4,4,1,0,5,1,15,3
2021-12-01,F1,Paris SG,Nice,1,0,0,22,4,5,2,1316.56672813164,1105.75224728092,7,2,0,0,7,2,0,0,13,7,25,16,50,37,0,0,18,-18,3,-3,0,0,2,5,4,22
2021-12-01,F1,Rennes,Lille,0,1,2,10,6,2,2,1280.38117851493,1069.41403131453,5,0,0,0,5,1,0,3,13,4,23,13,40,26,-1,1,4,-4,0,0,2,1,2,2,6,10
2021-12-04,F1,Marseille,Brest,0,1,2,16,9,4,4,1189.47979789808,1130.57057436188,1,2,0,0,4,3,0,0,11,15,16,17,32,30,-1,1,7,-7,0,0,2,1,4,4,9,16
2021-12-04,F1,Lille,Troyes,2,2,1,13,7,4,3,1118.76320767123,851.400157258807,0,0,0,2,6,0,3,2,6,4,16,11,29,18,1,-1,6,-6,1,-1,1,2,3,4,7,13
2021-12-04,F1,Lens,Paris SG,1,1,1,18,13,7,6,1114.82402958658,1307.89710512698,0,2,0,0,4,3,1,0,5,13,14,23,38,48,0,0,5,-5,1,-1,1,1,6,7,13,18
2021-12-05,F1,St Etienne,Rennes,0,0,5,12,18,2,10,876.905348867423,1231.03200215824,0,1,1,0,0,4,1,0,7,10,9,23,12,40,-5,5,-6,6,-8,8,5,0,10,2,18,12
2021-12-05,F1,Lorient,Nantes,0,0,1,17,5,2,1,835.492554840822,940.381002221494,0,0,2,0,0,1,4,5,0,2,6,12,19,23,-1,1,12,-12,1,-1,1,0,1,2,5,17
2021-12-05,F1,Monaco,Metz,2,4,0,8,6,5,0,1050.45898661925,801.125426628356,0,1,0,0,5,2,2,0,6,6,18,9,24,12,4,-4,2,-2,5,-5,0,4,0,5,6,8
2021-12-05,F1,Montpellier,Clermont,2,1,0,8,10,2,3,1087.44164561584,876.935046729092,0,0,1,3,0,0,1,7,9,1,14,5,29,23,1,-1,-2,2,-1,1,0,1,3,2,10,8
2021-12-05,F1,Reims,Angers,0,1,2,5,13,2,4,1010.49435446468,906.416738550201,1,0,0,0,2,3,0,7,8,5,12,11,20,26,-1,1,-8,8,-2,2,2,1,4,2,13,5
2021-12-05,F1,Nice,Strasbourg,0,0,3,12,15,5,5,1114.42187028558,1108.57057086708,0,0,2,0,0,2,3,4,7,9,17,16,35,28,-3,3,-3,3,0,0,3,0,5,5,15,12
2021-12-05,F1,Bordeaux,Lyon,1,2,2,12,19,5,5,902.763612027034,1084.59622123337,0,1,2,0,0,1,2,0,4,6,8,14,13,31,0,0,-7,7,0,0,2,2,5,5,19,12
2021-12-10,F1,Nantes,Lens,2,3,2,15,4,5,2,963.00358749356,1122.90061740226,0,0,1,0,0,1,2,4,5,6,12,15,25,36,1,-1,11,-11,3,-3,2,3,2,5,4,15
2021-12-11,F1,Brest,Montpellier,0,0,4,17,9,6,4,1167.94491109119,1102.12244050811,3,1,0,0,4,1,0,0,15,9,20,16,30,31,-4,4,8,-8,2,-2,4,0,4,6,9,17
2021-12-11,F1,Reims,St Etienne,2,2,0,17,4,6,0,969.185253502814,859.857170593664,0,0,1,1,0,0,1,1,8,6,12,9,20,12,2,-2,13,-13,6,-6,0,2,0,6,4,17
2021-12-12,F1,Lille,Lyon,1,0,0,14,13,2,2,1130.07016280669,1076.9116408797,1,0,0,0,7,2,0,1,9,7,16,15,31,29,0,0,1,-1,0,0,0,0,2,2,13,14
2021-12-12,F1,Angers,Clermont,0,0,1,12,17,3,3,947.725839512064,862.254251836819,0,0,1,4,0,0,1,8,8,1,13,5,29,20,-1,1,-5,5,0,0,1,0,3,3,17,12
2021-12-12,F1,Metz,Lorient,2,4,1,5,17,3,6,776.320510911584,812.869969568757,0,0,1,4,0,0,11,11,5,0,9,3,12,18,3,-3,-12,12,-3,3,1,4,6,3,17,5
2021-12-12,F1,Rennes,Nice,0,1,2,20,7,8,3,1248.08018043199,1058.97197408944,0,0,1,0,0,3,1,1,12,4,23,14,40,35,-1,1,13,-13,5,-5,2,1,3,8,7,20
2021-12-12,F1,Troyes,Bordeaux,0,1,2,21,8,3,4,840.093202123345,910.448192380704,1,0,0,1,1,0,0,5,3,2,11,8,18,14,-1,1,13,-13,-1,1,2,1,4,3,8,21
2021-12-12,F1,Strasbourg,Marseille,0,0,2,11,8,3,3,1164.02046706322,1152.10546116877,1,2,0,0,4,3,0,0,9,10,16,15,28,32,-2,2,3,-3,0,0,2,0,3,3,8,11
2021-12-12,F1,Paris SG,Monaco,2,2,0,9,13,2,3,1299.8205173113,1075.26390233602,0,1,0,0,8,2,1,0,11,9,21,18,46,26,2,-2,-4,4,-1,1,0,2,3,2,13,9
2021-12-22,F1,Bordeaux,Lille,0,2,3,12,12,3,3,936.0554000708,1127.64104789655,0,1,0,0,1,2,3,0,5,9,10,14,17,29,-1,1,0,0,0,0,3,2,3,3,12,12
2021-12-22,F1,Lorient,Paris SG,1,1,1,17,17,5,4,752.622839140126,1318.71475693168,0,0,3,0,0,4,5,1,0,11,2,21,18,46,0,0,0,0,1,-1,1,1,4,5,17,17
2021-12-22,F1,Lyon,Metz,1,1,1,18,6,6,2,1079.34075578984,836.567641340215,0,0,1,1,0,0,1,1,5,7,13,9,30,15,0,0,12,-12,4,-4,1,1,2,6,6,18
2021-12-22,F1,Marseille,Reims,1,1,1,14,7,5,2,1197.46654929059,999.680290152087,0,1,1,0,0,2,1,0,10,10,18,12,32,22,0,0,7,-7,3,-3,1,1,2,5,7,14
2021-12-22,F1,Monaco,Rennes,2,2,1,11,16,3,6,1056.36966271564,1200.20069661265,1,2,0,0,6,5,0,0,8,9,15,22,26,37,1,-1,-5,5,-3,3,1,2,6,3,16,11
2021-12-22,F1,Montpellier,Angers,2,4,1,9,13,6,6,1178.70146451668,908.008670454246,1,1,0,0,1,4,0,0,9,7,19,12,31,28,3,-3,-4,4,0,0,1,4,6,6,13,9
2021-12-22,F1,Nice,Lens,2,2,1,9,8,3,4,1106.85145790878,1077.13216851896,0,0,3,1,0,0,4,5,7,3,14,12,37,33,1,-1,1,-1,-1,1,1,2,4,3,8,9
2021-12-22,F1,St Etienne,Nantes,0,0,1,13,8,6,3,829.362133944391,1008.77203637686,0,1,2,0,0,2,2,0,3,7,9,15,12,28,-1,1,5,-5,3,-3,1,0,3,6,8,13
2021-12-22,F1,Troyes,Brest,1,1,1,15,8,4,2,814.485994433249,1091.36588708262,0,3,1,0,0,4,1,0,3,12,10,20,17,27,0,0,7,-7,2,-2,1,1,2,4,8,15
2022-01-07,F1,Bordeaux,Marseille,0,0,1,6,18,2,6,920.1062662711,1189.22932764996,0,3,1,0,0,4,4,0,4,10,10,19,17,33,-1,1,-12,12,-4,4,1,0,6,2,18,6
2022-01-08,F1,Lens,Rennes,2,1,0,11,5,4,0,1047.86275963629,1155.66162565304,0,0,0,1,5,0,2,1,3,6,9,19,30,34,1,-1,6,-6,4,-4,0,1,0,4,5,11
2022-01-09,F1,Brest,Nice,0,0,3,26,9,10,4,1080.76886592769,1136.12086679145,0,1,1,0,0,4,1,0,10,7,21,17,25,37,-3,3,17,-17,6,-6,3,0,4,10,9,26
2022-01-09,F1,Clermont,Reims,1,0,0,12,7,7,2,901.971420894637,1007.91751179271,0,0,0,0,1,3,3,1,4,10,8,13,23,23,0,0,5,-5,5,-5,0,0,2,7,7,12
2022-01-09,F1,Metz,Strasbourg,0,0,2,7,19,1,7,846.224894551108,1118.65937894141,1,1,0,0,1,3,0,0,7,8,10,16,16,27,-2,2,-12,12,-6,6,2,0,7,1,19,7
2022-01-09,F1,Nantes,Monaco,1,0,0,8,9,4,1,1025.5751165763,1100.90873367524,1,0,0,1,1,0,0,1,10,10,15,15,31,29,0,0,-1,1,3,-3,0,0,1,4,9,8
2022-01-09,F1,Lyon,Paris SG,1,1,1,11,15,4,3,1069.68350257895,1303.89926838117,0,0,0,0,1,5,2,2,6,9,13,22,28,46,0,0,-4,4,1,-1,1,1,3,4,15,11
2022-01-14,F1,Nice,Nantes,2,2,1,13,11,5,3,1182.0374776967,1028.9909933162,1,2,0,0,1,3,0,0,10,10,17,15,37,29,1,-1,2,-2,2,-2,1,2,3,5,11,13
2022-01-15,F1,St Etienne,Lens,0,1,2,13,14,4,4,812.559053744954,1089.48460849301,0,0,3,2,0,0,3,6,0,5,8,12,12,30,-1,1,-1,1,0,0,2,1,4,4,14,13
2022-01-15,F1,Paris SG,Brest,2,2,0,20,6,9,3,1294.49625764454,1034.85225502244,1,0,0,0,9,5,0,1,7,7,20,20,47,25,2,-2,14,-14,6,-6,0,2,3,9,6,20
2022-01-16,F1,Rennes,Bordeaux,2,6,0,19,5,11,1,1114.03977679631,908.893319398547,0,1,2,0,0,1,2,0,3,4,16,9,31,17,6,-6,14,-14,10,-10,0,6,1,11,5,19
2022-01-16,F1,Lorient,Angers,1,0,0,14,5,4,0,767.438327690632,889.04254366458,0,0,0,1,1,0,6,1,1,4,2,9,19,25,0,0,9,-9,4,-4,0,0,0,4,5,14
2022-01-16,F1,Monaco,Clermont,2,4,0,20,6,10,1,1097.49285693534,906.704612074819,2,1,0,0,7,1,0,0,10,5,16,8,30,21,4,-4,14,-14,9,-9,0,4,1,10,6,20
2022-01-16,F1,Reims,Metz,0,0,1,14,17,2,5,1003.18432061253,831.097109792496,1,0,0,0,1,1,0,2,8,4,13,10,24,16,-1,1,-3,3,-3,3,1,0,5,2,17,14
2022-01-16,F1,Strasbourg,Montpellier,2,3,1,19,9,8,5,1133.78716370002,1197.66759130634,0,2,1,0,0,2,1,0,10,12,18,21,29,34,2,-2,10,-10,3,-3,1,3,5,8,9,19
2022-01-16,F1,Troyes,Lyon,0,0,1,6,19,2,8,825.083015588182,1079.08651331558,0,0,0,0,1,3,2,2,4,4,11,13,18,26,-1,1,-13,13,-6,6,1,0,8,2,19,6
2022-01-16,F1,Marseille,Lille,1,1,1,22,5,7,4,1200.44227452251,1143.59018169625,0,2,0,0,1,3,2,0,10,11,19,14,36,29,0,0,17,-17,3,-3,1,1,4,7,5,22
2022-01-19,F1,Clermont,Strasbourg,0,0,2,7,15,1,5,874.444756048362,1185.61890513517,0,2,0,0,2,4,4,0,5,12,5,18,18,32,-2,2,-8,8,-4,4,2,0,5,1,15,7
2022-01-19,F1,Lille,Lorient,2,3,1,13,18,5,5,1146.18519725924,772.820408322604,0,0,0,5,8,0,1,12,11,2,15,3,29,17,2,-2,-5,5,0,0,1,3,5,5,18,13
2022-01-19,F1,Montpellier,Troyes,0,0,1,11,13,2,5,1145.83584987119,813.042252306965,2,0,0,3,2,0,0,3,12,4,18,8,31,17,-1,1,-2,2,-3,3,1,0,5,2,13,11
2022-01-21,F1,Lyon,St Etienne,2,1,0,11,4,4,1,1091.12727659679,801.755456642002,0,0,0,2,2,0,3,2,7,0,13,8,29,12,1,-1,7,-7,3,-3,0,1,1,4,4,11
2022-01-22,F1,Brest,Lille,2,2,0,9,17,3,5,1018.78039817524,1155.34269838067,0,0,2,0,0,4,2,1,4,11,19,17,24,31,2,-2,-8,8,-2,2,0,2,5,3,17,9
2022-01-22,F1,Lens,Marseille,0,0,2,9,10,3,7,1100.28820559597,1197.84725895952,1,4,0,0,6,5,0,0,7,8,12,19,32,37,-2,2,-1,1,-4,4,2,0,7,3,10,9
2022-01-23,F1,Metz,Nice,0,0,2,8,7,1,6,877.76649257168,1200.78751129027,0,2,1,0,0,5,1,0,7,12,13,19,18,39,-2,2,1,-1,-5,5,2,0,6,1,7,8
2022-01-23,F1,Angers,Troyes,2,2,1,10,11,3,6,883.660463032608,868.828474369933,0,1,2,0,0,1,2,0,4,4,10,8,26,20,1,-1,-1,1,-3,3,1,2,6,3,11,10
2022-01-23,F1,Bordeaux,Strasbourg,2,4,3,13,18,6,6,869.860986159854,1198.15499301274,0,3,2,0,0,5,5,0,4,12,8,21,17,35,1,-1,-5,5,0,0,3,4,6,6,18,13
2022-01-23,F1,Clermont,Rennes,2,2,1,12,13,4,4,861.908668170793,1153.07211003501,0,0,1,2,0,0,5,2,4,6,5,16,15,33,1,-1,-1,1,0,0,1,2,4,4,13,12
2022-01-23,F1,Nantes,Lorient,2,4,2,12,15,8,6,1010.24095972263,763.662907201174,0,0,0,6,2,0,1,13,10,2,12,2,28,16,2,-2,-3,3,2,-2,2,4,6,8,15,12
2022-01-23,F1,Montpellier,Monaco,2,3,2,15,17,7,7,1090.04962780822,1129.75271296179,0,0,1,0,0,1,1,2,9,10,18,16,31,32,1,-1,-2,2,0,0,2,3,7,7,17,15
2022-01-23,F1,Paris SG,Reims,2,4,0,22,7,8,3,1310.56811449174,956.514937833347,2,0,0,0,10,4,0,2,9,5,22,13,47,23,4,-4,15,-15,5,-5,0,4,3,8,7,22
2022-01-26,F1,Angers,St Etienne,0,0,1,7,8,4,5,914.295215646725,791.580061162681,1,0,0,3,1,0,0,3,7,0,12,7,26,11,-1,1,-1,1,-1,1,1,0,5,4,8,7
2022-02-01,F1,Lyon,Marseille,2,2,1,12,9,4,1,1101.30267207612,1229.70354463847,1,5,0,0,3,6,0,0,9,11,16,21,31,37,1,-1,3,-3,3,-3,1,2,1,4,9,12
2022-02-04,F1,Marseille,Angers,2,5,2,18,4,8,2,1186.38791967166,871.440408773413,0,0,0,0,2,1,3,2,8,4,18,12,36,23,3,-3,14,-14,6,-6,2,5,2,8,4,18
2022-02-05,F1,St Etienne,Montpellier,2,3,1,27,3,8,2,834.434868035994,1125.6905821604,0,0,4,1,0,0,4,1,3,9,9,18,13,33,2,-2,24,-24,6,-6,1,3,2,8,3,27
2022-02-05,F1,Monaco,Lyon,2,2,0,10,19,6,5,1094.11175860961,1144.61829704293,3,1,0,0,8,4,0,0,7,11,16,16,32,34,2,-2,-9,9,1,-1,0,2,5,6,19,10
2022-02-06,F1,Lorient,Lens,2,2,0,8,8,3,0,746.580107286437,1068.43191991702,0,1,0,0,2,1,7,0,2,6,2,12,13,31,2,-2,0,0,3,-3,0,2,0,3,8,8
2022-02-06,F1,Nice,Clermont,0,0,1,7,14,3,5,1212.60855908886,915.821220632566,2,0,0,1,2,0,0,1,15,7,19,8,39,15,-1,1,-7,7,-2,2,1,0,5,3,14,7
2022-02-06,F1,Reims,Bordeaux,2,5,0,16,6,7,0,941.64559801164,925.45996971433,0,0,1,1,0,0,1,1,5,6,13,8,22,19,5,-5,10,-10,7,-7,0,5,0,7,6,16
2022-02-06,F1,Strasbourg,Nantes,2,1,0,13,10,3,2,1142.55600945826,1027.32375963737,1,0,0,1,1,0,0,1,9,10,18,15,35,28,1,-1,3,-3,1,-1,0,1,2,3,10,13
2022-02-06,F1,Troyes,Metz,1,0,0,9,6,2,0,838.193721755816,865.945444773091,0,1,1,0,0,2,3,0,4,7,7,12,20,18,0,0,3,-3,2,-2,0,0,0,2,6,9
2022-02-06,F1,Rennes,Brest,2,2,0,19,5,8,1,1099.15955757323,1079.04047657406,1,0,0,1,1,0,0,2,3,4,15,19,32,26,2,-2,14,-14,7,-7,0,2,1,8,5,19
2022-02-06,F1,Lille,Paris SG,0,1,5,10,18,5,7,1095.08261998185,1325.43745431345,1,0,0,0,9,6,0,3,8,11,17,22,31,47,-4,4,-8,8,-2,2,5,1,7,5,18,10
2022-02-11,F1,Paris SG,Rennes,2,1,0,12,13,1,1,1352.50507310695,1140.48033122028,3,0,0,3,11,0,0,3,11,6,22,15,47,32,1,-1,-1,1,0,0,0,1,1,1,13,12
2022-02-12,F1,Montpellier,Lille,0,0,1,16,16,5,7,1051.79451809438,1068.01500118835,1,0,0,1,1,0,0,2,6,7,15,16,30,30,-1,1,0,0,-2,2,1,0,7,5,16,16
2022-02-12,F1,Lyon,Nice,2,2,0,12,1,8,1,1094.42965254268,1158.42394995684,2,3,0,0,4,6,0,0,10,12,16,19,33,36,2,-2,11,-11,7,-7,0,2,1,8,1,12
2022-02-13,F1,Monaco,Lorient,1,0,0,15,5,4,1,1144.30040310986,822.405286897389,4,0,0,7,9,0,0,14,10,5,18,5,35,16,0,0,10,-10,3,-3,0,0,1,4,5,15
2022-02-13,F1,Angers,Strasbourg,0,0,1,9,8,2,2,856.141251770667,1164.3154933877,0,0,1,1,0,0,1,1,4,12,11,20,22,37,-1,1,1,-1,0,0,1,0,2,2,8,9
2022-02-13,F1,Brest,Troyes,2,5,1,12,5,5,2,1037.71970292702,839.469024772432,1,0,0,1,1,0,0,1,4,5,16,8,26,20,4,-4,7,-7,3,-3,1,5,2,5,5,12
2022-02-13,F1,Clermont,St Etienne,0,1,2,9,6,3,3,970.005829764584,908.330932102014,1,1,0,0,1,1,0,0,7,6,11,9,17,15,-1,1,3,-3,0,0,2,1,3,3,6,9
2022-02-13,F1,Nantes,Reims,2,1,0,11,7,3,4,1005.56427570793,1012.18392065454,1,0,0,1,3,0,0,3,7,5,14,15,28,24,1,-1,4,-4,-1,1,0,1,4,3,7,11
2022-02-13,F1,Lens,Bordeaux,2,3,2,9,10,7,4,992.606740306071,854.921647071431,0,0,1,2,0,0,1,2,6,3,9,8,28,18,1,-1,-1,1,3,-3,2,3,4,7,10,9
2022-02-13,F1,Metz,Marseille,0,1,2,11,13,4,5,864.670141756475,1201.6870766744,0,0,2,1,0,0,2,1,5,10,12,20,18,36,-1,1,-2,2,-1,1,2,1,5,4,13,11
2022-02-18,F1,Lille,Metz,1,0,0,13,7,1,0,1098.52212395834,856.628857710286,0,0,1,0,0,3,1,1,7,4,18,11,30,17,0,0,6,-6,1,-1,0,0,0,1,7,13
2022-02-19,F1,Lens,Lyon,1,1,1,12,10,6,2,1012.5501101213,1146.27529202836,1,0,0,1,1,0,0,1,9,12,12,16,30,33,0,0,2,-2,4,-4,1,1,2,6,10,12
2022-02-19,F1,Nantes,Paris SG,2,3,1,13,16,7,9,1038.17389377452,1367.08723427585,2,1,0,0,4,7,0,0,7,13,17,22,31,47,2,-2,-3,3,-2,2,1,3,9,7,16,13
2022-02-20,F1,Nice,Angers,2,1,0,9,11,5,2,1106.57831047116,846.858282406806,0,0,1,1,0,0,1,3,9,4,16,8,33,19,1,-1,-2,2,3,-3,0,1,2,5,11,9
2022-02-20,F1,Lorient,Montpellier,0,0,1,16,6,3,5,834.068528058616,1021.28739532439,1,0,0,2,3,0,0,2,5,3,6,15,16,30,-1,1,10,-10,-2,2,1,0,5,3,6,16
2022-02-20,F1,Reims,Brest,1,1,1,8,15,2,4,979.574302587947,1068.95149966762,1,0,0,2,1,0,0,3,4,6,14,16,24,29,0,0,-7,7,-2,2,1,1,4,2,15,8
2022-02-20,F1,Rennes,Troyes,2,4,1,17,4,8,1,1125.89817005138,808.237228031828,2,0,0,2,2,0,0,2,6,4,12,8,32,20,3,-3,13,-13,7,-7,1,4,1,8,4,17
2022-02-20,F1,St Etienne,Strasbourg,1,2,2,9,8,4,4,945.952476121898,1173.59846275156,1,1,0,0,1,1,0,0,9,12,9,22,18,37,0,0,1,-1,0,0,2,2,4,4,8,9
2022-02-20,F1,Bordeaux,Monaco,1,1,1,11,13,3,4,834.978277256204,1132.63716194863,1,0,0,1,1,0,0,3,3,8,7,18,18,33,0,0,-2,2,-1,1,1,1,4,3,13,11
2022-02-20,F1,Marseille,Clermont,0,0,2,18,4,4,3,1209.72836072059,932.384285744701,1,1,0,0,3,1,0,0,10,6,20,11,36,16,-2,2,14,-14,1,-1,2,0,3,4,4,18
2022-02-25,F1,Montpellier,Rennes,0,2,4,12,11,5,9,1037.53942892128,1140.99303196359,0,0,1,4,0,0,1,4,6,9,18,12,30,35,-2,2,1,-1,-4,4,4,2,9,5,11,12
2022-02-26,F1,Strasbourg,Nice,1,0,0,17,3,6,0,1164.39570931838,1118.3006891879,2,0,0,1,2,0,0,1,10,9,22,19,38,35,0,0,14,-14,6,-6,0,0,0,6,3,17
2022-02-26,F1,Paris SG,St Etienne,2,3,1,21,13,8,6,1290.8504018509,955.15522955508,4,2,0,0,12,2,0,0,12,10,19,10,44,19,2,-2,8,-8,2,-2,1,3,6,8,13,21
2022-02-27,F1,Monaco,Reims,0,1,2,18,12,5,7,1121.52404776119,983.601821532379,0,0,0,2,10,0,1,4,8,4,18,12,34,22,-1,1,6,-6,-2,2,2,1,7,5,12,18
2022-02-27,F1,Angers,Lens,0,1,2,13,8,4,2,835.135903690072,1018.42128363748,0,0,2,1,0,0,2,1,3,7,7,12,18,28,-1,1,5,-5,2,-2,2,1,2,4,8,13
2022-02-27,F1,Brest,Lorient,0,0,1,4,17,0,8,1064.92398072319,817.816494461726,2,0,0,0,2,1,0,15,7,4,14,6,29,13,-1,1,-13,13,-8,8,1,0,8,0,17,4
2022-02-27,F1,Clermont,Bordeaux,1,1,1,9,10,3,3,1005.3222729467,846.091391443644,0,0,1,3,0,0,1,3,9,4,14,8,19,19,0,0,-1,1,0,0,1,1,3,3,10,9
2022-02-27,F1,Metz,Nantes,1,0,0,8,12,0,3,866.260314206291,1114.41072619947,0,0,3,2,0,0,3,2,5,9,9,19,18,34,0,0,-4,4,-3,3,0,0,3,0,12,8
2022-02-27,F1,Troyes,Marseille,1,1,1,9,8,3,3,793.142366119621,1136.7903735186,0,1,0,0,1,1,4,0,4,9,8,17,17,33,0,0,1,-1,0,0,1,1,3,3,8,9
2022-02-27,F1,Lyon,Lille,0,0,1,20,6,8,2,1140.40411851218,1088.89066746233,3,1,0,0,5,1,0,0,10,7,17,18,31,31,-1,1,14,-14,6,-6,1,0,2,8,6,20
2022-03-04,F1,Lorient,Lyon,0,1,4,15,15,6,7,869.38286664612,1103.69401835566,0,0,1,0,0,1,1,2,7,7,9,16,15,31,-3,3,0,0,-1,1,4,1,7,6,15,15
2022-03-05,F1,Lens,Brest,0,0,1,20,5,6,3,1034.94939019969,1013.3576085388,0,0,0,0,2,1,1,4,7,7,14,11,28,28,-1,1,15,-15,3,-3,1,0,3,6,5,20
2022-03-05,F1,Nice,Paris SG,2,1,0,11,8,6,2,1120.41107555168,1301.9449164548,1,0,0,1,1,0,0,1,7,12,19,21,36,44,1,-1,3,-3,4,-4,0,1,2,6,8,11
2022-03-06,F1,St Etienne,Metz,2,1,0,13,5,5,2,944.060714951179,876.073517200056,0,0,0,0,2,4,1,2,10,3,10,10,19,19,1,-1,8,-8,3,-3,0,1,2,5,5,13
2022-03-06,F1,Bordeaux,Troyes,0,0,2,10,10,3,2,852.950597203468,805.254008500987,0,0,0,3,2,0,1,3,5,2,9,6,17,17,-2,2,0,0,1,-1,2,0,2,3,10,10
2022-03-06,F1,Nantes,Montpellier,2,2,0,16,6,5,1,1104.59752320571,1006.36826244478,3,1,0,0,5,1,0,0,10,6,20,15,32,29,2,-2,10,-10,4,-4,0,2,1,5,6,16
2022-03-06,F1,Reims,Strasbourg,1,1,1,8,17,1,6,1027.67718723894,1162.2853229546,0,0,0,0,2,2,1,1,7,8,12,20,24,36,0,0,-9,9,-5,5,1,1,6,1,17,8
2022-03-06,F1,Rennes,Angers,2,2,0,15,7,4,2,1172.16419844009,818.607797127863,3,0,0,2,3,0,0,4,9,0,15,7,38,18,2,-2,8,-8,2,-2,0,2,2,4,7,15
2022-03-06,F1,Lille,Clermont,2,4,0,15,9,8,1,1125.60076761886,998.463067186872,0,2,0,0,1,2,2,0,7,10,18,14,34,19,4,-4,6,-6,7,-7,0,4,1,8,9,15
2022-03-06,F1,Marseille,Monaco,0,0,1,13,5,2,3,1124.67873113723,1077.44868205463,0,0,1,0,0,1,1,4,7,5,18,15,33,33,-1,1,8,-8,-1,1,1,0,3,2,5,13
2022-03-11,F1,Lille,St Etienne,1,0,0,10,11,2,3,1167.50005757337,969.877582959286,1,0,0,1,2,0,0,1,10,10,18,13,34,22,0,0,-1,1,-1,1,0,0,3,2,11,10
2022-03-12,F1,Montpellier,Nice,1,0,0,24,8,7,0,974.590202214209,1167.75905755414,0,0,2,0,0,1,2,2,3,7,12,22,28,36,0,0,16,-16,7,-7,0,0,0,7,8,24
2022-03-12,F1,Troyes,Nantes,2,1,0,11,6,2,1,855.094939424028,1136.37558343628,0,0,0,0,2,1,5,3,5,10,9,20,20,32,1,-1,5,-5,1,-1,0,1,1,2,6,11
2022-03-13,F1,Paris SG,Bordeaux,2,3,0,12,15,5,5,1254.59693445234,803.109666280426,5,0,0,0,13,1,0,4,9,2,20,8,41,16,3,-3,-3,3,0,0,0,3,5,5,15,12
2022-03-13,F1,Angers,Reims,0,0,1,20,10,7,3,808.47204702845,1033.58351430417,0,1,3,0,0,1,3,0,0,8,4,13,17,25,-1,1,10,-10,4,-4,1,0,3,7,10,20
2022-03-13,F1,Clermont,Lorient,0,0,2,10,9,1,6,956.563777232359,846.908643928949,0,1,0,0,1,2,2,0,7,7,14,9,19,12,-2,2,1,-1,-5,5,2,0,6,1,9,10
2022-03-13,F1,Metz,Lens,1,0,0,6,11,3,0,850.256649191949,1000.96326985193,0,1,0,0,1,1,4,0,3,7,10,13,19,28,0,0,-5,5,3,-3,0,0,0,3,11,6
2022-03-13,F1,Strasbourg,Monaco,2,1,0,11,5,3,0,1156.37899588937,1113.77213148037,0,1,0,0,3,2,1,0,9,8,18,15,34,33,1,-1,6,-6,3,-3,0,1,0,3,5,11
2022-03-13,F1,Lyon,Rennes,0,2,4,11,10,2,7,1126.16824107283,1182.2999485395,0,1,1,0,0,1,1,0,7,12,18,15,31,38,-2,2,1,-1,-5,5,4,2,7,2,10,11
2022-03-13,F1,Brest,Marseille,0,1,4,8,13,2,7,1047.34372888656,1088.35528171148,0,0,1,0,0,2,1,1,7,7,11,15,31,33,-3,3,-5,5,-5,5,4,1,7,2,13,8
2022-03-18,F1,St Etienne,Troyes,1,1,1,10,8,3,4,978.109259824178,908.514601752304,1,1,0,0,3,1,0,0,8,7,14,12,23,22,0,0,2,-2,-1,1,1,1,4,3,8,10
2022-03-19,F1,Lens,Clermont,2,3,1,20,10,7,3,994.427815449951,899.306136679214,0,0,1,1,0,0,2,1,8,4,14,11,26,19,2,-2,10,-10,4,-4,1,3,3,7,10,20
2022-03-19,F1,Nantes,Lille,0,0,1,11,12,3,4,1082.955921108,1159.26838070848,4,2,0,0,6,2,0,0,10,11,17,18,32,32,-1,1,-1,1,-1,1,1,0,4,3,12,11
2022-03-20,F1,Monaco,Paris SG,2,3,0,13,13,8,6,1085.67681451341,1262.14462660125,0,0,1,2,0,0,2,2,5,9,15,20,30,41,3,-3,0,0,2,-2,0,3,6,8,13,13
2022-03-20,F1,Angers,Brest,2,1,0,9,16,3,2,794.720687227581,999.219352652378,0,1,4,0,0,2,4,0,0,7,4,11,16,31,1,-1,-7,7,1,-1,0,1,2,3,16,9
2022-03-20,F1,Bordeaux,Montpellier,0,0,2,32,7,10,2,795.561974131517,982.67007647503,0,0,1,1,0,0,2,1,2,4,5,10,15,29,-2,2,25,-25,8,-8,2,0,2,10,7,32
2022-03-20,F1,Lorient,Strasbourg,1,0,0,9,13,2,4,904.166284482094,1184.47431285633,0,0,2,0,0,3,2,2,7,9,12,21,14,37,0,0,-4,4,-2,2,0,0,4,2,13,9
2022-03-20,F1,Rennes,Metz,2,6,1,21,2,8,1,1219.13294001418,856.792103593924,4,0,0,1,4,0,0,3,12,3,18,8,40,17,5,-5,19,-19,7,-7,1,6,1,8,2,21
2022-03-20,F1,Reims,Lyon,1,0,0,5,10,2,2,1047.33487410504,1089.33524959816,0,1,0,0,3,2,2,0,8,7,13,17,25,30,0,0,-5,5,0,0,0,0,2,2,10,5
2022-03-20,F1,Marseille,Nice,2,2,1,13,9,6,3,1136.47965794566,1159.67918329332,0,0,2,0,0,2,2,3,7,8,17,20,36,34,1,-1,4,-4,3,-3,1,2,3,6,9,13
2022-04-02,F1,Nice,Rennes,1,1,1,10,13,3,4,1125.5455981172,1235.48075350887,2,2,0,0,2,2,0,0,8,15,17,21,34,40,0,0,-3,3,-1,1,1,1,4,3,13,10
2022-04-02,F1,Lille,Bordeaux,1,0,0,22,2,6,0,1184.35063361219,773.277142822615,0,0,0,1,3,0,1,5,11,2,18,5,32,15,0,0,20,-20,6,-6,0,0,0,6,2,22
2022-04-03,F1,Strasbourg,Lens,2,1,0,13,13,3,2,1173.78925026954,1026.56928057758,1,0,0,0,4,2,0,1,7,8,19,17,37,26,1,-1,0,0,1,-1,0,1,2,3,13,13
2022-04-03,F1,Clermont,Nantes,0,2,3,12,9,4,4,867.164671551587,1057.8736682043,0,0,1,1,0,0,3,4,4,7,10,14,18,29,-1,1,3,-3,0,0,3,2,4,4,9,12
2022-04-03,F1,Metz,Monaco,0,1,2,17,14,4,4,840.444290099229,1165.74660387099,0,0,0,1,2,0,5,1,3,7,7,15,17,30,-1,1,3,-3,0,0,2,1,4,4,14,17
2022-04-03,F1,Montpellier,Brest,0,1,2,9,12,3,6,1004.95490778393,950.295065135444,0,0,0,1,1,0,3,1,7,4,10,10,31,31,-1,1,-3,3,-3,3,2,1,6,3,12,9
2022-04-03,F1,St Etienne,Marseille,0,2,4,5,15,2,9,974.946495479388,1170.61324312177,0,1,0,0,4,3,1,0,6,7,15,17,23,36,-2,2,-10,10,-7,7,4,2,9,2,15,5
2022-04-03,F1,Troyes,Reims,2,1,0,19,10,5,4,911.677366097094,1049.2596957943,1,2,0,0,3,2,0,0,8,9,12,13,23,26,1,-1,9,-9,1,-1,0,1,4,5,10,19
2022-04-03,F1,Lyon,Angers,2,3,2,15,7,5,4,1087.41042790889,843.644974744515,0,0,2,3,0,0,2,5,5,3,17,7,30,16,1,-1,8,-8,1,-1,2,3,4,5,7,15
2022-04-03,F1,Paris SG,Lorient,2,5,1,15,11,7,4,1182.07483724367,914.851347068886,6,2,0,0,14,3,0,0,6,7,19,12,41,14,4,-4,4,-4,3,-3,1,5,4,7,11,15
2022-04-08,F1,Lorient,St Etienne,2,6,2,18,13,12,4,892.044651073316,953.470680303914,0,0,0,0,1,1,3,2,7,5,11,15,14,23,4,-4,5,-5,8,-8,2,6,4,12,13,18
2022-04-09,F1,Reims,Rennes,0,2,3,15,14,7,8,1005.21118779636,1230.58051010658,0,0,0,0,4,3,3,1,8,13,12,22,25,38,-1,1,1,-1,-1,1,3,2,8,7,14,15
2022-04-09,F1,Clermont,Paris SG,0,1,6,10,17,4,10,851.15503293677,1204.88153323924,0,0,2,3,0,0,4,3,1,9,10,21,15,41,-5,5,-7,7,-6,6,6,1,10,4,17,10
2022-04-10,F1,Bordeaux,Metz,2,3,1,12,9,7,2,786.532292903284,831.916786247417,0,0,2,2,0,0,3,4,2,2,6,7,15,17,2,-2,3,-3,5,-5,1,3,2,7,9,12
2022-04-10,F1,Angers,Lille,1,1,1,13,17,3,3,831.017481962752,1171.09548353152,1,3,0,0,1,3,0,0,3,11,6,18,16,33,0,0,-4,4,0,0,1,1,3,3,17,13
2022-04-10,F1,Brest,Nantes,1,1,1,12,12,6,5,987.288295128493,1073.88330681911,0,1,2,0,0,1,2,0,6,7,13,16,33,31,0,0,0,0,1,-1,1,1,5,6,12,12
2022-04-10,F1,Monaco,Troyes,2,2,1,11,8,3,1,1174.2741077228,955.725874095039,1,0,0,0,1,2,0,1,9,11,17,15,33,23,1,-1,3,-3,2,-2,1,2,1,3,8,11
2022-04-10,F1,Lens,Nice,2,3,0,6,16,3,6,1007.37154391322,1130.4458415195,1,0,0,1,1,0,0,4,7,6,14,15,26,32,3,-3,-10,10,-3,3,0,3,6,3,16,6
2022-04-10,F1,Strasbourg,Lyon,1,1,1,15,13,4,3,1192.98698693389,1100.03792069066,2,0,0,0,5,3,0,1,9,7,19,17,37,30,0,0,2,-2,1,-1,1,1,3,4,13,15
2022-04-10,F1,Marseille,Montpellier,2,2,0,11,6,5,2,1192.08905829725,967.961677790883,1,1,0,0,1,1,0,0,10,4,19,10,38,28,2,-2,5,-5,3,-3,0,2,2,5,6,11
2022-04-15,F1,Rennes,Monaco,0,2,3,13,12,4,4,1244.31585083195,1188.43776932445,5,1,0,0,5,1,0,0,13,12,22,17,38,33,-1,1,1,-1,0,0,3,2,4,4,12,13
2022-04-16,F1,St Etienne,Brest,2,2,1,11,7,4,3,877.68109401093,991.195568224592,0,1,1,0,0,1,2,0,5,7,15,14,22,33,1,-1,4,-4,1,-1,1,2,3,4,7,11
2022-04-16,F1,Lille,Lens,0,1,2,17,11,5,7,1159.05458731226,1080.45081476004,0,0,0,1,4,0,2,2,9,7,16,14,33,26,-1,1,6,-6,-2,2,2,1,7,5,11,17
2022-04-17,F1,Nice,Lorient,2,2,1,15,6,2,1,1057.36657067267,967.834237366299,0,0,0,1,3,0,1,1,5,7,12,14,31,16,1,-1,9,-9,1,-1,1,2,1,2,6,15
2022-04-17,F1,Metz,Clermont,1,1,1,4,26,2,4,782.362540522993,834.072078552618,0,0,1,2,0,0,6,2,1,0,4,10,17,15,0,0,-22,22,-2,2,1,1,4,2,26,4
2022-04-17,F1,Montpellier,Reims,1,0,0,14,15,3,9,949.030783365955,991.475847070982,0,0,1,1,0,0,4,1,4,5,10,12,28,25,0,0,-1,1,-6,6,0,0,9,3,15,14
2022-04-17,F1,Nantes,Angers,1,1,1,24,10,7,3,1069.97603372301,843.058378182013,0,0,1,4,0,0,1,6,7,4,17,4,29,16,0,0,14,-14,4,-4,1,1,3,7,10,24
2022-04-17,F1,Troyes,Strasbourg,1,1,1,11,12,3,4,941.562212493398,1188.80580302,2,0,0,0,4,4,0,3,10,9,12,17,20,38,0,0,-1,1,-1,1,1,1,4,3,12,11
2022-04-17,F1,Lyon,Bordeaux,2,6,1,15,17,9,5,1104.21910460455,836.086538627708,1,0,0,0,1,1,0,6,8,4,15,9,31,17,5,-5,-2,2,4,-4,1,6,5,9,17,15
2022-04-17,F1,Paris SG,Marseille,2,2,1,7,3,3,1,1221.96448762339,1211.01995272218,7,2,0,0,15,4,0,0,9,12,21,19,43,40,1,-1,4,-4,2,-2,1,2,1,3,3,7
2022-04-20,F1,Bordeaux,St Etienne,1,2,2,11,9,7,2,810.040635652605,919.779375858048,1,0,0,1,1,0,0,3,4,5,6,15,14,24,0,0,2,-2,5,-5,2,2,2,7,9,11
2022-04-20,F1,Lorient,Metz,2,1,0,15,20,5,5,943.902656958846,784.726424366909,1,0,0,3,2,0,0,5,7,2,14,5,16,17,1,-1,-5,5,0,0,0,1,5,5,20,15
2022-04-20,F1,Monaco,Nice,2,1,0,17,15,7,2,1225.54041101127,1081.29815108013,2,0,0,2,2,0,0,5,12,5,20,12,36,31,1,-1,2,-2,5,-5,0,1,2,7,15,17
2022-04-20,F1,Reims,Lille,2,2,1,10,20,4,5,989.530846226411,1119.93595436354,0,0,1,0,0,4,4,1,5,6,13,16,26,33,1,-1,-10,10,-1,1,1,2,5,4,20,10
2022-04-20,F1,Troyes,Clermont,0,0,1,16,3,3,1,951.349322123647,831.708194708702,0,0,0,0,5,1,1,3,8,1,13,8,20,16,-1,1,13,-13,2,-2,1,0,1,3,3,16
2022-04-20,F1,Angers,Paris SG,0,0,3,8,15,1,8,852.23865976115,1252.95679199926,0,1,0,0,2,1,1,0,5,12,5,21,17,43,-3,3,-7,7,-7,7,3,0,8,1,15,8
2022-04-20,F1,Brest,Lyon,2,2,1,9,18,3,5,949.097286377475,1130.26500757965,0,0,0,0,1,4,3,2,4,8,11,15,30,31,1,-1,-9,9,-2,2,1,2,5,3,18,9
2022-04-20,F1,Lens,Montpellier,2,2,0,12,9,5,4,1119.56944770876,950.975784210526,2,0,0,1,2,0,0,1,10,5,17,8,29,26,2,-2,3,-3,1,-1,0,2,4,5,9,12
2022-04-20,F1,Marseille,Nantes,2,3,2,19,4,5,3,1180.02764834631,1060.79575214387,2,0,0,0,2,2,0,1,12,5,19,15,37,30,1,-1,15,-15,2,-2,2,3,3,5,4,19
2022-04-20,F1,Strasbourg,Rennes,2,2,1,13,10,5,3,1179.01869338975,1207.21320914513,0,1,0,0,6,4,1,0,9,10,18,22,36,37,1,-1,3,-3,2,-2,1,2,3,5,10,13
2022-04-23,F1,Lyon,Montpellier,2,5,2,27,11,13,7,1082.94300243173,926.873371743741,2,0,0,2,2,0,0,2,8,4,15,8,31,23,3,-3,16,-16,6,-6,2,5,7,13,11,27
2022-04-23,F1,St Etienne,Monaco,0,1,4,8,12,4,6,914.887330697788,1244.96929511112,1,2,0,0,1,2,0,0,5,15,13,20,22,38,-3,3,-4,4,-2,2,4,1,6,4,12,8
2022-04-23,F1,Paris SG,Lens,1,1,1,18,8,7,3,1262.83442954108,1143.67186017554,8,1,0,0,16,1,0,0,12,12,21,20,43,29,0,0,10,-10,4,-4,1,1,3,7,8,18
2022-04-24,F1,Rennes,Lorient,2,5,0,10,12,7,2,1172.62208362895,962.18835401761,0,0,1,2,0,0,1,2,7,7,19,14,34,19,5,-5,-2,2,5,-5,0,5,2,7,12,10
2022-04-24,F1,Clermont,Angers,1,2,2,12,9,6,5,874.311703809571,842.361022219338,0,0,3,0,0,1,5,7,4,5,8,5,19,16,0,0,3,-3,1,-1,2,2,5,6,9,12
2022-04-24,F1,Metz,Brest,0,0,1,10,16,0,3,766.440727308144,996.419291525398,0,0,0,1,1,0,7,1,1,7,4,14,16,30,-1,1,-6,6,-3,3,1,0,3,0,16,10
2022-04-24,F1,Nantes,Bordeaux,2,5,3,15,20,6,7,1039.36569507901,814.932680812865,0,0,0,1,1,0,2,7,5,5,15,7,29,15,2,-2,-5,5,-1,1,3,5,7,6,20,15
2022-04-24,F1,Nice,Troyes,2,1,0,18,9,3,3,1061.86926698028,908.745813022778,1,0,0,1,4,0,0,2,4,5,12,12,31,20,1,-1,9,-9,0,0,0,1,3,3,9,18
2022-04-24,F1,Lille,Strasbourg,2,1,0,11,11,3,3,1076.4591454938,1213.60981890594,0,0,1,0,0,5,3,4,5,9,16,18,32,38,1,-1,0,0,0,0,0,1,3,3,11,11
2022-04-24,F1,Reims,Marseille,0,0,1,10,14,3,3,1033.00765509615,1201.45770541117,1,0,0,1,1,0,0,1,5,12,13,19,28,39,-1,1,-4,4,0,0,1,0,3,3,14,10
2022-04-29,F1,Strasbourg,Paris SG,1,3,3,14,14,2,6,1169.59544775093,1257.55230254856,1,2,0,0,7,2,0,0,8,13,15,19,37,41,0,0,0,0,-4,4,3,3,6,2,14,14
2022-04-30,F1,Lens,Nantes,1,2,2,20,13,5,5,1148.95398716806,1058.27048439502,3,0,0,1,3,0,0,2,10,8,18,15,30,32,0,0,7,-7,0,0,2,2,5,5,13,20
2022-04-30,F1,Rennes,St Etienne,2,2,0,13,8,3,3,1206.57430773347,900.698575655141,1,0,0,0,1,1,0,4,7,4,22,10,34,19,2,-2,5,-5,0,0,0,2,3,3,8,13
2022-05-01,F1,Troyes,Lille,2,3,0,9,10,5,1,890.001652635987,1120.47351664881,0,0,1,1,0,0,2,2,4,5,12,16,20,34,3,-3,-1,1,4,-4,0,3,1,5,10,9
2022-05-01,F1,Brest,Clermont,2,2,0,8,16,4,7,1009.87057493244,872.844454348437,1,1,0,0,2,2,0,0,10,5,14,9,30,20,2,-2,-8,8,-3,3,0,2,7,4,16,8
2022-05-01,F1,Lorient,Reims,0,1,2,20,12,8,2,928.236129913082,1015.41117510306,2,0,0,0,3,1,0,2,6,4,13,13,19,27,-1,1,8,-8,6,-6,2,1,2,8,12,20
2022-05-01,F1,Monaco,Angers,2,2,0,15,11,7,5,1259.15805015377,843.828271680473,3,0,0,0,3,2,0,8,15,3,22,6,40,14,2,-2,4,-4,2,-2,0,2,5,7,11,15
2022-05-01,F1,Montpellier,Metz,1,2,2,18,17,6,5,895.312932452958,752.989443901099,0,0,0,4,1,0,5,6,1,1,8,4,23,15,0,0,1,-1,1,-1,2,2,5,6,17,18
2022-05-01,F1,Bordeaux,Nice,0,0,1,5,14,1,3,796.027891496858,1080.61342736707,0,0,0,3,2,0,1,6,5,7,7,15,14,31,-1,1,-9,9,-2,2,1,0,3,1,14,5
2022-05-01,F1,Marseille,Lyon,0,0,3,9,12,2,5,1219.05418540426,1114.50344172251,3,0,0,1,3,0,0,3,12,10,19,15,39,31,-3,3,-3,3,-3,3,3,0,5,2,12,9
2022-05-06,F1,Lille,Monaco,0,1,2,15,9,5,3,1034.28145579144,1266.51513074161,1,3,0,0,1,3,0,0,4,15,15,24,33,42,-1,1,6,-6,2,-2,2,1,3,5,9,15
2022-05-07,F1,Brest,Strasbourg,0,0,1,7,14,2,5,1037.27539793086,1173.56163926566,2,0,0,1,3,0,0,5,10,6,16,15,30,37,-1,1,-7,7,-3,3,1,0,5,2,14,7
2022-05-08,F1,Metz,Lyon,2,3,2,15,17,8,5,759.200114382041,1184.96673867112,0,1,1,0,0,1,8,0,2,10,4,17,13,34,1,-1,-2,2,3,-3,2,3,5,8,17,15
2022-05-08,F1,Angers,Bordeaux,2,4,1,13,7,8,3,836.471191092633,785.614495271777,0,0,1,2,0,0,2,8,3,4,6,6,13,14,3,-3,6,-6,5,-5,1,4,3,8,7,13
2022-05-08,F1,Clermont,Montpellier,2,2,1,12,10,4,2,845.439631350022,889.102261972017,0,0,0,3,1,0,6,3,5,2,6,6,20,24,1,-1,2,-2,2,-2,1,2,2,4,10,12
2022-05-08,F1,Reims,Lens,0,1,2,7,21,2,5,1039.54641230158,1144.87017592676,0,0,1,0,0,2,1,1,7,11,15,18,27,30,-1,1,-14,14,-3,3,2,1,5,2,21,7
2022-05-08,F1,Lorient,Marseille,0,0,3,7,9,0,6,904.10089271456,1148.59088845566,0,1,1,0,0,1,1,0,6,9,13,19,19,36,-3,3,-2,2,-6,6,3,0,6,0,9,7
2022-05-08,F1,Paris SG,Troyes,1,2,2,17,9,7,3,1253.58611103383,976.193713493351,0,0,0,2,17,0,1,3,11,4,20,15,39,23,0,0,8,-8,4,-4,2,2,3,7,9,17
2022-05-11,F1,Nice,St Etienne,2,4,2,14,12,7,6,1091.02682359215,887.831197982632,2,0,0,1,5,0,0,5,9,4,15,9,34,19,2,-2,2,-2,1,-1,2,4,6,7,12,14
2022-05-11,F1,Nantes,Rennes,2,2,1,9,17,3,5,1062.35429563632,1219.44168540598,1,0,0,1,2,0,0,1,6,9,13,22,32,34,1,-1,-8,8,-2,2,1,2,5,3,17,9
2022-05-14,F1,Bordeaux,Lorient,1,0,0,14,13,1,2,739.008564705005,882.654177465024,0,0,1,3,0,0,2,3,1,3,5,10,14,19,0,0,1,-1,-1,1,0,0,2,1,13,14
2022-05-14,F1,Lyon,Nantes,2,3,2,17,17,6,6,1126.04654984742,1107.911142173,3,0,0,0,3,1,0,3,9,8,17,15,33,35,1,-1,0,0,0,0,2,3,6,6,17,17
2022-05-14,F1,Metz,Angers,2,1,0,7,11,2,4,818.120303205739,883.077121659405,1,0,0,1,1,0,0,9,5,5,6,9,16,16,1,-1,-4,4,-2,2,0,1,4,2,11,7
2022-05-14,F1,Monaco,Brest,2,4,2,25,10,9,5,1279.82901612664,1017.22131113469,4,1,0,0,4,1,0,0,15,9,27,16,42,27,2,-2,15,-15,4,-4,2,4,5,9,10,25
2022-05-14,F1,Montpellier,Paris SG,0,0,4,10,15,3,9,853.101822899056,1242.97585421918,0,0,0,0,2,3,6,1,2,9,6,18,21,39,-4,4,-5,5,-6,6,4,0,9,3,15,10
2022-05-14,F1,Nice,Lille,0,1,3,16,9,6,5,1111.80756086229,1020.96757040641,3,0,0,2,6,0,0,3,12,3,17,12,36,30,-2,2,7,-7,1,-1,3,1,5,6,9,16
2022-05-14,F1,Rennes,Marseille,2,2,0,12,8,4,0,1173.8848388693,1170.03760370519,2,2,0,0,2,2,0,0,6,9,19,21,34,39,2,-2,4,-4,4,-4,0,2,0,4,8,12
2022-05-14,F1,St Etienne,Reims,0,1,2,16,17,7,7,867.050460712493,1016.96046458818,0,1,1,0,0,2,1,0,4,7,9,12,19,24,-1,1,-1,1,0,0,2,1,7,7,17,16
2022-05-14,F1,Strasbourg,Clermont,2,1,0,11,11,6,3,1193.61572606183,881.440070422982,0,0,0,1,8,0,1,1,8,8,17,8,37,22,1,-1,0,0,3,-3,0,1,3,6,11,11
2022-05-14,F1,Troyes,Lens,0,1,3,6,15,2,9,986.803970307995,1167.45612364016,1,1,0,0,1,3,0,0,5,11,15,18,21,32,-2,2,-9,9,-7,7,3,1,9,2,15,6
2022-05-21,F1,Angers,Montpellier,2,2,0,19,14,3,1,845.163124138487,840.737556154758,1,0,0,4,1,0,0,4,4,1,9,6,13,18,2,-2,5,-5,2,-2,0,2,1,3,14,19
2022-05-21,F1,Brest,Bordeaux,0,2,4,11,15,7,7,1001.37219836258,745.270870814361,0,0,1,3,0,0,1,9,9,2,13,6,24,14,-2,2,-4,4,0,0,4,2,7,7,15,11
2022-05-21,F1,Clermont,Lyon,0,1,2,18,21,3,5,872.338420032798,1156.37773242902,1,0,0,1,2,0,0,1,7,9,8,17,22,35,-1,1,-3,3,-2,2,2,1,5,3,21,18
2022-05-21,F1,Lens,Monaco,1,2,2,28,12,10,5,1190.36435520986,1295.67812889875,0,4,0,0,4,4,1,0,11,15,21,27,34,42,0,0,16,-16,5,-5,2,2,5,10,12,28
2022-05-21,F1,Lille,Rennes,1,2,2,13,13,4,3,1076.03779282113,1217.25683112336,0,0,1,2,0,0,1,2,6,9,12,19,30,34,0,0,0,0,1,-1,2,2,3,4,13,13
2022-05-21,F1,Lorient,Troyes,1,1,1,17,8,6,3,876.391871355668,963.895738738293,0,0,2,0,0,1,2,4,4,4,11,12,20,21,0,0,9,-9,3,-3,1,1,3,6,8,17
2022-05-21,F1,Marseille,Strasbourg,2,4,0,17,10,11,4,1126.66561145113,1202.71737645201,0,1,1,0,0,1,1,0,9,10,21,19,36,37,4,-4,7,-7,7,-7,0,4,4,11,10,17
2022-05-21,F1,Nantes,St Etienne,1,1,1,12,13,5,3,1077.5799595914,848.06018276134,2,0,0,2,3,0,0,6,7,1,12,6,32,19,0,0,-1,1,2,-2,1,1,3,5,13,12
2022-05-21,F1,Paris SG,Metz,2,5,0,27,4,12,1,1255.34012096348,856.034300726657,0,0,0,0,18,1,2,7,9,7,21,9,41,19,5,-5,23,-23,11,-11,0,5,1,12,4,27
2022-05-21,F1,Reims,Nice,0,2,3,5,17,4,6,1035.95074253934,1056.73733844757,0,1,2,0,0,1,2,0,9,9,14,14,27,36,-1,1,-12,12,-2,2,3,2,6,4,17,5
2020-08-21,F1,Bordeaux,Nantes,1,0,0,5,6,1,1,816.644815269014,1068.31964117336,0,0,0,1,1,0,3,4,4,8,9,13,14,30,0,0,-1,1,0,0,0,0,1,1,6,5
2020-08-22,F1,Dijon,Angers,0,0,1,9,12,1,4,1000,888.462122432615,0,0,0,2,0,0,0,10,0,7,0,12,0,16,-1,1,-3,3,-3,3,1,0,4,1,12,9
2020-08-22,F1,Lille,Rennes,1,1,1,5,16,1,3,1082.20521179465,1211.08941214984,0,0,0,0,1,1,2,3,7,10,12,17,30,35,0,0,-11,11,-2,2,1,1,3,1,16,5
2020-08-23,F1,Monaco,Reims,1,2,2,22,9,5,3,1290.9715229962,1005.86297772538,5,2,0,0,5,3,0,0,13,6,28,11,43,24,0,0,13,-13,2,-2,2,2,3,5,9,22
2020-08-23,F1,Lorient,Strasbourg,2,3,1,10,7,7,1,880.338477566158,1124.31637359882,0,0,0,1,1,0,3,1,2,7,9,16,21,37,2,-2,3,-3,6,-6,1,3,1,7,7,10
2020-08-23,F1,Nimes,Brest,2,4,0,12,10,5,3,1000,929.998253907929,0,0,0,1,0,0,0,1,0,6,0,13,0,24,4,-4,2,-2,2,-2,0,4,3,5,10,12
2020-08-23,F1,Nice,Lens,2,2,1,4,17,2,4,1086.82510326154,1195.07096111241,0,2,1,0,0,4,1,0,12,9,16,21,36,35,1,-1,-13,13,-2,2,1,2,4,2,17,4
2020-08-28,F1,Lyon,Dijon,2,4,1,27,6,12,2,1166.81857314547,958.065932855499,4,0,0,0,4,0,0,0,12,0,20,0,37,0,3,-3,21,-21,10,-10,1,4,2,12,6,27
2020-08-29,F1,Rennes,Montpellier,2,2,1,16,11,7,3,1205.41213438807,797.43855786063,3,0,0,5,3,0,0,5,8,1,15,5,36,15,1,-1,5,-5,4,-4,1,2,3,7,11,16
2020-08-29,F1,Strasbourg,Nice,0,0,2,6,3,0,2,1053.89077245465,1128.4843849492,1,2,0,0,9,2,0,0,7,12,15,19,34,36,-2,2,3,-3,-2,2,2,0,2,0,3,6
2020-08-30,F1,Reims,Lille,0,0,1,4,10,0,3,1016.66939142532,1087.88248955642,0,1,3,0,0,1,3,0,7,5,11,10,24,28,-1,1,-6,6,-3,3,1,0,3,0,10,4
2020-08-30,F1,Angers,Bordeaux,0,0,2,12,7,2,7,930.396189577116,826.558640030101,2,1,0,0,2,1,0,0,9,5,12,10,19,15,-2,2,5,-5,-5,5,2,0,7,2,7,12
2020-08-30,F1,Metz,Monaco,0,0,1,14,3,4,2,842.534014921172,1280.16510929625,2,0,0,0,2,5,0,1,7,11,8,26,16,41,-1,1,11,-11,2,-2,1,0,2,4,3,14
2020-08-30,F1,Nantes,Nimes,2,2,1,8,17,5,9,1058.40581641227,1051.67984950363,0,0,0,0,4,0,1,0,6,3,14,3,28,3,1,-1,-9,9,-4,4,1,2,9,5,17,8
2020-08-30,F1,St Etienne,Lorient,2,2,0,13,6,5,1,857.320501179381,950.764078710328,0,0,2,0,0,1,2,4,1,5,6,11,20,23,2,-2,7,-7,4,-4,0,2,1,5,6,13
2020-08-30,F1,Brest,Marseille,0,2,3,19,7,4,4,878.318404404296,1205.06661430433,0,0,2,1,0,0,2,1,3,9,13,21,23,38,-1,1,12,-12,0,0,3,2,4,4,7,19
2020-09-10,F1,Lens,Paris SG,2,1,0,7,8,3,1,1153.41167942475,1268.84040676897,0,1,0,0,5,4,2,0,8,9,18,21,35,41,1,-1,-1,1,2,-2,0,1,1,3,8,7
2020-09-11,F1,Bordeaux,Lyon,1,0,0,5,20,0,3,883.147106490972,1192.03148058002,0,1,0,0,2,1,4,0,8,12,12,22,18,39,0,0,-15,15,-3,3,0,0,3,0,20,5
2020-09-12,F1,Montpellier,Nice,2,3,1,20,9,13,1,791.858635121073,1163.06793470856,0,3,1,0,0,3,7,0,1,12,2,21,12,36,2,-2,11,-11,12,-12,1,3,1,13,9,20
2020-09-12,F1,St Etienne,Strasbourg,2,2,0,10,14,4,7,912.697305906904,1019.30722269529,1,0,0,2,1,0,0,2,4,6,8,12,23,31,2,-2,-4,4,-3,3,0,2,7,4,14,10
2020-09-13,F1,Lille,Metz,2,1,0,16,5,6,1,1113.41385443596,837.764567673467,0,0,0,1,2,0,3,8,8,7,12,8,30,15,1,-1,11,-11,5,-5,0,1,1,6,5,16
2020-09-13,F1,Angers,Reims,2,1,0,20,7,7,2,873.807723116246,991.138026545787,0,0,1,0,0,4,1,1,9,4,12,11,18,23,1,-1,13,-13,5,-5,0,1,2,7,7,20
2020-09-13,F1,Dijon,Brest,0,0,2,7,19,3,5,932.853025420949,869.852232426779,0,0,1,2,0,0,1,2,0,0,0,10,0,23,-2,2,-12,12,-2,2,2,0,5,3,19,7
2020-09-13,F1,Lorient,Lens,0,2,3,6,12,3,6,895.387273982805,1195.66843556059,1,0,0,1,2,0,0,1,5,10,11,21,22,35,-1,1,-6,6,-3,3,3,2,6,3,12,6
2020-09-13,F1,Nimes,Rennes,0,2,4,17,10,9,6,1020.29925657347,1210.99205712762,1,0,0,0,1,2,0,4,3,8,3,17,3,39,-2,2,7,-7,3,-3,4,2,6,9,10,17
2020-09-13,F1,Monaco,Nantes,2,2,1,18,7,5,2,1284.93455654395,1089.78640934244,0,0,0,0,6,1,1,5,11,8,26,14,43,30,1,-1,11,-11,3,-3,1,2,2,5,7,18
2020-09-13,F1,Paris SG,Marseille,0,0,1,14,5,4,2,1226.58365063312,1213.53278628184,1,1,0,0,19,1,0,0,8,9,21,21,40,38,-1,1,9,-9,2,-2,1,0,2,4,5,14
2020-09-15,F1,Montpellier,Lyon,2,2,1,10,19,3,7,870.314105785324,1180.65676715617,1,0,0,0,1,2,0,1,3,10,5,20,15,37,1,-1,-9,9,-4,4,1,2,7,3,19,10
2020-09-16,F1,Paris SG,Metz,2,1,0,20,7,8,1,1193.38218664412,826.894836644575,0,0,1,2,0,0,1,9,7,6,18,8,39,15,1,-1,13,-13,7,-7,0,1,1,8,7,20
2020-09-17,F1,Marseille,St Etienne,0,0,2,13,12,2,5,1246.73425027084,969.605499446707,1,0,0,0,1,1,0,7,12,7,21,11,40,26,-2,2,1,-1,-3,3,2,0,5,2,12,13
2020-09-18,F1,Lyon,Nimes,1,0,0,16,10,3,3,1125.84110790563,998.355703346457,5,0,0,1,5,0,0,1,10,3,19,3,34,3,0,0,6,-6,0,0,0,0,3,3,10,16
2020-09-19,F1,Lens,Bordeaux,2,2,1,19,7,5,3,1205.31785686579,894.52181991482,1,2,0,0,6,2,0,0,10,9,21,10,35,19,1,-1,12,-12,2,-2,1,2,3,5,7,19
2020-09-19,F1,Rennes,Monaco,2,2,1,14,14,3,2,1232.93561035463,1300.63938904009,4,1,0,0,4,6,0,0,11,11,17,26,39,43,1,-1,0,0,1,-1,1,2,2,3,14,14
2020-09-20,F1,Nice,Paris SG,0,0,3,14,14,5,6,1084.61246404431,1200.30445355952,1,0,0,1,1,0,0,1,9,9,21,18,33,39,-3,3,0,0,-1,1,3,0,6,5,14,14
2020-09-20,F1,Brest,Lorient,2,3,2,14,9,6,4,921.576556981028,885.73785267761,0,0,3,1,0,0,3,5,3,5,12,8,26,22,1,-1,5,-5,2,-2,2,3,4,6,9,14
2020-09-20,F1,Metz,Reims,2,2,1,14,10,4,4,819.972569729175,948.724398788402,0,0,1,1,0,0,1,2,3,4,8,11,12,23,1,-1,4,-4,0,0,1,2,4,4,10,14
2020-09-20,F1,Montpellier,Angers,2,4,1,14,14,9,3,925.129765035863,916.22135087363,2,1,0,0,2,1,0,0,6,9,8,14,18,18,3,-3,0,0,6,-6,1,4,3,9,14,14
2020-09-20,F1,Strasbourg,Dijon,2,1,0,17,6,6,2,962.399029155485,881.1287008667,0,0,1,1,0,0,1,1,3,0,11,0,28,0,1,-1,11,-11,4,-4,0,1,2,6,6,17
2020-09-20,F1,Nantes,St Etienne,1,2,2,15,6,3,4,1074.08157684631,1042.52824965756,1,1,0,0,5,2,0,0,5,10,13,14,30,29,0,0,9,-9,-1,1,2,2,4,3,6,15
2020-09-20,F1,Marseille,Lille,1,1,1,11,14,2,7,1173.81150005999,1124.28358546485,0,2,1,0,0,2,1,0,9,11,18,14,37,30,0,0,-3,3,-5,5,1,1,7,2,14,11
2020-09-25,F1,Lille,Nantes,2,2,0,12,12,4,6,1126.5491048717,1072.63247424355,1,0,0,1,3,0,0,6,9,6,15,13,31,28,2,-2,0,0,-2,2,0,2,6,4,12,12
2020-09-26,F1,St Etienne,Rennes,0,0,3,6,10,4,6,1043.97735226032,1271.09360911966,2,1,0,0,2,3,0,0,11,11,12,20,27,42,-3,3,-4,4,-2,2,3,0,6,4,10,6
2020-09-26,F1,Marseille,Metz,1,1,1,17,14,3,3,1171.54598065314,863.316466970539,0,0,0,3,1,0,2,10,10,3,19,10,38,15,0,0,3,-3,0,0,1,1,3,3,14,17
2020-09-27,F1,Bordeaux,Nice,1,0,0,18,13,5,2,885.357989953751,1047.59659994521,0,0,0,1,3,0,5,1,8,9,10,18,16,30,0,0,5,-5,3,-3,0,0,2,5,13,18
2020-09-27,F1,Angers,Brest,2,3,2,12,14,5,6,863.08766568808,950.287348176095,1,1,0,0,1,1,0,0,9,6,13,15,18,26,1,-1,-2,2,-1,1,2,3,6,5,14,12
2020-09-27,F1,Dijon,Montpellier,1,2,2,15,14,6,5,856.480376203852,978.263450221414,0,0,2,6,0,0,2,6,0,9,0,10,0,18,0,0,1,-1,1,-1,2,2,5,6,14,15
2020-09-27,F1,Monaco,Strasbourg,2,3,2,11,11,5,5,1262.48139027506,987.047353818333,1,0,0,3,7,0,0,3,8,3,23,13,43,31,1,-1,0,0,0,0,2,3,5,5,11,11
2020-09-27,F1,Nimes,Lens,1,1,1,13,15,4,6,1003.97659429724,1214.48168682686,0,1,1,0,0,1,1,0,4,10,4,21,4,38,0,0,-2,2,-2,2,1,1,6,4,15,13
2020-09-27,F1,Lorient,Lyon,1,1,1,4,19,2,6,857.027061482543,1120.22021695485,0,0,1,1,0,0,1,2,4,8,8,17,22,32,0,0,-15,15,-4,4,1,1,6,2,19,4
2020-09-27,F1,Reims,Paris SG,0,0,2,8,21,3,7,905.380501547039,1237.32031765863,0,1,4,0,0,1,4,0,1,9,10,18,23,39,-2,2,-13,13,-4,4,2,0,7,3,21,8
2020-10-02,F1,Paris SG,Angers,2,6,1,18,8,12,2,1248.62603047756,902.954560562146,1,0,0,1,1,0,0,1,9,9,18,16,39,21,5,-5,10,-10,10,-10,1,6,2,12,8,18
2020-10-03,F1,Lens,St Etienne,2,2,0,13,2,5,1,1205.82213332314,1020.75512220693,2,0,0,0,7,3,0,1,10,10,19,11,39,24,2,-2,11,-11,4,-4,0,2,1,5,2,13
2020-10-03,F1,Nice,Nantes,2,2,1,18,11,7,1,1040.62476010303,1035.52676682436,0,0,1,2,0,0,1,7,7,5,19,13,31,28,1,-1,7,-7,6,-6,1,2,1,7,11,18
2020-10-04,F1,Montpellier,Nimes,0,0,1,12,8,2,1,972.874066134675,1012.63614780095,3,0,0,0,3,1,0,2,10,5,11,5,19,5,-1,1,4,-4,1,-1,1,0,1,2,8,12
2020-10-04,F1,Bordeaux,Dijon,2,3,0,17,5,7,1,892.329829795925,861.86976029059,0,0,0,2,4,0,6,2,6,1,10,1,17,1,3,-3,12,-12,6,-6,0,3,1,7,5,17
2020-10-04,F1,Brest,Monaco,2,1,0,7,21,5,2,910.420453302029,1273.36230686986,1,0,0,1,1,0,0,1,6,10,12,23,26,43,1,-1,-14,14,3,-3,0,1,2,5,21,7
2020-10-04,F1,Metz,Lorient,2,3,1,16,10,8,4,874.676244731707,867.260985427617,1,0,0,2,1,0,0,6,4,4,11,6,15,20,2,-2,6,-6,4,-4,1,3,4,8,10,16
2020-10-04,F1,Strasbourg,Lille,0,0,3,14,12,3,6,976.166437223531,1163.65481229088,1,0,0,0,1,3,0,1,3,11,10,18,28,34,-3,3,2,-2,-3,3,3,0,6,3,12,14
2020-10-04,F1,Rennes,Reims,1,2,2,18,9,3,4,1294.31583917305,894.074788728107,5,0,0,2,5,0,0,3,13,1,23,7,42,20,0,0,9,-9,-1,1,2,2,4,3,9,18
2020-10-04,F1,Lyon,Marseille,1,1,1,24,4,3,1,1109.98629300978,1160.18620289197,0,2,0,0,6,2,1,0,6,8,18,17,33,36,0,0,20,-20,2,-2,1,1,1,3,4,24
2020-10-16,F1,Dijon,Rennes,1,1,1,12,12,4,3,812.106800391963,1281.22126248425,0,2,0,0,1,4,3,0,1,13,1,21,1,43,0,0,0,0,1,-1,1,1,3,4,12,12
2020-10-16,F1,Nimes,Paris SG,0,0,4,5,30,2,11,1040.9898301177,1266.42223414481,0,2,0,0,1,2,2,0,5,12,8,20,8,39,-4,4,-25,25,-9,9,4,0,11,2,30,5
2020-10-17,F1,Reims,Lorient,0,1,3,6,14,3,4,907.169365416907,824.339271069778,0,0,5,3,0,0,5,7,1,1,8,6,21,19,-2,2,-8,8,-1,1,3,1,4,3,14,6
2020-10-17,F1,Marseille,Bordeaux,2,3,1,6,8,4,4,1157.89036575039,942.092789694551,0,0,0,1,2,0,3,1,6,8,15,13,34,20,2,-2,-2,2,0,0,1,3,4,4,8,6
2020-10-18,F1,Strasbourg,Lyon,0,2,3,20,14,9,8,948.503189832046,1112.28213015136,0,0,1,0,0,1,1,3,3,4,10,16,25,31,-1,1,6,-6,1,-1,3,2,8,9,14,20
2020-10-18,F1,Angers,Metz,1,1,1,7,7,2,3,885.158356894893,917.597959089545,2,0,0,0,2,1,0,11,6,7,15,14,21,18,0,0,0,0,-1,1,1,1,3,2,7,7
2020-10-18,F1,Monaco,Montpellier,1,1,1,21,3,7,2,1216.41158432566,944.520383817926,2,0,0,0,8,1,0,7,9,10,20,11,42,19,0,0,18,-18,5,-5,1,1,2,7,3,21
2020-10-18,F1,Nantes,Brest,2,3,1,12,14,8,5,1003.99627566241,967.371175846223,0,0,0,1,6,0,1,1,4,9,10,12,25,26,2,-2,-2,2,3,-3,1,3,5,8,14,12
2020-10-18,F1,St Etienne,Nice,0,1,3,11,11,4,5,998.274413732132,1072.15525126499,0,0,1,0,0,1,1,2,7,7,11,19,21,34,-2,2,0,0,-1,1,3,1,5,4,11,11
2020-10-18,F1,Lille,Lens,2,4,0,17,7,6,2,1191.31805968237,1228.30284179794,2,0,0,0,4,2,0,1,13,13,18,21,34,39,4,-4,10,-10,4,-4,0,4,2,6,7,17
2020-10-23,F1,Rennes,Angers,0,1,2,11,10,1,4,1267.23557936343,886.647929742247,0,0,0,2,6,0,1,2,11,7,19,16,41,22,-1,1,1,-1,-3,3,2,1,4,1,10,11
2020-10-24,F1,Lorient,Marseille,0,0,1,13,15,3,3,878.459039342362,1177.54278352319,0,0,0,0,1,3,2,1,4,6,9,18,22,37,-1,1,-2,2,0,0,1,0,3,3,15,13
2020-10-24,F1,Paris SG,Dijon,2,4,0,20,16,9,3,1294.10089274201,826.092483512784,2,0,0,3,2,0,0,3,15,2,22,2,42,2,4,-4,4,-4,6,-6,0,4,3,9,16,20
2020-10-25,F1,Bordeaux,Nimes,2,2,0,20,8,6,4,922.440371921749,1013.3111715205,1,1,0,0,5,2,0,0,5,5,13,8,19,8,2,-2,12,-12,2,-2,0,2,4,6,8,20
2020-10-25,F1,Brest,Strasbourg,0,0,3,14,7,4,5,928.119781553617,930.561580130742,2,0,0,4,2,0,0,4,9,3,9,9,25,24,-3,3,7,-7,-1,1,3,0,5,4,7,14
2020-10-25,F1,Metz,St Etienne,2,2,0,6,10,3,0,916.108386242192,963.604874735076,2,0,0,1,2,0,0,2,8,4,14,11,18,20,2,-2,-4,4,3,-3,0,2,0,3,10,6
2020-10-25,F1,Montpellier,Reims,0,0,4,5,24,1,9,954.987214734809,853.049597144323,0,0,1,0,0,1,1,4,8,1,11,5,17,20,-4,4,-19,19,-8,8,4,0,9,1,24,5
2020-10-25,F1,Nice,Lille,1,1,1,8,12,3,4,1106.82479026204,1262.66155667736,1,1,0,0,1,4,0,0,7,13,19,21,34,36,0,0,-4,4,-1,1,1,1,4,3,12,8
2020-10-25,F1,Lyon,Monaco,2,4,1,15,18,6,5,1130.22373985267,1205.94475340878,0,0,0,2,7,0,2,2,6,7,16,18,33,42,3,-3,-3,3,1,-1,1,4,5,6,18,15
2020-10-31,F1,Rennes,Brest,2,2,1,24,9,8,4,1209.67245654221,873.971431668918,0,0,1,2,0,0,2,2,8,6,19,9,38,25,1,-1,15,-15,4,-4,1,2,4,8,9,24
2020-10-31,F1,Nantes,Paris SG,0,0,3,6,13,1,4,1043.24766995502,1302.27006035412,1,3,0,0,7,3,0,0,4,15,12,24,25,42,-3,3,-7,7,-3,3,3,0,4,1,13,6
2020-11-01,F1,St Etienne,Montpellier,0,0,1,8,10,0,2,913.788734758096,872.084100975106,0,0,2,0,0,2,2,8,1,5,11,11,20,17,-1,1,-2,2,-2,2,1,0,2,0,10,8
2020-11-01,F1,Angers,Nice,0,0,3,11,12,5,5,944.211052563471,1113.55588511009,0,1,0,0,3,2,1,0,7,8,16,17,25,34,-3,3,-1,1,0,0,3,0,5,5,12,11
2020-11-01,F1,Dijon,Lorient,1,0,0,11,9,2,1,817.923315900674,868.752997798795,0,1,0,0,2,1,4,0,2,4,2,9,2,19,0,0,2,-2,1,-1,0,0,1,2,9,11
2020-11-01,F1,Nimes,Metz,0,0,1,16,8,2,5,958.237314275692,965.924526219172,0,0,1,0,0,2,3,12,5,11,8,14,8,20,-1,1,8,-8,-3,3,1,0,5,2,8,16
2020-11-01,F1,Reims,Strasbourg,2,2,1,12,9,4,3,935.952710904026,984.709930015441,0,1,6,0,0,1,6,0,4,6,8,9,20,26,1,-1,3,-3,1,-1,1,2,3,4,9,12
2020-11-01,F1,Monaco,Bordeaux,2,4,0,17,5,6,0,1139.71306458368,977.51422916656,0,0,0,2,9,0,1,2,4,7,15,16,42,21,4,-4,12,-12,6,-6,0,4,0,6,5,17
2020-11-01,F1,Lille,Lyon,1,1,1,15,8,6,1,1255.93046182931,1196.45542867776,3,1,0,0,5,2,0,0,11,9,22,19,34,36,0,0,7,-7,5,-5,1,1,1,6,8,15
2020-11-06,F1,Strasbourg,Marseille,0,0,1,9,1,2,1,948.248473458875,1187.24882506676,0,1,2,0,0,4,2,0,3,9,6,18,25,39,-1,1,8,-8,1,-1,1,0,1,2,1,9
2020-11-07,F1,Bordeaux,Montpellier,0,0,2,9,9,1,3,941.111822611192,907.906897004276,2,1,0,0,6,3,0,0,7,5,15,14,21,20,-2,2,0,0,-2,2,2,0,3,1,9,9
2020-11-07,F1,Paris SG,Rennes,2,3,0,9,16,6,3,1322.31192329297,1217.76715104362,3,0,0,0,3,5,0,1,15,8,24,19,45,38,3,-3,-7,7,3,-3,0,3,3,6,16,9
2020-11-08,F1,Brest,Lille,2,3,2,12,22,8,7,865.876737167507,1253.21797887862,0,0,1,0,0,5,1,1,3,11,9,20,22,32,1,-1,-10,10,1,-1,2,3,7,8,22,12
2020-11-08,F1,Lens,Reims,1,4,4,14,8,5,6,1156.95934480295,972.414167460592,3,1,0,0,8,2,0,0,10,7,20,8,38,22,0,0,6,-6,-1,1,4,4,6,5,8,14
2020-11-08,F1,Lorient,Nantes,0,0,2,18,16,4,4,866.428763134439,1023.20580701617,0,0,1,3,0,0,3,8,5,4,9,9,20,24,-2,2,2,-2,0,0,2,0,4,4,16,18
2020-11-08,F1,Metz,Dijon,1,1,1,14,14,4,6,997.216623346131,820.24755056503,3,0,0,4,3,0,0,4,11,3,14,3,23,3,0,0,0,0,-2,2,1,1,6,4,14,14
2020-11-08,F1,Nimes,Angers,0,1,5,11,15,4,8,926.945217148733,914.336531013322,0,1,2,0,0,1,4,0,4,7,8,16,8,25,-4,4,-4,4,-4,4,5,1,8,4,15,11
2020-11-08,F1,Nice,Monaco,0,1,2,8,15,4,8,1143.43040666024,1176.11547113905,0,0,0,3,2,0,1,3,11,7,20,15,34,42,-1,1,-7,7,-4,4,2,1,8,4,15,8
2020-11-08,F1,Lyon,St Etienne,2,2,1,18,16,6,4,1199.16791162845,877.965938728926,1,0,0,2,8,0,0,3,9,0,17,11,34,17,1,-1,2,-2,2,-2,1,2,4,6,16,18
2020-11-20,F1,Rennes,Bordeaux,0,0,1,14,6,2,3,1179.1664008137,893.075383312272,1,0,0,3,1,0,0,3,5,6,18,12,35,21,-1,1,8,-8,-1,1,1,0,3,2,6,14
2020-11-20,F1,Monaco,Paris SG,2,3,2,15,9,5,4,1205.11391495966,1360.91267352289,1,4,0,0,10,4,0,0,7,15,17,24,45,45,1,-1,6,-6,1,-1,2,3,4,5,9,15
2020-11-21,F1,Brest,St Etienne,2,4,1,10,17,5,1,923.661467369765,869.262459896057,1,0,0,3,1,0,0,4,6,0,12,10,25,16,3,-3,-7,7,4,-4,1,4,1,5,17,10
2020-11-22,F1,Nantes,Metz,1,1,1,17,10,5,4,1048.5152379662,989.705506818487,0,1,1,0,0,3,1,0,6,11,12,15,24,23,0,0,7,-7,1,-1,1,1,4,5,10,17
2020-11-22,F1,Dijon,Lens,0,0,1,10,6,2,2,827.758667092673,1149.17902256215,0,0,0,1,3,0,5,2,3,8,4,18,4,36,-1,1,4,-4,0,0,1,0,2,2,6,10
2020-11-22,F1,Montpellier,Strasbourg,2,4,3,21,9,9,5,955.943336303196,935.340637941336,0,0,2,1,0,0,2,1,7,3,17,6,22,22,1,-1,12,-12,4,-4,3,4,5,9,9,21
2020-11-22,F1,Reims,Nimes,0,0,1,16,6,6,5,980.194489701389,860.102456614871,1,0,0,1,1,0,0,1,8,3,9,8,20,8,-1,1,10,-10,1,-1,1,0,5,6,6,16
2020-11-22,F1,Angers,Lyon,0,0,1,20,5,8,2,981.179291547184,1207.87139046132,0,0,1,0,0,3,2,1,7,11,16,17,28,37,-1,1,15,-15,6,-6,1,0,2,8,5,20
2020-11-22,F1,Lille,Lorient,2,4,0,31,7,13,2,1195.43324867636,841.119332184405,0,0,0,0,6,2,1,1,8,4,19,8,31,17,4,-4,24,-24,11,-11,0,4,2,13,7,31
2020-11-25,F1,Lens,Nantes,1,1,1,7,11,1,3,1157.8730523996,1045.83252237284,0,1,0,0,9,1,1,0,8,7,18,12,39,25,0,0,-4,4,-2,2,1,1,3,1,11,7
2020-11-27,F1,Strasbourg,Rennes,1,1,1,6,21,3,7,905.235995488292,1125.50445636669,0,0,3,1,0,0,3,2,3,4,6,17,21,32,0,0,-15,15,-4,4,1,1,7,3,21,6
2020-11-28,F1,Marseille,Nantes,2,3,1,15,6,9,2,1200.1566605843,1050.82046370504,1,0,0,0,3,2,0,1,11,8,21,12,42,26,2,-2,9,-9,7,-7,1,3,2,9,6,15
2020-11-28,F1,Paris SG,Bordeaux,1,2,2,16,18,9,4,1315.45336505608,946.737327759281,4,1,0,0,4,1,0,0,12,6,24,14,45,24,0,0,-2,2,5,-5,2,2,4,9,18,16
2020-11-29,F1,Lyon,Reims,2,3,0,14,10,4,2,1221.5247678583,937.554026521931,2,0,0,0,9,3,0,1,13,7,17,8,39,19,3,-3,4,-4,2,-2,0,3,2,4,10,14
2020-11-29,F1,Lens,Angers,0,1,3,13,18,5,7,1152.8851110674,967.525914150204,0,2,0,0,10,2,2,0,8,7,18,13,39,25,-2,2,-5,5,-2,2,3,1,7,5,18,13
2020-11-29,F1,Lorient,Montpellier,0,0,1,8,16,2,3,826.269726545939,986.047978756239,0,2,2,0,0,4,4,0,4,10,5,20,16,22,-1,1,-8,8,-1,1,1,0,3,2,16,8
2020-11-29,F1,Metz,Brest,0,0,2,15,10,6,3,992.388222411843,969.723984623262,0,0,0,3,4,0,1,3,9,6,16,15,24,28,-2,2,5,-5,3,-3,2,0,3,6,10,15
2020-11-29,F1,Monaco,Nimes,2,3,0,18,6,5,2,1250.57322342646,902.742919794329,2,1,0,0,11,1,0,0,10,3,19,8,45,11,3,-3,12,-12,3,-3,0,3,2,5,6,18
2020-11-29,F1,Nice,Dijon,0,1,3,24,9,7,4,1114.43196283963,819.06463725523,0,0,1,0,0,1,2,5,10,3,17,4,33,4,-2,2,15,-15,3,-3,3,1,4,7,9,24
2020-11-29,F1,St Etienne,Lille,1,1,1,7,9,5,2,823.199942642559,1210.28285431483,0,0,3,1,0,0,3,2,0,8,7,21,15,31,0,0,-2,2,3,-3,1,1,2,5,9,7
2020-12-04,F1,Nimes,Marseille,0,0,2,7,17,0,4,889.768264952993,1226.24429814973,0,2,3,0,0,5,5,0,3,13,8,21,11,42,-2,2,-10,10,-4,4,2,0,4,0,17,7
2020-12-05,F1,Rennes,Lens,0,0,2,10,6,4,4,1116.53183028277,1087.62247424516,0,1,1,0,0,1,1,0,4,5,15,18,32,36,-2,2,4,-4,0,0,2,0,4,4,6,10
2020-12-05,F1,Montpellier,Paris SG,0,1,3,17,13,2,6,1004.28844575495,1302.87509578989,1,0,0,1,1,0,0,1,12,10,20,25,25,43,-2,2,4,-4,-4,4,3,1,6,2,13,17
2020-12-06,F1,Lille,Monaco,2,2,1,10,8,5,3,1197.39466418894,1263.5478782678,1,1,0,0,7,1,0,0,6,12,19,19,31,45,1,-1,2,-2,2,-2,1,2,3,5,8,10
2020-12-06,F1,Angers,Lorient,2,2,0,10,12,3,3,1032.78855097244,808.029259547229,0,0,2,1,0,0,3,2,9,1,16,5,28,16,2,-2,-2,2,0,0,0,2,3,3,12,10
2020-12-06,F1,Bordeaux,Brest,2,1,0,21,8,6,3,959.315597025478,1016.43851192251,0,1,1,0,0,1,1,0,7,9,12,18,24,28,1,-1,13,-13,3,-3,0,1,3,6,8,21
2020-12-06,F1,Dijon,St Etienne,1,0,0,6,7,1,2,893.23402045816,836.088132768445,0,0,1,4,0,0,6,5,5,1,7,5,7,16,0,0,-1,1,-1,1,0,0,2,1,7,6
2020-12-06,F1,Nantes,Strasbourg,0,0,4,14,13,2,9,1024.73282613961,914.208621572211,0,0,0,2,1,0,2,2,5,4,9,7,23,19,-4,4,1,-1,-7,7,4,0,9,2,13,14
2020-12-06,F1,Reims,Nice,1,0,0,11,12,2,4,919.755782824457,1040.2625796367,0,2,1,0,0,3,1,0,7,7,8,14,19,33,0,0,-1,1,-2,2,0,0,4,2,12,11
2020-12-06,F1,Metz,Lyon,0,1,3,12,18,5,5,945.673695112598,1239.32301155577,0,1,1,0,0,4,2,0,8,13,16,19,24,39,-2,2,-6,6,0,0,3,1,5,5,18,12
2020-12-11,F1,St Etienne,Angers,1,0,0,14,8,3,3,838.696320373707,1051.66550078774,0,3,0,0,1,3,4,0,2,9,3,16,17,30,0,0,6,-6,0,0,0,0,3,3,8,14
2020-12-12,F1,Marseille,Monaco,2,2,1,5,9,2,4,1237.29532373561,1225.52752042703,2,0,0,1,4,0,0,1,15,12,21,16,42,42,1,-1,-4,4,-2,2,1,2,4,2,9,5
2020-12-12,F1,Lens,Montpellier,0,2,3,14,10,4,7,1135.12099009321,990.953500245745,0,3,1,0,0,5,3,0,8,12,18,17,39,25,-1,1,4,-4,-3,3,3,2,7,4,10,14
2020-12-13,F1,Nice,Rennes,0,0,1,11,16,3,6,1034.92536609245,1069.03331443473,0,0,2,0,0,1,3,3,5,4,12,12,33,29,-1,1,-5,5,-3,3,1,0,6,3,16,11
2020-12-13,F1,Brest,Reims,2,2,1,10,10,6,4,979.224196381879,925.092996368704,2,0,0,1,2,0,0,2,9,5,15,9,27,20,1,-1,0,0,2,-2,1,2,4,6,10,10
2020-12-13,F1,Lorient,Nimes,2,3,0,13,6,5,2,789.15230973193,878.717239367116,0,0,3,1,0,0,5,1,1,3,5,8,13,11,3,-3,7,-7,3,-3,0,3,2,5,6,13
2020-12-13,F1,Nantes,Dijon,1,1,1,17,13,6,4,940.375842128476,890.625832852899,0,1,1,0,0,2,3,0,5,6,9,8,22,8,0,0,4,-4,2,-2,1,1,4,6,13,17
2020-12-13,F1,Strasbourg,Metz,1,2,2,18,6,4,3,998.565605583343,932.014178934982,0,0,0,0,1,4,4,1,4,5,10,16,21,24,0,0,12,-12,1,-1,2,2,3,4,6,18
2020-12-13,F1,Lille,Bordeaux,2,2,1,15,4,5,3,1235.41502202972,996.529912566106,2,0,0,0,8,2,0,1,8,7,19,14,33,24,1,-1,11,-11,2,-2,1,2,3,5,4,15
2020-12-13,F1,Paris SG,Lyon,0,0,1,7,8,1,5,1316.21004129909,1252.98252773339,0,2,0,0,5,5,1,0,10,13,25,22,43,41,-1,1,-1,1,-4,4,1,0,5,1,8,7
2020-12-16,F1,Angers,Strasbourg,0,0,2,8,7,2,3,1042.92601936375,995.537741208297,1,1,0,0,1,1,0,0,10,5,17,8,30,21,-2,2,1,-1,-1,1,2,0,3,2,7,8
2020-12-16,F1,Dijon,Lille,0,0,2,6,10,1,5,892.90137412999,1248.32969478556,0,0,0,0,1,1,7,3,6,10,9,21,9,36,-2,2,-4,4,-4,4,2,0,5,1,10,6
2020-12-16,F1,Montpellier,Metz,0,0,2,14,9,3,5,1035.51879187366,935.042043310029,0,0,1,0,0,5,1,2,12,3,17,14,27,24,-2,2,5,-5,-2,2,2,0,5,3,9,14
2020-12-16,F1,Nimes,Nice,0,0,2,15,14,4,6,810.431360212391,1006.05677108903,0,0,4,0,0,4,6,1,3,4,7,12,11,33,-2,2,1,-1,-2,2,2,0,6,4,14,15
2020-12-16,F1,Reims,Nantes,2,3,2,13,18,4,7,898.038710829777,938.100300851385,0,0,0,1,1,0,2,2,2,3,9,9,19,22,1,-1,-5,5,-3,3,2,3,7,4,18,13
2020-12-16,F1,Bordeaux,St Etienne,0,1,2,11,19,3,8,983.615239810266,847.435801797697,1,0,0,0,1,1,0,6,7,3,14,3,24,15,-1,1,-8,8,-5,5,2,1,8,3,19,11
2020-12-16,F1,Lyon,Brest,1,2,2,28,8,11,2,1290.7425501555,1006.2784819208,3,0,0,1,10,0,0,1,15,12,24,15,41,30,0,0,20,-20,9,-9,2,2,2,11,8,28
2020-12-16,F1,Monaco,Lens,0,0,3,7,8,1,4,1194.61096088718,1090.55569846529,3,2,0,0,12,2,0,0,9,7,16,15,39,36,-3,3,-1,1,-3,3,3,0,4,1,8,7
2020-12-16,F1,Paris SG,Lorient,2,2,0,24,8,8,3,1278.45001887698,857.438188886654,0,0,1,2,0,0,2,3,7,3,22,8,40,16,2,-2,16,-16,5,-5,0,2,3,8,8,24
2020-12-16,F1,Rennes,Marseille,2,2,1,15,8,5,1,1097.90190943815,1268.21188327545,0,3,2,0,0,6,2,0,4,15,12,21,32,42,1,-1,7,-7,4,-4,1,2,1,5,8,15
2020-12-19,F1,Metz,Lens,2,2,0,12,17,4,3,991.240933032652,1160.9478356522,0,3,2,0,0,3,3,0,5,7,16,15,27,36,2,-2,-5,5,1,-1,0,2,3,4,17,12
2020-12-19,F1,Marseille,Reims,1,1,1,12,2,6,1,1221.67209391564,933.7122533973,3,0,0,2,5,0,0,3,12,4,21,12,39,19,0,0,10,-10,5,-5,1,1,1,6,2,12
2020-12-19,F1,Nice,Lyon,0,1,4,8,13,1,9,1027.53644557488,1279.95229726752,0,3,3,0,0,6,4,0,4,13,15,24,33,42,-3,3,-5,5,-8,8,4,1,9,1,13,8
2020-12-20,F1,Brest,Montpellier,1,2,2,17,10,7,4,1017.06873480878,979.319902151037,3,4,0,0,3,6,0,0,10,9,16,16,28,27,0,0,7,-7,3,-3,2,2,4,7,10,17
2020-12-20,F1,Dijon,Monaco,0,0,1,11,13,1,6,882.86182312447,1124.21882370027,0,0,1,2,0,0,8,2,5,6,8,13,9,36,-1,1,-2,2,-5,5,1,0,6,1,13,11
2020-12-20,F1,Nantes,Angers,1,1,1,9,12,2,6,902.426758283862,993.1232874701,0,0,0,0,1,4,4,1,2,7,9,14,22,30,0,0,-3,3,-4,4,1,1,6,2,12,9
2020-12-20,F1,St Etienne,Nimes,1,2,2,18,9,9,4,891.373247959863,788.951685726541,0,0,0,2,2,0,5,2,6,3,6,6,17,11,0,0,9,-9,5,-5,2,2,4,9,9,18
2020-12-20,F1,Strasbourg,Bordeaux,0,0,2,10,11,3,6,1045.34047310195,939.677793648099,0,0,0,1,2,0,5,2,8,7,11,13,21,23,-2,2,-1,1,-3,3,2,0,6,3,11,10
2020-12-20,F1,Lorient,Rennes,0,0,3,11,15,2,4,850.298584558574,1144.44169879797,1,1,0,0,1,2,0,0,3,7,7,12,13,35,-3,3,-4,4,-2,2,3,0,4,2,15,11
2020-12-20,F1,Lille,Paris SG,1,0,0,8,8,3,1,1258.36924579108,1285.58962320506,3,1,0,0,9,1,0,0,13,7,21,22,39,40,0,0,0,0,2,-2,0,0,1,3,8,8
2020-12-23,F1,Bordeaux,Reims,0,1,3,9,10,3,5,996.476914585597,944.5896810553,0,0,1,0,0,1,1,4,7,5,13,12,26,20,-2,2,-1,1,-2,2,3,1,5,3,10,9
2020-12-23,F1,Lens,Brest,2,2,1,11,10,4,3,1097.22315936924,1015.33714515248,0,0,2,0,0,1,4,2,6,8,14,14,33,26,1,-1,1,-1,1,-1,1,2,3,4,10,11
2020-12-23,F1,Nice,Lorient,1,2,2,3,24,3,6,1006.86495266934,833.355362847287,0,0,4,3,0,0,5,4,4,3,14,7,33,13,0,0,-21,21,-3,3,2,2,6,3,24,3
2020-12-23,F1,Nimes,Dijon,0,1,3,8,14,1,4,793.536329811743,870.093212758265,0,0,5,0,0,3,7,1,1,5,4,8,12,9,-2,2,-6,6,-3,3,3,1,4,1,14,8
2020-12-23,F1,Rennes,Metz,2,1,0,11,9,6,4,1161.38492050926,1054.96560931561,1,1,0,0,1,6,0,0,10,7,14,16,35,30,1,-1,2,-2,2,-2,0,1,4,6,9,11
2020-12-23,F1,Angers,Marseille,2,2,1,9,9,2,3,989.03891542633,1210.79466625764,0,0,1,1,0,0,1,1,8,10,15,21,30,40,1,-1,0,0,-1,1,1,2,3,2,9,9
2020-12-23,F1,Lyon,Nantes,2,3,0,22,18,11,4,1300.62379017306,906.511130327633,0,0,0,2,11,0,1,3,13,2,26,10,42,20,3,-3,4,-4,7,-7,0,3,4,11,18,22
2020-12-23,F1,Monaco,St Etienne,1,2,2,2,18,2,6,1136.98743406647,886.788603874661,0,1,1,0,0,2,1,0,6,7,16,7,36,18,0,0,-16,16,-4,4,2,2,6,2,18,2
2020-12-23,F1,Montpellier,Lille,0,2,3,17,9,6,7,981.051491807341,1259.62023194992,0,1,2,0,0,2,2,0,7,11,17,19,28,37,-1,1,8,-8,-1,1,3,2,7,6,9,17
2020-12-23,F1,Paris SG,Strasbourg,2,4,0,17,8,8,2,1284.33863704622,988.541352164453,1,2,0,0,1,2,0,0,8,8,20,11,40,21,4,-4,9,-9,6,-6,0,4,2,8,8,17
2021-01-06,F1,Brest,Nice,2,2,0,10,12,6,6,990.742512338029,999.478620780291,0,1,0,0,4,5,1,0,5,5,14,12,23,31,2,-2,-2,2,0,0,0,2,6,6,12,10
2021-01-06,F1,Lorient,Monaco,0,2,5,11,16,5,9,840.741694736336,1127.11559572653,0,1,1,0,0,1,1,0,4,4,5,16,14,34,-3,3,-5,5,-4,4,5,2,9,5,16,11
2021-01-06,F1,Metz,Bordeaux,1,0,0,9,12,3,3,1032.47174660054,946.117712248013,1,1,0,0,1,1,0,0,7,6,15,13,29,26,0,0,-3,3,0,0,0,0,3,3,12,9
2021-01-06,F1,Nantes,Rennes,1,0,0,7,8,2,0,896.286560955035,1183.87878322433,0,2,0,0,2,3,5,0,2,12,7,16,19,35,0,0,-1,1,2,-2,0,0,0,2,8,7
2021-01-06,F1,Strasbourg,Nimes,2,5,0,21,6,12,2,968.660651759991,759.189241701713,0,0,1,0,0,1,6,3,7,1,11,4,20,12,5,-5,15,-15,10,-10,0,5,2,12,6,21
2021-01-06,F1,Lille,Angers,0,1,2,7,7,2,3,1270.33915481382,1039.07784711671,0,0,0,0,10,5,1,2,13,8,19,17,40,33,-1,1,0,0,-1,1,2,1,3,2,7,7
2021-01-06,F1,Lyon,Lens,2,3,2,11,10,6,2,1310.84835954566,1121.81779218368,1,0,0,1,12,0,0,1,13,9,26,14,42,35,1,-1,1,-1,4,-4,2,3,2,6,10,11
2021-01-06,F1,Marseille,Montpellier,2,3,1,18,13,8,5,1160.75573456726,970.332568943445,0,0,0,0,6,7,1,1,7,4,20,16,37,27,2,-2,5,-5,3,-3,1,3,5,8,13,18
2021-01-06,F1,Reims,Dijon,1,0,0,9,8,3,0,994.948883392884,904.440300868296,1,1,0,0,2,4,0,0,8,5,15,10,20,12,0,0,1,-1,3,-3,0,0,0,3,8,9
2021-01-06,F1,St Etienne,Paris SG,1,1,1,11,10,5,4,896.660442214601,1304.21933745068,0,0,0,0,3,2,6,1,7,10,8,20,19,42,0,0,1,-1,1,-1,1,1,4,5,10,11
2021-01-09,F1,Bordeaux,Lorient,2,2,1,16,12,6,4,950.014547965504,823.148527386485,0,0,2,0,0,1,2,5,4,4,11,5,27,14,1,-1,4,-4,2,-2,1,2,4,6,12,16
2021-01-09,F1,Dijon,Marseille,1,0,0,5,11,0,4,908.516580547096,1182.72483662765,0,0,2,2,0,0,9,2,5,7,11,22,13,37,0,0,-6,6,-4,4,0,0,4,0,11,5
2021-01-09,F1,Lens,Strasbourg,0,0,1,11,10,2,4,1105.69188546511,1002.75801608307,1,0,0,1,1,0,0,1,6,7,14,11,34,20,-1,1,1,-1,-2,2,1,0,4,2,10,11
2021-01-09,F1,Metz,Nice,1,1,1,16,11,5,4,1028.57491088305,954.518455416721,0,0,0,1,2,0,1,1,8,4,13,9,27,28,0,0,5,-5,1,-1,1,1,4,5,11,16
2021-01-09,F1,Monaco,Angers,2,3,0,14,6,5,2,1144.70876307638,1089.70484518394,0,1,0,0,1,6,2,0,7,8,19,17,34,33,3,-3,8,-8,3,-3,0,3,2,5,6,14
2021-01-09,F1,Montpellier,Nantes,1,1,1,8,12,6,3,948.363466883052,907.15487709089,0,0,3,3,0,0,3,4,4,3,16,8,27,17,0,0,-4,4,3,-3,1,1,3,6,12,8
2021-01-09,F1,Nimes,Lille,0,0,1,7,10,0,2,725.091877378635,1219.71215674659,0,2,6,0,0,3,8,0,1,10,4,18,12,40,-1,1,-3,3,-2,2,1,0,2,0,10,7
2021-01-09,F1,Paris SG,Brest,2,3,0,22,12,11,2,1291.01538407084,1035.7026777016,2,0,0,1,2,0,0,3,8,8,18,17,42,26,3,-3,10,-10,9,-9,0,3,2,11,12,22
2021-01-09,F1,Reims,St Etienne,2,3,1,7,14,3,6,990.872603714084,909.864395594437,0,0,0,0,3,3,1,1,8,7,13,9,21,20,2,-2,-7,7,-3,3,1,3,6,3,14,7
2021-01-09,F1,Rennes,Lyon,1,2,2,14,13,6,4,1173.01046708847,1326.97426626424,2,4,0,0,2,7,0,0,13,13,17,26,36,45,0,0,1,-1,2,-2,2,2,4,6,13,14
2021-01-15,F1,Montpellier,Monaco,0,2,3,9,16,3,5,946.474590356466,1190.6786520573,0,2,0,0,1,2,4,0,2,10,14,19,28,34,-1,1,-7,7,-2,2,3,2,5,3,16,9
2021-01-16,F1,Marseille,Nimes,0,1,2,14,8,6,5,1172.19723125774,721.583208055899,1,0,0,1,7,0,0,4,5,1,20,4,38,12,-1,1,6,-6,1,-1,2,1,5,6,8,14
2021-01-16,F1,Angers,Paris SG,0,0,1,11,12,4,3,1043.73495620303,1311.40894731602,1,0,0,0,1,3,0,2,7,11,17,18,33,42,-1,1,-1,1,1,-1,1,0,3,4,12,11
2021-01-17,F1,Brest,Rennes,0,1,2,14,7,4,4,1015.30911445642,1179.6704133092,1,0,0,0,5,4,0,1,5,11,17,15,26,34,-1,1,7,-7,0,0,2,1,4,4,7,14
2021-01-17,F1,Nantes,Lens,1,1,1,10,8,2,1,909.043753617475,1064.47930454424,0,0,0,2,3,0,6,2,3,6,6,13,18,31,0,0,2,-2,1,-1,1,1,1,2,8,10
2021-01-17,F1,Nice,Bordeaux,0,0,3,10,17,1,9,957.878153602374,970.822804181231,0,0,0,0,1,2,6,1,5,7,9,14,26,29,-3,3,-7,7,-8,8,3,0,9,1,17,10
2021-01-17,F1,Strasbourg,St Etienne,2,1,0,15,8,3,3,1043.97059700394,876.051273266075,1,0,0,1,1,0,0,2,9,6,14,9,20,20,1,-1,7,-7,0,0,0,1,3,3,8,15
2021-01-17,F1,Lille,Reims,2,2,1,16,8,8,4,1223.22082606932,1024.68572604245,0,1,1,0,0,2,2,0,10,11,20,13,40,21,1,-1,8,-8,4,-4,1,2,4,8,8,16
2021-01-17,F1,Lyon,Metz,0,0,1,23,17,5,3,1320.31432004351,1025.2152126974,2,0,0,1,13,0,0,1,11,8,26,11,43,25,-1,1,6,-6,2,-2,1,0,3,5,17,23
2021-01-20,F1,Marseille,Lens,0,0,1,4,13,1,4,1112.64710442633,1057.76342368336,0,0,1,0,0,1,1,3,5,4,17,11,35,29,-1,1,-9,9,-3,3,1,0,4,1,13,4
2021-01-22,F1,Paris SG,Montpellier,2,4,0,26,5,8,1,1322.69924912959,933.872669809203,3,0,0,1,3,0,0,2,11,2,18,11,42,28,4,-4,21,-21,7,-7,0,4,1,8,5,26
2021-01-23,F1,Lens,Nice,0,0,1,13,7,3,2,1094.77676593781,905.377340826123,0,0,1,0,0,1,1,2,7,2,13,6,31,26,-1,1,6,-6,1,-1,1,0,2,3,7,13
2021-01-23,F1,Monaco,Marseille,2,3,1,8,5,6,1,1203.28057260456,1075.63376217189,1,0,0,0,2,1,0,3,13,4,19,14,36,35,2,-2,3,-3,5,-5,1,3,1,6,5,8
2021-01-24,F1,Bordeaux,Angers,2,2,1,7,15,3,7,1023.32361695748,1032.44465438946,1,0,0,1,1,0,0,1,10,7,17,14,29,30,1,-1,-8,8,-4,4,1,2,7,3,15,7
2021-01-24,F1,Dijon,Strasbourg,1,1,1,5,15,3,2,919.044185917008,1061.6060821205,0,1,0,0,1,1,10,0,5,9,11,17,14,23,0,0,-10,10,1,-1,1,1,2,3,15,5
2021-01-24,F1,Metz,Nantes,2,2,0,14,8,4,0,1079.31879045521,915.759634478357,0,0,0,0,3,1,2,5,8,4,13,6,28,18,2,-2,6,-6,4,-4,0,2,0,4,8,14
2021-01-24,F1,Reims,Brest,2,1,0,12,17,2,1,1009.21080340994,997.410757754924,1,0,0,2,4,0,0,4,8,4,12,14,21,26,1,-1,-5,5,1,-1,0,1,1,2,17,12
2021-01-24,F1,Rennes,Lille,0,0,1,11,9,2,4,1197.56877001069,1238.69574870183,0,3,0,0,3,4,1,0,11,10,18,23,36,42,-1,1,2,-2,-2,2,1,0,4,2,9,11
2021-01-24,F1,St Etienne,Lyon,0,0,5,3,19,0,12,858.415788149514,1266.2107422857,0,0,0,0,4,8,7,1,3,10,9,23,19,40,-5,5,-16,16,-12,12,5,0,12,0,19,3
2021-01-27,F1,Lorient,Dijon,2,3,2,14,7,5,2,802.340271170758,925.264178734879,0,0,2,0,0,5,2,1,1,6,4,11,13,15,1,-1,7,-7,3,-3,2,3,2,5,7,14
2021-01-29,F1,Lyon,Bordeaux,2,2,1,10,12,4,2,1279.12335332999,1056.16350261195,0,1,1,0,0,3,1,0,10,10,23,17,40,31,1,-1,-2,2,2,-2,1,2,2,4,12,10
2021-01-30,F1,Montpellier,Lens,0,1,2,17,11,7,2,921.440832039472,1046.87707321338,0,1,1,0,0,2,5,0,1,4,8,13,28,31,-1,1,6,-6,5,-5,2,1,2,7,11,17
2021-01-31,F1,Nice,St Etienne,0,0,1,7,10,2,1,953.277033550546,845.503177105224,0,0,1,2,0,0,7,3,5,2,9,9,26,16,-1,1,-3,3,1,-1,1,0,1,2,10,7
2021-01-31,F1,Angers,Nimes,2,3,1,12,8,5,4,999.604768734989,781.133334887303,0,1,1,0,0,1,1,0,6,4,14,7,27,15,2,-2,4,-4,1,-1,1,3,4,5,8,12
2021-01-31,F1,Brest,Metz,0,2,4,10,15,5,6,966.497164431418,1103.93106911339,0,1,1,0,0,1,1,0,3,8,11,15,26,31,-2,2,-5,5,-1,1,4,2,6,5,15,10
2021-01-31,F1,Lorient,Paris SG,2,3,2,16,14,5,3,845.212089099353,1335.13108689932,1,1,0,0,1,4,0,0,4,13,7,21,15,45,1,-1,2,-2,2,-2,2,3,3,5,14,16
2021-01-31,F1,Strasbourg,Reims,0,0,1,12,10,2,5,1055.38608930263,1040.12439673345,2,0,0,1,2,0,0,1,10,10,18,15,24,23,-1,1,2,-2,-3,3,1,0,5,2,10,12
2021-01-31,F1,Lille,Dijon,2,1,0,14,11,2,3,1266.92540775507,882.392360806285,1,0,0,1,1,0,0,2,12,6,23,11,44,15,1,-1,3,-3,-1,1,0,1,3,2,11,14
2021-01-31,F1,Nantes,Monaco,0,1,2,9,14,3,5,891.147355820175,1231.71290293271,0,3,0,0,4,3,7,0,3,13,5,19,17,38,-1,1,-5,5,-2,2,2,1,5,3,14,9
2021-02-03,F1,Bordeaux,Lille,0,0,3,10,11,4,6,1042.27794622852,1273.23198458234,2,4,0,0,2,5,0,0,10,12,16,25,28,44,-3,3,-1,1,-2,2,3,0,6,4,11,10
2021-02-03,F1,Metz,Montpellier,1,1,1,17,15,6,4,1131.29168024295,900.516830288405,1,0,0,2,4,0,0,3,11,1,18,5,34,25,0,0,2,-2,2,-2,1,1,4,6,15,17
2021-02-03,F1,Reims,Angers,1,0,0,10,6,2,2,1073.52914716813,1019.02346665197,2,0,0,2,5,0,0,2,10,6,18,14,26,30,0,0,4,-4,0,0,0,0,2,2,6,10
2021-02-03,F1,Rennes,Lorient,1,1,1,10,12,6,3,1169.33911095745,905.612582361785,0,0,1,1,0,0,2,6,8,7,18,10,35,15,0,0,-2,2,3,-3,1,1,3,6,12,10
2021-02-03,F1,Strasbourg,Brest,1,2,2,9,3,4,2,1021.98133886794,939.136553301864,0,0,1,3,0,0,1,5,10,3,17,8,24,26,0,0,6,-6,2,-2,2,2,2,4,3,9
2021-02-03,F1,Dijon,Lyon,0,0,1,14,16,2,8,876.085783979017,1293.00890971342,0,1,0,0,2,9,11,0,3,10,8,23,15,42,-1,1,-2,2,-6,6,1,0,8,2,16,14
2021-02-03,F1,Lens,Marseille,1,2,2,21,11,3,4,1067.80107496445,1047.20143184374,0,0,2,1,0,0,2,4,7,4,13,11,31,32,0,0,10,-10,-1,1,2,2,4,3,11,21
2021-02-03,F1,Monaco,Nice,2,2,1,15,5,6,2,1239.61165774408,911.657279949094,2,1,0,0,3,2,0,0,15,4,19,9,38,23,1,-1,10,-10,4,-4,1,2,2,6,5,15
2021-02-03,F1,Paris SG,Nimes,2,3,0,14,19,6,6,1274.73059363689,761.71463697032,4,0,0,1,4,0,0,1,10,3,20,4,45,12,3,-3,-5,5,0,0,0,3,6,6,19,14
2021-02-03,F1,St Etienne,Nantes,1,1,1,14,13,8,6,887.122930706676,883.248601008801,0,0,1,1,0,0,8,6,4,3,11,5,16,14,0,0,1,-1,2,-2,1,1,6,8,13,14
2021-02-06,F1,Lorient,Reims,2,1,0,10,13,4,3,915.861005835747,1071.03945922247,2,1,0,0,2,1,0,0,7,10,11,18,16,27,1,-1,-3,3,1,-1,0,1,3,4,13,10
2021-02-06,F1,Lyon,Strasbourg,2,3,0,16,8,8,1,1298.33195040253,1018.23689357815,1,0,0,0,1,2,0,1,10,8,23,15,45,25,3,-3,8,-8,7,-7,0,3,1,8,8,16
2021-02-06,F1,Lens,Rennes,1,0,0,10,10,3,1,1066.8535363965,1159.09068748349,0,1,0,0,1,5,3,0,8,6,14,18,29,33,0,0,0,0,2,-2,0,0,1,3,10,10
2021-02-07,F1,Brest,Bordeaux,2,2,1,24,8,6,4,942.880998591652,1019.45694585173,0,0,2,1,0,0,2,1,1,9,9,13,24,27,1,-1,16,-16,2,-2,1,2,4,6,8,24
2021-02-07,F1,Montpellier,Dijon,2,4,2,25,13,11,5,909.81550565172,870.762743289907,0,0,2,2,0,0,6,3,2,2,6,7,23,15,2,-2,12,-12,6,-6,2,4,5,11,13,25
2021-02-07,F1,Nice,Angers,2,3,0,11,10,2,3,903.241984683954,1021.51315459763,0,0,2,0,0,1,8,3,4,4,8,12,20,28,3,-3,1,-1,-1,1,0,3,3,2,10,11
2021-02-07,F1,Nimes,Monaco,0,3,4,9,11,4,5,756.306465632027,1248.02695300922,0,4,7,0,0,4,9,0,3,15,4,22,12,38,-1,1,-2,2,-1,1,4,3,5,4,11,9
2021-02-07,F1,St Etienne,Metz,2,1,0,12,10,3,0,886.944518625621,1121.99300487963,0,2,0,0,1,2,9,0,4,11,11,19,14,35,1,-1,2,-2,3,-3,0,1,0,3,10,12
2021-02-07,F1,Nantes,Lille,0,0,2,6,14,1,3,883.427013089856,1296.05298495912,0,5,1,0,0,6,8,0,3,15,6,25,15,44,-2,2,-8,8,-2,2,2,0,3,1,14,6
2021-02-07,F1,Marseille,Paris SG,0,0,2,12,9,4,2,1048.14897041169,1280.13876497518,0,0,2,1,0,0,2,1,2,12,9,20,30,45,-2,2,3,-3,2,-2,2,0,2,4,9,12
2021-02-13,F1,Paris SG,Nice,2,2,1,17,13,4,5,1298.40641450998,975.651489043302,5,0,0,1,5,0,0,1,12,6,23,11,45,23,1,-1,4,-4,-1,1,1,2,5,4,13,17
2021-02-13,F1,Reims,Lens,1,1,1,9,17,6,6,1025.62721116181,1071.00415797217,0,2,0,0,6,3,1,0,7,8,18,12,27,27,0,0,-8,8,0,0,1,1,6,6,17,9
2021-02-13,F1,Lyon,Montpellier,0,1,2,24,12,8,5,1316.46497806336,948.764057845332,2,0,0,0,2,1,0,4,12,4,23,6,47,23,-1,1,12,-12,3,-3,2,1,5,8,12,24
2021-02-14,F1,Monaco,Lorient,1,2,2,12,5,4,2,1251.59139319185,961.273253896405,3,0,0,0,4,1,0,7,15,10,25,14,41,19,0,0,7,-7,2,-2,2,2,2,4,5,12
2021-02-14,F1,Angers,Nantes,0,1,3,8,7,3,3,949.103650238286,875.964346854257,1,0,0,0,1,1,0,7,4,2,11,5,28,14,-2,2,1,-1,0,0,3,1,3,3,7,8
2021-02-14,F1,Dijon,Nimes,0,0,2,10,8,3,4,831.814191096295,752.742025449401,0,0,1,2,0,0,12,2,1,3,6,4,15,12,-2,2,2,-2,-1,1,2,0,4,3,8,10
2021-02-14,F1,Metz,Strasbourg,0,1,2,14,12,3,2,1071.1368469321,1000.10386591732,0,0,0,1,5,0,1,2,10,5,18,14,32,22,-1,1,2,-2,1,-1,2,1,2,3,12,14
2021-02-14,F1,Rennes,St Etienne,0,0,2,13,6,2,3,1154.94006590782,937.800676573153,0,1,0,0,1,1,3,0,6,7,19,13,31,16,-2,2,7,-7,-1,1,2,0,3,2,6,13
2021-02-14,F1,Lille,Brest,1,0,0,14,3,0,1,1303.51565119472,981.821875865104,2,0,0,0,2,1,0,6,15,4,25,9,46,24,0,0,11,-11,-1,1,0,0,1,0,3,14
2021-02-14,F1,Bordeaux,Marseille,1,0,0,18,5,1,1,980.516068578283,1029.88132087689,0,0,1,0,0,1,1,5,6,1,13,6,27,27,0,0,13,-13,0,0,0,0,1,1,5,18
2021-02-17,F1,Marseille,Nice,2,3,2,8,10,4,4,1027.62314264619,967.015015763248,0,0,3,2,0,0,3,2,2,6,7,8,28,23,1,-1,-2,2,0,0,2,3,4,4,10,8
2021-02-19,F1,Brest,Lyon,0,2,3,19,17,7,7,993.480770028005,1259.34423524625,1,2,0,0,1,10,0,0,5,12,9,22,25,46,-1,1,2,-2,0,0,3,2,7,7,17,19
2021-02-20,F1,St Etienne,Reims,1,1,1,18,4,8,2,1005.9810310937,1027.70509551856,1,0,0,1,2,0,0,1,10,8,13,16,19,28,0,0,14,-14,6,-6,1,1,2,8,4,18
2021-02-20,F1,Nantes,Marseille,1,1,1,6,7,1,3,928.920506686257,1054.09687073392,0,0,2,0,0,2,9,6,4,5,8,9,17,30,0,0,-1,1,-2,2,1,1,3,1,7,6
2021-02-21,F1,Montpellier,Rennes,2,2,1,12,14,7,5,1005.88480066245,1086.75971138728,1,0,0,0,1,6,0,1,7,5,9,16,25,28,1,-1,-2,2,2,-2,1,2,5,7,14,12
2021-02-21,F1,Lens,Dijon,2,2,1,11,12,4,4,1068.92627361542,778.143943186473,0,0,0,3,2,0,4,4,6,0,13,6,27,14,1,-1,-1,1,0,0,1,2,4,4,12,11
2021-02-21,F1,Nice,Metz,0,1,2,12,11,3,4,940.541287675515,1032.68412499233,1,0,0,1,1,0,0,1,3,7,8,15,22,31,-1,1,1,-1,-1,1,2,1,4,3,11,12
2021-02-21,F1,Nimes,Bordeaux,2,2,0,8,11,3,4,806.412273359223,982.774246808989,0,0,8,2,0,0,10,2,6,4,7,14,14,27,2,-2,-3,3,-1,1,0,2,4,3,11,8
2021-02-21,F1,Strasbourg,Angers,1,0,0,16,7,2,3,1038.55658785708,896.147490406287,0,0,0,1,1,0,2,4,5,4,14,11,25,25,0,0,9,-9,-1,1,0,0,3,2,7,16
2021-02-21,F1,Lorient,Lille,0,1,4,8,16,3,7,972.208821448648,1291.85675703182,3,6,0,0,3,7,0,0,11,13,12,23,20,44,-3,3,-8,8,-4,4,4,1,7,3,16,8
2021-02-21,F1,Paris SG,Monaco,0,0,2,10,5,1,3,1307.04288779003,1240.65582563961,6,5,0,0,6,5,0,0,12,13,23,26,45,39,-2,2,5,-5,-2,2,2,0,3,1,5,10
2021-02-24,F1,Nimes,Lorient,2,1,0,7,11,2,3,870.798825611473,957.262104665278,1,0,0,0,1,2,0,8,6,8,10,12,16,19,1,-1,-4,4,-1,1,0,1,3,2,11,7
2021-02-26,F1,Rennes,Nice,0,1,2,17,14,5,7,1047.44254213555,916.834428208002,0,0,1,3,0,0,4,3,2,3,13,7,25,19,-1,1,3,-3,-2,2,2,1,7,5,14,17
2021-02-27,F1,Bordeaux,Metz,0,1,2,8,15,1,5,918.387694556739,1056.39098445985,0,1,0,0,1,1,2,0,1,7,11,15,24,31,-1,1,-7,7,-4,4,2,1,5,1,15,8
2021-02-27,F1,Dijon,Paris SG,0,0,4,5,7,1,5,768.037839368284,1254.90559418598,0,1,2,0,0,1,13,0,0,9,6,22,14,42,-4,4,-2,2,-4,4,4,0,5,1,7,5
2021-02-28,F1,Monaco,Brest,2,2,0,15,7,9,1,1292.79311924366,982.093229380582,0,0,0,0,5,2,1,7,13,5,26,8,42,22,2,-2,8,-8,8,-8,0,2,1,9,7,15
2021-02-28,F1,Angers,Lens,1,2,2,6,14,3,4,902.361508981686,1079.03237743361,0,0,1,0,0,4,1,1,5,9,11,13,26,27,0,0,-8,8,-1,1,2,2,4,3,14,6
2021-02-28,F1,Lorient,St Etienne,2,2,1,11,9,3,2,917.458968989813,1006.98015950316,0,2,1,0,0,2,1,0,5,11,12,13,19,20,1,-1,2,-2,1,-1,1,2,2,3,9,11
2021-02-28,F1,Nimes,Nantes,1,1,1,8,8,4,1,910.601961286938,934.447969070991,2,1,0,0,2,2,0,0,9,5,12,8,16,18,0,0,0,0,3,-3,1,1,1,4,8,8
2021-02-28,F1,Reims,Montpellier,1,0,0,9,9,2,3,1026.70596710911,1045.20196991417,0,1,0,0,7,2,2,0,6,10,16,11,28,28,0,0,0,0,-1,1,0,0,3,2,9,9
2021-02-28,F1,Lille,Strasbourg,1,1,1,14,10,5,3,1306.80347381519,1032.34256928168,0,1,0,0,3,1,1,0,13,5,25,15,44,26,0,0,4,-4,2,-2,1,1,3,5,10,14
2021-02-28,F1,Marseille,Lyon,1,1,1,12,11,2,1,1048.56940834919,1270.73177589367,1,3,0,0,1,11,0,0,6,12,10,22,30,48,0,0,1,-1,1,-1,1,1,1,2,11,12
2021-03-03,F1,Brest,Dijon,2,3,1,10,10,3,2,969.527779939003,760.661040085657,0,0,1,4,0,0,1,5,5,0,8,3,22,13,2,-2,0,0,1,-1,1,3,2,3,10,10
2021-03-03,F1,Lyon,Rennes,2,1,0,15,12,7,1,1261.69954357316,1003.94944421985,0,0,1,1,0,0,1,2,10,2,20,10,46,24,1,-1,3,-3,6,-6,0,1,1,7,12,15
2021-03-03,F1,Metz,Angers,0,0,1,15,8,1,4,1076.30921624649,909.861914795751,0,0,1,0,0,1,2,5,7,3,18,9,33,26,-1,1,7,-7,-3,3,1,0,4,1,8,15
2021-03-03,F1,Nice,Nimes,2,2,1,10,22,4,7,960.327526123706,911.698389430995,0,1,1,0,0,1,1,0,6,10,10,13,19,17,1,-1,-12,12,-3,3,1,2,7,4,22,10
2021-03-03,F1,St Etienne,Lens,0,2,3,19,9,4,5,966.91270096262,1071.53197161955,0,0,0,0,3,5,1,2,8,7,12,14,20,28,-1,1,10,-10,-1,1,3,2,5,4,9,19
2021-03-03,F1,Bordeaux,Paris SG,0,0,1,11,12,2,3,898.469462770097,1262.2823934686,0,2,1,0,0,2,3,0,1,12,11,22,24,42,-1,1,-1,1,-1,1,1,0,3,2,12,11
2021-03-03,F1,Lille,Marseille,2,2,0,23,3,8,1,1296.26927382192,1057.6016406697,0,0,0,0,4,3,2,7,11,6,23,8,42,30,2,-2,20,-20,7,-7,0,2,1,8,3,23
2021-03-03,F1,Montpellier,Lorient,1,1,1,10,14,4,6,1044.35100125083,957.526427530349,2,0,0,1,2,0,0,9,11,7,12,14,28,19,0,0,-4,4,-2,2,1,1,6,4,14,10
2021-03-03,F1,Nantes,Reims,0,1,2,12,4,5,2,933.351540926934,1027.55693577244,0,0,0,0,1,1,10,2,6,4,9,14,16,29,-1,1,8,-8,3,-3,2,1,2,5,4,12
2021-03-03,F1,Strasbourg,Monaco,2,1,0,17,5,2,1,1042.87676927495,1305.35856868524,0,6,0,0,2,6,3,0,6,13,16,28,27,44,1,-1,12,-12,1,-1,0,1,1,2,5,17
2021-03-10,F1,Marseille,Rennes,2,1,0,9,10,2,2,1039.88373471402,992.118093155084,0,0,0,2,2,0,1,3,6,1,7,7,27,23,1,-1,-1,1,0,0,0,1,2,2,10,9
2021-03-12,F1,Reims,Lyon,1,1,1,14,17,5,6,1051.08686006077,1273.53089463793,0,0,0,0,8,12,3,1,6,10,16,20,29,46,0,0,-3,3,-1,1,1,1,6,5,17,14
2021-03-13,F1,Angers,St Etienne,0,0,1,4,7,1,3,956.117965235114,944.267447474798,0,0,0,1,1,0,2,1,5,7,9,11,26,20,-1,1,-3,3,-2,2,1,0,3,1,7,4
2021-03-13,F1,Marseille,Brest,2,3,1,12,6,6,1,1067.51186599471,989.79529233398,1,0,0,1,3,0,0,8,8,7,10,8,27,25,2,-2,6,-6,5,-5,1,3,1,6,6,12
2021-03-14,F1,Nimes,Montpellier,1,1,1,12,12,7,5,884.148277874463,1040.43378849169,0,0,0,0,3,3,1,1,10,11,13,13,17,29,0,0,0,0,2,-2,1,1,5,7,12,12
2021-03-14,F1,Dijon,Bordeaux,0,1,3,13,10,3,6,740.39352769068,891.45157790185,0,0,3,3,0,0,14,3,0,1,2,10,13,21,-2,2,3,-3,-3,3,3,1,6,3,10,13
2021-03-14,F1,Lens,Metz,1,2,2,16,7,6,4,1094.17722510737,1030.05316580713,1,2,0,0,3,2,0,0,9,6,17,17,30,30,0,0,9,-9,2,-2,2,2,4,6,7,16
2021-03-14,F1,Lorient,Nice,1,1,1,17,6,7,2,961.443640289494,987.877637680237,1,1,0,0,1,1,0,0,5,6,15,12,20,21,0,0,11,-11,5,-5,1,1,2,7,6,17
2021-03-14,F1,Rennes,Strasbourg,2,1,0,11,6,2,1,964.489961874402,1095.30585260273,0,0,2,0,0,2,5,1,0,8,6,16,23,27,1,-1,5,-5,1,-1,0,1,1,2,6,11
2021-03-14,F1,Monaco,Lille,1,0,0,8,5,4,2,1252.92948535746,1313.98717977759,1,7,0,0,6,8,0,0,10,11,25,26,44,44,0,0,3,-3,2,-2,0,0,2,4,5,8
2021-03-14,F1,Paris SG,Nantes,0,1,2,11,8,5,5,1269.30027833685,909.821616638605,0,0,1,0,0,3,1,1,12,5,24,8,42,16,-1,1,3,-3,0,0,2,1,5,5,8,11
2021-03-19,F1,St Etienne,Monaco,0,0,4,9,15,3,4,977.358497422935,1255.71270271035,0,0,1,1,0,0,2,1,7,8,14,23,23,42,-4,4,-6,6,-1,1,4,0,4,3,15,9
2021-03-20,F1,Metz,Rennes,0,1,3,14,9,2,5,1032.97310811498,1007.99972458051,0,0,2,3,0,0,3,4,7,3,17,8,28,23,-2,2,5,-5,-3,3,3,1,5,2,9,14
2021-03-20,F1,Nice,Marseille,2,3,0,17,7,7,2,986.662650586468,1101.71954888043,1,0,0,1,1,0,0,8,7,8,13,13,19,27,3,-3,10,-10,5,-5,0,3,2,7,7,17
2021-03-21,F1,Strasbourg,Lens,0,1,2,17,12,5,4,1051.79608989662,1091.25728279951,1,1,0,0,3,6,0,0,8,9,13,17,27,28,-1,1,5,-5,1,-1,2,1,4,5,12,17
2021-03-21,F1,Brest,Angers,1,0,0,11,15,2,5,955.587609448254,923.026915286977,1,1,0,0,1,2,0,0,4,5,8,9,25,26,0,0,-4,4,-3,3,0,0,5,2,15,11
2021-03-21,F1,Dijon,Reims,0,0,1,10,9,4,2,714.487196083029,1060.12792594964,0,1,4,0,0,2,15,0,0,7,1,14,12,27,-1,1,1,-1,2,-2,1,0,2,4,9,10
2021-03-21,F1,Montpellier,Bordeaux,2,3,1,23,13,9,3,1033.68569488512,917.357909509501,0,1,0,0,3,1,1,0,9,4,13,10,27,24,2,-2,10,-10,6,-6,1,3,3,9,13,23
2021-03-21,F1,Nantes,Lorient,1,1,1,8,15,3,3,966.64631027699,962.658627383264,0,0,1,0,0,1,11,10,8,5,10,16,16,20,0,0,-7,7,0,0,1,1,3,3,15,8
2021-03-21,F1,Lille,Nimes,0,1,2,15,10,4,4,1311.2039624247,890.89637148103,1,0,0,1,5,0,0,1,9,8,24,14,44,18,-1,1,5,-5,0,0,2,1,4,4,10,15
2021-03-21,F1,Lyon,Paris SG,0,2,4,8,14,7,9,1264.48982874906,1212.47558469847,1,3,0,0,1,3,0,0,8,9,20,21,46,39,-2,2,-6,6,-2,2,4,2,9,7,14,8
2021-04-03,F1,Monaco,Metz,2,4,0,15,6,6,1,1277.34123624696,985.968458621232,0,0,0,0,7,3,1,1,10,7,23,14,42,27,4,-4,9,-9,5,-5,0,4,1,6,6,15
2021-04-03,F1,Paris SG,Lille,0,0,1,16,3,3,3,1262.85046668745,1252.43269111795,0,0,2,0,0,9,2,1,9,8,21,21,39,44,-1,1,13,-13,0,0,1,0,3,3,3,16
2021-04-03,F1,Lens,Lyon,1,1,1,10,15,4,6,1119.63832086371,1214.11494676007,0,0,0,0,4,13,1,2,11,8,17,20,30,43,0,0,-5,5,-2,2,1,1,6,4,15,10
2021-04-04,F1,Angers,Montpellier,1,1,1,14,8,4,3,924.522016112793,1063.38416386407,0,0,1,0,0,4,3,2,6,9,10,16,24,27,0,0,6,-6,1,-1,1,1,3,4,8,14
2021-04-04,F1,Bordeaux,Strasbourg,0,2,3,14,12,6,5,887.659440530549,1023.41505183243,0,0,2,1,0,0,4,2,3,5,7,10,24,27,-1,1,2,-2,1,-1,3,2,5,6,12,14
2021-04-04,F1,Lorient,Brest,2,1,0,13,5,4,1,962.842258903661,954.092508622438,0,0,0,2,2,0,1,9,6,4,14,9,21,23,1,-1,8,-8,3,-3,0,1,1,4,5,13
2021-04-04,F1,Nantes,Nice,0,1,2,18,17,6,8,966.462678756593,1058.62052773316,0,0,0,0,1,2,12,1,6,10,10,13,16,22,-1,1,1,-1,-2,2,2,1,8,6,17,18
2021-04-04,F1,Reims,Rennes,1,2,2,9,19,4,8,1067.82661349972,1055.00437407426,0,1,0,0,9,1,4,0,9,6,17,8,29,26,0,0,-10,10,-4,4,2,2,8,4,19,9
2021-04-04,F1,Nimes,St Etienne,0,0,2,14,15,3,5,949.667642787785,955.729963886328,0,1,0,0,4,1,2,0,8,4,14,14,21,23,-2,2,-1,1,-2,2,2,0,5,3,15,14
2021-04-04,F1,Marseille,Dijon,2,2,0,16,4,3,1,1029.76167173373,706.788508532955,2,0,0,5,4,0,0,6,7,0,13,0,24,11,2,-2,12,-12,2,-2,0,2,1,3,4,16
2021-04-09,F1,Metz,Lille,0,0,2,18,9,7,6,965.655655469966,1285.39191624891,0,1,3,0,0,10,4,0,4,8,11,21,26,44,-2,2,9,-9,1,-1,2,0,6,7,9,18
2021-04-10,F1,Strasbourg,Paris SG,0,1,4,9,16,3,7,1043.51122449561,1229.89124155649,0,4,1,0,0,4,1,0,7,9,12,18,30,39,-3,3,-7,7,-4,4,4,1,7,3,16,9
2021-04-10,F1,Montpellier,Marseille,1,3,3,20,13,7,8,1057.30939762172,1041.58553740178,1,0,0,2,4,0,0,9,7,9,17,15,25,24,0,0,7,-7,-1,1,3,3,8,7,13,20
2021-04-11,F1,Rennes,Nantes,2,1,0,14,4,4,2,1055.59459208553,942.757109036644,1,1,0,0,1,4,0,0,7,5,9,10,27,15,1,-1,10,-10,2,-2,0,1,2,4,4,14
2021-04-11,F1,Brest,Nimes,1,1,1,22,5,4,3,922.898220078372,906.575208279317,0,1,0,0,2,1,1,0,4,5,9,14,20,18,0,0,17,-17,1,-1,1,1,3,4,5,22
2021-04-11,F1,Lens,Lorient,2,4,1,14,17,6,6,1123.8849718649,994.036547447727,0,0,0,0,5,2,2,11,9,9,18,14,31,24,3,-3,-3,3,0,0,1,4,6,6,17,14
2021-04-11,F1,Nice,Reims,1,0,0,13,10,2,1,1082.32609745311,1067.23639548844,2,2,0,0,2,3,0,0,13,9,16,15,25,30,0,0,3,-3,1,-1,0,0,1,2,10,13
2021-04-11,F1,St Etienne,Bordeaux,2,4,1,17,10,7,2,998.822398394796,867.563267867365,0,0,2,1,0,0,3,1,6,3,17,4,26,21,3,-3,7,-7,5,-5,1,4,2,7,10,17
2021-04-11,F1,Monaco,Dijon,2,3,0,16,6,10,1,1297.65403939823,694.964642864908,1,0,0,6,8,0,0,7,10,0,23,0,42,11,3,-3,10,-10,9,-9,0,3,1,10,6,16
2021-04-11,F1,Lyon,Angers,2,3,0,16,11,6,3,1209.86829575888,930.596782355151,0,0,1,0,0,3,1,1,6,6,18,11,41,25,3,-3,5,-5,3,-3,0,3,3,6,11,16
2021-04-16,F1,Lille,Montpellier,1,1,1,20,10,9,4,1297.40769956204,1056.58578106551,0,0,1,0,0,5,1,3,10,7,21,18,46,23,0,0,10,-10,5,-5,1,1,4,9,10,20
2021-04-17,F1,Angers,Rennes,0,0,3,10,9,3,3,912.391970448326,1077.55248844391,0,0,0,0,1,2,4,1,5,10,8,11,22,29,-3,3,1,-1,0,0,3,0,3,3,9,10
2021-04-17,F1,Marseille,Lorient,2,3,2,13,12,5,6,1042.30915395799,958.986545304751,3,0,0,1,5,0,0,12,10,6,16,13,22,24,1,-1,1,-1,-1,1,2,3,6,5,12,13
2021-04-18,F1,Paris SG,St Etienne,2,3,2,17,7,5,5,1257.68642591938,1033.67952404222,0,2,3,0,0,2,3,0,9,9,21,17,41,28,1,-1,10,-10,0,0,2,3,5,5,7,17
2021-04-18,F1,Brest,Lens,1,1,1,7,8,5,2,922.14707018337,1158.93497400787,0,2,0,0,3,7,2,0,5,11,10,18,18,31,0,0,-1,1,3,-3,1,1,2,5,8,7
2021-04-18,F1,Dijon,Nice,2,2,0,9,10,3,2,691.671289422725,1081.63162760365,0,1,5,0,0,3,16,0,0,11,0,17,8,25,2,-2,-1,1,1,-1,0,2,2,3,10,9
2021-04-18,F1,Nimes,Strasbourg,1,1,1,5,7,1,3,907.32635817432,1015.71604013272,0,1,1,0,0,1,3,0,5,6,15,12,19,29,0,0,-2,2,-2,2,1,1,3,1,7,5
2021-04-18,F1,Reims,Metz,1,0,0,15,11,6,2,1067.93086533791,953.639872156838,0,0,0,1,10,0,5,2,9,1,13,8,31,26,0,0,4,-4,4,-4,0,0,2,6,11,15
2021-04-18,F1,Bordeaux,Monaco,0,0,3,7,13,2,6,832.706142219946,1300.94739284041,0,1,3,0,0,1,5,0,3,10,4,23,20,42,-3,3,-6,6,-4,4,3,0,6,2,13,7
2021-04-18,F1,Nantes,Lyon,0,1,2,12,11,3,4,920.799212678268,1228.07310766571,0,0,1,0,0,14,13,3,4,8,10,18,15,41,-1,1,1,-1,-1,1,2,1,4,3,11,12
2021-04-23,F1,Reims,Marseille,0,1,3,10,11,1,6,1062.84954831237,1066.7786779937,0,0,0,0,11,1,6,10,7,10,13,18,31,25,-2,2,-1,1,-5,5,3,1,6,1,11,10
2021-04-24,F1,St Etienne,Brest,0,1,2,6,12,3,7,1019.85939032733,931.627284535194,1,0,0,3,1,0,0,10,9,3,16,10,27,19,-1,1,-6,6,-4,4,2,1,7,3,12,6
2021-04-24,F1,Metz,Paris SG,0,1,3,8,19,3,8,958.72118918238,1271.50655963426,0,5,4,0,0,5,5,0,2,9,8,21,27,41,-2,2,-11,11,-5,5,3,1,8,3,19,8
2021-04-25,F1,Nice,Montpellier,2,3,1,18,14,8,3,1002.31947876811,1066.18571981919,0,0,0,0,3,6,1,4,8,7,14,18,25,24,2,-2,4,-4,5,-5,1,3,3,8,14,18
2021-04-25,F1,Lens,Nimes,2,2,1,7,16,4,2,1149.45475965605,912.162018124782,1,0,0,0,6,2,0,1,9,6,18,16,32,20,1,-1,-9,9,2,-2,1,2,2,4,16,7
2021-04-25,F1,Lorient,Bordeaux,2,4,1,13,13,7,7,934.517021269036,825.808489924024,1,0,0,2,3,0,0,2,5,3,10,4,24,17,3,-3,0,0,0,0,1,4,7,7,13,13
2021-04-25,F1,Rennes,Dijon,2,5,1,25,4,12,1,1107.95232058528,770.983438258257,2,0,0,7,2,0,0,8,13,3,13,3,32,10,4,-4,21,-21,11,-11,1,5,1,12,4,25
2021-04-25,F1,Strasbourg,Nantes,0,1,2,12,7,4,5,1010.88038018226,911.475034167885,0,0,2,1,0,0,2,1,4,4,12,9,27,15,-1,1,5,-5,-1,1,2,1,5,4,7,12
2021-04-25,F1,Angers,Monaco,0,0,1,4,10,0,3,881.992138306956,1307.84504513633,0,2,1,0,0,2,5,0,2,13,7,23,19,45,-1,1,-6,6,-3,3,1,0,3,0,10,4
2021-04-25,F1,Lyon,Lille,0,2,3,7,16,2,7,1237.39728617609,1287.80776080836,1,2,0,0,1,11,0,0,8,8,18,19,41,44,-1,1,-9,9,-5,5,3,2,7,2,16,7
2021-04-30,F1,Marseille,Strasbourg,1,1,1,8,8,4,5,1110.14033380325,969.966716083102,4,0,0,0,6,2,0,1,10,4,18,12,27,26,0,0,0,0,-1,1,1,1,5,4,8,8
2021-05-01,F1,Paris SG,Lens,2,2,1,14,15,6,3,1283.94332304792,1162.46418355357,1,0,0,0,1,8,0,1,12,11,21,20,44,32,1,-1,-1,1,3,-3,1,2,3,6,15,14
2021-05-01,F1,Lille,Nice,2,2,0,12,0,4,0,1315.19709375289,1054.14948858814,0,0,0,1,1,0,2,1,10,10,19,17,44,25,2,-2,12,-12,4,-4,0,2,0,4,0,12
2021-05-02,F1,Bordeaux,Rennes,2,1,0,9,9,4,2,787.803371602974,1124.1651907216,0,1,4,0,0,3,6,0,0,13,4,16,17,32,1,-1,0,0,2,-2,0,1,2,4,9,9
2021-05-02,F1,Brest,Nantes,0,1,4,16,12,7,6,971.583456640342,952.388698267043,0,1,0,0,4,1,3,0,6,4,10,12,19,17,-3,3,4,-4,1,-1,4,1,6,7,12,16
2021-05-02,F1,Dijon,Metz,0,1,5,10,14,4,6,754.770568121936,946.284425768724,1,0,0,0,1,1,0,3,3,1,3,8,9,26,-4,4,-4,4,-2,2,5,1,6,4,14,10
2021-05-02,F1,Lorient,Angers,2,2,0,13,9,4,2,972.522139590086,876.914649437561,2,0,0,1,4,0,0,2,7,2,12,7,24,18,2,-2,4,-4,2,-2,0,2,2,4,9,13
2021-05-02,F1,Nimes,Reims,1,2,2,18,12,7,7,899.152594227258,1019.48789250281,0,0,0,0,1,4,4,1,5,6,13,13,20,31,0,0,6,-6,0,0,2,2,7,7,12,18
2021-05-02,F1,Montpellier,St Etienne,0,1,2,13,19,2,7,1014.35570999916,979.903218222183,0,0,0,1,5,0,1,1,6,6,15,13,21,26,-1,1,-6,6,-5,5,2,1,7,2,19,13
2021-05-02,F1,Monaco,Lyon,0,2,3,12,17,4,5,1312.92253400573,1210.00795323156,2,1,0,0,9,15,0,0,15,7,23,15,48,38,-1,1,-5,5,-1,1,3,2,5,4,17,12
2021-05-07,F1,Lens,Lille,0,0,3,11,11,5,6,1141.21812711332,1331.16315820926,2,3,0,0,7,12,0,0,8,13,19,21,32,44,-3,3,0,0,-1,1,3,0,6,5,11,11
2021-05-08,F1,Nantes,Bordeaux,2,3,0,11,10,3,2,1009.929936424,843.735535389672,0,0,2,3,0,0,14,3,6,3,12,6,20,20,3,-3,1,-1,1,-1,0,3,2,3,10,11
2021-05-08,F1,Lyon,Lorient,2,4,1,25,8,11,2,1251.21890482451,1004.60667731039,0,0,1,2,0,0,1,13,10,9,18,15,40,27,3,-3,17,-17,9,-9,1,4,2,11,8,25
2021-05-09,F1,St Etienne,Marseille,2,1,0,18,15,5,4,1015.06604990457,1104.01395244575,0,1,1,0,0,2,1,0,9,11,13,18,26,28,1,-1,3,-3,1,-1,0,1,4,5,15,18
2021-05-09,F1,Angers,Dijon,2,3,0,11,5,4,1,844.830111717256,722.611658966682,0,0,2,8,0,0,6,9,1,3,7,3,18,9,3,-3,6,-6,3,-3,0,3,1,4,5,11
2021-05-09,F1,Metz,Nimes,0,0,3,11,10,2,5,978.443334923978,904.482787627297,0,0,5,1,0,0,6,2,4,3,11,11,26,21,-3,3,1,-1,-3,3,3,0,5,2,10,11
2021-05-09,F1,Nice,Brest,2,3,2,14,9,5,2,1038.18342413177,914.042218483383,1,1,0,0,4,1,0,0,7,5,17,9,25,18,1,-1,5,-5,3,-3,2,3,2,5,9,14
2021-05-09,F1,Strasbourg,Montpellier,0,2,3,18,6,7,3,976.093097440602,979.192878316773,0,0,3,1,0,0,3,5,5,3,10,12,24,21,-1,1,12,-12,4,-4,3,2,3,7,6,18
2021-05-09,F1,Reims,Monaco,0,0,1,8,7,2,2,1014.15769910277,1271.71158241278,0,3,1,0,0,3,7,0,4,12,13,22,29,48,-1,1,1,-1,0,0,1,0,2,2,7,8
2021-05-09,F1,Rennes,Paris SG,1,1,1,19,12,10,4,1068.2330269349,1305.18937948817,3,6,0,0,3,6,0,0,10,12,16,21,29,44,0,0,7,-7,6,-6,1,1,4,10,12,19
2021-05-16,F1,Bordeaux,Lens,2,3,0,11,14,4,4,813.466025858958,1113.84583852477,1,0,0,1,1,0,0,2,3,7,6,16,17,29,3,-3,-3,3,0,0,0,3,4,4,14,11
2021-05-16,F1,Dijon,Nantes,0,0,4,10,16,1,4,686.508851792756,1040.19944595472,0,2,1,0,0,2,1,0,3,9,3,14,9,22,-4,4,-6,6,-3,3,4,0,4,1,16,10
2021-05-16,F1,Lille,St Etienne,1,0,0,14,8,3,1,1358.53544679781,1055.08404213951,1,1,0,0,2,1,0,0,13,9,21,15,46,28,0,0,6,-6,2,-2,0,0,1,3,8,14
2021-05-16,F1,Lorient,Metz,2,2,1,6,3,2,1,983.36966522969,912.475523997249,3,1,0,0,5,2,0,0,6,4,15,8,27,23,1,-1,3,-3,1,-1,1,2,1,2,3,6
2021-05-16,F1,Marseille,Angers,2,3,2,16,11,11,5,1063.99596021081,880.932918891181,0,0,0,2,7,0,1,3,8,3,17,9,25,20,1,-1,5,-5,6,-6,2,3,5,11,11,16
2021-05-16,F1,Monaco,Rennes,2,2,1,11,9,3,2,1283.55383052233,1077.7182738017,0,0,1,1,0,0,1,1,12,10,22,17,48,27,1,-1,2,-2,1,-1,1,2,2,3,9,11
2021-05-16,F1,Montpellier,Brest,1,0,0,4,22,2,9,1010.90738552233,893.013094117037,0,0,1,1,0,0,2,1,5,5,12,9,23,17,0,0,-18,18,-7,7,0,0,9,2,22,4
2021-05-16,F1,Nice,Strasbourg,0,0,2,7,11,3,5,1059.21254849812,944.378590235042,2,0,0,0,5,3,0,2,7,2,20,9,27,24,-2,2,-4,4,-2,2,2,0,5,3,11,7
2021-05-16,F1,Nimes,Lyon,0,2,5,8,21,4,13,970.450598554025,1272.45591690521,0,2,0,0,2,16,5,0,6,12,11,18,23,40,-3,3,-13,13,-9,9,5,2,13,4,21,8
2021-05-16,F1,Paris SG,Reims,2,4,0,28,2,10,0,1295.70413262138,1002.31545099323,2,0,0,0,2,5,0,2,13,3,22,12,44,28,4,-4,26,-26,10,-10,0,4,0,10,2,28
2021-05-23,F1,Angers,Lille,0,1,2,10,5,4,2,864.389116486219,1347.28586020783,1,4,0,0,1,13,0,0,3,11,8,21,17,44,-1,1,5,-5,2,-2,2,1,2,4,5,10
2021-05-23,F1,Brest,Paris SG,0,0,2,6,9,5,4,898.243117769856,1315.81912041776,0,0,1,0,0,7,4,1,5,13,10,22,18,44,-2,2,-3,3,1,-1,2,0,4,5,9,6
2021-05-23,F1,Lens,Monaco,1,0,0,4,19,1,3,1021.2184179664,1298.54103366411,0,4,1,0,0,4,1,0,4,12,15,22,29,50,0,0,-15,15,-2,2,0,0,3,1,19,4
2021-05-23,F1,Lyon,Nice,0,2,3,12,14,6,6,1288.76149697807,1001.3649303205,1,0,0,2,1,0,0,2,12,6,20,17,40,27,-1,1,-2,2,0,0,3,2,6,6,14,12
2021-05-23,F1,Metz,Marseille,1,1,1,10,9,3,2,886.915977299246,1080.53976261578,0,0,6,1,0,0,7,1,4,10,5,20,23,27,0,0,1,-1,1,-1,1,1,2,3,9,10
2021-05-23,F1,Nantes,Montpellier,0,1,2,15,8,5,5,1055.09626586573,1005.67736186951,1,1,0,0,1,1,0,0,12,5,16,12,25,24,-1,1,7,-7,0,0,2,1,5,5,8,15
2021-05-23,F1,Reims,Bordeaux,0,1,2,10,12,3,5,982.200463196848,906.093446417327,0,0,2,4,0,0,8,4,2,6,11,9,25,20,-1,1,-2,2,-2,2,2,1,5,3,12,10
2021-05-23,F1,Rennes,Nimes,2,2,0,13,9,6,2,1062.73107065992,954.145018481168,0,1,0,0,4,1,1,0,7,5,17,10,24,23,2,-2,4,-4,4,-4,0,2,2,6,9,13
2021-05-23,F1,St Etienne,Dijon,0,0,1,19,10,5,2,1066.33362872949,671.612031881737,1,0,0,9,1,0,0,10,7,3,16,3,28,6,-1,1,9,-9,3,-3,1,0,2,5,10,19
2021-05-23,F1,Strasbourg,Lorient,1,1,1,6,7,2,1,1002.22620841265,1008.92921192769,0,0,4,3,0,0,4,14,5,9,11,15,27,29,0,0,-1,1,1,-1,1,1,1,2,7,6
2019-08-09,F1,Monaco,Lyon,0,0,3,7,13,1,3,1287.93257747387,1235.03457415304,1,3,0,0,1,17,0,0,10,9,23,17,48,37,-3,3,-6,6,-2,2,3,0,3,1,13,7
2019-08-10,F1,Marseille,Reims,0,0,2,10,8,2,5,1072.44429106155,943.300756094846,1,0,0,1,8,0,0,3,8,1,18,8,28,24,-2,2,2,-2,-3,3,2,0,5,2,8,10
2019-08-10,F1,Angers,Bordeaux,2,3,1,14,8,4,3,860.649800244763,944.993153519329,0,1,1,0,0,1,1,0,3,9,5,12,14,22,2,-2,6,-6,1,-1,1,3,3,4,8,14
2019-08-10,F1,Brest,Toulouse,1,1,1,16,13,5,3,890.972719935638,989.035228556481,0,1,2,0,0,5,5,0,4,7,7,13,15,26,0,0,3,-3,2,-2,1,1,3,5,13,16
2019-08-10,F1,Dijon,St Etienne,0,1,2,15,12,7,4,729.631126208132,1008.3145344031,0,0,2,0,0,2,2,1,3,7,6,16,8,27,-1,1,3,-3,3,-3,2,1,4,7,12,15
2019-08-10,F1,Montpellier,Rennes,0,0,1,24,9,5,3,1042.19856129746,1093.31113553427,0,0,0,2,1,0,3,2,7,7,14,20,27,26,-1,1,15,-15,2,-2,1,0,3,5,9,24
2019-08-10,F1,Nice,Amiens,2,2,1,17,8,6,2,1055.09185314553,1000,0,0,1,0,0,0,1,0,9,0,17,0,29,0,1,-1,9,-9,4,-4,1,2,2,6,8,17
2019-08-11,F1,Lille,Nantes,2,2,1,13,13,3,3,1351.02517644929,1018.57506643779,0,3,0,0,3,3,1,0,13,12,21,16,47,24,1,-1,0,0,0,0,1,2,3,3,13,13
2019-08-11,F1,Strasbourg,Metz,1,1,1,13,7,2,3,1002.53485483908,895.011448853469,0,0,0,1,1,0,5,1,5,4,9,6,25,23,0,0,6,-6,-1,1,1,1,3,2,7,13
2019-08-11,F1,Paris SG,Nimes,2,3,0,12,5,5,1,1323.08951825198,923.564953606819,3,0,0,1,3,0,0,1,13,4,22,10,46,23,3,-3,7,-7,4,-4,0,3,1,5,5,12
2019-08-16,F1,Lyon,Angers,2,6,0,11,10,9,3,1297.80518687,914.949947279889,0,0,1,3,0,0,1,4,12,6,19,8,39,17,6,-6,1,-1,6,-6,0,6,3,9,10,11
2019-08-17,F1,Nantes,Marseille,1,0,0,13,9,6,2,1010.34712157028,1012.99607338036,0,0,1,0,0,1,1,2,9,5,13,15,23,28,0,0,4,-4,4,-4,0,0,2,6,9,13
2019-08-17,F1,Amiens,Lille,2,1,0,8,10,3,1,973.032043281779,1359.2531213168,0,5,0,0,0,14,0,0,0,13,0,23,0,47,1,-1,-2,2,2,-2,0,1,1,3,10,8
2019-08-17,F1,Bordeaux,Montpellier,1,1,1,13,10,4,4,890.693006484203,1014.87253313607,2,2,0,0,2,2,0,0,9,7,9,13,19,26,0,0,3,-3,0,0,1,1,4,4,10,13
2019-08-17,F1,Metz,Monaco,2,3,0,18,12,10,6,899.810832018654,1225.16196475692,0,0,0,0,1,5,8,1,5,7,6,22,23,45,3,-3,6,-6,4,-4,0,3,6,10,12,18
2019-08-17,F1,Nimes,Nice,0,1,2,18,6,5,3,913.625422180204,1082.05980986375,0,1,1,0,0,1,6,0,4,9,9,19,23,32,-1,1,12,-12,2,-2,2,1,3,5,6,18
2019-08-17,F1,Toulouse,Dijon,2,1,0,18,18,7,5,984.635499410132,718.918092417716,0,1,0,0,2,1,7,0,7,3,14,6,26,7,1,-1,0,0,2,-2,0,1,5,7,18,18
2019-08-18,F1,St Etienne,Brest,1,1,1,19,9,5,4,1019.02756819351,895.372449081987,0,0,1,0,0,1,1,2,10,2,16,8,30,16,0,0,10,-10,1,-1,1,1,4,5,9,19
2019-08-18,F1,Reims,Strasbourg,1,0,0,11,4,1,1,1002.74897377604,997.735471673897,0,1,3,0,0,4,9,0,4,6,10,10,24,23,0,0,7,-7,0,0,0,0,1,1,4,11
2019-08-18,F1,Rennes,Paris SG,2,2,1,11,9,4,2,1120.63716369565,1333.02904967859,1,1,0,0,5,8,0,0,7,13,20,25,28,46,1,-1,2,-2,2,-2,1,2,2,4,9,11
2019-08-24,F1,Amiens,Nantes,0,1,2,3,25,1,6,1030.78049421814,1010.4691079456,1,0,0,1,1,0,0,1,3,7,3,13,3,23,-1,1,-22,22,-5,5,2,1,6,1,25,3
2019-08-24,F1,Angers,Metz,2,3,0,15,4,5,2,898.431915979618,994.345736682019,1,0,0,0,1,1,0,2,6,5,7,9,17,23,3,-3,11,-11,3,-3,0,3,2,5,4,15
2019-08-24,F1,Brest,Reims,2,1,0,8,10,4,2,900.838123447324,1002.51810949567,0,1,0,0,1,1,6,0,3,4,8,8,17,25,1,-1,-2,2,2,-2,0,1,2,4,10,8
2019-08-24,F1,Dijon,Bordeaux,0,0,2,10,10,1,3,707.522678813274,896.180001562613,0,0,3,1,0,0,3,1,3,7,6,10,6,17,-2,2,0,0,-2,2,2,0,3,1,10,10
2019-08-25,F1,Monaco,Nimes,1,2,2,16,14,6,4,1130.62706009355,896.027791847721,0,0,1,2,0,0,1,2,7,3,19,6,42,20,0,0,2,-2,2,-2,2,2,4,6,14,16
2019-08-25,F1,Strasbourg,Rennes,0,0,2,19,7,3,4,997.966335954261,1170.0787856029,0,1,0,0,2,1,6,0,6,10,11,20,21,28,-2,2,12,-12,-1,1,2,0,4,3,7,19
2019-08-25,F1,Paris SG,Toulouse,2,4,0,21,3,11,0,1283.58742777135,996.030913014573,4,0,0,0,4,6,0,1,10,9,22,14,43,26,4,-4,18,-18,11,-11,0,4,0,11,3,21
2019-08-27,F1,Montpellier,Lyon,2,1,0,19,14,5,4,1009.38553805766,1314.32321817027,0,4,1,0,0,18,4,0,8,12,11,22,27,42,1,-1,5,-5,1,-1,0,1,4,5,14,19
2019-08-28,F1,Lille,St Etienne,2,3,0,16,9,7,4,1301.50467038043,1013.56189382817,1,1,0,0,4,3,0,0,10,8,23,17,44,31,3,-3,7,-7,3,-3,0,3,4,7,9,16
2019-08-28,F1,Nice,Marseille,0,1,2,12,12,3,5,1099.65744019623,1012.87408700504,1,0,0,0,1,2,0,3,12,5,19,16,32,29,-1,1,0,0,-2,2,2,1,5,3,12,12
2019-08-30,F1,Metz,Paris SG,0,0,2,7,10,2,4,925.13114852949,1304.27903884651,1,0,0,1,2,0,0,1,5,12,9,25,20,43,-2,2,-3,3,-2,2,2,0,4,2,10,7
2019-08-31,F1,Lyon,Bordeaux,1,1,1,10,18,3,6,1259.75503381643,918.316912340986,1,1,0,0,1,1,0,0,9,10,21,13,39,17,0,0,-8,8,-3,3,1,1,6,3,18,10
2019-08-31,F1,Angers,Dijon,2,2,0,12,5,3,2,967.646504132147,685.385768034902,2,0,0,1,2,0,0,1,6,3,9,6,20,6,2,-2,7,-7,1,-1,0,2,2,3,5,12
2019-08-31,F1,Nantes,Montpellier,2,1,0,14,8,7,1,1044.33772746349,1063.9537224115,0,0,0,0,1,3,2,1,7,8,16,13,26,30,1,-1,6,-6,6,-6,0,1,1,7,8,14
2019-08-31,F1,Nimes,Brest,2,3,0,21,7,8,3,905.442356335625,941.944679587396,0,0,2,0,0,2,7,3,1,6,7,11,21,20,3,-3,14,-14,5,-5,0,3,3,8,7,21
2019-08-31,F1,Toulouse,Amiens,2,2,0,13,10,4,1,975.339301939408,996.911874700256,1,0,0,1,3,0,0,1,8,3,14,3,23,3,2,-2,3,-3,3,-3,0,2,1,4,10,13
2019-09-01,F1,Reims,Lille,2,2,0,12,11,5,3,961.411553355601,1318.96498835858,0,0,0,1,1,0,10,1,4,10,7,23,22,44,2,-2,1,-1,2,-2,0,2,3,5,11,12
2019-09-01,F1,Rennes,Nice,0,1,2,11,11,3,7,1193.82875644393,1059.82658376862,2,2,0,0,6,2,0,0,12,9,22,16,31,32,-1,1,0,0,-4,4,2,1,7,3,11,11
2019-09-01,F1,Strasbourg,Monaco,1,2,2,14,16,5,6,974.216365113232,1121.21249560565,0,0,1,1,0,0,7,2,6,5,8,17,20,40,0,0,-2,2,-1,1,2,2,6,5,16,14
2019-09-01,F1,Marseille,St Etienne,2,1,0,9,12,2,3,1052.70494343265,996.10157585003,0,0,1,1,0,0,1,1,8,5,16,14,31,31,1,-1,-3,3,-1,1,0,1,3,2,12,9
2019-09-13,F1,Lille,Angers,2,2,1,13,8,4,4,1241.18105691362,982.079233719838,2,0,0,4,5,0,0,5,9,9,20,12,41,20,1,-1,5,-5,0,0,1,2,4,4,8,13
2019-09-13,F1,Amiens,Lyon,1,2,2,11,12,2,6,950.334593765874,1247.68705490065,0,0,1,1,0,0,1,1,3,7,3,19,3,37,0,0,-1,1,-4,4,2,2,6,2,12,11
2019-09-14,F1,Paris SG,Strasbourg,2,1,0,16,6,7,3,1313.16708532739,980.608836265418,5,0,0,0,5,5,0,1,12,4,25,9,46,21,1,-1,10,-10,4,-4,0,1,3,7,6,16
2019-09-14,F1,Bordeaux,Metz,2,2,0,15,15,6,3,930.384891256766,916.243102048619,0,0,0,1,3,0,1,3,8,5,14,9,18,17,2,-2,0,0,3,-3,0,2,3,6,15,15
2019-09-14,F1,Brest,Rennes,1,0,0,10,9,2,2,881.704866107409,1150.06433927086,1,2,0,0,2,2,0,0,5,12,10,19,20,30,0,0,1,-1,0,0,0,0,2,2,9,10
2019-09-14,F1,Dijon,Nimes,1,0,0,16,7,2,3,670.95303844721,965.682169815612,0,0,4,0,0,1,4,3,3,4,6,9,6,24,0,0,9,-9,-1,1,0,0,3,2,7,16
2019-09-14,F1,Montpellier,Nice,2,2,1,17,13,8,5,1030.14893978024,1103.59100094169,1,3,0,0,1,3,0,0,7,12,12,18,30,35,1,-1,4,-4,3,-3,1,2,5,8,13,17
2019-09-15,F1,Nantes,Reims,2,1,0,8,9,4,1,1078.14251009474,1039.19548480056,1,0,0,1,2,0,0,1,7,7,19,9,29,22,1,-1,-1,1,3,-3,0,1,1,4,9,8
2019-09-15,F1,St Etienne,Toulouse,1,2,2,14,10,4,7,969.269298556943,1021.91658287379,0,0,0,1,1,0,2,2,4,10,11,14,28,26,0,0,4,-4,-3,3,2,2,7,4,10,14
2019-09-15,F1,Monaco,Marseille,0,3,4,12,13,8,6,1114.82002445346,1079.53722072573,0,1,0,0,1,3,2,0,3,8,15,18,38,34,-1,1,-1,1,2,-2,4,3,6,8,13,12
2019-09-20,F1,Strasbourg,Nantes,2,2,1,17,10,5,3,972.385353770981,1106.57030685011,0,1,0,0,1,1,8,0,3,10,8,22,20,31,1,-1,7,-7,2,-2,1,2,3,5,10,17
2019-09-21,F1,Marseille,Montpellier,1,1,1,24,3,5,2,1114.77576185414,1068.81422338184,1,0,0,1,1,0,0,2,10,7,18,14,36,32,0,0,21,-21,3,-3,1,1,2,5,3,24
2019-09-21,F1,Bordeaux,Brest,1,2,2,18,13,5,3,972.458342892509,892.078037633984,1,0,0,1,4,0,0,4,8,6,17,10,21,20,0,0,5,-5,2,-2,2,2,3,5,13,18
2019-09-21,F1,Metz,Amiens,0,1,2,13,9,4,5,874.169650412876,961.440399836618,0,0,1,2,0,0,1,2,4,4,8,4,16,4,-1,1,4,-4,-1,1,2,1,5,4,9,13
2019-09-21,F1,Nice,Dijon,2,2,1,16,13,6,7,1064.92571734009,681.995911884625,0,0,1,2,0,0,1,2,9,1,18,4,32,7,1,-1,3,-3,-1,1,1,2,7,6,13,16
2019-09-21,F1,Nimes,Toulouse,2,1,0,19,9,4,2,954.639296378197,1019.51047379244,1,0,0,0,1,1,0,3,5,8,9,15,25,24,1,-1,10,-10,2,-2,0,1,2,4,9,19
2019-09-21,F1,Reims,Monaco,1,0,0,16,12,4,4,1010.76768804519,1079.58148332506,1,0,0,0,2,1,0,3,7,2,8,12,21,35,0,0,4,-4,0,0,0,0,4,4,12,16
2019-09-22,F1,Rennes,Lille,1,1,1,11,15,3,6,1139.69116774429,1252.93754936023,0,0,1,2,0,0,1,2,10,9,17,22,30,41,0,0,-4,4,-3,3,1,1,6,3,15,11
2019-09-22,F1,Angers,St Etienne,2,4,1,14,6,5,2,970.322741273229,971.675407638296,3,0,0,2,3,0,0,2,9,5,12,12,19,28,3,-3,8,-8,3,-3,1,4,2,5,6,14
2019-09-22,F1,Lyon,Paris SG,0,0,1,12,21,0,7,1236.58124882991,1321.39056782182,0,1,0,0,2,1,1,0,8,12,17,25,35,46,-1,1,-9,9,-7,7,1,0,7,0,21,12
2019-09-24,F1,Dijon,Marseille,1,0,0,18,9,6,2,675.636672292906,1112.67141591095,0,2,0,0,1,4,5,0,1,11,4,16,7,34,0,0,9,-9,4,-4,0,0,2,6,9,18
2019-09-24,F1,Monaco,Nice,2,3,1,17,10,5,3,1076.45328921881,1071.2849569318,0,0,1,1,0,0,3,1,3,9,10,18,33,35,2,-2,7,-7,2,-2,1,3,3,5,10,17
2019-09-25,F1,Amiens,Bordeaux,0,1,3,11,15,3,6,985.567355359487,968.821351762018,0,0,0,0,1,2,2,1,7,9,7,18,7,22,-2,2,-4,4,-3,3,3,1,6,3,15,11
2019-09-25,F1,Brest,Lyon,1,2,2,13,11,5,5,895.715028764475,1212.24094186524,0,0,0,0,3,1,1,2,6,5,8,17,18,32,0,0,2,-2,0,0,2,2,5,5,11,13
2019-09-25,F1,Lille,Strasbourg,2,2,0,12,5,5,1,1247.89952777097,1016.16432748526,3,0,0,1,6,0,0,2,7,5,20,11,39,23,2,-2,7,-7,4,-4,0,2,1,5,5,12
2019-09-25,F1,Montpellier,Nimes,2,1,0,12,15,4,3,1070.91856932503,992.545675134822,2,0,0,0,2,2,0,4,8,8,15,12,30,25,1,-1,-3,3,1,-1,0,1,3,4,15,12
2019-09-25,F1,Nantes,Rennes,2,1,0,8,6,2,2,1062.79133313583,1144.72918933355,2,0,0,0,3,3,0,1,10,8,19,15,31,31,1,-1,2,-2,0,0,0,1,2,2,6,8
2019-09-25,F1,St Etienne,Metz,0,0,1,15,12,3,1,916.931506609816,850.042694890007,0,0,0,2,2,0,3,4,2,3,12,8,25,16,-1,1,3,-3,2,-2,1,0,1,3,12,15
2019-09-25,F1,Toulouse,Angers,0,0,2,6,22,1,6,981.604095035812,1025.06664230171,2,0,0,5,4,0,0,6,7,9,14,15,24,22,-2,2,-16,16,-5,5,2,0,6,1,22,6
2019-09-25,F1,Paris SG,Reims,0,0,2,12,13,3,2,1345.7308747865,1013.89588215144,6,0,0,2,6,0,0,2,12,5,25,9,46,22,-2,2,-1,1,1,-1,2,0,2,3,13,12
2019-09-28,F1,Lyon,Nantes,0,0,1,14,11,7,2,1200.69488490304,1102.20121927657,0,0,1,1,0,0,2,1,3,12,15,19,33,31,-1,1,3,-3,5,-5,1,0,2,7,11,14
2019-09-28,F1,Bordeaux,Paris SG,0,0,1,4,21,1,7,1014.79122211402,1269.32729559703,0,2,0,0,5,2,1,0,11,12,18,22,24,43,-1,1,-17,17,-6,6,1,0,7,1,21,4
2019-09-28,F1,Angers,Amiens,1,1,1,23,8,6,4,1063.46632035901,939.597485007489,4,1,0,0,4,1,0,0,12,4,18,7,25,7,0,0,15,-15,2,-2,1,1,4,6,8,23
2019-09-28,F1,Metz,Toulouse,1,2,2,13,15,3,6,888.128379594887,943.204416978515,0,0,2,1,0,0,2,4,3,4,8,13,19,24,0,0,-2,2,-3,3,2,2,6,3,15,13
2019-09-28,F1,Monaco,Brest,2,4,1,21,5,13,1,1119.65854451987,907.261085726669,1,0,0,0,1,1,0,5,6,6,13,9,35,18,3,-3,16,-16,12,-12,1,4,1,13,5,21
2019-09-28,F1,Nice,Lille,1,1,1,12,11,5,6,1028.07970163074,1266.18838311145,1,0,0,0,1,1,0,3,6,10,18,20,35,41,0,0,1,-1,-1,1,1,1,6,5,11,12
2019-09-28,F1,Reims,Dijon,0,1,2,18,11,2,4,1090.29946134091,689.244361221382,0,0,0,3,3,0,1,3,7,2,11,5,24,8,-1,1,7,-7,-2,2,2,1,4,2,11,18
2019-09-29,F1,Strasbourg,Montpellier,2,1,0,8,11,3,3,997.87547214478,1095.82015171422,1,0,0,0,2,1,0,3,4,10,10,18,20,30,1,-1,-3,3,0,0,0,1,3,3,11,8
2019-09-29,F1,Nimes,St Etienne,0,0,1,22,6,8,4,967.644092745639,878.845821904936,2,0,0,3,2,0,0,3,8,1,11,9,22,22,-1,1,16,-16,4,-4,1,0,4,8,6,22
2019-09-29,F1,Marseille,Rennes,1,1,1,17,12,5,2,1099.06372698247,1105.31930319281,0,0,0,1,2,0,1,2,11,5,16,15,34,31,0,0,5,-5,3,-3,1,1,2,5,12,17
2019-10-04,F1,Amiens,Marseille,2,3,1,11,13,5,4,945.071851042577,1099.35177578721,0,0,1,0,0,5,3,1,5,9,8,17,8,34,2,-2,-2,2,1,-1,1,3,4,5,13,11
2019-10-05,F1,Paris SG,Angers,2,4,0,15,10,8,2,1281.33811841411,1057.99195432392,0,1,1,0,0,1,1,0,12,10,24,16,46,25,4,-4,5,-5,6,-6,0,4,2,8,10,15
2019-10-05,F1,Brest,Metz,2,2,0,7,12,3,4,882.45258875298,890.643690898391,0,1,0,0,4,1,2,0,3,4,9,9,18,17,2,-2,-5,5,-1,1,0,2,4,3,12,7
2019-10-05,F1,Dijon,Strasbourg,2,1,0,8,15,3,2,747.458224744412,1038.66489766154,0,0,0,2,2,0,6,3,5,7,8,13,11,22,1,-1,-7,7,1,-1,0,1,2,3,15,8
2019-10-05,F1,Montpellier,Monaco,2,3,1,17,14,10,4,1055.03072619746,1144.46704149356,3,0,0,0,3,2,0,4,7,8,15,13,27,35,2,-2,3,-3,6,-6,1,3,4,10,14,17
2019-10-05,F1,Nantes,Nice,2,1,0,14,6,5,2,1143.03737327918,1037.59929751546,3,0,0,2,4,0,0,2,12,7,19,16,33,36,1,-1,8,-8,3,-3,0,1,2,5,6,14
2019-10-05,F1,Toulouse,Bordeaux,0,1,3,15,10,4,4,940.689105675011,1002.78039929693,0,1,1,0,0,3,1,0,5,8,13,18,25,24,-2,2,5,-5,0,0,3,1,4,4,10,15
2019-10-06,F1,Lille,Nimes,1,2,2,18,14,7,4,1256.66878722673,927.639018264718,4,0,0,1,7,0,0,5,8,7,18,8,39,19,0,0,4,-4,3,-3,2,2,4,7,14,18
2019-10-06,F1,Rennes,Reims,0,0,1,18,13,3,7,1105.03125438808,1032.08559781788,0,1,0,0,1,1,2,0,3,7,15,11,32,23,-1,1,5,-5,-4,4,1,0,7,3,13,18
2019-10-06,F1,St Etienne,Lyon,2,1,0,6,6,4,2,918.850896385857,1159.85873090043,0,0,1,0,0,2,4,3,4,3,9,12,24,30,1,-1,0,0,2,-2,0,1,2,4,6,6
2019-10-18,F1,Nice,Paris SG,0,1,4,10,24,2,10,1015.02296619208,1309.27875674464,0,3,0,0,2,3,1,0,4,12,16,24,33,46,-3,3,-14,14,-8,8,4,1,10,2,24,10
2019-10-19,F1,Lyon,Dijon,1,0,0,24,6,10,1,1108.64789779414,801.37289169657,0,1,2,0,0,1,3,0,2,8,9,11,29,14,0,0,18,-18,9,-9,0,0,1,10,6,24
2019-10-19,F1,Angers,Brest,0,0,1,29,6,6,1,1030.0513159934,927.343997502731,0,0,0,1,5,0,1,6,7,6,16,11,24,21,-1,1,23,-23,5,-5,1,0,1,6,6,29
2019-10-19,F1,Metz,Nantes,2,1,0,10,9,2,2,845.75228214864,1165.61370460257,0,1,0,0,1,1,3,0,4,12,9,19,14,35,1,-1,1,-1,0,0,0,1,2,2,9,10
2019-10-19,F1,Nimes,Amiens,1,1,1,11,13,3,5,939.453941375638,1007.21803389843,0,0,1,0,0,2,1,1,5,8,9,11,19,11,0,0,-2,2,-2,2,1,1,5,3,13,11
2019-10-19,F1,Reims,Montpellier,2,1,0,12,9,5,0,1070.70713145256,1109.9351704179,0,0,1,1,0,0,2,4,7,10,14,17,25,29,1,-1,3,-3,5,-5,0,1,0,5,9,12
2019-10-19,F1,Toulouse,Lille,2,2,1,17,9,6,2,904.58702773423,1244.85386411581,0,0,2,0,0,2,2,4,2,9,12,18,22,39,1,-1,8,-8,4,-4,1,2,2,6,9,17
2019-10-20,F1,Bordeaux,St Etienne,0,0,1,12,6,6,3,1038.88247723771,970.061729492146,0,1,1,0,0,1,2,0,10,7,18,11,27,27,-1,1,6,-6,3,-3,1,0,3,6,6,12
2019-10-20,F1,Monaco,Rennes,2,3,2,14,10,5,3,1089.56259727313,1066.40972075339,2,0,0,0,2,1,0,3,7,3,10,15,32,32,1,-1,4,-4,2,-2,2,3,3,5,10,14
2019-10-20,F1,Marseille,Strasbourg,2,2,0,11,10,6,2,1037.20559293135,984.750230709379,0,0,0,3,3,0,2,4,6,6,14,10,34,21,2,-2,1,-1,4,-4,0,2,2,6,10,11
2019-10-25,F1,Nantes,Monaco,0,0,1,15,7,4,2,1110.37537620881,1119.43328955098,4,0,0,1,5,0,0,5,9,10,19,12,35,35,-1,1,8,-8,2,-2,1,0,2,4,7,15
2019-10-26,F1,Lille,Bordeaux,2,3,0,11,5,3,1,1188.76453241399,1000.62547315909,0,2,0,0,8,4,1,0,6,7,15,15,36,27,3,-3,6,-6,2,-2,0,3,1,3,5,11
2019-10-26,F1,Brest,Dijon,2,2,0,15,14,7,5,968.537438159535,812.710827916001,1,0,0,0,5,2,0,1,8,8,14,9,21,15,2,-2,1,-1,2,-2,0,2,5,7,14,15
2019-10-26,F1,Lyon,Metz,2,2,0,18,16,7,3,1097.30996157471,900.990610542401,0,0,0,1,1,0,4,1,2,7,10,11,27,17,2,-2,2,-2,4,-4,0,2,3,7,16,18
2019-10-26,F1,Montpellier,Angers,1,0,0,14,13,3,6,1074.33740970481,988.857875336593,4,0,0,1,4,0,0,1,7,7,14,16,28,21,0,0,1,-1,-3,3,0,0,6,3,13,14
2019-10-26,F1,Reims,Nimes,1,0,0,10,7,3,1,1106.30489216565,942.53561536473,1,0,0,0,1,1,0,6,10,5,17,10,25,20,0,0,3,-3,2,-2,0,0,1,3,7,10
2019-10-26,F1,Strasbourg,Nice,2,1,0,20,9,6,5,947.46432013266,998.089024797857,2,0,0,3,3,0,0,3,6,4,9,13,18,30,1,-1,11,-11,1,-1,0,1,5,6,9,20
2019-10-27,F1,Rennes,Toulouse,2,3,2,14,15,6,5,1036.53902847554,960.676359436048,0,0,1,0,0,1,3,5,2,4,12,12,32,25,1,-1,-1,1,1,-1,2,3,5,6,15,14
2019-10-27,F1,St Etienne,Amiens,1,2,2,15,11,1,5,1008.31873357077,1004.13635990934,1,0,0,0,1,3,0,2,9,8,14,12,30,12,0,0,4,-4,-4,4,2,2,5,1,11,15
2019-10-27,F1,Paris SG,Marseille,2,4,0,11,5,7,1,1326.21269813885,1074.49150350807,1,0,0,1,1,0,0,2,12,6,24,16,46,34,4,-4,6,-6,6,-6,0,4,1,7,5,11
2019-11-01,F1,Dijon,Paris SG,2,2,1,10,20,6,4,787.302766409888,1350.74340354321,1,4,0,0,3,4,0,0,8,12,9,24,15,49,1,-1,-10,10,2,-2,1,2,4,6,20,10
2019-11-02,F1,Marseille,Lille,2,2,1,11,6,1,2,1049.96079810372,1216.3505163831,1,0,0,1,4,0,0,5,5,8,16,15,31,38,1,-1,5,-5,-1,1,1,2,2,1,6,11
2019-11-02,F1,Amiens,Brest,2,1,0,6,14,2,3,1004.32895603134,993.945499665647,1,1,0,0,1,1,0,0,6,10,13,16,13,24,1,-1,-8,8,-1,1,0,1,3,2,14,6
2019-11-02,F1,Angers,Strasbourg,2,1,0,9,8,5,3,992.716804538584,984.094307162158,0,0,1,4,0,0,2,5,5,6,14,11,22,21,1,-1,1,-1,2,-2,0,1,3,5,8,9
2019-11-02,F1,Metz,Montpellier,1,2,2,11,12,4,4,879.575662039007,1070.47848050282,1,0,0,2,2,0,0,5,7,7,10,15,16,28,0,0,-1,1,0,0,2,2,4,4,12,11
2019-11-02,F1,Toulouse,Lyon,0,2,3,12,21,5,8,935.554604302324,1118.7249100781,1,0,0,1,1,0,0,4,4,5,11,10,25,29,-1,1,-9,9,-3,3,3,2,8,5,21,12
2019-11-03,F1,Bordeaux,Nantes,2,2,0,10,9,7,2,973.039489189976,1079.20945189719,0,0,2,1,0,0,3,1,6,9,15,19,24,32,2,-2,1,-1,5,-5,0,2,2,7,9,10
2019-11-03,F1,Nice,Reims,2,2,0,12,11,6,3,961.459037768359,1099.27605615026,0,2,1,0,0,2,2,0,1,10,10,15,29,25,2,-2,1,-1,3,-3,0,2,3,6,11,12
2019-11-03,F1,St Etienne,Monaco,2,1,0,12,11,5,2,1008.12613744876,1150.5992138626,0,1,0,0,2,1,1,0,10,12,12,15,28,37,1,-1,1,-1,3,-3,0,1,2,5,11,12
2019-11-08,F1,Nice,Bordeaux,1,1,1,10,10,5,4,1021.85516424947,1029.89704476263,1,0,0,1,1,0,0,1,4,6,10,17,29,27,0,0,0,0,1,-1,1,1,4,5,10,10
2019-11-09,F1,Brest,Paris SG,0,1,2,17,18,4,8,962.901566712023,1289.14749120404,2,0,0,1,6,0,0,1,9,12,15,24,23,46,-1,1,-1,1,-4,4,2,1,8,4,18,17
2019-11-09,F1,Lille,Metz,1,0,0,13,4,5,1,1170.09871724821,887.57753792043,1,0,0,2,9,0,0,2,5,5,15,8,38,17,0,0,9,-9,4,-4,0,0,1,5,4,13
2019-11-09,F1,Monaco,Dijon,2,1,0,18,15,7,3,1106.16617321801,848.898678749054,3,0,0,1,3,0,0,2,9,10,15,12,34,18,1,-1,3,-3,4,-4,0,1,3,7,15,18
2019-11-09,F1,Reims,Angers,1,0,0,9,13,2,2,1038.87992966915,1023.92280618558,0,0,0,0,2,1,1,2,7,5,14,17,22,24,0,0,-4,4,0,0,0,0,2,2,13,9
2019-11-09,F1,Strasbourg,Nimes,2,4,1,20,10,10,4,952.888305515167,949.56445138012,3,0,0,0,4,2,0,7,6,3,10,11,21,20,3,-3,10,-10,6,-6,1,4,4,10,10,20
2019-11-10,F1,Rennes,Amiens,2,3,1,22,13,11,6,1061.66078360927,1035.37288898497,1,0,0,0,1,4,0,3,4,9,12,13,32,16,2,-2,9,-9,5,-5,1,3,6,11,13,22
2019-11-10,F1,Montpellier,Toulouse,2,3,0,8,6,3,2,1062.47660462139,919.018375369984,0,0,0,1,5,0,1,6,5,4,15,8,26,22,3,-3,2,-2,1,-1,0,3,2,3,6,8
2019-11-10,F1,Nantes,St Etienne,0,2,3,9,11,6,4,1022.35189632453,1052.55917809336,0,2,1,0,0,2,1,0,6,13,18,14,31,31,-1,1,-2,2,2,-2,3,2,4,6,11,9
2019-11-10,F1,Marseille,Lyon,2,2,1,10,11,4,4,1096.21259723861,1135.26113901044,2,1,0,0,5,1,0,0,7,7,18,10,34,32,1,-1,-1,1,0,0,1,2,4,4,11,10
2019-11-22,F1,Paris SG,Lille,2,2,0,11,13,4,8,1297.6349265797,1159.35742910877,2,0,0,2,2,0,0,6,12,5,24,13,49,36,2,-2,-2,2,-4,4,0,2,8,4,13,11
2019-11-23,F1,Lyon,Nice,2,2,1,9,17,4,7,1099.67970256985,1022.22544040979,1,0,0,4,2,0,0,4,7,4,10,11,31,27,1,-1,-8,8,-3,3,1,2,7,4,17,9
2019-11-23,F1,Amiens,Strasbourg,0,0,4,5,17,0,9,994.827336316592,1006.89822237461,2,0,0,5,2,0,0,6,8,6,13,13,16,21,-4,4,-12,12,-9,9,4,0,9,0,17,5
2019-11-23,F1,Angers,Nimes,2,1,0,21,10,7,2,1024.61118197204,895.554534520678,1,0,0,1,1,0,0,8,5,3,15,11,24,17,1,-1,11,-11,5,-5,0,1,2,7,10,21
2019-11-23,F1,Brest,Nantes,1,1,1,13,11,4,4,954.414131336368,993.127100557726,0,0,1,2,0,0,1,2,9,3,12,15,23,31,0,0,2,-2,0,0,1,1,4,4,11,13
2019-11-23,F1,Dijon,Rennes,2,2,1,16,11,6,4,837.04051184042,1102.20633627764,2,0,0,1,4,0,0,4,7,7,12,12,18,32,1,-1,5,-5,2,-2,1,2,4,6,11,16
2019-11-23,F1,Metz,Reims,1,1,1,9,18,2,6,898.318826059866,1038.19155388268,0,0,0,1,3,0,1,1,5,8,9,15,18,22,0,0,-9,9,-4,4,1,1,6,2,18,9
2019-11-24,F1,Bordeaux,Monaco,2,2,1,17,11,6,3,1029.52676860231,1118.02434012664,1,0,0,1,1,0,0,1,7,9,15,17,28,34,1,-1,6,-6,3,-3,1,2,3,6,11,17
2019-11-24,F1,St Etienne,Montpellier,1,0,0,9,8,2,2,1081.78397386016,1095.68976386138,1,0,0,0,3,1,0,6,13,8,17,15,31,28,0,0,1,-1,0,0,0,0,2,2,8,9
2019-11-24,F1,Toulouse,Marseille,0,0,2,10,14,3,7,885.805216130001,1131.79403367921,0,0,1,2,0,0,1,3,3,9,8,18,22,34,-2,2,-4,4,-4,4,2,0,7,3,14,10
2019-11-29,F1,Marseille,Brest,2,2,1,34,4,10,1,1148.92354058471,956.189587798428,3,0,0,1,6,0,0,1,12,7,18,13,36,23,1,-1,30,-30,9,-9,1,2,1,10,4,34
2019-11-30,F1,Strasbourg,Lyon,0,1,2,9,8,2,4,1069.16104116242,1124.66177779261,4,0,0,1,5,0,0,1,9,10,15,12,24,31,-1,1,1,-1,-2,2,2,1,4,2,8,9
2019-11-30,F1,Lille,Dijon,2,1,0,19,8,5,0,1132.08815620072,889.615327898279,0,0,0,2,10,0,1,3,4,7,13,15,33,21,1,-1,11,-11,5,-5,0,1,0,5,8,19
2019-11-30,F1,Montpellier,Amiens,2,4,2,20,6,10,2,1095.04972029732,932.56451752878,1,0,0,1,6,0,0,4,6,5,16,13,28,16,2,-2,14,-14,8,-8,2,4,2,10,6,20
2019-11-30,F1,Nice,Angers,2,3,1,10,10,7,4,997.243365187028,1045.24274566218,0,0,0,0,2,2,1,3,4,8,8,15,26,27,2,-2,0,0,3,-3,1,3,4,7,10,10
2019-11-30,F1,Nimes,Metz,1,1,1,14,10,3,4,874.922970830545,904.433378527293,0,0,0,0,1,1,2,3,3,6,10,10,17,19,0,0,4,-4,-1,1,1,1,4,3,10,14
2019-11-30,F1,Reims,Bordeaux,1,1,1,19,5,6,1,1032.07700141525,1069.50587519797,0,0,0,0,3,1,2,2,6,7,13,17,22,31,0,0,14,-14,5,-5,1,1,1,6,5,19
2019-12-01,F1,Nantes,Toulouse,2,2,1,21,7,8,3,991.351644095667,868.675709224502,0,0,2,2,0,0,2,7,1,3,13,5,32,19,1,-1,14,-14,5,-5,1,2,3,8,7,21
2019-12-01,F1,Rennes,St Etienne,2,2,1,14,5,5,1,1049.63152021978,1082.42401742422,2,3,0,0,2,3,0,0,6,11,9,18,31,29,1,-1,9,-9,4,-4,1,2,1,5,5,14
2019-12-03,F1,Angers,Marseille,0,0,2,9,10,2,4,995.36430847499,1164.79365196324,2,1,0,0,2,1,0,0,8,12,15,18,27,36,-2,2,-1,1,-2,2,2,0,4,2,10,9
2019-12-03,F1,Bordeaux,Nimes,2,6,0,12,7,8,1,1067.78884906,876.278716585132,2,0,0,2,2,0,0,9,8,3,15,8,32,17,6,-6,5,-5,7,-7,0,6,1,8,7,12
2019-12-03,F1,Brest,Strasbourg,2,5,0,11,9,8,3,940.319476419893,1042.22980594696,0,1,0,0,1,1,2,0,4,9,12,15,22,23,5,-5,2,-2,5,-5,0,5,3,8,9,11
2019-12-03,F1,Lyon,Lille,0,0,1,11,8,3,2,1151.59301300807,1144.79124055725,2,0,0,3,3,0,0,7,12,7,14,13,31,35,-1,1,3,-3,1,-1,1,0,2,3,8,11
2019-12-04,F1,Dijon,Montpellier,1,2,2,18,18,2,6,876.91224354175,1119.7716103378,3,0,0,0,5,2,0,7,6,9,14,16,18,30,0,0,0,0,-4,4,2,2,6,2,18,18
2019-12-04,F1,Metz,Rennes,0,0,1,20,12,4,2,903.077632772706,1084.64288397679,0,0,0,2,4,0,2,5,4,9,11,12,19,31,-1,1,8,-8,2,-2,1,0,2,4,12,20
2019-12-04,F1,St Etienne,Nice,2,4,1,15,16,7,4,1047.41265366721,1047.12180237421,0,0,0,5,4,0,1,5,8,7,17,11,29,29,3,-3,-1,1,3,-3,1,4,4,7,16,15
2019-12-04,F1,Toulouse,Monaco,0,1,2,14,18,3,7,847.52731936122,1078.04523353098,0,0,2,2,0,0,2,2,0,9,4,16,19,31,-1,1,-4,4,-4,4,2,1,7,3,18,14
2019-12-04,F1,Paris SG,Nantes,2,2,0,10,11,6,4,1324.90419948774,1012.50003395895,3,0,0,0,3,1,0,3,12,4,24,13,49,35,2,-2,-1,1,2,-2,0,2,4,6,11,10
2019-12-06,F1,Lille,Brest,2,1,0,16,6,10,0,1177.41762693001,1035.40081251894,1,0,0,2,11,0,0,2,7,4,15,14,35,22,1,-1,10,-10,10,-10,0,1,0,10,6,16
2019-12-06,F1,Nimes,Lyon,0,0,4,6,22,2,8,834.853570977282,1118.96662663532,0,1,0,0,2,1,3,0,2,9,7,14,16,31,-4,4,-16,16,-6,6,4,0,8,2,22,6
2019-12-07,F1,Montpellier,Paris SG,0,1,3,6,14,1,5,1110.11183248903,1337.36440295907,2,1,0,0,7,1,0,0,9,12,16,24,31,49,-2,2,-8,8,-4,4,3,1,5,1,14,6
2019-12-07,F1,Monaco,Amiens,2,3,0,20,5,8,2,1091.46356133514,907.842627488305,4,0,0,2,4,0,0,5,9,4,19,12,31,16,3,-3,15,-15,6,-6,0,3,2,8,5,20
2019-12-07,F1,Nice,Metz,2,4,1,14,18,5,3,992.635857832018,886.427842170644,1,0,0,0,3,2,0,4,7,4,8,11,26,19,3,-3,-4,4,2,-2,1,4,3,5,18,14
2019-12-07,F1,Rennes,Angers,2,2,1,8,12,3,1,1101.29267457885,971.345891260813,3,0,0,1,3,0,0,4,12,7,14,12,31,27,1,-1,-4,4,2,-2,1,2,1,3,12,8
2019-12-07,F1,Strasbourg,Toulouse,2,4,2,18,14,7,9,947.148469847909,834.108991557057,0,0,1,3,0,0,1,8,6,0,12,4,23,18,2,-2,4,-4,-2,2,2,4,9,7,14,18
2019-12-08,F1,Reims,St Etienne,2,3,1,10,11,3,4,1033.79402755323,1101.89859820941,0,0,0,1,4,0,3,1,4,10,14,20,22,32,2,-2,-1,1,-1,1,1,3,4,3,11,10
2019-12-08,F1,Nantes,Dijon,2,1,0,17,5,6,1,1000.03983048763,886.572021390516,1,0,0,3,1,0,0,4,4,7,13,15,32,19,1,-1,12,-12,5,-5,0,1,1,6,5,17
2019-12-08,F1,Marseille,Bordeaux,2,3,1,25,3,6,2,1188.81206917742,1109.21399466785,4,0,0,0,7,2,0,3,15,11,20,17,36,35,2,-2,22,-22,4,-4,1,3,2,6,3,25
2019-12-13,F1,Lille,Montpellier,2,2,1,14,10,9,4,1197.02028403184,1091.44663804855,2,0,0,0,12,3,0,8,10,8,15,13,35,31,1,-1,4,-4,5,-5,1,2,4,9,10,14
2019-12-14,F1,Metz,Marseille,1,1,1,6,16,3,5,848.065530490685,1222.79401523619,0,2,1,0,0,2,3,0,3,15,8,22,16,38,0,0,-10,10,-2,2,1,1,5,3,16,6
2019-12-14,F1,Amiens,Dijon,1,1,1,6,10,2,5,879.717213111777,864.666433076555,0,0,1,4,0,0,1,5,3,4,9,14,16,19,0,0,-4,4,-3,3,1,1,5,2,10,6
2019-12-14,F1,Angers,Monaco,1,0,0,10,7,5,2,950.785899359485,1119.58897571167,0,1,1,0,0,1,1,0,4,9,9,21,27,31,0,0,3,-3,3,-3,0,0,2,5,7,10
2019-12-14,F1,Brest,Nice,1,0,0,16,15,4,7,1015.79815541711,1030.99816951198,1,0,0,6,2,0,0,6,4,7,13,11,22,29,0,0,1,-1,-3,3,0,0,7,4,15,16
2019-12-14,F1,Nimes,Nantes,0,0,1,16,10,4,5,813.815270780486,1021.94541880159,0,0,1,1,0,0,4,4,1,7,4,13,16,32,-1,1,6,-6,-1,1,1,0,5,4,10,16
2019-12-14,F1,Toulouse,Reims,0,0,1,9,10,5,4,804.037567392475,1086.14020277556,0,0,3,0,0,1,3,2,0,6,4,16,17,25,-1,1,-1,1,1,-1,1,0,4,5,10,9
2019-12-15,F1,Bordeaux,Strasbourg,0,0,1,13,7,3,4,1075.23204860908,977.219894012491,3,0,0,1,3,0,0,1,8,9,14,15,32,25,-1,1,6,-6,-1,1,1,0,4,3,7,13
2019-12-15,F1,Lyon,Rennes,0,0,1,10,12,3,6,1140.00492683211,1121.85266648018,0,1,1,0,0,1,1,0,9,12,16,16,31,31,-1,1,-2,2,-3,3,1,0,6,3,12,10
2019-12-15,F1,St Etienne,Paris SG,0,0,4,11,21,2,13,1049.55242298708,1356.02959739954,1,2,0,0,5,2,0,0,7,12,20,24,29,49,-4,4,-10,10,-11,11,4,0,13,2,21,11
2019-12-21,F1,Dijon,Metz,1,2,2,19,9,5,3,865.359113873052,860.748134159067,0,0,0,1,6,0,1,5,5,3,12,8,20,17,0,0,10,-10,2,-2,2,2,3,5,9,19
2019-12-21,F1,Marseille,Nimes,2,3,1,19,12,9,5,1210.1114115678,798.979139167947,5,0,0,3,8,0,0,10,13,1,22,4,39,15,2,-2,7,-7,4,-4,1,3,5,9,12,19
2019-12-21,F1,Monaco,Lille,2,5,1,15,9,6,4,1112.37425793241,1219.58521306666,5,1,0,0,5,1,0,0,10,12,19,17,32,35,4,-4,6,-6,2,-2,1,5,4,6,9,15
2019-12-21,F1,Montpellier,Brest,2,4,0,17,17,6,4,1068.88170901374,1016.49769568734,0,0,1,3,0,0,1,3,5,5,13,14,28,23,4,-4,0,0,2,-2,0,4,4,6,17,17
2019-12-21,F1,Nantes,Angers,0,1,2,9,13,1,7,1036.78155041413,958.000617138745,2,0,0,2,2,0,0,5,10,4,13,9,32,25,-1,1,-4,4,-6,6,2,1,7,1,13,9
2019-12-21,F1,Nice,Toulouse,2,3,0,15,8,5,0,1030.29862924175,793.498950808128,2,0,0,4,4,0,0,9,7,0,11,3,27,16,3,-3,7,-7,5,-5,0,3,0,5,8,15
2019-12-21,F1,Paris SG,Amiens,2,4,1,22,8,10,3,1374.89825878682,879.02453231528,4,0,0,3,4,0,0,6,15,1,27,10,49,17,3,-3,14,-14,7,-7,1,4,3,10,8,22
2019-12-21,F1,Reims,Lyon,1,1,1,12,15,3,4,1096.6788193599,1106.33456145012,1,2,0,0,5,2,0,0,9,9,16,16,27,28,0,0,-3,3,-1,1,1,1,4,3,15,12
2019-12-21,F1,Rennes,Bordeaux,2,1,0,12,13,5,2,1155.52303186217,1034.43687757553,4,0,0,1,4,0,0,4,12,7,19,14,34,32,1,-1,-1,1,3,-3,0,1,2,5,13,12
2019-12-21,F1,Strasbourg,St Etienne,2,2,1,5,6,3,1,1018.01506504604,1030.6837615998,1,0,0,2,1,0,0,2,9,4,15,17,28,26,1,-1,-1,1,2,-2,1,2,1,3,6,5
2020-01-10,F1,Rennes,Marseille,0,0,1,9,10,2,4,1176.80120799405,1217.63299558146,5,0,0,0,5,3,0,1,15,13,21,25,36,39,-1,1,-1,1,-2,2,1,0,4,2,10,9
2020-01-11,F1,Bordeaux,Lyon,0,1,2,5,22,2,6,1013.15870144365,1105.89001253963,0,0,1,0,0,3,1,1,4,7,11,17,29,26,-1,1,-17,17,-4,4,2,1,6,2,22,5
2020-01-11,F1,Amiens,Montpellier,0,1,2,7,11,3,4,873.086011902965,1123.73234876399,0,0,0,1,1,0,2,9,1,7,9,13,17,30,-1,1,-4,4,-1,1,2,1,4,3,11,7
2020-01-11,F1,Angers,Nice,1,1,1,16,8,9,2,997.134757944079,1052.51832438507,0,0,0,0,1,1,2,7,4,10,12,14,28,30,0,0,8,-8,7,-7,1,1,2,9,8,16
2020-01-11,F1,Metz,Strasbourg,2,1,0,9,14,4,3,860.960465156202,1051.18137826196,0,1,0,0,1,1,4,0,3,9,9,18,18,28,1,-1,-5,5,1,-1,0,1,3,4,14,9
2020-01-11,F1,Nimes,Reims,2,2,0,13,6,4,2,791.457555154295,1097.1233682704,0,1,2,0,0,2,5,0,1,9,4,17,12,28,2,-2,7,-7,2,-2,0,2,2,4,6,13
2020-01-11,F1,Toulouse,Brest,0,2,5,12,15,5,9,771.279255664809,961.647055937082,0,0,4,4,0,0,4,4,0,4,3,11,15,22,-3,3,-3,3,-4,4,5,2,9,5,15,12
2020-01-12,F1,St Etienne,Nantes,0,0,2,10,11,1,4,997.517448383887,997.647409608792,0,1,1,0,0,1,1,0,3,9,14,10,25,29,-2,2,-1,1,-3,3,2,0,4,1,11,10
2020-01-12,F1,Dijon,Lille,2,1,0,15,12,7,6,865.146782875917,1135.78669335377,0,0,0,1,7,0,2,1,3,12,10,16,21,34,1,-1,3,-3,1,-1,0,1,6,7,12,15
2020-01-12,F1,Paris SG,Monaco,1,3,3,13,16,6,6,1380.83677919914,1196.17277764529,5,0,0,0,5,2,0,1,15,10,27,19,51,32,0,0,-3,3,0,0,3,3,6,6,16,13
2020-01-15,F1,Amiens,Reims,1,1,1,6,6,3,1,860.855194884535,1022.28878344404,0,0,1,1,0,0,3,1,1,8,6,14,17,28,0,0,0,0,2,-2,1,1,1,3,6,6
2020-01-15,F1,Nimes,Rennes,0,0,1,6,8,1,2,866.292139980647,1148.54473559101,1,2,0,0,1,2,0,0,3,12,6,21,15,36,-1,1,-2,2,-1,1,1,0,2,1,8,6
2020-01-15,F1,Monaco,Paris SG,0,1,4,13,17,4,12,1203.95727733311,1373.05227951132,6,3,0,0,6,3,0,0,11,13,20,25,30,49,-3,3,-4,4,-8,8,4,1,12,4,17,13
2020-01-24,F1,Nice,Rennes,1,1,1,23,21,4,5,1049.98920277631,1159.07575503964,3,3,0,0,5,3,0,0,8,12,15,24,28,36,0,0,2,-2,-1,1,1,1,5,4,21,23
2020-01-25,F1,Marseille,Angers,1,0,0,9,4,2,0,1245.8894679845,999.663879552837,6,1,0,0,9,1,0,0,13,5,25,13,41,29,0,0,5,-5,2,-2,0,0,0,2,4,9
2020-01-25,F1,Brest,Amiens,2,2,1,10,8,3,3,988.969478784053,867.796970771563,0,0,0,4,3,0,1,7,7,2,11,6,25,18,1,-1,2,-2,0,0,1,2,3,3,8,10
2020-01-25,F1,Monaco,Strasbourg,0,1,3,12,11,3,7,1174.05155051753,1003.22476970196,0,0,1,1,0,0,1,1,8,9,17,18,29,27,-2,2,1,-1,-4,4,3,1,7,3,11,12
2020-01-25,F1,Montpellier,Dijon,2,2,1,16,6,5,2,1135.96316578242,918.014361349935,1,0,0,0,1,1,0,6,7,6,16,12,30,21,1,-1,10,-10,3,-3,1,2,2,5,6,16
2020-01-25,F1,Reims,Metz,0,0,1,16,7,2,4,1015.34700755702,908.917073716198,0,0,0,0,6,1,1,6,8,5,12,9,29,20,-1,1,9,-9,-2,2,1,0,4,2,7,16
2020-01-25,F1,St Etienne,Nimes,2,2,1,13,12,6,4,953.676235671314,855.761120532015,0,0,2,4,0,0,2,11,3,3,11,5,25,15,1,-1,1,-1,2,-2,1,2,4,6,12,13
2020-01-26,F1,Lyon,Toulouse,2,3,0,13,10,5,4,1129.54633413249,743.956832817838,0,0,2,5,0,0,2,10,7,0,19,0,29,12,3,-3,3,-3,1,-1,0,3,4,5,10,13
2020-01-26,F1,Nantes,Bordeaux,0,0,1,7,11,0,2,1041.48862232137,989.502379850794,0,0,1,2,0,0,1,5,9,3,13,11,32,26,-1,1,-4,4,-2,2,1,0,2,0,11,7
2020-01-26,F1,Lille,Paris SG,0,0,2,9,12,2,5,1082.91911487975,1402.9580063269,3,4,0,0,13,4,0,0,9,13,16,25,31,49,-2,2,-3,3,-3,3,2,0,5,2,12,9
2020-01-31,F1,Rennes,Nantes,2,3,2,13,8,9,5,1154.2109520913,1004.73592844457,0,2,1,0,0,2,1,0,10,9,22,13,34,32,1,-1,5,-5,4,-4,2,3,5,9,8,13
2020-02-01,F1,Paris SG,Montpellier,2,5,0,20,6,9,2,1414.95573604257,1150.16492104344,0,1,0,0,6,1,1,0,13,9,25,18,49,33,5,-5,14,-14,7,-7,0,5,2,9,6,20
2020-02-01,F1,Amiens,Toulouse,1,0,0,9,12,4,1,846.525854641528,733.268491282857,0,0,0,6,1,0,4,11,2,0,5,0,18,11,0,0,-3,3,3,-3,0,0,1,4,12,9
2020-02-01,F1,Angers,Reims,0,1,4,15,12,4,4,1009.42159722067,973.839978239145,0,0,0,0,2,1,3,2,6,5,13,11,27,26,-3,3,3,-3,0,0,4,1,4,4,12,15
2020-02-01,F1,Dijon,Brest,2,3,0,12,19,5,4,903.812606088917,1010.24059491409,1,1,0,0,8,1,0,0,5,7,12,11,21,27,3,-3,-7,7,1,-1,0,3,4,5,19,12
2020-02-01,F1,Nimes,Monaco,2,3,1,22,6,8,4,832.548028436402,1110.21468160863,0,0,1,0,0,3,1,2,3,5,4,14,15,29,2,-2,16,-16,4,-4,1,3,4,8,6,22
2020-02-01,F1,Strasbourg,Lille,0,1,2,13,9,3,4,1067.06163861086,1070.92138516408,2,0,0,2,2,0,0,2,12,6,18,13,29,28,-1,1,4,-4,-1,1,2,1,4,3,9,13
2020-02-02,F1,Nice,Lyon,2,2,1,12,14,7,7,1054.85400572465,1140.23467566747,0,1,0,0,6,4,1,0,9,10,16,19,26,29,1,-1,-2,2,0,0,1,2,7,7,14,12
2020-02-02,F1,Metz,St Etienne,2,3,1,10,17,6,7,950.42410303407,976.889327766927,1,0,0,3,2,0,0,3,8,3,12,13,22,25,2,-2,-7,7,-1,1,1,3,7,6,17,10
2020-02-02,F1,Bordeaux,Marseille,1,0,0,12,16,3,4,1026.25507372759,1236.13175031667,0,1,2,0,0,4,2,0,3,11,14,26,29,42,0,0,-4,4,-1,1,0,0,4,3,16,12
2020-02-04,F1,Lille,Rennes,2,1,0,14,11,3,4,1102.56590399285,1173.23468833516,0,0,1,0,0,4,1,1,6,10,16,22,31,34,1,-1,3,-3,-1,1,0,1,4,3,11,14
2020-02-04,F1,Monaco,Angers,2,1,0,6,16,3,4,1037.25389121553,949.324748355499,0,0,2,0,0,2,2,1,4,6,14,10,29,27,1,-1,-10,10,-1,1,0,1,4,3,16,6
2020-02-04,F1,Nantes,Paris SG,0,1,2,15,19,5,7,985.71219220072,1441.41705515068,0,5,2,0,0,5,2,0,6,13,13,28,31,52,-1,1,-4,4,-2,2,2,1,7,5,19,15
2020-02-05,F1,Brest,Bordeaux,1,1,1,17,13,3,5,939.508232281152,1034.89414461294,1,1,0,0,4,1,0,0,7,4,11,12,26,29,0,0,4,-4,-2,2,1,1,5,3,13,17
2020-02-05,F1,Lyon,Amiens,1,0,0,10,7,3,2,1100.52539392707,841.487377470329,1,0,0,5,1,0,0,8,7,2,16,3,26,16,0,0,3,-3,1,-1,0,0,2,3,7,10
2020-02-05,F1,Montpellier,Metz,1,1,1,12,18,7,8,1123.70360193533,997.616042695268,2,1,0,0,2,2,0,0,9,11,17,14,32,22,0,0,-6,6,-1,1,1,1,8,7,18,12
2020-02-05,F1,Nimes,Dijon,2,2,0,11,10,5,3,905.508818829499,974.544968721852,1,0,0,1,1,0,0,7,6,8,7,12,18,24,2,-2,1,-1,2,-2,0,2,3,5,10,11
2020-02-05,F1,Reims,Nice,1,1,1,15,5,4,4,1033.93682710431,1094.56328746505,0,0,1,0,0,2,2,8,5,9,14,16,28,26,0,0,10,-10,0,0,1,1,4,4,5,15
2020-02-05,F1,Toulouse,Strasbourg,0,0,1,12,15,1,6,738.306968454056,1035.41711978209,0,1,5,0,0,1,5,0,1,9,1,18,9,28,-1,1,-3,3,-5,5,1,0,6,1,15,12
2020-02-05,F1,St Etienne,Marseille,0,0,2,11,5,3,3,929.697388105729,1227.49267943132,1,0,0,0,1,5,0,1,3,9,10,24,24,42,-2,2,6,-6,0,0,2,0,3,3,5,11
2020-02-07,F1,Angers,Lille,0,0,2,9,12,1,4,925.254735811338,1140.98643933512,0,1,1,0,0,1,4,0,5,6,9,18,24,31,-2,2,-3,3,-3,3,2,0,4,1,12,9
2020-02-08,F1,Marseille,Toulouse,2,1,0,12,10,3,3,1240.87921801265,728.507009874454,0,0,0,0,10,1,1,12,11,1,24,1,42,9,1,-1,2,-2,0,0,0,1,3,3,10,12
2020-02-08,F1,Amiens,Monaco,0,1,2,8,12,1,6,851.607368569714,1061.32390375969,0,0,0,1,2,0,5,3,3,4,4,14,17,31,-1,1,-4,4,-5,5,2,1,6,1,12,8
2020-02-08,F1,Dijon,Nantes,1,3,3,17,8,4,2,922.085662251005,981.382136574157,2,0,0,1,9,0,0,1,7,3,12,13,24,28,0,0,9,-9,2,-2,3,3,2,4,8,17
2020-02-08,F1,Metz,Bordeaux,0,1,2,11,15,4,5,1003.18042558272,1030.60859637944,2,0,0,0,3,2,0,1,11,5,14,12,23,27,-1,1,-4,4,-1,1,2,1,5,4,15,11
2020-02-08,F1,Nice,Nimes,0,1,3,6,10,3,5,1091.79933240849,957.968125300346,1,0,0,5,7,0,0,12,9,9,16,10,27,20,-2,2,-4,4,-2,2,3,1,5,3,10,6
2020-02-08,F1,Rennes,Brest,1,0,0,17,8,2,3,1134.81415299289,943.793780514649,1,0,0,1,1,0,0,1,7,7,22,12,31,24,0,0,9,-9,-1,1,0,0,3,2,8,17
2020-02-09,F1,Montpellier,St Etienne,2,1,0,8,17,3,5,1118.13921904788,916.310849524393,0,0,0,4,3,0,1,4,10,3,15,7,30,24,1,-1,-9,9,-2,2,0,1,5,3,17,8
2020-02-09,F1,Strasbourg,Reims,2,3,0,12,5,5,0,1045.2170783617,1036.70078216087,0,1,1,0,0,2,1,0,9,5,18,14,31,29,3,-3,7,-7,5,-5,0,3,0,5,5,12
2020-02-09,F1,Paris SG,Lyon,2,4,2,16,7,5,2,1445.74711077724,1090.40540282768,1,0,0,1,7,0,0,1,13,8,28,17,52,27,2,-2,9,-9,3,-3,2,4,2,5,7,16
2020-02-14,F1,Monaco,Montpellier,2,1,0,16,13,2,2,1076.05621410838,1133.39279953268,1,0,0,1,1,0,0,1,6,10,17,17,33,33,1,-1,3,-3,0,0,0,1,2,2,13,16
2020-02-15,F1,Amiens,Paris SG,1,4,4,11,15,5,10,836.87505822102,1455.79109526663,0,6,1,0,0,6,6,0,3,15,4,28,17,52,0,0,-4,4,-5,5,4,4,10,5,15,11
2020-02-15,F1,Bordeaux,Dijon,1,2,2,11,6,2,3,1060.08760347202,924.790157899767,0,0,0,2,1,0,3,8,8,7,12,10,29,25,0,0,5,-5,-1,1,2,2,3,2,6,11
2020-02-15,F1,Nantes,Metz,1,0,0,18,7,7,2,978.677640925395,973.701418490144,0,0,3,0,0,3,3,1,4,10,13,13,26,23,0,0,11,-11,5,-5,0,0,2,7,7,18
2020-02-15,F1,Nimes,Angers,2,1,0,11,10,2,0,1017.930804036,905.596534996147,2,0,0,1,2,0,0,2,9,2,12,6,20,21,1,-1,1,-1,2,-2,0,1,0,2,10,11
2020-02-15,F1,Toulouse,Nice,0,0,2,19,14,5,4,725.322213676368,1031.83665367284,0,0,6,0,0,3,6,9,1,6,1,16,6,24,-2,2,5,-5,1,-1,2,0,4,5,14,19
2020-02-16,F1,Lyon,Strasbourg,1,1,1,5,7,2,1,1080.3614183383,1098.41226955378,0,2,0,0,2,2,1,0,7,9,14,18,26,33,0,0,-2,2,1,-1,1,1,1,2,7,5
2020-02-16,F1,Brest,St Etienne,2,3,2,10,11,3,4,951.799715246148,901.05726903959,0,0,0,5,5,0,1,5,8,3,12,6,25,24,1,-1,-1,1,-1,1,2,3,4,3,11,10
2020-02-16,F1,Reims,Rennes,2,1,0,11,4,3,2,983.505590968784,1126.80821826139,0,0,0,1,1,0,3,2,5,8,13,20,26,32,1,-1,7,-7,1,-1,0,1,2,3,4,11
2020-02-16,F1,Lille,Marseille,0,1,2,13,5,3,2,1160.64464015031,1244.06401421074,1,1,0,0,1,6,0,0,9,11,21,24,34,42,-1,1,8,-8,1,-1,2,1,2,3,5,13
2020-02-21,F1,Nice,Brest,1,2,2,19,9,6,3,1044.66371435374,979.159111361365,0,0,1,0,0,1,1,2,8,8,16,15,27,27,0,0,10,-10,3,-3,2,2,3,6,9,19
2020-02-21,F1,Metz,Lyon,0,0,2,7,12,0,6,973.930566333183,1081.1919436198,0,0,1,2,0,0,1,2,8,5,13,12,24,26,-2,2,-5,5,-6,6,2,0,6,0,12,7
2020-02-22,F1,Marseille,Nantes,0,1,3,16,8,5,4,1268.52511993591,978.448493082356,1,0,0,0,11,1,0,2,11,2,24,11,42,24,-2,2,8,-8,1,-1,3,1,4,5,8,16
2020-02-22,F1,Angers,Montpellier,2,1,0,12,10,8,2,883.596836282456,1096.15932866571,0,0,2,2,0,0,5,2,1,7,6,14,21,30,1,-1,2,-2,6,-6,0,1,2,8,10,12
2020-02-22,F1,Dijon,Monaco,1,1,1,12,17,2,6,930.723883067165,1113.28968497536,0,1,0,0,10,1,1,0,5,9,11,17,25,36,0,0,-5,5,-4,4,1,1,6,2,17,12
2020-02-22,F1,Lille,Toulouse,2,3,0,18,7,9,1,1136.18353442514,712.495152995469,0,0,1,1,0,0,1,13,9,1,18,1,31,5,3,-3,11,-11,8,-8,0,3,1,9,7,18
2020-02-22,F1,Strasbourg,Amiens,1,0,0,15,3,3,1,1097.58174427228,851.992558435323,1,0,0,0,1,1,0,9,10,3,19,5,34,17,0,0,12,-12,2,-2,0,0,1,3,3,15
2020-02-23,F1,St Etienne,Reims,1,1,1,7,12,4,2,873.697872924373,1028.00344199904,0,0,1,1,0,0,1,1,3,7,6,15,23,29,0,0,-5,5,2,-2,1,1,2,4,12,7
2020-02-23,F1,Rennes,Nimes,2,2,1,26,9,8,2,1082.31036723113,1039.93050274969,0,1,0,0,2,1,1,0,5,12,17,15,31,22,1,-1,17,-17,6,-6,1,2,2,8,9,26
2020-02-23,F1,Paris SG,Bordeaux,2,4,3,23,12,9,7,1440.67359505233,1054.15387830463,2,1,0,0,8,3,0,0,13,9,26,12,50,27,1,-1,11,-11,2,-2,3,4,7,9,12,23
2020-02-28,F1,Nimes,Marseille,0,2,3,16,13,6,4,1011.81458797317,1194.70825837221,3,2,0,0,3,7,0,0,12,10,15,21,19,41,-1,1,3,-3,2,-2,3,2,4,6,13,16
2020-02-29,F1,Paris SG,Dijon,2,4,0,23,9,11,3,1446.91545354341,938.434413167285,3,0,0,0,9,1,0,9,13,6,26,11,50,26,4,-4,14,-14,8,-8,0,4,3,11,9,23
2020-02-29,F1,Amiens,Metz,0,0,1,12,13,5,6,861.731848308031,943.198435719617,0,0,0,0,1,4,7,2,4,5,6,13,15,24,-1,1,-1,1,-1,1,1,0,6,5,13,12
2020-02-29,F1,Brest,Angers,0,0,1,16,6,4,2,982.140467790478,933.049500513818,1,0,0,2,6,0,0,3,6,3,13,9,27,21,-1,1,10,-10,2,-2,1,0,2,4,6,16
2020-02-29,F1,Monaco,Reims,1,1,1,19,16,7,8,1105.57915487524,1021.33048899662,2,0,0,0,2,1,0,2,10,8,15,13,36,29,0,0,3,-3,-1,1,1,1,8,7,16,19
2020-02-29,F1,Montpellier,Strasbourg,2,3,0,23,15,11,7,1046.70666443434,1087.84245439958,1,0,0,0,4,3,0,1,4,8,13,20,29,32,3,-3,8,-8,4,-4,0,3,7,11,15,23
2020-02-29,F1,Toulouse,Rennes,0,0,2,15,11,2,4,703.742761533464,1110.42628200765,0,0,7,2,0,0,7,3,1,7,1,17,5,33,-2,2,4,-4,-2,2,2,0,4,2,11,15
2020-03-01,F1,Nantes,Lille,0,0,1,6,15,3,5,1052.26535464606,1144.93592588714,0,2,0,0,1,2,4,0,5,12,14,18,27,33,-1,1,-9,9,-2,2,1,0,5,3,15,6
2020-03-01,F1,Bordeaux,Nice,1,1,1,12,9,4,4,1047.91201981355,1041.68235792462,0,1,0,0,2,4,4,0,6,8,9,17,26,25,0,0,3,-3,0,0,1,1,4,4,9,12
2020-03-01,F1,Lyon,St Etienne,2,2,0,16,8,9,4,1111.92407423336,880.370825926797,0,0,0,6,3,0,2,6,5,1,15,4,29,24,2,-2,8,-8,5,-5,0,2,4,9,8,16
2020-03-06,F1,Marseille,Amiens,1,2,2,13,12,6,3,1211.26402391428,837.100643489298,0,0,1,0,0,2,1,10,12,3,21,5,43,15,0,0,1,-1,3,-3,2,2,3,6,12,13
2020-03-07,F1,Angers,Nantes,2,2,0,7,15,3,4,969.541094853017,1028.60381880169,1,1,0,0,1,2,0,0,6,5,12,11,21,24,2,-2,-8,8,-1,1,0,2,4,3,15,7
2020-03-07,F1,Dijon,Toulouse,2,2,1,15,6,3,2,931.87674013103,696.043195547726,0,0,0,2,11,0,2,14,3,0,11,1,25,5,1,-1,9,-9,1,-1,1,2,2,3,6,15
2020-03-07,F1,Metz,Nimes,2,2,1,14,16,5,7,967.82964053835,995.258822431105,0,0,2,1,0,0,2,1,5,9,16,15,24,19,1,-1,-2,2,-2,2,1,2,7,5,16,14
2020-03-07,F1,Nice,Monaco,2,2,1,12,14,5,4,1041.96921371594,1101.77365744964,0,0,0,0,1,2,2,1,6,11,15,15,26,34,1,-1,-2,2,1,-1,1,2,4,5,14,12
2020-03-07,F1,Reims,Brest,2,1,0,12,12,3,4,1025.13598642222,945.648873451279,1,0,0,0,2,2,0,3,6,6,11,13,27,26,1,-1,0,0,-1,1,0,1,4,3,12,12
2020-03-08,F1,St Etienne,Bordeaux,1,1,1,11,9,4,2,862.066804236395,1047.62516402223,0,0,0,1,1,0,2,1,1,6,4,10,24,24,0,0,2,-2,2,-2,1,1,2,4,9,11
2020-03-08,F1,Rennes,Montpellier,2,5,0,16,11,9,1,1118.12584799338,1107.66470770884,1,0,0,3,3,0,0,3,7,7,17,16,36,29,5,-5,5,-5,8,-8,0,5,1,9,11,16
2020-03-08,F1,Lille,Lyon,2,1,0,13,9,3,2,1168.5974617315,1130.22809592376,1,1,0,0,1,1,0,0,12,8,18,15,33,31,1,-1,4,-4,1,-1,0,1,2,3,9,13
2018-08-10,F1,Marseille,Toulouse,2,4,0,23,5,10,1,1198.59110548124,682.946490819389,0,0,0,3,1,0,2,15,10,0,21,1,43,4,4,-4,18,-18,9,-9,0,4,1,10,5,23
2018-08-11,F1,Angers,Nimes,0,3,4,21,14,7,5,1020.78334188277,960.737736976298,2,0,0,2,2,0,0,2,9,6,14,15,23,19,-1,1,7,-7,2,-2,4,3,5,7,14,21
2018-08-11,F1,Lille,Rennes,2,3,1,15,8,6,2,1197.07780958714,1189.88131567189,2,1,0,0,2,1,0,0,12,10,18,17,35,38,2,-2,7,-7,4,-4,1,3,2,6,8,15
2018-08-11,F1,Montpellier,Dijon,0,1,2,16,9,7,4,1035.90924003034,944.973444859367,2,0,0,1,5,0,0,10,6,6,16,13,29,25,-1,1,7,-7,3,-3,2,1,4,7,9,16
2018-08-11,F1,Nantes,Monaco,0,1,3,16,11,4,6,977.361571771944,1064.31922843855,0,0,1,1,0,0,5,2,5,8,8,12,21,31,-2,2,5,-5,-2,2,3,1,6,4,11,16
2018-08-11,F1,Nice,Reims,0,0,1,19,5,1,3,1079.42364272703,1049.94006490993,1,0,0,0,2,2,0,3,8,8,17,13,28,30,-1,1,14,-14,-2,2,1,0,3,1,5,19
2018-08-11,F1,St Etienne,Guingamp,2,2,1,11,11,6,5,869.882701833499,1000,0,0,0,0,2,0,3,0,2,0,5,0,22,0,1,-1,0,0,1,-1,1,2,5,6,11,11
2018-08-12,F1,Bordeaux,Strasbourg,0,0,2,5,17,2,6,1039.80926642512,1026.88441112508,0,0,0,1,3,0,5,2,6,8,11,17,25,32,-2,2,-12,12,-4,4,2,0,6,2,17,5
2018-08-12,F1,Lyon,Amiens,2,2,0,15,10,7,1,1101.74774806812,849.77356192234,1,0,0,0,4,3,0,11,7,3,15,6,31,15,2,-2,5,-5,6,-6,0,2,1,7,10,15
2018-08-12,F1,Paris SG,Caen,2,3,0,11,5,8,1,1453.47312657966,1000,4,0,0,0,10,0,0,0,13,0,26,0,53,0,3,-3,6,-6,7,-7,0,3,1,8,5,11
2018-08-17,F1,Reims,Lyon,2,1,0,7,19,2,5,1084.64910302216,1118.40730134132,2,0,0,1,3,0,0,1,11,10,16,17,30,34,1,-1,-12,12,-3,3,0,1,5,2,19,7
2018-08-18,F1,Amiens,Montpellier,0,1,2,11,7,2,3,833.114008649139,995.719898397866,0,0,1,4,0,0,8,4,3,3,6,13,12,26,-1,1,4,-4,-1,1,2,1,3,2,7,11
2018-08-18,F1,Caen,Nice,1,1,1,13,16,4,5,992.532223918566,1044.7146046148,0,0,0,0,0,5,0,1,0,8,0,14,0,28,0,0,-3,3,-1,1,1,1,5,4,16,13
2018-08-18,F1,Dijon,Nantes,2,2,0,14,7,7,0,985.162786491838,944.257220998906,1,0,0,1,12,0,0,1,8,4,15,8,25,18,2,-2,7,-7,7,-7,0,2,0,7,7,14
2018-08-18,F1,Guingamp,Paris SG,0,1,3,11,17,3,7,956.54629650715,1460.94090266109,0,0,0,0,0,7,0,1,0,13,0,26,0,53,-2,2,-6,6,-4,4,3,1,7,3,17,11
2018-08-18,F1,Monaco,Lille,1,0,0,10,13,1,4,1097.42357921159,1240.02712701074,0,3,0,0,3,3,1,0,8,12,14,21,34,37,0,0,-3,3,-3,3,0,0,4,1,13,10
2018-08-18,F1,Rennes,Angers,2,1,0,5,7,2,0,1146.93199824828,983.307348991342,2,1,0,0,4,1,0,0,9,9,17,11,38,23,1,-1,-2,2,2,-2,0,1,0,2,7,5
2018-08-19,F1,Nimes,Marseille,2,3,1,14,10,7,5,998.213729867724,1204.89680946382,0,3,1,0,0,8,1,0,6,10,15,21,21,46,2,-2,4,-4,2,-2,1,3,5,7,10,14
2018-08-19,F1,Strasbourg,St Etienne,1,1,1,11,9,5,2,1072.37281208346,913.33640532635,0,0,0,7,2,0,1,7,8,5,17,8,32,22,0,0,2,-2,3,-3,1,1,2,5,9,11
2018-08-19,F1,Toulouse,Bordeaux,2,2,1,13,15,5,8,676.640786836809,994.320865466744,0,0,8,0,0,1,8,2,0,3,1,11,4,22,1,-1,-2,2,-3,3,1,2,8,5,15,13
2018-08-24,F1,Lyon,Strasbourg,2,2,0,22,9,10,1,1083.30780417543,1065.52091802059,2,1,0,0,5,1,0,0,9,6,14,15,33,33,2,-2,13,-13,9,-9,0,2,1,10,9,22
2018-08-25,F1,Amiens,Reims,2,4,1,14,7,8,3,815.085080575385,1119.74860018806,0,1,2,0,0,3,9,0,2,11,5,18,11,30,3,-3,7,-7,5,-5,1,4,3,8,7,14
2018-08-25,F1,Montpellier,St Etienne,1,0,0,14,9,1,2,1013.74882647162,920.188299389218,0,0,1,0,0,1,1,8,6,6,13,9,29,20,0,0,5,-5,-1,1,0,0,2,1,9,14
2018-08-25,F1,Nantes,Caen,1,1,1,16,3,3,2,905.539482306159,994.917403369452,0,0,2,1,0,0,6,1,3,1,5,1,18,1,0,0,13,-13,1,-1,1,1,2,3,3,16
2018-08-25,F1,Nice,Dijon,0,0,4,16,9,3,5,1042.32942516392,1023.88052518459,0,1,1,0,0,1,1,0,6,10,14,15,29,27,-4,4,7,-7,-2,2,4,0,5,3,9,16
2018-08-25,F1,Paris SG,Angers,2,3,1,13,11,5,6,1465.50028797136,965.354269080204,5,0,0,1,11,0,0,1,13,9,28,10,53,23,2,-2,2,-2,-1,1,1,3,6,5,11,13
2018-08-25,F1,Toulouse,Nimes,2,1,0,10,9,5,0,731.783724483267,1065.46489204679,1,1,0,0,1,1,0,0,3,6,4,18,4,23,1,-1,1,-1,5,-5,0,1,0,5,9,10
2018-08-26,F1,Bordeaux,Monaco,2,2,1,14,15,6,5,939.177927820285,1103.64520020119,0,1,1,0,0,1,6,0,2,6,11,15,22,32,1,-1,-1,1,1,-1,1,2,5,6,15,14
2018-08-26,F1,Lille,Guingamp,2,3,0,13,13,7,4,1233.80550602115,951.986911196881,3,0,0,1,3,0,0,1,13,0,22,0,38,0,3,-3,0,0,3,-3,0,3,4,7,13,13
2018-08-26,F1,Marseille,Rennes,1,2,2,8,7,3,2,1137.64564728475,1164.88507815942,1,0,0,1,2,0,0,1,7,12,18,17,43,41,0,0,1,-1,1,-1,2,2,2,3,7,8
2018-08-31,F1,Lyon,Nice,0,0,1,29,8,9,1,1124.92210087532,974.404591942118,3,0,0,0,6,6,0,2,9,5,14,13,33,29,-1,1,21,-21,8,-8,1,0,1,9,8,29
2018-09-01,F1,Angers,Lille,2,1,0,6,17,3,4,960.688006014825,1251.78903496944,0,0,1,0,0,4,1,1,6,13,9,25,22,38,1,-1,-11,11,-1,1,0,1,4,3,17,6
2018-09-01,F1,Dijon,Caen,0,0,2,15,9,2,4,1091.80535840638,990.889853196921,2,0,0,0,13,1,0,2,12,2,18,2,30,2,-2,2,6,-6,-2,2,2,0,4,2,9,15
2018-09-01,F1,Guingamp,Toulouse,0,1,2,23,5,5,4,934.003382248584,787.606457518679,0,0,1,4,0,0,1,16,0,6,0,7,0,7,-1,1,18,-18,1,-1,2,1,4,5,5,23
2018-09-01,F1,Nimes,Paris SG,0,2,4,14,7,6,5,1009.64215901138,1470.16655103674,1,1,0,0,1,8,0,0,6,15,18,28,22,53,-2,2,7,-7,1,-1,4,2,5,6,7,14
2018-09-01,F1,Reims,Montpellier,0,0,1,21,9,6,3,1026.77992361796,1009.5414188049,3,1,0,0,4,1,0,0,10,7,18,11,29,29,-1,1,12,-12,3,-3,1,0,3,6,9,21
2018-09-01,F1,Strasbourg,Nantes,0,2,3,10,14,5,5,1023.9066213207,909.56703247869,0,0,0,2,3,0,2,2,5,1,15,6,33,19,-1,1,-4,4,0,0,3,2,5,5,14,10
2018-09-02,F1,Monaco,Marseille,0,2,3,8,15,4,5,1057.53569288834,1138.89750552019,0,0,0,1,4,0,2,1,5,8,15,18,29,44,-1,1,-7,7,-1,1,3,2,5,4,15,8
2018-09-02,F1,Rennes,Bordeaux,2,2,0,16,8,8,1,1163.63321992398,985.287435133138,3,0,0,1,5,0,0,3,10,5,17,11,39,25,2,-2,8,-8,7,-7,0,2,1,8,8,16
2018-09-02,F1,St Etienne,Amiens,1,0,0,19,9,5,2,924.395707055942,908.053757145485,1,0,0,1,3,0,0,12,6,4,7,8,20,13,0,0,10,-10,3,-3,0,0,2,5,9,19
2018-09-14,F1,Nice,Rennes,2,2,1,13,10,4,3,1019.46098575452,1186.76687321718,0,0,2,0,0,1,2,2,7,10,13,17,29,39,1,-1,3,-3,1,-1,1,2,3,4,10,13
2018-09-14,F1,Paris SG,St Etienne,2,4,0,16,11,9,2,1475.94943455881,923.643686953094,6,0,0,0,12,2,0,9,15,7,28,8,53,18,4,-4,5,-5,7,-7,0,4,2,9,11,16
2018-09-15,F1,Amiens,Lille,0,2,3,8,18,4,9,908.805777248333,1197.87953584479,1,0,0,1,1,0,0,2,5,10,8,22,11,38,-1,1,-10,10,-5,5,3,2,9,4,18,8
2018-09-15,F1,Caen,Lyon,1,2,2,18,17,4,6,1047.13972451657,1079.86570706292,0,0,0,2,1,0,1,2,5,6,5,14,5,30,0,0,1,-1,-2,2,2,2,6,4,17,18
2018-09-15,F1,Dijon,Angers,0,1,3,11,13,3,6,1035.55548708674,1014.59750513948,0,0,1,2,0,0,1,2,12,6,15,12,27,22,-2,2,-2,2,-3,3,3,1,6,3,13,11
2018-09-15,F1,Montpellier,Strasbourg,1,1,1,10,7,3,1,1043.12784217432,981.73996304781,0,0,0,1,1,0,2,1,7,4,14,12,31,30,0,0,3,-3,2,-2,1,1,1,3,7,10
2018-09-15,F1,Toulouse,Monaco,1,1,1,13,12,6,2,832.344988458303,1032.89534903322,2,0,0,1,2,0,0,1,9,4,9,15,10,29,0,0,1,-1,4,-4,1,1,2,6,12,13
2018-09-16,F1,Bordeaux,Nimes,1,3,3,15,14,4,5,962.153781839936,1003.85927548932,1,0,0,1,1,0,0,1,4,6,10,15,22,22,0,0,1,-1,-1,1,3,3,5,4,14,15
2018-09-16,F1,Marseille,Guingamp,2,4,0,17,2,6,0,1163.53784937531,889.264851308959,0,0,0,2,3,0,1,2,8,0,20,0,44,0,4,-4,15,-15,6,-6,0,4,0,6,2,17
2018-09-16,F1,Nantes,Reims,1,0,0,12,7,6,0,951.733690751579,993.193500248529,0,0,0,1,1,0,7,1,4,9,9,15,22,29,0,0,5,-5,6,-6,0,0,0,6,7,12
2018-09-21,F1,Monaco,Nimes,1,1,1,15,9,4,2,1024.56495753453,1001.94783844155,0,0,1,0,0,1,3,2,5,7,13,13,27,23,0,0,6,-6,2,-2,1,1,2,4,9,15
2018-09-22,F1,Angers,Toulouse,1,0,0,16,7,4,0,1061.09749474996,840.675379956999,1,1,0,0,1,1,0,0,6,10,15,10,24,11,0,0,9,-9,4,-4,0,0,0,4,7,16
2018-09-22,F1,Lille,Nantes,2,2,1,11,11,8,4,1208.06962287409,953.633974159725,4,1,0,0,4,1,0,0,10,5,22,10,40,23,1,-1,0,0,4,-4,1,2,4,8,11,11
2018-09-22,F1,Montpellier,Nice,2,1,0,12,9,5,2,1040.32988180041,1065.78035017573,0,1,0,0,2,7,3,0,8,7,14,15,29,31,1,-1,3,-3,3,-3,0,1,2,5,9,12
2018-09-22,F1,Reims,Dijon,1,0,0,11,6,2,0,991.293216840382,989.055497476259,0,2,1,0,0,2,1,0,7,9,15,15,29,27,0,0,5,-5,2,-2,0,0,0,2,6,11
2018-09-22,F1,St Etienne,Caen,2,2,1,23,9,7,2,918.489758151654,1048.64237035344,0,1,0,0,4,2,1,0,6,6,8,6,15,6,1,-1,14,-14,5,-5,1,2,2,7,9,23
2018-09-22,F1,Strasbourg,Amiens,2,3,1,13,8,6,3,984.537923421727,898.615690219032,0,0,1,0,0,1,3,13,5,4,13,7,31,11,2,-2,5,-5,3,-3,1,3,3,6,8,13
2018-09-23,F1,Guingamp,Bordeaux,0,1,3,18,11,5,6,867.210073398612,964.065218887702,0,0,2,2,0,0,2,4,0,4,0,10,0,22,-2,2,7,-7,-1,1,3,1,6,5,11,18
2018-09-23,F1,Lyon,Marseille,2,4,2,17,9,5,3,1078.36306122605,1185.59262728565,0,1,1,0,0,1,1,0,7,10,14,20,31,44,2,-2,8,-8,2,-2,2,4,3,5,9,17
2018-09-23,F1,Rennes,Paris SG,0,1,3,14,15,4,6,1140.44750879597,1481.10336336025,4,2,0,0,6,9,0,0,7,15,17,28,39,56,-2,2,-1,1,-2,2,3,1,6,4,15,14
2018-09-25,F1,Monaco,Angers,0,0,1,7,6,0,3,1023.52486947363,1052.12001914441,0,1,0,0,1,1,4,0,3,7,11,16,28,22,-1,1,1,-1,-3,3,1,0,3,0,6,7
2018-09-25,F1,Nantes,Nice,0,1,2,10,12,3,5,941.617510023397,1031.44045912656,0,0,0,1,2,0,8,1,5,7,9,15,22,31,-1,1,-2,2,-2,2,2,1,5,3,12,10
2018-09-25,F1,Toulouse,St Etienne,0,2,3,20,14,6,8,849.652855562547,961.946297392389,0,0,0,1,3,0,1,10,11,6,11,11,12,17,-1,1,6,-6,-2,2,3,2,8,6,14,20
2018-09-26,F1,Amiens,Rennes,2,2,1,12,15,3,2,865.388403433185,1129.62679813771,0,0,1,1,0,0,1,3,4,7,7,16,11,36,1,-1,-3,3,1,-1,1,2,2,3,15,12
2018-09-26,F1,Bordeaux,Lille,2,1,0,7,15,3,6,996.003752432763,1220.08608701042,0,1,0,0,2,1,1,0,7,10,10,22,22,43,1,-1,-8,8,-3,3,0,1,6,3,15,7
2018-09-26,F1,Caen,Montpellier,1,2,2,11,16,3,6,1005.18583111271,1074.66977284958,0,2,0,0,2,2,2,0,6,11,6,14,6,31,0,0,-5,5,-3,3,2,2,6,3,16,11
2018-09-26,F1,Dijon,Lyon,0,0,3,30,16,6,5,989.158546836358,1135.34251061648,0,0,2,0,0,1,2,3,7,7,15,17,25,31,-3,3,14,-14,1,-1,3,0,5,6,16,30
2018-09-26,F1,Marseille,Strasbourg,2,3,2,13,9,5,5,1128.61317789522,1017.76521020757,1,0,0,0,4,1,0,2,7,5,17,13,41,31,1,-1,4,-4,0,0,2,3,5,5,9,13
2018-09-26,F1,Nimes,Guingamp,1,0,0,7,9,2,3,1002.98792650244,835.271539853551,0,0,1,3,0,0,1,3,5,0,11,0,23,0,0,0,-2,2,-1,1,0,0,3,2,9,7
2018-09-26,F1,Paris SG,Reims,2,4,1,15,9,7,3,1491.92407401851,991.190167480283,7,0,0,0,13,1,0,2,15,5,28,16,56,29,3,-3,6,-6,4,-4,1,4,3,7,9,15
2018-09-28,F1,St Etienne,Monaco,2,2,0,16,20,5,7,983.949389314313,994.152649362459,1,0,0,0,5,1,0,2,8,2,14,8,20,25,2,-2,-4,4,-2,2,0,2,7,5,20,16
2018-09-29,F1,Angers,Guingamp,0,0,1,11,11,4,5,1081.49223925559,842.446332908728,0,0,0,0,2,1,1,4,10,1,19,1,25,1,-1,1,0,0,-1,1,1,0,5,4,11,11
2018-09-29,F1,Caen,Amiens,2,1,0,12,7,4,2,1008.34369570169,917.913026545021,0,0,0,1,3,0,3,14,6,7,7,9,7,14,1,-1,5,-5,2,-2,0,1,2,4,7,12
2018-09-29,F1,Lyon,Nantes,1,1,1,20,19,7,4,1168.19435304236,917.710989372494,1,0,0,1,1,0,0,1,10,5,19,8,31,19,0,0,1,-1,3,-3,1,1,4,7,19,20
2018-09-29,F1,Nice,Paris SG,0,0,3,9,21,1,8,1055.34697977746,1497.70744058667,1,3,0,0,1,10,0,0,9,15,15,28,31,56,-3,3,-12,12,-7,7,3,0,8,1,21,9
2018-09-29,F1,Reims,Bordeaux,1,0,0,9,7,0,3,985.406800912125,1046.18832332706,0,1,0,0,1,1,2,0,2,10,13,12,28,24,0,0,2,-2,-3,3,0,0,3,0,7,9
2018-09-29,F1,Strasbourg,Dijon,2,3,0,7,14,5,1,995.641822779682,956.306704410473,1,0,0,0,1,3,0,1,4,4,10,14,28,25,3,-3,-7,7,4,-4,0,3,1,5,14,7
2018-09-30,F1,Lille,Marseille,2,3,0,16,8,4,3,1169.90151611612,1150.73656532312,5,0,0,1,5,0,0,1,9,10,22,17,40,41,3,-3,8,-8,1,-1,0,3,3,4,8,16
2018-09-30,F1,Montpellier,Nimes,2,3,0,19,11,6,3,1071.51190826059,995.813133447265,1,0,0,0,3,2,0,3,9,3,15,9,29,24,3,-3,8,-8,3,-3,0,3,3,6,11,19
2018-09-30,F1,Rennes,Toulouse,1,1,1,22,5,7,2,1077.10217502587,827.649763640623,0,0,1,0,0,2,1,1,4,8,16,11,33,12,0,0,17,-17,5,-5,1,1,2,7,5,22
2018-10-05,F1,Toulouse,Nice,1,1,1,13,11,2,2,837.50028522165,1047.42173010851,0,1,1,0,0,1,2,0,6,9,12,14,13,31,0,0,2,-2,0,0,1,1,2,2,11,13
2018-10-06,F1,Amiens,Dijon,2,1,0,8,10,2,3,894.058875207383,907.922691462867,1,0,0,1,1,0,0,2,4,1,8,13,14,24,1,-1,-2,2,-1,1,0,1,3,2,10,8
2018-10-06,F1,Angers,Strasbourg,1,2,2,24,9,6,4,1030.3973727875,1044.02583572729,0,0,1,1,0,0,2,3,10,7,16,12,25,31,0,0,15,-15,2,-2,2,2,4,6,9,24
2018-10-06,F1,Guingamp,Montpellier,1,1,1,7,11,2,5,893.541199376818,1114.3467392003,0,0,3,0,0,3,3,1,4,11,4,18,4,31,0,0,-4,4,-3,3,1,1,5,2,11,7
2018-10-06,F1,Lille,St Etienne,2,3,1,12,6,5,2,1221.42813209484,1029.09461891461,6,1,0,0,6,1,0,0,9,10,22,16,40,20,2,-2,6,-6,3,-3,1,3,2,5,6,12
2018-10-06,F1,Nimes,Reims,1,0,0,17,9,5,2,952.978302507554,988.177683210665,0,0,0,1,1,0,2,3,3,3,9,13,24,26,0,0,8,-8,3,-3,0,0,2,5,9,17
2018-10-07,F1,Bordeaux,Nantes,2,3,0,16,12,7,2,1043.41744102852,927.59093876301,1,0,0,0,3,1,0,2,8,5,13,6,22,20,3,-3,4,-4,5,-5,0,3,2,7,12,16
2018-10-07,F1,Marseille,Caen,2,2,0,17,7,6,2,1099.20994934439,1032.19784703933,2,0,0,1,5,0,0,1,9,8,17,10,38,10,2,-2,10,-10,4,-4,0,2,2,6,7,17
2018-10-07,F1,Monaco,Rennes,0,1,2,8,11,2,4,949.007419762163,1067.25165344484,0,0,1,2,0,0,5,4,2,4,7,14,22,31,-1,1,-3,3,-2,2,2,1,4,2,11,8
2018-10-07,F1,Paris SG,Lyon,2,5,0,14,16,8,6,1505.63269025562,1158.31440365185,8,1,0,0,14,2,0,0,15,8,30,17,56,32,5,-5,-2,2,2,-2,0,5,6,8,16,14
2018-10-19,F1,Lyon,Nimes,2,2,0,13,23,5,6,1140.66608096743,954.593770555879,0,0,0,1,2,0,1,4,8,4,14,10,29,25,2,-2,-10,10,-1,1,0,2,6,5,23,13
2018-10-20,F1,Caen,Guingamp,1,0,0,4,7,2,2,996.695966979397,902.530765891738,1,1,0,0,4,2,0,0,5,5,10,5,10,5,0,0,-3,3,0,0,0,0,2,2,7,4
2018-10-20,F1,Dijon,Lille,0,1,2,17,8,7,3,874.646464091919,1243.21664940648,0,0,3,1,0,0,3,1,1,12,13,22,24,40,-1,1,9,-9,4,-4,2,1,3,7,8,17
2018-10-20,F1,Nantes,Toulouse,2,4,0,18,5,9,2,890.59400649783,846.140816611997,0,0,1,0,0,3,9,2,2,4,6,13,17,14,4,-4,13,-13,7,-7,0,4,2,9,5,18
2018-10-20,F1,Paris SG,Amiens,2,5,0,16,8,8,2,1523.28101294003,927.335102578331,9,0,0,2,15,0,0,15,15,6,30,11,56,16,5,-5,8,-8,6,-6,0,5,2,8,8,16
2018-10-20,F1,Reims,Angers,1,1,1,12,16,5,6,986.56221516234,1031.02466500095,0,2,0,0,2,2,3,0,4,8,13,14,24,26,0,0,-4,4,-1,1,1,1,6,5,16,12
2018-10-20,F1,Strasbourg,Monaco,2,2,1,8,12,5,5,1043.39854351384,927.496244646343,2,0,0,1,2,0,0,3,8,2,12,6,32,21,1,-1,-4,4,0,0,1,2,5,5,12,8
2018-10-21,F1,Montpellier,Bordeaux,2,2,0,13,12,4,3,1105.35717268538,1080.4143732937,2,0,0,0,4,2,0,1,9,11,16,15,32,25,2,-2,1,-1,1,-1,0,2,3,4,12,13
2018-10-21,F1,Nice,Marseille,0,0,1,14,9,3,1,1038.78119871816,1134.71182940432,0,0,1,2,0,0,1,2,7,9,14,17,29,38,-1,1,5,-5,2,-2,1,0,1,3,9,14
2018-10-21,F1,St Etienne,Rennes,1,1,1,8,15,2,5,1007.30610160297,1088.76282856066,2,1,0,0,6,1,0,0,9,4,16,14,20,31,0,0,-7,7,-3,3,1,1,5,2,15,8
2018-10-26,F1,Nimes,St Etienne,1,1,1,13,13,6,5,932.209678353283,1010.99006917896,0,0,0,1,2,0,3,1,3,10,10,16,25,21,0,0,0,0,1,-1,1,1,5,6,13,13
2018-10-27,F1,Amiens,Nantes,0,1,2,18,12,8,5,922.695739774045,946.88874967382,2,0,0,1,2,0,0,3,6,4,10,9,16,17,-1,1,6,-6,3,-3,2,1,5,8,12,18
2018-10-27,F1,Angers,Lyon,0,1,2,14,9,4,5,1028.98819856642,1163.05017317003,0,0,0,1,1,0,3,1,6,10,12,17,26,32,-1,1,5,-5,-1,1,2,1,5,4,9,14
2018-10-27,F1,Guingamp,Strasbourg,1,1,1,10,12,4,5,906.764082385686,1065.10266801008,0,0,0,0,1,1,4,4,6,10,6,15,6,32,0,0,-2,2,-1,1,1,1,5,4,12,10
2018-10-27,F1,Lille,Caen,2,1,0,11,5,4,1,1250.06524389612,992.462650485449,7,0,0,2,7,0,0,2,12,5,22,11,40,11,1,-1,6,-6,3,-3,0,1,1,4,5,11
2018-10-27,F1,Monaco,Dijon,1,2,2,12,11,5,3,905.792120150102,867.797869602277,0,0,2,2,0,0,6,3,1,1,6,10,18,23,0,0,1,-1,2,-2,2,2,3,5,11,12
2018-10-27,F1,Toulouse,Montpellier,0,0,3,15,22,4,8,789.846073436007,1146.07160009743,0,0,0,0,1,4,3,2,3,11,13,19,14,35,-3,3,-7,7,-4,4,3,0,8,4,22,15
2018-10-28,F1,Bordeaux,Nice,0,0,1,23,13,7,2,1039.69994588166,1015.3988466925,2,0,0,0,4,2,0,1,10,4,14,11,25,28,-1,1,10,-10,5,-5,1,0,2,7,13,23
2018-10-28,F1,Marseille,Paris SG,0,0,2,12,11,2,5,1158.09418142999,1527.92037574432,3,4,0,0,6,11,0,0,9,15,19,30,40,56,-2,2,1,-1,-3,3,2,0,5,2,11,12
2018-10-28,F1,Rennes,Reims,0,0,2,11,6,5,3,1085.07886098468,988.598681596869,0,0,0,0,1,1,2,4,5,4,12,11,29,24,-2,2,5,-5,2,-2,2,0,3,5,6,11
2018-11-02,F1,Paris SG,Lille,2,2,1,19,6,5,2,1537.24629005995,1261.90478612017,10,1,0,0,16,1,0,0,15,12,30,22,56,43,1,-1,13,-13,3,-3,1,2,2,5,6,19
2018-11-03,F1,Caen,Rennes,0,1,2,12,22,3,10,980.623108261398,1029.34600828767,0,0,0,0,5,2,1,1,5,5,11,12,11,29,-1,1,-10,10,-7,7,2,1,10,3,22,12
2018-11-03,F1,Dijon,Nimes,0,0,4,23,11,7,6,869.540627940664,935.776725016829,0,0,4,2,0,0,4,5,1,3,8,8,23,23,-4,4,12,-12,1,-1,4,0,6,7,11,23
2018-11-03,F1,Lyon,Bordeaux,1,1,1,6,17,2,3,1183.28099278078,1005.46537472587,1,0,0,1,3,0,0,2,10,7,17,14,34,25,0,0,-11,11,-1,1,1,1,3,2,17,6
2018-11-03,F1,Nice,Amiens,2,1,0,7,13,4,7,1049.63341784829,892.920403868718,0,0,2,3,0,0,2,16,7,6,14,10,28,16,1,-1,-6,6,-3,3,0,1,7,4,13,7
2018-11-03,F1,Reims,Monaco,2,1,0,8,5,4,1,1044.33153429388,904.049361811715,0,0,0,2,3,0,4,4,6,1,11,4,27,18,1,-1,3,-3,3,-3,0,1,1,4,5,8
2018-11-03,F1,Strasbourg,Toulouse,1,1,1,18,5,2,2,1058.27703888319,777.413756159557,3,0,0,1,3,0,0,3,8,2,13,13,30,14,0,0,13,-13,0,0,1,1,2,2,5,18
2018-11-04,F1,Montpellier,Marseille,2,3,0,14,11,6,2,1158.50391737388,1148.76826711436,3,1,0,0,5,1,0,0,11,9,22,16,35,37,3,-3,3,-3,4,-4,0,3,2,6,11,14
2018-11-04,F1,Nantes,Guingamp,2,5,0,19,4,10,0,976.664085579147,913.589711512572,1,0,0,0,1,3,0,1,7,7,12,7,20,7,5,-5,15,-15,10,-10,0,5,0,10,4,19
2018-11-04,F1,St Etienne,Angers,2,4,3,18,10,9,6,1007.42302251541,1008.75737895566,0,0,0,0,7,3,1,1,8,5,14,12,22,23,1,-1,8,-8,3,-3,3,4,6,9,10,18
2018-11-09,F1,Lille,Strasbourg,1,0,0,22,4,8,1,1251.01905822484,1047.57782486285,8,0,0,0,8,2,0,5,12,9,21,13,43,28,0,0,18,-18,7,-7,0,0,1,8,4,22
2018-11-10,F1,Angers,Montpellier,2,1,0,10,10,3,3,976.634480789992,1211.50785757957,0,1,1,0,0,5,4,0,2,13,12,22,22,35,1,-1,0,0,0,0,0,1,3,3,10,10
2018-11-10,F1,Guingamp,Lyon,0,2,4,9,19,2,6,852.892662183507,1175.73951760686,0,1,0,0,2,1,5,0,6,8,7,18,7,32,-2,2,-10,10,-4,4,4,2,6,2,19,9
2018-11-10,F1,Nimes,Nice,0,0,1,8,13,3,8,988.129477833232,1068.1048767866,0,1,0,0,3,3,4,0,5,7,8,16,26,30,-1,1,-5,5,-5,5,1,0,8,3,13,8
2018-11-10,F1,St Etienne,Reims,2,2,0,14,14,5,3,1039.54592068108,1064.07024019726,1,1,0,0,8,2,0,0,8,9,16,11,25,29,2,-2,0,0,2,-2,0,2,3,5,14,14
2018-11-10,F1,Toulouse,Amiens,0,0,1,23,7,6,2,788.112970179905,874.4489449304,0,0,1,4,0,0,4,17,3,3,11,10,15,15,-1,1,16,-16,4,-4,1,0,2,6,7,23
2018-11-11,F1,Bordeaux,Caen,1,0,0,16,9,6,1,1013.0068498998,953.081465312652,0,0,1,3,0,0,1,3,5,4,15,10,26,11,0,0,7,-7,5,-5,0,0,1,6,9,16
2018-11-11,F1,Marseille,Dijon,2,2,0,16,9,3,3,1095.76432690866,817.187875124261,0,0,1,0,0,1,1,4,6,1,16,5,34,20,2,-2,7,-7,0,0,0,2,3,3,9,16
2018-11-11,F1,Monaco,Paris SG,0,0,4,15,14,2,9,884.310655908332,1548.13201795528,0,5,0,0,1,12,7,0,1,15,3,30,18,58,-4,4,1,-1,-7,7,4,0,9,2,14,15
2018-11-11,F1,Rennes,Nantes,1,1,1,14,7,4,3,1056.88765123641,1037.36113490821,0,1,1,0,0,1,3,0,8,10,12,15,29,20,0,0,7,-7,1,-1,1,1,3,4,7,14
2018-11-23,F1,Lyon,St Etienne,2,1,0,13,16,1,3,1187.57082336084,1086.4941704304,0,0,0,0,4,1,1,2,10,8,18,18,32,25,1,-1,-3,3,-2,2,0,1,3,1,16,13
2018-11-24,F1,Caen,Monaco,0,0,1,9,10,1,4,955.814087214798,881.545958650866,0,0,1,3,0,0,2,5,2,1,10,3,12,18,-1,1,-1,1,-3,3,1,0,4,1,10,9
2018-11-24,F1,Dijon,Bordeaux,1,0,0,14,11,4,0,802.497592274628,1010.27422799765,0,0,5,0,0,1,5,3,1,5,2,13,20,24,0,0,3,-3,4,-4,0,0,0,4,11,14
2018-11-24,F1,Nantes,Angers,1,1,1,24,7,8,1,1038.25941862889,1027.48010748117,2,0,0,1,2,0,0,2,10,5,15,15,21,24,0,0,17,-17,7,-7,1,1,1,8,7,24
2018-11-24,F1,Paris SG,Toulouse,2,1,0,9,11,2,3,1550.89671521274,763.905076910391,11,0,0,0,17,1,0,4,15,2,30,8,58,15,1,-1,-2,2,-1,1,0,1,3,2,11,9
2018-11-24,F1,Reims,Guingamp,2,2,1,10,6,3,4,1017.12199044794,841.061356429525,1,0,0,1,4,0,0,2,8,3,11,7,29,7,1,-1,4,-4,-1,1,1,2,4,3,6,10
2018-11-24,F1,Strasbourg,Nimes,0,0,1,12,14,4,3,1056.00483694667,963.368084458934,0,1,0,0,4,1,1,0,7,5,14,8,29,26,-1,1,-2,2,1,-1,1,0,3,4,14,12
2018-11-25,F1,Amiens,Marseille,0,1,3,9,21,3,9,898.656838199914,1110.45460975829,0,0,1,1,0,0,1,1,6,9,10,18,18,36,-2,2,-12,12,-6,6,3,1,9,3,21,9
2018-11-25,F1,Montpellier,Rennes,1,2,2,15,16,4,7,1160.6622308884,1055.98936751573,4,1,0,0,6,3,0,0,10,8,21,12,32,29,0,0,-1,1,-3,3,2,2,7,4,16,15
2018-11-25,F1,Nice,Lille,2,2,0,11,9,4,2,1092.8662701609,1242.59204614102,1,0,0,1,1,0,0,1,10,10,19,19,32,44,2,-2,2,-2,2,-2,0,2,2,4,9,11
2018-11-30,F1,St Etienne,Nantes,2,3,0,16,7,4,1,1063.54963263591,1037.76317221982,2,0,0,0,9,2,0,1,8,11,17,13,25,22,3,-3,9,-9,3,-3,0,3,1,4,7,16
2018-12-01,F1,Angers,Caen,1,1,1,11,8,4,3,1027.97635389025,917.076057027745,1,0,0,0,1,1,0,4,5,2,13,7,25,12,0,0,3,-3,1,-1,1,1,3,4,8,11
2018-12-01,F1,Guingamp,Nice,1,0,0,12,10,2,1,824.018278292594,1154.53495417343,0,2,1,0,0,4,6,0,2,12,7,19,7,32,0,0,2,-2,1,-1,0,0,1,2,10,12
2018-12-01,F1,Lille,Lyon,1,2,2,13,18,6,5,1180.9233621285,1210.51536115533,0,2,0,0,9,2,1,0,7,13,19,21,41,35,0,0,-5,5,1,-1,2,2,5,6,18,13
2018-12-01,F1,Monaco,Montpellier,0,1,2,13,15,2,3,920.28398883792,1155.98260061725,0,0,1,1,0,0,8,1,4,10,6,19,21,33,-1,1,-2,2,-1,1,2,1,3,2,15,13
2018-12-01,F1,Nimes,Amiens,2,3,0,13,9,7,2,1003.70364521625,878.651079274053,0,1,1,0,0,1,5,0,7,3,11,9,26,17,3,-3,4,-4,5,-5,0,3,2,7,9,13
2018-12-02,F1,Bordeaux,Paris SG,1,2,2,18,9,4,2,1001.70389636627,1551.57912505458,0,6,0,0,1,13,2,0,3,15,14,30,24,58,0,0,9,-9,2,-2,2,2,2,4,9,18
2018-12-02,F1,Marseille,Reims,1,0,0,16,12,5,4,1130.46036868415,1034.16506858487,1,0,0,1,1,0,0,1,9,10,18,14,38,29,0,0,4,-4,1,-1,0,0,4,5,12,16
2018-12-02,F1,Rennes,Strasbourg,0,1,4,12,14,2,8,1060.66899778688,1015.66927618935,0,0,0,0,1,3,4,6,6,6,10,14,27,26,-3,3,-2,2,-6,6,4,1,8,2,14,12
2018-12-02,F1,Toulouse,Dijon,1,2,2,12,14,3,5,763.222667068555,811.067923906004,0,0,2,1,0,0,5,5,1,2,5,3,14,18,0,0,-2,2,-2,2,2,2,5,3,14,12
2018-12-04,F1,Amiens,Monaco,0,0,2,15,6,2,4,842.941204268155,907.179191271936,0,1,2,0,0,1,2,0,3,4,9,5,16,18,-2,2,9,-9,-2,2,2,0,4,2,6,15
2018-12-04,F1,Montpellier,Lille,0,0,1,16,13,4,6,1169.08739818324,1182.28283825061,0,0,0,2,7,0,1,2,10,5,21,17,35,39,-1,1,3,-3,-2,2,1,0,6,4,13,16
2018-12-04,F1,Nice,Angers,1,0,0,16,8,5,2,1142.68899276785,1023.03586742299,2,0,0,0,2,1,0,3,13,5,17,11,32,26,0,0,8,-8,3,-3,0,0,2,5,8,16
2018-12-05,F1,Bordeaux,St Etienne,2,3,2,13,14,5,4,1016.4081772715,1114.04134059409,0,0,0,1,2,0,3,3,4,10,14,20,24,28,1,-1,-1,1,1,-1,2,3,4,5,14,13
2018-12-05,F1,Caen,Nimes,0,1,2,11,23,3,7,922.016543495005,1039.41352022215,0,2,2,0,0,2,3,0,2,10,7,13,13,26,-1,1,-12,12,-4,4,2,1,7,3,23,11
2018-12-05,F1,Dijon,Guingamp,2,2,1,9,21,3,9,808.878391674677,835.864239698166,0,0,0,2,1,0,6,3,3,2,4,8,19,8,1,-1,-12,12,-6,6,1,2,9,3,21,9
2018-12-05,F1,Lyon,Rennes,0,0,2,15,10,8,2,1209.15588503322,999.113722895401,1,0,0,0,5,4,0,1,11,5,21,10,35,27,-2,2,5,-5,6,-6,2,0,2,8,10,15
2018-12-05,F1,Nantes,Marseille,2,3,2,11,8,4,3,987.271464261636,1126.13597338766,0,1,0,0,3,1,1,0,8,7,12,16,22,36,1,-1,3,-3,1,-1,2,3,3,4,8,11
2018-12-05,F1,Reims,Toulouse,0,0,1,22,7,7,3,1038.48946388137,765.412199299882,2,0,0,1,5,0,0,5,10,2,14,5,29,15,-1,1,15,-15,4,-4,1,0,3,7,7,22
2018-12-05,F1,Strasbourg,Paris SG,1,1,1,4,20,2,5,1077.22455108083,1536.87484414935,0,0,1,0,0,14,2,1,6,13,16,28,29,56,0,0,-16,16,-3,3,1,1,5,2,20,4
2018-12-08,F1,Guingamp,Amiens,0,1,2,16,11,2,3,801.383737415632,807.101344953773,0,0,0,1,1,0,7,1,1,3,8,9,8,16,-1,1,5,-5,-1,1,2,1,3,2,11,16
2018-12-08,F1,Rennes,Dijon,2,2,0,21,7,10,3,1066.66670357746,843.358893957211,0,0,1,0,0,1,5,6,8,5,13,6,29,21,2,-2,14,-14,7,-7,0,2,3,10,7,21
2018-12-09,F1,Lille,Reims,1,1,1,12,8,3,3,1213.0680773258,985.493450206917,0,0,0,0,10,1,2,2,5,7,17,13,39,29,0,0,4,-4,0,0,1,1,3,3,8,12
2018-12-09,F1,Strasbourg,Caen,1,2,2,10,5,4,3,1091.10492025771,900.435661420151,0,0,0,0,1,2,3,5,6,2,14,7,27,13,0,0,5,-5,1,-1,2,2,3,4,5,10
2018-12-15,F1,Reims,Strasbourg,2,2,1,12,5,5,3,994.694004312625,1083.11111269014,0,1,1,0,0,4,1,0,5,6,14,15,27,25,1,-1,7,-7,2,-2,1,2,3,5,5,12
2018-12-16,F1,Lyon,Monaco,2,3,0,21,4,11,1,1141.60290435116,943.019050586318,0,2,1,0,0,2,1,0,8,6,18,7,35,18,3,-3,17,-17,10,-10,0,3,1,11,4,21
2018-12-16,F1,Nice,St Etienne,1,1,1,23,11,7,4,1137.38674636478,1073.27844871263,0,0,0,2,3,0,1,4,11,9,18,17,33,28,0,0,12,-12,3,-3,1,1,4,7,11,23
2018-12-16,F1,Nimes,Lille,0,2,3,17,7,6,6,1060.994402297,1203.86752322009,1,1,0,0,1,1,0,0,12,6,15,18,26,40,-1,1,10,-10,0,0,3,2,6,6,7,17
2018-12-18,F1,Caen,Toulouse,2,2,1,13,7,7,2,908.429468987718,818.408212974333,0,1,3,0,0,1,4,0,3,5,7,7,14,18,1,-1,6,-6,5,-5,1,2,2,7,7,13
2018-12-22,F1,Angers,Marseille,1,1,1,15,14,4,2,1028.33811382606,1081.98625476437,0,0,0,1,2,0,1,1,6,7,11,16,27,33,0,0,1,-1,2,-2,1,1,2,4,14,15
2018-12-22,F1,Lille,Toulouse,0,1,2,17,6,5,3,1223.40321321655,794.518786215347,0,0,0,1,11,0,3,1,8,4,18,7,40,18,-1,1,11,-11,2,-2,2,1,3,5,6,17
2018-12-22,F1,Monaco,Guingamp,0,0,2,5,9,2,3,916.653654989467,769.910300997308,0,0,2,3,0,0,9,4,6,1,7,7,15,8,-2,2,-4,4,-1,1,2,0,3,2,9,5
2018-12-22,F1,Montpellier,Lyon,1,1,1,13,10,4,3,1138.30215910805,1167.96829994801,0,0,1,0,0,3,2,1,7,10,18,18,32,37,0,0,3,-3,1,-1,1,1,3,4,10,13
2018-12-22,F1,Paris SG,Nantes,2,1,0,23,11,3,2,1522.99447497247,1031.42118288492,12,0,0,1,18,0,0,2,11,8,26,15,54,24,1,-1,12,-12,1,-1,0,1,2,3,11,23
2018-12-22,F1,Reims,Caen,1,2,2,19,7,11,2,1034.66616034424,932.318895746704,1,0,0,0,1,3,0,6,8,5,16,7,29,17,0,0,12,-12,9,-9,2,2,2,11,7,19
2018-12-22,F1,Rennes,Nimes,2,4,0,13,18,7,6,1085.66772895616,1041.45871230054,1,3,0,0,1,3,0,0,8,9,16,14,32,23,4,-4,-5,5,1,-1,0,4,6,7,18,13
2018-12-22,F1,St Etienne,Dijon,2,3,0,18,7,9,2,1076.19768933837,824.357868578511,3,0,0,1,10,0,0,7,7,5,15,6,29,20,3,-3,11,-11,7,-7,0,3,2,9,7,18
2018-12-22,F1,Strasbourg,Nice,2,2,0,11,9,5,4,1043.13895665853,1134.46750573904,0,0,0,0,2,5,4,1,5,9,12,16,24,31,2,-2,2,-2,1,-1,0,2,4,5,9,11
2018-12-23,F1,Bordeaux,Amiens,1,1,1,9,8,4,4,1057.17106915296,838.574781372097,1,1,0,0,3,1,0,0,7,6,14,9,24,18,0,0,1,-1,0,0,1,1,4,4,8,9
2019-01-08,F1,Amiens,Angers,1,0,0,21,7,5,2,847.494475904892,1030.78925208962,0,0,3,0,0,2,3,4,4,7,10,9,18,28,0,0,14,-14,3,-3,0,0,2,5,7,21
2019-01-08,F1,Nantes,Montpellier,2,2,0,16,9,5,2,1027.85388960212,1139.6650248756,1,1,0,0,4,1,0,0,5,5,15,18,23,33,2,-2,7,-7,3,-3,0,2,2,5,9,16
2019-01-11,F1,Caen,Lille,0,1,3,9,12,3,7,936.900399032948,1164.39972185952,1,2,0,0,1,2,0,0,6,8,8,15,18,37,-2,2,-3,3,-4,4,3,1,7,3,12,9
2019-01-11,F1,Lyon,Reims,1,1,1,15,9,5,5,1166.60543418046,1030.084657058,1,0,0,0,1,2,0,3,8,6,18,16,35,29,0,0,6,-6,0,0,1,1,5,5,9,15
2019-01-12,F1,Amiens,Paris SG,0,0,3,4,20,1,9,855.230754177338,1526.56176825527,0,0,0,0,1,15,4,2,5,11,8,26,19,54,-3,3,-16,16,-8,8,3,0,9,1,20,4
2019-01-12,F1,Guingamp,St Etienne,0,0,1,11,4,2,2,831.263505898142,1096.92479232707,0,0,1,0,0,1,8,5,4,7,7,15,11,31,-1,1,7,-7,0,0,1,0,2,2,4,11
2019-01-12,F1,Nice,Bordeaux,2,1,0,9,18,3,4,1079.33966314025,1048.25137462016,0,0,0,0,4,2,2,4,6,7,16,12,30,24,1,-1,-9,9,-1,1,0,1,4,3,18,9
2019-01-13,F1,Dijon,Montpellier,1,1,1,13,13,7,6,803.630765589805,1082.16110345439,1,0,0,1,2,0,0,1,5,5,6,15,19,33,0,0,0,0,1,-1,1,1,6,7,13,13
2019-01-13,F1,Marseille,Monaco,1,1,1,14,8,3,3,1079.53511650082,855.300450088634,0,0,0,1,2,0,1,1,8,6,14,7,31,14,0,0,6,-6,0,0,1,1,3,3,8,14
2019-01-13,F1,Nantes,Rennes,0,0,1,24,6,3,1,1085.35781102332,1142.00707386538,2,1,0,0,5,5,0,0,7,10,17,18,23,32,-1,1,18,-18,2,-2,1,0,1,3,6,24
2019-01-13,F1,Toulouse,Strasbourg,0,1,2,17,12,4,5,853.522277572382,1098.26679925733,0,0,0,1,1,0,6,1,7,8,9,14,21,26,-1,1,5,-5,-1,1,2,1,5,4,12,17
2019-01-15,F1,Angers,Bordeaux,0,1,2,19,9,8,4,1023.05297381717,1019.10709439281,0,0,0,1,3,0,2,5,5,6,10,11,26,24,-1,1,10,-10,4,-4,2,1,4,8,9,19
2019-01-16,F1,Guingamp,Rennes,2,2,1,7,17,2,3,819.865066100734,1168.8352343774,0,2,2,0,0,6,9,0,4,12,6,18,11,32,1,-1,-10,10,-1,1,1,2,3,2,17,7
2019-01-16,F1,Monaco,Nice,1,1,1,13,6,5,2,864.397484104998,1108.4839433676,0,0,3,1,0,0,10,2,4,6,8,18,14,32,0,0,7,-7,3,-3,1,1,2,5,6,13
2019-01-16,F1,Nimes,Nantes,2,1,0,10,11,2,3,985.11936739132,1058.5296505113,0,0,1,2,0,0,1,3,9,6,14,17,23,23,1,-1,-1,1,-1,1,0,1,3,2,11,10
2019-01-16,F1,St Etienne,Marseille,2,2,1,11,15,5,4,1108.32323212448,1070.43808248445,4,0,0,0,11,1,0,2,10,6,18,15,34,32,1,-1,-4,4,1,-1,1,2,4,5,15,11
2019-01-16,F1,Toulouse,Lyon,1,2,2,6,22,4,5,840.951813728866,1160.62318434744,0,0,1,0,0,4,7,2,7,6,8,19,21,33,0,0,-16,16,-1,1,2,2,5,4,22,6
2019-01-18,F1,Lille,Amiens,2,2,1,17,2,3,1,1183.04405404624,852.990299520114,0,0,1,0,0,2,4,1,10,5,15,8,37,18,1,-1,15,-15,2,-2,1,2,1,3,2,17
2019-01-19,F1,Monaco,Strasbourg,0,1,5,9,16,5,6,874.093097457203,1110.83726310084,0,1,0,0,1,1,11,0,5,8,9,14,15,29,-4,4,-7,7,-1,1,5,1,6,5,16,9
2019-01-19,F1,Nimes,Toulouse,0,0,1,18,11,6,4,1023.78185105521,852.566839665446,1,1,0,0,1,1,0,0,9,7,16,9,26,22,-1,1,7,-7,2,-2,1,0,4,6,11,18
2019-01-19,F1,Paris SG,Guingamp,2,9,0,26,2,12,0,1528.8022229125,876.295238997492,13,1,0,0,19,1,0,0,11,6,26,8,56,14,9,-9,24,-24,12,-12,0,9,0,12,2,26
2019-01-19,F1,Reims,Nice,1,1,1,10,9,2,5,1036.06690689101,1098.78833001539,0,0,0,0,2,1,1,3,6,6,16,19,27,30,0,0,1,-1,-3,3,1,1,5,2,9,10
2019-01-20,F1,Angers,Nantes,2,1,0,4,13,3,4,990.689560516331,1019.86716684741,0,0,1,3,0,0,3,4,4,6,9,14,23,23,1,-1,-9,9,-1,1,0,1,4,3,13,4
2019-01-20,F1,Bordeaux,Dijon,2,1,0,13,10,5,3,1051.47050769365,814.270317744874,0,0,0,2,4,0,1,8,8,5,11,7,26,20,1,-1,3,-3,2,-2,0,1,3,5,10,13
2019-01-20,F1,Caen,Marseille,0,0,1,9,9,4,1,918.256066846228,1041.91366947403,0,0,1,1,0,0,1,3,5,3,7,12,18,29,-1,1,0,0,3,-3,1,0,1,4,9,9
2019-01-20,F1,Rennes,Montpellier,1,0,0,16,13,1,3,1112.40506148064,1071.52155129932,2,0,0,0,2,1,0,2,12,5,17,15,29,31,0,0,3,-3,-2,2,0,0,3,1,13,16
2019-01-20,F1,St Etienne,Lyon,0,1,2,15,23,9,7,1136.84764513491,1149.00815841086,5,0,0,0,12,5,0,3,10,6,20,17,36,34,-1,1,-8,8,2,-2,2,1,7,9,23,15
2019-01-23,F1,Nimes,Angers,2,3,1,15,11,6,4,977.175992120523,1025.3706175044,0,0,1,0,0,3,1,5,6,6,16,11,26,23,2,-2,4,-4,2,-2,1,3,4,6,11,15
2019-01-25,F1,Marseille,Lille,0,1,2,15,9,5,3,1062.98211869611,1191.37141554252,0,3,0,0,3,3,2,0,5,10,12,15,31,37,-1,1,6,-6,2,-2,2,1,3,5,9,15
2019-01-26,F1,Dijon,Monaco,2,2,0,13,18,7,5,801.255370832542,847.803747768269,0,0,0,0,3,1,1,2,4,2,7,8,17,12,2,-2,-5,5,2,-2,0,2,5,7,18,13
2019-01-26,F1,Guingamp,Reims,0,0,1,6,7,2,3,871.325562996719,1038.92436100834,1,0,0,0,1,3,0,4,6,7,7,14,14,25,-1,1,-1,1,-1,1,1,0,3,2,7,6
2019-01-26,F1,Nice,Nimes,2,2,0,15,14,7,7,1095.93087589806,1027.07860918285,1,0,0,1,5,0,0,1,6,6,17,18,31,26,2,-2,1,-1,0,0,0,2,7,7,14,15
2019-01-26,F1,Strasbourg,Bordeaux,2,1,0,10,11,5,1,1137.12661278978,1064.48545460598,1,1,0,0,3,1,0,0,10,10,16,14,29,28,1,-1,-1,1,4,-4,0,1,1,5,11,10
2019-01-27,F1,Amiens,Lyon,0,0,1,12,18,2,11,844.662938023836,1179.88859088671,0,1,1,0,0,6,5,0,5,9,8,17,18,34,-1,1,-6,6,-9,9,1,0,11,2,18,12
2019-01-27,F1,Montpellier,Caen,2,2,0,11,9,6,1,1073.39566437256,897.187617624151,0,0,0,0,1,4,3,7,3,5,13,7,32,18,2,-2,2,-2,5,-5,0,2,1,6,9,11
2019-01-27,F1,Paris SG,Rennes,2,4,1,16,10,7,3,1533.77189891327,1110.53094840741,14,0,0,1,20,0,0,1,11,10,26,18,56,30,3,-3,6,-6,4,-4,1,4,3,7,10,16
2019-01-27,F1,Toulouse,Angers,1,0,0,14,13,4,3,899.172698600128,975.468000442074,0,0,0,1,1,0,8,6,7,5,12,11,25,23,0,0,1,-1,1,-1,0,0,3,4,13,14
2019-01-30,F1,Nantes,St Etienne,1,1,1,13,10,3,4,985.186109859341,1105.96721265906,0,1,1,0,0,2,1,0,3,10,11,19,23,33,0,0,3,-3,-1,1,1,1,4,3,10,13
2019-02-01,F1,Lille,Nice,2,4,0,15,5,7,2,1212.05672343402,1131.2091269289,1,0,0,0,1,2,0,4,12,8,18,17,39,33,4,-4,10,-10,5,-5,0,4,2,7,5,15
2019-02-02,F1,Angers,Dijon,2,1,0,12,7,5,2,972.009880119661,850.95399427081,1,0,0,3,1,0,0,9,5,4,12,9,24,17,1,-1,5,-5,3,-3,0,1,2,5,7,12
2019-02-02,F1,Monaco,Toulouse,2,2,1,13,10,3,3,798.105124330001,902.630818922541,0,2,1,0,0,2,12,0,2,8,8,12,11,23,1,-1,3,-3,0,0,1,2,3,3,10,13
2019-02-02,F1,Reims,Marseille,2,2,1,9,13,4,5,1056.58342871555,1042.2968108046,0,1,0,0,3,1,2,0,9,5,14,12,25,28,1,-1,-4,4,-1,1,1,2,5,4,13,9
2019-02-02,F1,Rennes,Amiens,2,1,0,15,8,4,1,1101.75780076413,836.548874545709,0,0,0,1,3,0,1,2,7,2,15,8,27,18,1,-1,7,-7,3,-3,0,1,1,4,8,15
2019-02-03,F1,Lyon,Paris SG,2,2,1,14,16,10,9,1188.00265436484,1542.54504655655,0,1,0,0,2,16,1,0,9,13,19,26,37,56,1,-1,-2,2,1,-1,1,2,9,10,16,14
2019-02-03,F1,Nimes,Montpellier,1,1,1,12,11,5,4,991.800358152015,1096.73952461702,1,0,0,0,1,2,0,3,6,6,15,13,23,35,0,0,1,-1,1,-1,1,1,4,5,11,12
2019-02-05,F1,Marseille,Bordeaux,2,1,0,24,6,7,1,1011.61191580144,1039.08013886053,0,0,1,1,0,0,3,1,4,7,12,14,28,28,1,-1,18,-18,6,-6,0,1,1,7,6,24
2019-02-08,F1,Dijon,Marseille,0,1,2,10,18,4,8,829.673343210807,1046.13657472996,1,0,0,1,4,0,0,1,4,6,9,12,14,30,-1,1,-8,8,-4,4,2,1,8,4,18,10
2019-02-09,F1,Amiens,Caen,2,1,0,10,11,1,4,825.126019109035,873.843757379689,0,0,2,1,0,0,6,8,1,4,5,7,15,17,1,-1,-1,1,-3,3,0,1,4,1,11,10
2019-02-09,F1,Paris SG,Bordeaux,2,1,0,10,8,3,3,1485.90338867504,1004.55547993202,15,0,0,2,21,0,0,2,12,6,23,13,53,28,1,-1,2,-2,0,0,0,1,3,3,8,10
2019-02-09,F1,Strasbourg,Angers,0,1,2,16,8,7,3,1162.53192853523,993.290531179663,2,0,0,0,4,1,0,7,12,7,18,12,31,27,-1,1,8,-8,4,-4,2,1,3,7,8,16
2019-02-10,F1,Guingamp,Lille,0,0,2,7,9,1,3,853.66649528951,1261.81512022895,0,4,1,0,0,4,1,0,6,12,7,20,14,39,-2,2,-2,2,-2,2,2,0,3,1,9,7
2019-02-10,F1,Montpellier,Monaco,1,2,2,12,10,3,5,1092.04868222229,839.451988101601,1,0,0,1,2,0,0,3,6,5,11,11,33,14,0,0,2,-2,-2,2,2,2,5,3,10,12
2019-02-10,F1,Nantes,Nimes,0,2,4,15,13,4,4,990.534547075662,996.491200546745,0,0,0,2,1,0,2,2,4,7,9,16,24,24,-2,2,2,-2,0,0,4,2,4,4,13,15
2019-02-10,F1,Nice,Lyon,2,1,0,11,23,4,5,1081.45073013397,1244.64431224635,2,2,0,0,6,7,0,0,8,11,14,19,33,37,1,-1,-12,12,-1,1,0,1,5,4,23,11
2019-02-10,F1,Rennes,St Etienne,2,3,0,15,15,5,3,1113.1806562008,1100.61877544274,1,0,0,0,4,3,0,1,7,10,17,17,29,33,3,-3,0,0,2,-2,0,3,3,5,15,15
2019-02-10,F1,Toulouse,Reims,1,1,1,9,9,3,3,861.283955150941,1087.26832371871,0,1,0,0,2,4,9,0,5,9,12,17,20,28,0,0,0,0,0,0,1,1,3,3,9,9
2019-02-13,F1,Caen,Nantes,0,0,1,14,13,1,4,837.385866516337,947.428777881865,0,0,2,4,0,0,2,5,1,1,6,8,16,23,-1,1,1,-1,-3,3,1,0,4,1,13,14
2019-02-13,F1,St Etienne,Strasbourg,2,2,1,11,9,6,2,1048.05796608396,1116.07034897796,0,2,1,0,0,2,1,0,7,12,14,17,32,31,1,-1,2,-2,4,-4,1,2,2,6,9,11
2019-02-15,F1,Lyon,Guingamp,2,2,1,18,14,9,3,1198.6294619809,846.025960384081,1,0,0,1,3,0,0,1,10,3,16,7,37,14,1,-1,4,-4,6,-6,1,2,3,9,14,18
2019-02-15,F1,Nimes,Dijon,2,2,0,14,12,6,2,1039.59696974054,815.376864573886,0,0,0,4,2,0,1,10,7,4,16,9,27,11,2,-2,2,-2,4,-4,0,2,2,6,12,14
2019-02-16,F1,Angers,Nice,2,3,0,12,13,4,4,1039.75211073693,1127.46558039942,2,0,0,1,2,0,0,5,10,8,14,14,27,33,3,-3,-1,1,0,0,0,3,4,4,13,12
2019-02-16,F1,Marseille,Amiens,2,2,0,16,10,5,2,1060.43305336688,861.583909972387,1,0,0,2,1,0,0,3,9,3,12,8,30,17,2,-2,6,-6,3,-3,0,2,2,5,10,16
2019-02-16,F1,Monaco,Nantes,2,1,0,11,6,6,2,849.391924619779,969.619298159852,1,1,0,0,1,1,0,0,5,4,9,10,15,23,1,-1,5,-5,4,-4,0,1,2,6,6,11
2019-02-17,F1,Bordeaux,Toulouse,2,2,1,8,20,4,5,1000.78464868277,870.435362076582,1,0,0,1,5,0,0,1,6,6,12,13,25,18,1,-1,-12,12,-1,1,1,2,5,4,20,8
2019-02-17,F1,Caen,Strasbourg,1,0,0,11,15,2,3,815.195346238351,1077.88498398381,0,0,3,1,0,0,3,1,0,9,6,17,13,31,0,0,-4,4,-1,1,0,0,3,2,15,11
2019-02-17,F1,Lille,Montpellier,1,0,0,12,8,3,2,1269.45565513438,1082.10874570411,2,0,0,0,2,3,0,4,15,7,23,12,42,33,0,0,4,-4,1,-1,0,0,2,3,8,12
2019-02-17,F1,Reims,Rennes,2,2,0,7,10,4,1,1078.11691679307,1165.74146555958,1,0,0,2,4,0,0,2,9,7,15,19,29,29,2,-2,-3,3,3,-3,0,2,1,4,10,7
2019-02-17,F1,St Etienne,Paris SG,0,0,1,11,11,2,3,1086.24333107811,1489.67421992429,1,0,0,1,1,0,0,1,7,12,17,23,34,53,-1,1,0,0,-1,1,1,0,3,2,11,11
2019-02-20,F1,Bordeaux,Guingamp,1,0,0,11,13,4,1,1021.31232009181,838.594620299213,2,0,0,2,6,0,0,2,6,3,14,7,28,14,0,0,-2,2,3,-3,0,0,1,4,13,11
2019-02-20,F1,Paris SG,Montpellier,2,5,1,18,15,9,7,1495.3887806465,1089.9871965907,16,0,0,0,22,4,0,5,12,7,23,12,53,31,4,-4,3,-3,2,-2,1,5,7,9,15,18
2019-02-22,F1,Dijon,St Etienne,0,0,1,11,16,2,6,796.45389280404,1080.52877035589,0,0,1,1,0,0,1,2,3,4,8,14,11,34,-1,1,-5,5,-4,4,1,0,6,2,16,11
2019-02-22,F1,Strasbourg,Lille,1,1,1,9,15,2,5,1067.66477411509,1261.5772042478,0,5,1,0,0,5,1,0,7,13,15,23,31,40,0,0,-6,6,-3,3,1,1,5,2,15,9
2019-02-23,F1,Amiens,Nice,2,1,0,11,7,4,0,840.403803146613,1059.45217289613,1,0,0,2,1,0,0,6,3,7,8,13,17,30,1,-1,4,-4,4,-4,0,1,0,4,7,11
2019-02-23,F1,Guingamp,Angers,2,1,0,8,8,3,1,846.310519900582,1107.76551824022,0,1,2,0,0,2,2,0,1,10,7,16,15,27,1,-1,0,0,2,-2,0,1,1,3,8,8
2019-02-23,F1,Paris SG,Nimes,2,3,0,21,8,7,3,1506.78926287907,1058.51994151039,17,1,0,0,23,1,0,0,12,10,23,16,53,29,3,-3,13,-13,4,-4,0,3,3,7,8,21
2019-02-24,F1,Monaco,Lyon,2,2,0,11,9,5,3,892.043473440581,1206.06080206577,2,0,0,1,2,0,0,1,7,12,12,18,17,39,2,-2,2,-2,2,-2,0,2,3,5,9,11
2019-02-24,F1,Montpellier,Reims,0,2,4,19,15,4,8,1078.58671435812,1132.80688734977,0,0,0,0,3,5,1,1,6,11,9,17,30,31,-2,2,4,-4,-4,4,4,2,8,4,15,19
2019-02-24,F1,Nantes,Bordeaux,2,1,0,19,7,8,2,926.967749339049,1013.59642049044,0,0,1,3,0,0,3,3,4,4,10,14,22,28,1,-1,12,-12,6,-6,0,1,2,8,7,19
2019-02-24,F1,Rennes,Marseille,1,1,1,16,9,3,2,1111.05149500288,1081.61316019266,2,1,0,0,5,1,0,0,7,9,19,14,29,30,0,0,7,-7,1,-1,1,1,2,3,9,16
2019-02-24,F1,Toulouse,Caen,1,1,1,12,13,8,4,849.907690667537,825.41555610707,0,0,0,2,3,0,10,9,5,1,12,6,17,13,0,0,-1,1,4,-4,1,1,4,8,13,12
2019-03-02,F1,Angers,Monaco,1,2,2,13,12,4,5,1055.39256826389,967.397446801925,3,0,0,0,3,1,0,4,10,10,15,12,26,19,0,0,1,-1,-1,1,2,2,5,4,12,13
2019-03-02,F1,Caen,Paris SG,0,1,2,7,25,2,7,826.541595952846,1514.46813573363,0,1,0,0,1,1,4,0,2,12,7,25,14,53,-1,1,-18,18,-5,5,2,1,7,2,25,7
2019-03-02,F1,Reims,Amiens,1,2,2,10,8,4,2,1169.87519107793,890.271869128256,2,0,0,3,5,0,0,4,13,6,20,11,33,20,0,0,2,-2,2,-2,2,2,2,4,8,10
2019-03-03,F1,Guingamp,Nantes,1,0,0,7,9,1,3,898.683469876909,966.785210732975,1,0,0,1,1,0,0,1,4,7,10,10,18,25,0,0,-2,2,-2,2,0,0,3,1,9,7
2019-03-03,F1,Lille,Dijon,2,1,0,14,6,1,1,1253.47184720222,786.01484079665,0,0,0,5,3,0,1,11,11,3,21,7,38,11,1,-1,8,-8,0,0,0,1,1,1,6,14
2019-03-03,F1,Lyon,Toulouse,2,5,1,21,5,10,2,1130.70682870443,848.78165082176,2,0,0,2,4,0,0,2,9,3,18,10,36,17,4,-4,16,-16,8,-8,1,5,2,10,5,21
2019-03-03,F1,Marseille,St Etienne,2,2,0,12,7,7,2,1082.96561064084,1090.96782236329,2,1,0,0,2,1,0,0,10,7,15,17,31,34,2,-2,5,-5,5,-5,0,2,2,7,7,12
2019-03-03,F1,Nice,Strasbourg,2,1,0,9,10,2,1,1009.58410691449,1075.77013116067,3,0,0,0,7,1,0,2,6,5,12,15,30,29,1,-1,-1,1,1,-1,0,1,1,2,10,9
2019-03-05,F1,Bordeaux,Montpellier,0,1,2,15,8,4,5,973.778959096519,1041.51841062996,0,0,0,1,7,0,1,6,4,3,11,9,25,27,-1,1,7,-7,-1,1,2,1,5,4,8,15
2019-03-09,F1,Amiens,Nimes,2,2,1,21,14,6,2,900.938927740059,1050.84106865583,2,0,0,1,2,0,0,1,7,7,9,13,18,28,1,-1,7,-7,4,-4,1,2,2,6,14,21
2019-03-09,F1,Dijon,Reims,1,1,1,5,26,1,5,781.950038509274,1159.20813246613,0,1,2,0,0,6,2,0,0,11,4,20,10,34,0,0,-21,21,-4,4,1,1,5,1,26,5
2019-03-09,F1,Monaco,Bordeaux,1,1,1,16,9,9,3,971.365292230164,947.940121717169,3,0,0,4,3,0,0,4,11,4,13,10,20,22,0,0,7,-7,6,-6,1,1,3,9,9,16
2019-03-09,F1,Strasbourg,Lyon,1,2,2,17,21,7,8,1037.74685840542,1151.9678258435,0,0,0,2,1,0,2,2,2,9,14,18,29,36,0,0,-4,4,-1,1,2,2,8,7,21,17
2019-03-10,F1,Marseille,Nice,2,1,0,12,6,6,1,1127.8331882496,1047.60737966973,3,0,0,3,3,0,0,7,13,6,17,14,31,30,1,-1,6,-6,5,-5,0,1,1,6,6,12
2019-03-10,F1,Montpellier,Angers,1,2,2,8,12,4,6,1067.35724800931,1051.42472283565,0,0,1,1,0,0,2,1,5,10,11,15,29,24,0,0,-4,4,-2,2,2,2,6,4,12,8
2019-03-10,F1,Rennes,Caen,2,3,1,11,6,6,1,1109.6990445547,825.344406910748,0,0,0,0,6,1,1,10,7,2,17,6,30,13,2,-2,5,-5,5,-5,1,3,1,6,6,11
2019-03-10,F1,St Etienne,Lille,0,0,1,7,14,1,8,1046.10024475453,1257.5366494896,0,0,1,0,0,6,1,1,6,11,16,23,31,41,-1,1,-7,7,-7,7,1,0,8,1,14,7
2019-03-10,F1,Toulouse,Guingamp,2,1,0,19,4,4,0,827.520653682689,901.780113515141,0,0,0,0,4,1,11,3,2,5,10,11,17,18,1,-1,15,-15,4,-4,0,1,0,4,4,19
2019-03-12,F1,Dijon,Paris SG,0,0,4,9,16,2,7,794.675691691502,1515.66532477573,0,2,0,0,1,2,3,0,1,15,5,27,11,53,-4,4,-7,7,-5,5,4,0,7,2,16,9
2019-03-15,F1,Lille,Monaco,0,0,1,12,12,3,8,1272.15697938799,970.288154942288,1,0,0,0,4,2,0,5,11,9,23,14,41,21,-1,1,0,0,-5,5,1,0,8,3,12,12
2019-03-15,F1,Nice,Toulouse,1,1,1,10,18,2,3,1022.86786615478,866.257920845562,4,0,0,3,8,0,0,3,6,5,14,10,30,19,0,0,-8,8,-1,1,1,1,3,2,18,10
2019-03-16,F1,Angers,Amiens,1,0,0,11,8,3,4,1052.15792885151,945.948045278984,0,0,0,0,4,1,1,5,8,10,15,11,25,21,0,0,3,-3,-1,1,0,0,4,3,8,11
2019-03-16,F1,Caen,St Etienne,0,0,5,2,13,1,7,811.056430453806,1031.47991485613,0,0,1,1,0,0,5,1,2,6,3,13,10,28,-5,5,-11,11,-6,6,5,0,7,1,13,2
2019-03-16,F1,Guingamp,Dijon,2,1,0,14,12,2,4,863.042846352267,792.674241807649,0,0,0,6,2,0,1,12,5,1,8,5,15,11,1,-1,2,-2,-2,2,0,1,4,2,12,14
2019-03-16,F1,Nimes,Strasbourg,1,2,2,15,6,4,2,1005.8319511169,1042.8252756898,1,0,0,1,3,0,0,3,7,3,13,15,27,27,0,0,9,-9,2,-2,2,2,2,4,6,15
2019-03-17,F1,Bordeaux,Rennes,1,1,1,14,10,4,3,949.017259005046,1123.98702101164,0,0,1,3,0,0,2,3,5,10,11,17,22,33,0,0,4,-4,1,-1,1,1,3,4,10,14
2019-03-17,F1,Lyon,Montpellier,2,3,2,23,10,13,4,1146.88940855912,1066.62404199345,3,1,0,0,5,1,0,0,7,5,18,12,36,27,1,-1,13,-13,9,-9,2,3,4,13,10,23
2019-03-17,F1,Paris SG,Marseille,2,3,1,8,3,6,2,1517.66677465958,1152.57270176455,18,0,0,0,24,2,0,1,15,13,27,19,53,34,2,-2,5,-5,4,-4,1,3,2,6,3,8
2019-03-17,F1,Reims,Nantes,2,1,0,10,7,2,1,1146.4824792839,963.688567094743,0,0,0,0,6,1,1,2,9,7,18,11,34,26,1,-1,3,-3,1,-1,0,1,1,2,7,10
2019-03-29,F1,Rennes,Lyon,0,0,1,12,18,2,5,1116.5478791801,1171.62546629871,1,0,0,0,7,1,0,3,8,10,15,20,33,39,-1,1,-6,6,-3,3,1,0,5,2,18,12
2019-03-30,F1,Marseille,Angers,1,2,2,11,14,5,4,1143.01730988788,1047.413655167,4,0,0,0,4,1,0,2,10,6,19,16,31,25,0,0,-3,3,1,-1,2,2,4,5,14,11
2019-03-31,F1,Amiens,Bordeaux,1,0,0,12,5,3,0,950.692318963493,956.456400836585,3,0,0,0,3,1,0,5,8,3,11,9,19,20,0,0,7,-7,3,-3,0,0,0,3,5,12
2019-03-31,F1,Dijon,Nice,0,0,1,14,12,1,6,767.068237986346,1016.10749425189,0,0,1,4,0,0,4,8,1,4,4,12,11,30,-1,1,2,-2,-5,5,1,0,6,1,12,14
2019-03-31,F1,Monaco,Caen,0,0,1,24,7,6,2,1024.71338753807,778.585191541254,0,0,0,1,4,0,1,11,11,2,16,2,24,10,-1,1,17,-17,4,-4,1,0,2,6,7,24
2019-03-31,F1,Nantes,Lille,0,2,3,8,10,2,3,947.125752719099,1217.73174679222,1,1,0,0,1,7,0,0,7,8,8,23,25,38,-1,1,-2,2,-1,1,3,2,3,2,10,8
2019-03-31,F1,Toulouse,Paris SG,0,0,1,9,10,3,4,873.018292748453,1527.22216653626,1,3,0,0,5,3,0,0,5,15,11,27,19,53,-1,1,-1,1,-1,1,1,0,4,3,10,9
2019-04-01,F1,St Etienne,Nimes,2,2,1,14,15,9,6,1063.95115376868,1007.52914780715,0,0,2,2,0,0,2,2,6,7,13,14,31,28,1,-1,-1,1,3,-3,1,2,6,9,15,14
2019-04-03,F1,Montpellier,Guingamp,2,2,0,17,8,7,3,1041.88798425387,888.64885017357,0,0,0,1,1,0,3,4,4,8,11,11,26,17,2,-2,9,-9,4,-4,0,2,3,7,8,17
2019-04-03,F1,Strasbourg,Reims,2,4,0,13,10,9,3,1041.12807899955,1163.04529365954,0,0,0,0,2,7,3,1,4,11,13,20,27,36,4,-4,3,-3,6,-6,0,4,3,9,10,13
2019-04-05,F1,Bordeaux,Marseille,2,2,0,7,20,7,5,956.190979407762,1138.72245519539,0,0,0,1,1,0,3,2,3,8,7,17,21,29,2,-2,-13,13,2,-2,0,2,5,7,20,7
2019-04-06,F1,Amiens,St Etienne,1,2,2,5,26,4,6,950.957740392316,1090.79970082268,0,1,0,0,4,1,1,0,9,9,12,13,20,33,0,0,-21,21,-2,2,2,2,6,4,26,5
2019-04-06,F1,Angers,Rennes,1,3,3,17,7,9,5,1051.70850985949,1089.5786409953,0,0,0,0,5,1,2,4,4,5,14,12,25,30,0,0,10,-10,4,-4,3,3,5,9,7,17
2019-04-06,F1,Guingamp,Monaco,1,1,1,11,18,2,5,862.971125718382,973.203587099166,1,1,0,0,3,3,0,0,7,8,8,15,16,24,0,0,-7,7,-3,3,1,1,5,2,18,11
2019-04-06,F1,Lyon,Dijon,0,1,3,27,8,6,4,1198.59470448351,754.745634243235,4,0,0,7,6,0,0,13,10,1,22,4,39,11,-2,2,19,-19,2,-2,3,1,4,6,8,27
2019-04-06,F1,Nimes,Caen,2,2,0,12,5,7,1,980.680600753162,830.094991980154,0,1,0,0,4,1,1,0,4,4,11,5,27,12,2,-2,7,-7,6,-6,0,2,1,7,5,12
2019-04-07,F1,Nice,Montpellier,2,1,0,15,16,5,4,1028.430097995,1067.56570870905,0,0,0,1,9,0,1,1,7,7,14,13,33,26,1,-1,-1,1,1,-1,0,1,4,5,16,15
2019-04-07,F1,Paris SG,Strasbourg,1,2,2,21,9,6,4,1528.67004581839,1127.38002606901,19,0,0,0,25,1,0,4,15,6,27,13,53,27,0,0,12,-12,2,-2,2,2,4,6,9,21
2019-04-07,F1,Reims,Lille,1,1,1,10,11,3,4,1076.79334659009,1228.86596384644,1,2,0,0,7,8,0,0,8,10,19,23,35,38,0,0,-1,1,-1,1,1,1,4,3,11,10
2019-04-07,F1,Toulouse,Nantes,2,1,0,14,19,5,1,871.570413466323,935.991535664878,0,0,1,1,0,0,1,3,5,4,10,8,19,25,1,-1,-5,5,4,-4,0,1,1,5,19,14
2019-04-09,F1,Nimes,Rennes,2,3,1,19,8,8,3,1006.63660613139,1087.84153097255,1,0,0,0,5,2,0,5,4,6,14,13,30,30,2,-2,11,-11,5,-5,1,3,3,8,8,19
2019-04-12,F1,Dijon,Amiens,1,0,0,18,4,5,1,836.137368762061,957.07108285911,0,0,2,0,0,2,5,6,4,7,4,13,13,21,0,0,14,-14,4,-4,0,0,1,5,4,18
2019-04-12,F1,Nantes,Lyon,2,2,1,14,11,5,4,898.125205917766,1117.20296996468,0,1,1,0,0,2,1,0,4,10,8,19,22,36,1,-1,3,-3,1,-1,1,2,4,5,11,14
2019-04-13,F1,Caen,Angers,0,0,1,8,13,2,5,804.138986601925,1053.44561988223,0,0,2,0,0,2,6,3,3,5,5,15,12,26,-1,1,-5,5,-3,3,1,0,5,2,13,8
2019-04-13,F1,Marseille,Nimes,2,2,1,14,8,4,3,1073.73282135996,1060.56224631761,0,0,0,3,5,0,1,3,7,7,17,14,29,32,1,-1,6,-6,1,-1,1,2,3,4,8,14
2019-04-13,F1,Monaco,Reims,1,0,0,27,10,6,3,968.290939739442,1083.38112756537,0,0,1,1,0,0,2,2,6,6,16,19,24,33,0,0,17,-17,3,-3,0,0,3,6,10,27
2019-04-13,F1,Strasbourg,Guingamp,1,3,3,11,15,6,5,1140.49051446783,867.883773078106,1,0,0,2,3,0,0,5,6,5,11,9,27,16,0,0,-4,4,1,-1,3,3,5,6,15,11
2019-04-14,F1,Lille,Paris SG,2,5,1,15,10,6,5,1222.27818287115,1515.55955741956,0,4,1,0,0,4,1,0,10,13,21,25,36,51,4,-4,5,-5,1,-1,1,5,5,6,10,15
2019-04-14,F1,Montpellier,Toulouse,2,2,1,16,6,5,2,1031.97635359561,909.436743213435,1,0,0,0,2,1,0,4,7,7,10,10,23,22,1,-1,10,-10,3,-3,1,2,2,5,6,16
2019-04-14,F1,Rennes,Nice,1,0,0,14,7,7,2,1033.91589078633,1064.01945310845,0,1,1,0,0,1,1,0,5,10,12,16,30,33,0,0,7,-7,5,-5,0,0,2,7,7,14
2019-04-14,F1,St Etienne,Bordeaux,2,3,0,14,5,6,1,1084.68635835588,1021.18061324319,1,0,0,0,1,2,0,6,7,6,14,10,33,24,3,-3,9,-9,5,-5,0,3,1,6,5,14
2019-04-17,F1,Nantes,Paris SG,2,3,2,15,9,8,6,947.995135026226,1406.67917502444,1,0,0,1,1,0,0,1,4,10,11,25,22,48,1,-1,6,-6,2,-2,2,3,6,8,9,15
2019-04-19,F1,Dijon,Rennes,2,3,2,12,10,10,4,841.492047752271,1035.29875224822,0,0,0,1,1,0,6,6,4,3,5,13,14,28,1,-1,2,-2,6,-6,2,3,4,10,10,12
2019-04-19,F1,Lyon,Angers,2,2,1,24,11,11,3,1067.33304085622,1065.75291636938,0,1,1,0,0,3,1,0,7,7,16,17,35,29,1,-1,13,-13,8,-8,1,2,3,11,11,24
2019-04-20,F1,Guingamp,Marseille,0,1,3,9,15,3,6,878.369428810263,1104.52034729456,0,0,0,2,4,0,1,3,5,7,10,20,17,32,-2,2,-6,6,-3,3,3,1,6,3,15,9
2019-04-20,F1,Nice,Caen,0,0,1,21,7,8,2,1062.63659164656,791.831690114781,1,0,0,1,10,0,0,1,8,3,14,5,31,12,-1,1,14,-14,6,-6,1,0,2,8,7,21
2019-04-20,F1,Nimes,Bordeaux,2,2,1,8,11,2,2,1029.77472038302,976.506992279975,2,0,0,1,6,0,0,7,7,6,14,10,29,23,1,-1,-3,3,0,0,1,2,2,2,11,8
2019-04-20,F1,Strasbourg,Montpellier,0,1,3,6,20,1,7,1130.00485873567,1053.13585698369,0,0,0,2,4,0,1,2,7,7,9,12,27,23,-2,2,-14,14,-6,6,3,1,7,1,20,6
2019-04-21,F1,Nantes,Amiens,2,3,2,10,8,4,4,1007.73380244462,951.7164038689,2,0,0,0,2,3,0,7,6,7,13,14,22,22,1,-1,2,-2,0,0,2,3,4,4,8,10
2019-04-21,F1,Paris SG,Monaco,2,3,1,10,15,5,4,1346.94050760605,973.405324798392,0,0,0,0,26,4,1,1,7,6,22,17,45,25,2,-2,-5,5,1,-1,1,3,4,5,15,10
2019-04-21,F1,Reims,St Etienne,0,0,2,8,14,1,3,1078.26674250642,1129.3599793191,0,0,0,0,8,2,1,1,6,10,17,16,31,33,-2,2,-6,6,-2,2,2,0,3,1,14,8
2019-04-21,F1,Toulouse,Lille,1,0,0,10,16,2,4,888.277239825352,1331.15856526627,1,0,0,0,1,9,0,1,7,10,9,21,21,39,0,0,-6,6,-2,2,0,0,4,2,16,10
2019-04-26,F1,Bordeaux,Lyon,0,2,3,10,18,2,5,949.375048056546,1099.18750701609,1,0,0,1,2,0,0,1,5,9,10,16,22,35,-1,1,-8,8,-3,3,3,2,5,2,18,10
2019-04-28,F1,Amiens,Strasbourg,1,0,0,8,7,1,1,924.831550066909,1076.59917134172,0,0,0,0,5,2,2,5,4,6,14,9,19,26,0,0,1,-1,0,0,0,0,1,1,7,8
2019-04-28,F1,Angers,Reims,1,1,1,10,5,5,4,1033.89845020951,1040.81265026533,0,0,0,0,6,1,3,3,6,5,14,14,26,31,0,0,5,-5,1,-1,1,1,4,5,5,10
2019-04-28,F1,Caen,Dijon,2,1,0,14,12,2,3,844.707999924345,889.695522002454,0,1,3,0,0,1,7,0,6,7,8,8,14,17,1,-1,2,-2,-1,1,0,1,3,2,12,14
2019-04-28,F1,Lille,Nimes,2,5,0,14,8,8,3,1317.47743880973,1056.90666460645,1,0,0,4,1,0,0,4,8,9,19,16,39,32,5,-5,6,-6,5,-5,0,5,3,8,8,14
2019-04-28,F1,Marseille,Nantes,0,1,2,17,14,2,6,1123.27889119588,1034.61865624661,1,0,0,2,6,0,0,4,7,9,20,16,32,24,-1,1,3,-3,-4,4,2,1,6,2,14,17
2019-04-28,F1,Nice,Guingamp,2,3,0,15,14,5,3,1009.760281837,859.610884908946,0,0,1,0,0,1,1,6,8,5,14,10,28,17,3,-3,1,-1,2,-2,0,3,3,5,14,15
2019-04-28,F1,St Etienne,Toulouse,2,2,0,14,12,7,3,1166.81407156019,901.958366281893,2,0,0,1,2,0,0,5,13,5,19,10,33,22,2,-2,2,-2,4,-4,0,2,3,7,12,14
2019-04-30,F1,Montpellier,Paris SG,2,3,2,15,8,9,3,1106.54154437764,1356.08996732051,2,0,0,2,3,0,0,2,9,7,14,22,26,45,1,-1,7,-7,6,-6,2,3,3,9,8,15
2019-05-01,F1,Rennes,Monaco,1,2,2,10,16,4,5,987.095277998032,964.255865083935,0,0,0,1,1,0,2,2,2,5,10,14,27,25,0,0,-6,6,-1,1,2,2,5,4,16,10
2019-05-03,F1,Strasbourg,Marseille,1,1,1,7,13,4,2,1070.02305906224,1083.28573586755,0,1,1,0,0,1,2,0,6,7,10,17,27,29,0,0,-6,6,2,-2,1,1,2,4,13,7
2019-05-04,F1,Bordeaux,Angers,0,0,1,10,9,2,1,930.377269996335,1034.21681886165,0,0,1,1,0,0,1,1,4,6,7,12,21,26,-1,1,1,-1,1,-1,1,0,1,2,9,10
2019-05-04,F1,Guingamp,Caen,1,0,0,10,1,1,0,827.280672474189,880.828501101282,0,1,1,0,0,1,2,0,2,9,10,11,17,17,0,0,9,-9,1,-1,0,0,0,1,1,10
2019-05-04,F1,Paris SG,Nice,1,1,1,17,8,5,2,1304.38343389823,1042.09049427175,1,0,0,0,27,2,0,1,4,10,19,14,42,28,0,0,9,-9,3,-3,1,1,2,5,8,17
2019-05-04,F1,Reims,Nimes,0,0,3,8,15,2,5,1040.4942816132,1029.91336685976,0,0,1,5,0,0,2,5,3,9,14,13,29,29,-3,3,-7,7,-3,3,3,0,5,2,15,8
2019-05-05,F1,Lyon,Lille,1,2,2,20,13,8,6,1118.1852850763,1344.47073655642,1,0,0,0,1,10,0,2,9,11,19,19,35,42,0,0,7,-7,2,-2,2,2,6,8,13,20
2019-05-05,F1,Monaco,St Etienne,0,2,3,13,8,5,3,965.306146469571,1182.49584064796,0,1,0,0,1,3,3,0,3,13,14,19,23,36,-1,1,5,-5,2,-2,3,2,3,5,8,13
2019-05-05,F1,Montpellier,Amiens,1,1,1,13,4,4,1,1158.24807779992,931.40766234639,3,0,0,1,4,0,0,8,12,4,16,12,28,20,0,0,9,-9,3,-3,1,1,1,4,4,13
2019-05-05,F1,Nantes,Dijon,2,3,0,22,8,5,3,1074.61181157493,853.575020825518,3,0,0,1,3,0,0,1,12,7,16,8,26,16,3,-3,14,-14,2,-2,0,3,3,5,8,22
2019-05-05,F1,Toulouse,Rennes,1,2,2,19,11,4,3,886.276597194116,986.044996612396,0,0,0,2,2,0,1,7,4,3,9,8,22,27,0,0,8,-8,1,-1,2,2,3,4,11,19
2019-05-10,F1,St Etienne,Montpellier,0,0,1,16,11,5,4,1196.74594229737,1149.07018255295,3,1,0,0,3,1,0,0,13,10,22,17,36,26,-1,1,5,-5,1,-1,1,0,4,5,11,16
2019-05-11,F1,Amiens,Toulouse,1,0,0,19,7,3,2,940.58555759336,890.748846712381,0,0,0,2,6,0,3,6,4,5,13,10,21,22,0,0,12,-12,1,-1,0,0,2,3,7,19
2019-05-11,F1,Angers,Paris SG,0,1,2,14,9,4,4,1056.92779305767,1294.17404660851,0,0,0,3,7,0,4,3,8,4,12,17,28,42,-1,1,5,-5,0,0,2,1,4,4,9,14
2019-05-11,F1,Caen,Reims,2,3,2,14,15,10,4,878.381874173244,984.302477196588,1,0,0,0,1,2,0,4,7,3,11,11,17,28,1,-1,-1,1,6,-6,2,3,4,10,15,14
2019-05-11,F1,Dijon,Strasbourg,2,2,1,13,17,6,8,829.706717329456,1070.63353140605,1,0,0,0,2,3,0,6,7,4,8,10,15,25,1,-1,-4,4,-2,2,1,2,8,6,17,13
2019-05-11,F1,Nice,Nantes,1,1,1,8,13,2,3,1052.29988156147,1098.48011507099,1,1,0,0,1,1,0,0,8,15,15,19,28,29,0,0,-5,5,-1,1,1,1,3,2,13,8
2019-05-11,F1,Nimes,Monaco,2,1,0,12,12,4,5,1086.10517127637,951.056044820168,3,0,0,0,7,1,0,3,9,3,13,11,29,23,1,-1,0,0,-1,1,0,1,5,4,12,12
2019-05-12,F1,Lille,Bordeaux,2,1,0,6,5,4,1,1335.31000481721,907.666295800314,2,0,0,2,2,0,0,8,9,3,19,6,42,20,1,-1,1,-1,3,-3,0,1,1,4,5,6
2019-05-12,F1,Marseille,Lyon,0,0,3,17,15,6,5,1082.67526352374,1127.34601681551,0,1,1,0,0,1,1,0,7,7,15,17,29,35,-3,3,2,-2,1,-1,3,0,5,6,15,17
2019-05-12,F1,Rennes,Guingamp,1,1,1,7,23,4,9,981.572747094131,829.727299402227,0,0,0,1,2,0,3,7,3,3,9,10,28,17,0,0,-16,16,-5,5,1,1,9,4,23,7
2019-05-18,F1,Bordeaux,Reims,0,0,1,13,9,4,2,902.636788063266,942.838236966308,0,0,2,1,0,0,2,5,0,2,6,8,17,28,-1,1,4,-4,2,-2,1,0,2,4,9,13
2019-05-18,F1,Guingamp,Nimes,1,2,2,18,21,9,4,836.306390006292,1106.2574516239,0,1,0,0,1,1,3,0,3,9,8,16,18,29,0,0,-3,3,5,-5,2,2,4,9,21,18
2019-05-18,F1,Lille,Angers,2,5,0,18,13,12,3,1340.33951255426,1043.9155952086,3,1,0,0,3,1,0,0,11,7,21,12,42,27,5,-5,5,-5,9,-9,0,5,3,12,13,18
2019-05-18,F1,Lyon,Caen,2,4,0,16,7,8,2,1174.90471453613,919.846114403523,0,0,0,0,2,2,1,1,10,10,20,13,38,20,4,-4,9,-9,6,-6,0,4,2,8,7,16
2019-05-18,F1,Monaco,Amiens,2,2,0,10,9,3,3,930.903764472634,938.306104459816,0,0,1,0,0,1,4,9,2,4,8,11,20,22,2,-2,1,-1,0,0,0,2,3,3,9,10
2019-05-18,F1,Montpellier,Nantes,1,1,1,16,10,2,2,1185.43392708322,1096.36587288208,0,0,0,0,5,2,1,1,13,13,20,17,29,27,0,0,6,-6,0,0,1,1,2,2,10,16
2019-05-18,F1,Paris SG,Dijon,2,4,0,17,13,7,3,1307.18624445758,880.912776954708,0,0,0,2,28,0,1,2,7,7,17,11,44,15,4,-4,4,-4,4,-4,0,4,3,7,13,17
2019-05-18,F1,St Etienne,Nice,2,3,0,11,19,5,5,1160.3821977671,1054.41412375038,0,0,1,0,0,3,1,2,12,6,19,16,36,28,3,-3,-8,8,0,0,0,3,5,5,19,11
2019-05-18,F1,Strasbourg,Rennes,0,0,2,19,11,6,6,1019.4274717808,974.993656490066,0,0,0,0,1,1,3,8,3,4,9,9,24,26,-2,2,8,-8,0,0,2,0,6,6,11,19
2019-05-18,F1,Toulouse,Marseille,0,2,5,19,21,5,8,893.028299845926,1035.11656580312,0,0,0,0,3,2,2,1,3,7,10,14,20,29,-3,3,-2,2,-3,3,5,2,8,5,21,19
2019-05-24,F1,Amiens,Guingamp,2,2,1,19,16,9,4,893.514212861364,846.721923058029,0,0,0,0,7,1,4,8,3,3,10,8,19,19,1,-1,3,-3,5,-5,1,2,4,9,16,19
2019-05-24,F1,Angers,St Etienne,1,1,1,14,15,5,4,1021.18268864352,1198.77886536707,0,2,1,0,0,4,5,0,4,12,11,22,26,38,0,0,-1,1,1,-1,1,1,4,5,15,14
2019-05-24,F1,Caen,Bordeaux,0,0,1,14,12,1,5,895.694800379706,874.323041761502,2,0,0,3,2,0,0,9,10,0,13,6,19,16,-1,1,2,-2,-4,4,1,0,5,1,12,14
2019-05-24,F1,Dijon,Toulouse,2,2,1,12,13,6,3,870.700787342465,859.63270058829,2,0,0,0,3,1,0,7,6,3,10,10,15,20,1,-1,-1,1,3,-3,1,2,3,6,13,12
2019-05-24,F1,Marseille,Montpellier,2,1,0,10,14,3,4,1068.51216506076,1181.41974560841,0,2,2,0,0,2,2,0,7,11,14,18,31,29,1,-1,-4,4,-1,1,0,1,4,3,14,10
2019-05-24,F1,Nantes,Strasbourg,0,0,1,21,5,1,1,1100.38005435689,969.991249404993,4,0,0,1,4,0,0,7,11,2,17,9,28,23,-1,1,16,-16,0,0,1,0,1,1,5,21
2019-05-24,F1,Nice,Monaco,2,2,0,8,11,2,4,1016.01745615041,975.695656071086,0,0,0,1,2,0,1,4,5,4,13,10,27,23,2,-2,-3,3,-2,2,0,2,4,2,11,8
2019-05-24,F1,Nimes,Lyon,0,2,3,17,19,8,8,1095.84191857216,1199.05602855994,4,2,0,0,8,2,0,0,10,13,17,20,30,38,-1,1,-2,2,0,0,3,2,8,8,19,17
2019-05-24,F1,Reims,Paris SG,2,3,1,10,13,6,2,971.151983268072,1317.39823406983,0,1,2,0,0,1,3,0,4,10,10,17,30,44,2,-2,-3,3,4,-4,1,3,2,6,13,10
2019-05-24,F1,Rennes,Lille,2,3,1,13,14,8,7,1024.42987886588,1363.07241911933,0,0,0,0,3,11,4,3,6,11,9,21,26,44,2,-2,-1,1,1,-1,1,3,7,8,14,13
2023-07-28,B1,Union SG,Anderlecht,2,2,0,10,5,3,2,1000,1000,0,0,0,0,0,0,0,0,0,0,0,0,0,0,2,-2,5,-5,1,-1,0,2,2,3,5,10
2023-07-29,B1,Eupen,Westerlo,1,2,2,13,22,6,5,1000,1000,0,0,0,0,0,0,0,0,0,0,0,0,0,0,0,0,-9,9,1,-1,2,2,5,6,22,13
2023-07-29,B1,Charleroi,Oud-Heverlee Leuven,1,1,1,4,19,2,5,1000,1000,0,0,0,0,0,0,0,0,0,0,0,0,0,0,0,0,-15,15,-3,3,1,1,5,2,19,4
2023-07-29,B1,RWD Molenbeek,Genk,0,0,4,10,28,4,10,1000,1000,0,0,0,0,0,0,0,0,0,0,0,0,0,0,-4,4,-18,18,-6,6,4,0,10,4,28,10
2023-07-30,B1,Antwerp,Cercle Brugge,2,1,0,15,8,4,1,1000,1000,0,0,0,0,0,0,0,0,0,0,0,0,0,0,1,-1,7,-7,3,-3,0,1,1,4,8,15
2023-07-30,B1,Gent,Kortrijk,2,3,2,17,10,4,3,1000,1000,0,0,0,0,0,0,0,0,0,0,0,0,0,0,1,-1,7,-7,1,-1,2,3,3,4,10,17
2023-07-30,B1,Club Brugge,Mechelen,1,1,1,21,9,5,2,1000,1000,0,0,0,0,0,0,0,0,0,0,0,0,0,0,0,0,12,-12,3,-3,1,1,2,5,9,21
2023-07-30,B1,St Truiden,Standard,2,1,0,11,7,3,3,1000,1000,0,0,0,0,0,0,0,0,0,0,0,0,0,0,1,-1,4,-4,0,0,0,1,3,3,7,11
2023-08-04,B1,Standard,Union SG,0,0,1,8,24,3,8,968,1043.85761802548,0,0,0,0,0,0,0,0,0,3,0,3,0,3,-1,1,-16,16,-5,5,1,0,8,3,24,8
2023-08-05,B1,Genk,Eupen,0,0,1,28,5,3,2,1064.50293012833,1000,0,0,0,0,0,0,0,0,3,1,3,1,3,1,-1,1,23,-23,1,-1,1,0,2,3,5,28
2023-08-05,B1,Cercle Brugge,Charleroi,2,2,0,19,8,3,3,968,1000,0,0,0,0,0,0,0,0,0,1,0,1,0,1,2,-2,11,-11,0,0,0,2,3,3,8,19
2023-08-05,B1,Oud-Heverlee Leuven,RWD Molenbeek,0,1,2,18,15,5,4,1000,935.497069871667,0,0,0,0,0,0,0,0,1,0,1,0,1,0,-1,1,3,-3,1,-1,2,1,4,5,15,18
2023-08-06,B1,Anderlecht,Antwerp,2,1,0,9,5,2,3,956.142381974524,1032,0,0,0,0,0,0,0,0,0,3,0,3,0,3,1,-1,4,-4,-1,1,0,1,3,2,5,9
2023-08-06,B1,Mechelen,Gent,0,0,1,14,12,2,3,1000,1032,0,0,0,0,0,0,0,0,1,3,1,3,1,3,-1,1,2,-2,-1,1,1,0,3,2,12,14
2023-08-06,B1,Westerlo,Club Brugge,0,0,1,11,20,3,8,1000,1000,0,0,0,0,0,0,0,0,1,1,1,1,1,1,-1,1,-9,9,-5,5,1,0,8,3,20,11
2023-08-06,B1,Kortrijk,St Truiden,0,0,1,8,14,1,4,968,1032,0,0,0,0,0,0,0,0,0,3,0,3,0,3,-1,1,-6,6,-3,3,1,0,4,1,14,8
2023-08-11,B1,Antwerp,Kortrijk,2,6,0,25,4,9,1,993.122198857074,941.828838164157,1,0,0,1,1,0,0,1,3,0,3,0,3,0,6,-6,21,-21,8,-8,0,6,1,9,4,25
2023-08-12,B1,RWD Molenbeek,Mechelen,2,1,0,18,9,8,4,973.370680869593,970.939003057951,0,0,1,0,0,1,1,1,3,1,3,1,3,1,1,-1,9,-9,4,-4,0,1,4,8,9,18
2023-08-12,B1,Union SG,Oud-Heverlee Leuven,2,5,1,16,4,9,1,1068.97981688255,962.126389002074,1,0,0,0,1,1,0,1,6,1,6,1,6,1,4,-4,12,-12,8,-8,1,5,1,9,4,16
2023-08-13,B1,St Truiden,Anderlecht,0,0,1,14,9,5,3,1058.17116183584,995.02018311745,1,0,0,1,1,0,0,1,6,3,6,3,6,3,-1,1,5,-5,2,-2,1,0,3,5,9,14
2023-08-13,B1,Cercle Brugge,Genk,0,0,1,13,10,2,3,1015.88567032208,1026.62931913041,1,1,0,0,1,1,0,0,3,3,3,3,3,3,-1,1,3,-3,-1,1,1,0,3,2,10,13
2023-08-13,B1,Eupen,Club Brugge,0,0,5,9,13,1,7,1037.87361099793,1032,0,1,0,0,1,1,1,0,4,4,4,4,4,4,-5,5,-4,4,-6,6,5,0,7,1,13,9
2023-08-13,B1,Charleroi,Standard,1,1,1,18,7,3,2,952.11432967792,942.877801142926,0,0,0,1,1,0,1,1,1,0,1,0,1,0,0,0,11,-11,1,-1,1,1,2,3,7,18
2023-08-13,B1,Westerlo,Gent,0,1,3,14,18,4,9,968,1061.06099694205,0,1,1,0,0,1,1,0,1,6,1,6,1,6,-2,2,-4,4,-5,5,3,1,9,4,18,14
2023-08-18,B1,Oud-Heverlee Leuven,Antwerp,1,1,1,10,13,2,4,916.858593173106,1064.03141296095,0,0,1,1,0,0,1,1,1,6,1,6,1,6,0,0,-3,3,-2,2,1,1,4,2,13,10
2023-08-19,B1,Standard,Cercle Brugge,0,0,1,7,16,3,4,943.303058821614,984.874881666612,0,0,1,1,0,0,1,1,1,3,1,3,1,3,-1,1,-9,9,-1,1,1,0,4,3,16,7
2023-08-19,B1,Mechelen,Union SG,2,4,0,10,14,7,1,939.162965204233,1114.24761271152,0,1,1,0,0,1,1,0,1,9,1,9,1,9,4,-4,-4,4,6,-6,0,4,1,7,14,10
2023-08-20,B1,Anderlecht,Westerlo,2,2,1,24,18,7,3,1032.77338454253,935.616593188704,1,0,0,0,1,1,0,1,6,1,6,1,6,1,1,-1,6,-6,4,-4,1,2,3,7,18,24
2023-08-20,B1,Genk,Charleroi,1,0,0,23,7,7,3,1057.64010778587,951.689071999232,0,0,1,1,0,0,1,1,6,2,6,2,6,2,0,0,16,-16,4,-4,0,0,3,7,7,23
2023-08-20,B1,Gent,St Truiden,1,2,2,19,14,5,3,1093.44440375335,1020.41796041076,1,1,0,0,1,1,0,0,9,6,9,6,9,6,0,0,5,-5,2,-2,2,2,3,5,14,19
2023-08-20,B1,Club Brugge,RWD Molenbeek,2,7,1,23,9,9,3,1107.23297120682,1005.14671872331,0,1,0,0,1,1,1,0,7,6,7,6,7,6,6,-6,14,-14,6,-6,1,7,3,9,9,23
2023-08-20,B1,Kortrijk,Eupen,0,1,3,13,15,4,8,870.919624060277,962.640639791104,0,1,1,0,0,1,1,0,0,4,0,4,0,4,-2,2,-2,2,-4,4,3,1,8,4,15,13
2023-08-26,B1,Westerlo,Mechelen,0,2,3,11,17,4,5,912.338884530329,1033.67301381887,0,0,2,1,0,0,2,2,1,4,1,4,1,4,-1,1,-6,6,-1,1,3,2,5,4,17,11
2023-08-26,B1,Eupen,Oud-Heverlee Leuven,2,3,1,17,22,4,5,995.181776206565,923.257900944792,0,0,1,1,0,0,2,2,7,2,7,2,7,2,2,-2,-5,5,-1,1,1,3,5,4,22,17
2023-08-26,B1,Kortrijk,Standard,1,1,1,19,23,6,6,838.378487644816,915.113796532166,0,0,2,0,0,1,2,2,0,1,0,1,0,1,0,0,-4,4,0,0,1,1,6,6,23,19
2023-08-27,B1,St Truiden,Cercle Brugge,0,0,2,20,25,4,8,1023.73228812969,1013.06414395606,0,1,1,0,0,1,1,0,7,6,7,6,7,6,-2,2,-5,5,-4,4,2,0,8,4,25,20
2023-08-27,B1,Anderlecht,Charleroi,2,2,1,15,18,8,5,1056.05109320091,956.42247097077,2,0,0,0,2,1,0,2,9,3,9,3,9,3,1,-1,-3,3,3,-3,1,2,5,8,18,15
2023-09-01,B1,Oud-Heverlee Leuven,Kortrijk,2,3,0,20,13,9,7,888.351895503959,841.855919189984,0,0,0,2,1,0,2,2,2,1,2,1,2,1,3,-3,7,-7,2,-2,0,3,7,9,13,20
2023-09-02,B1,Cercle Brugge,Westerlo,2,2,1,21,7,6,1,1058.26800406205,891.080978871872,0,0,1,1,0,0,1,2,9,1,9,1,9,1,1,-1,14,-14,5,-5,1,2,1,6,7,21
2023-09-02,B1,Mechelen,Eupen,2,1,0,22,9,6,1,1054.93091947733,1030.0877816474,1,2,0,0,1,2,0,0,7,10,7,10,7,10,1,-1,13,-13,5,-5,0,1,1,6,9,22
2023-09-02,B1,Standard,RWD Molenbeek,1,1,1,11,8,4,3,911.636364986998,945.793577022236,0,0,2,1,0,0,2,1,2,6,2,6,2,6,0,0,3,-3,1,-1,1,1,3,4,8,11
2023-09-03,B1,Gent,Club Brugge,2,2,1,14,14,4,7,1090.13007603441,1166.5861129079,0,2,0,0,2,2,1,0,10,10,10,10,10,10,1,-1,0,0,-3,3,1,2,7,4,14,14
2023-09-03,B1,Union SG,Antwerp,1,2,2,24,8,7,5,1019.73756409688,1057.63210518927,2,0,0,0,2,1,0,2,9,7,9,7,9,7,0,0,16,-16,2,-2,2,2,5,7,8,24
2023-09-03,B1,Genk,Anderlecht,1,1,1,12,8,4,4,1052.90670881434,1079.11846362447,0,1,0,0,1,1,2,0,7,12,7,12,7,12,0,0,4,-4,0,0,1,1,4,4,8,12
2023-09-03,B1,Charleroi,St Truiden,1,1,1,18,8,5,5,933.355100547202,978.5284280237,0,0,0,0,2,2,2,1,3,7,3,7,3,7,0,0,10,-10,0,0,1,1,5,5,8,18
2023-09-15,B1,Westerlo,Antwerp,0,0,3,9,15,2,4,873.391586467679,1055.8938843053,0,0,3,0,0,2,3,3,0,8,1,8,1,8,-3,3,-6,6,-2,2,3,0,4,2,15,9
2023-09-16,B1,RWD Molenbeek,Cercle Brugge,2,2,1,10,15,5,4,944.225627602809,1075.95739646625,1,2,0,0,1,2,0,0,7,12,7,12,7,12,1,-1,-5,5,1,-1,1,2,4,5,15,10
2023-09-16,B1,Union SG,Genk,0,0,2,25,7,4,2,1021.47578498084,1054.11151978303,0,2,0,0,3,2,1,0,10,8,10,8,10,8,-2,2,18,-18,2,-2,2,0,2,4,7,25
2023-09-16,B1,Club Brugge,Charleroi,2,4,2,25,14,10,8,1127.65576098613,935.42376533582,1,0,0,1,2,0,0,3,10,3,10,4,10,4,2,-2,11,-11,2,-2,2,4,8,10,14,25
2023-09-17,B1,Eupen,Standard,0,1,3,13,16,3,6,1000.37202751357,913.204314406426,1,0,0,0,1,2,0,3,9,3,10,3,10,3,-2,2,-3,3,-3,3,3,1,6,3,16,13
2023-09-17,B1,Kortrijk,Anderlecht,1,2,2,9,18,4,6,794.578822733076,1077.91365265579,0,0,0,0,1,2,3,1,1,13,1,13,1,13,0,0,-9,9,-2,2,2,2,6,4,18,9
2023-09-17,B1,Oud-Heverlee Leuven,Gent,1,1,1,9,22,2,4,935.628991960867,1129.06042795618,1,2,0,0,2,2,0,0,4,13,5,13,5,13,0,0,-13,13,-2,2,1,1,4,2,22,9
2023-09-17,B1,St Truiden,Mechelen,2,2,0,16,13,4,7,976.459763235081,1084.64667361116,0,1,2,0,0,1,2,0,5,9,8,10,8,10,2,-2,3,-3,-3,3,0,2,7,4,13,16
2023-09-22,B1,Standard,Westerlo,1,0,0,14,3,5,2,967.840117876355,845.131557349726,0,0,0,2,1,0,3,3,6,0,6,1,6,1,0,0,11,-11,3,-3,0,0,2,5,3,14
2023-09-23,B1,Charleroi,Kortrijk,2,1,0,14,13,5,3,913.625676641324,805.340661369165,0,0,0,3,3,0,3,3,3,2,4,2,4,2,1,-1,1,-1,2,-2,0,1,3,5,13,14
2023-09-23,B1,Mechelen,Oud-Heverlee Leuven,0,1,2,16,15,4,8,1027.5572850598,943.717871329897,2,0,0,2,2,0,0,3,9,5,10,6,10,6,-1,1,1,-1,-4,4,2,1,8,4,15,16
2023-09-23,B1,Antwerp,RWD Molenbeek,1,0,0,14,5,3,1,1084.15391342326,987.808763013586,2,0,0,0,2,1,0,2,8,10,11,10,11,10,0,0,9,-9,2,-2,0,0,1,3,5,14
2023-09-24,B1,Genk,St Truiden,1,3,3,20,16,7,6,1093.86152559401,1033.54915178644,0,0,0,0,2,3,3,2,8,5,11,11,11,11,0,0,4,-4,1,-1,3,3,6,7,16,20
2023-09-24,B1,Cercle Brugge,Union SG,0,0,2,6,15,1,7,1032.37426105547,981.725779169859,1,0,0,1,1,0,0,1,9,7,12,10,12,10,-2,2,-9,9,-6,6,2,0,7,1,15,6
2023-09-24,B1,Anderlecht,Club Brugge,1,1,1,8,9,1,3,1067.1518140197,1149.45384968063,3,0,0,1,3,0,0,1,11,12,14,13,14,13,0,0,-1,1,-2,2,1,1,3,1,9,8
2023-09-24,B1,Gent,Eupen,2,2,1,13,14,6,3,1120.97154858715,945.736224043644,1,0,0,1,3,0,0,1,11,6,14,10,14,10,1,-1,-1,1,3,-3,1,2,3,6,14,13
2023-09-27,B1,Antwerp,Gent,1,0,0,14,6,4,2,1079.8273902143,1138.07409999859,0,0,0,0,3,3,1,1,9,11,12,17,12,17,0,0,8,-8,2,-2,0,0,2,4,6,14
2023-09-28,B1,RWD Molenbeek,Union SG,0,2,3,10,16,7,8,992.135286222541,1031.93196711897,2,1,0,0,2,1,0,0,8,7,11,13,11,13,-1,1,-6,6,-1,1,3,2,8,7,16,10
2023-09-28,B1,Club Brugge,Genk,1,1,1,18,15,3,5,1145.73303864133,1091.11160531032,2,3,0,0,3,3,0,0,10,9,14,12,14,12,0,0,3,-3,-2,2,1,1,5,3,15,18
2023-09-29,B1,Kortrijk,Cercle Brugge,2,2,1,10,10,4,2,783.003220868074,982.168073106358,0,0,0,1,2,0,4,1,2,9,2,12,2,12,1,-1,0,0,2,-2,1,2,2,4,10,10
2023-09-30,B1,Eupen,Anderlecht,0,1,3,9,20,3,6,928.633672632203,1070.87262505899,0,0,1,0,0,3,1,2,6,9,10,15,10,15,-2,2,-11,11,-3,3,3,1,6,3,20,9
2023-09-30,B1,Oud-Heverlee Leuven,Standard,0,1,2,11,14,5,3,983.293295022099,962.41298316333,0,1,0,0,3,3,1,0,8,6,9,7,9,7,-1,1,-3,3,2,-2,2,1,3,5,14,11
2023-09-30,B1,Mechelen,Antwerp,1,0,0,14,22,3,4,987.981861367595,1082.48489980903,0,1,1,0,0,3,1,0,9,7,10,13,10,13,0,0,-8,8,-1,1,0,0,4,3,22,14
2023-10-01,B1,Union SG,Charleroi,2,3,1,17,4,7,3,1060.28250414081,935.963117142415,0,0,1,2,0,0,2,4,7,5,16,7,16,7,2,-2,13,-13,4,-4,1,3,3,7,4,17
2023-10-01,B1,Genk,Westerlo,1,3,3,18,10,6,7,1093.60649452973,850.55869206275,0,0,0,0,3,1,4,4,7,1,13,2,13,2,0,0,8,-8,-1,1,3,3,7,6,10,18
2023-10-01,B1,Club Brugge,St Truiden,1,1,1,20,12,7,3,1143.23814942192,1036.29907207013,0,0,0,0,4,4,1,3,8,6,15,12,15,12,0,0,8,-8,4,-4,1,1,3,7,12,20
2023-10-01,B1,RWD Molenbeek,Gent,1,1,1,9,19,3,9,963.7847492007,1135.41659040387,0,0,1,0,0,4,1,2,5,9,11,18,11,18,0,0,-10,10,-6,6,1,1,9,3,19,9
2023-10-06,B1,Charleroi,RWD Molenbeek,2,2,1,22,6,7,3,907.161483938981,971.102866998722,1,0,0,0,4,2,0,3,4,6,7,12,7,12,1,-1,16,-16,4,-4,1,2,3,7,6,22
2023-10-07,B1,Cercle Brugge,Oud-Heverlee Leuven,2,3,2,18,13,7,5,933.600501177511,949.372459239656,0,1,1,0,0,1,1,0,6,7,12,9,12,9,1,-1,5,-5,2,-2,2,3,5,7,13,18
2023-10-07,B1,Westerlo,Kortrijk,2,1,0,13,13,4,3,860.223982860563,831.570792796921,0,0,4,4,0,0,4,4,2,5,3,5,3,5,1,-1,0,0,1,-1,0,1,3,4,13,13
2023-10-07,B1,Anderlecht,Mechelen,2,3,1,19,13,9,3,1097.71523141687,992.22964300277,0,0,0,1,4,0,1,1,9,7,18,11,18,11,2,-2,6,-6,6,-6,1,3,3,9,13,19
2023-10-08,B1,Standard,Club Brugge,2,2,1,7,16,5,7,996.333818945773,1138.46326670466,0,0,0,0,2,1,4,2,9,6,10,16,10,16,1,-1,-9,9,-2,2,1,2,7,5,16,7
2023-10-08,B1,Antwerp,Eupen,2,4,1,27,5,12,2,1078.23711817385,901.791066274331,0,0,0,2,4,0,2,2,7,3,14,10,14,10,3,-3,22,-22,10,-10,1,4,2,12,5,27
2023-10-08,B1,Gent,Genk,1,1,1,18,20,9,6,1128.09847260584,1083.94120373191,2,0,0,0,4,4,0,1,9,7,19,14,19,14,0,0,-2,2,3,-3,1,1,6,9,20,18
2023-10-08,B1,St Truiden,Union SG,0,0,4,9,12,1,7,1041.07395478739,1089.08413734425,1,2,0,0,1,2,0,0,6,10,13,19,13,19,-4,4,-3,3,-6,6,4,0,7,1,12,9
2023-10-20,B1,Union SG,Eupen,2,4,1,21,6,11,1,1144.73007086305,872.794999330987,1,0,0,3,1,0,0,3,12,0,22,10,22,10,3,-3,15,-15,10,-10,1,4,1,11,6,21
2023-10-21,B1,Kortrijk,Club Brugge,2,1,0,6,18,2,4,802.203882282358,1094.05710803993,1,0,0,1,3,0,0,3,4,6,5,16,5,16,1,-1,-12,12,-2,2,0,1,4,2,18,6
2023-10-21,B1,RWD Molenbeek,Westerlo,1,1,1,12,9,6,5,933.279248686896,889.590893375126,0,0,0,0,1,2,2,5,5,5,12,6,12,6,0,0,3,-3,1,-1,1,1,5,6,9,12
2023-10-21,B1,Charleroi,Antwerp,2,3,2,10,11,5,5,944.985102250807,1107.2331851172,2,0,0,0,5,4,0,1,7,9,10,17,10,17,1,-1,-1,1,0,0,2,3,5,5,11,10
2023-10-22,B1,Genk,Mechelen,2,4,0,19,10,9,3,1085.96384219746,961.293116664506,0,0,0,2,4,0,5,2,7,4,15,11,15,11,4,-4,9,-9,6,-6,0,4,3,9,10,19
2023-10-22,B1,Cercle Brugge,Gent,2,2,0,16,10,5,4,967.052155176147,1126.0758341403,1,0,0,0,1,5,0,3,6,7,15,20,15,20,2,-2,6,-6,1,-1,0,2,4,5,10,16
2023-10-22,B1,Standard,Anderlecht,2,3,2,15,13,8,7,1040.7399776105,1128.65175775513,1,1,0,0,3,4,0,0,11,9,13,21,13,21,1,-1,2,-2,1,-1,2,3,7,8,13,15
2023-10-22,B1,Oud-Heverlee Leuven,St Truiden,2,4,0,11,18,4,3,915.920805241019,985.428021268579,0,0,1,0,0,5,2,4,7,6,9,13,9,13,4,-4,-7,7,1,-1,0,4,3,4,18,11
2023-10-27,B1,St Truiden,RWD Molenbeek,2,2,1,9,10,5,3,908.190218605308,931.277863009934,0,0,1,1,0,0,1,4,5,3,10,13,13,13,1,-1,-1,1,2,-2,1,2,3,5,10,9
2023-10-28,B1,Mechelen,Cercle Brugge,0,0,2,11,22,7,4,918.991069597984,1029.69019570569,0,0,0,2,1,0,2,2,1,6,10,18,11,18,-2,2,-11,11,3,-3,2,0,4,7,22,11
2023-10-28,B1,Eupen,Charleroi,2,2,0,8,17,5,5,853.940654563353,990.929488752816,0,0,2,3,0,0,2,5,0,9,9,12,10,13,2,-2,-9,9,0,0,0,2,5,5,17,8
2023-10-28,B1,Anderlecht,Oud-Heverlee Leuven,2,5,1,18,13,9,7,1088.72327127699,993.158607904291,1,0,0,1,5,0,0,1,8,7,21,11,21,12,4,-4,5,-5,2,-2,1,5,7,9,13,18
2023-10-29,B1,Club Brugge,Antwerp,2,2,1,11,8,5,2,1040.11086027564,1061.28879861519,0,0,0,1,5,0,2,2,3,6,15,14,16,17,1,-1,3,-3,3,-3,1,2,2,5,8,11
2023-10-29,B1,Westerlo,Union SG,0,1,3,12,22,4,7,891.592279052088,1163.58441563069,1,3,0,0,1,3,0,0,6,15,6,22,7,25,-2,2,-10,10,-3,3,3,1,7,4,22,12
2023-10-29,B1,Gent,Standard,2,3,1,18,12,9,7,1063.43779361075,1080.66846408865,0,2,0,0,5,4,1,0,6,13,17,16,20,16,2,-2,6,-6,2,-2,1,3,7,9,12,18
2023-10-29,B1,Kortrijk,Genk,0,0,3,12,15,3,9,856.150130046651,1128.26588926398,2,0,0,0,4,5,0,2,7,7,8,15,8,18,-3,3,-3,3,-6,6,3,0,9,3,15,12
2023-11-03,B1,St Truiden,Eupen,1,1,1,16,5,4,1,942.313544754949,914.247023087957,1,0,0,4,1,0,0,4,5,3,10,9,16,13,0,0,11,-11,3,-3,1,1,1,4,5,16
2023-11-04,B1,RWD Molenbeek,Kortrijk,1,1,1,9,5,5,2,897.154536860293,837.312000349493,0,0,0,5,2,0,3,5,2,6,10,8,13,8,0,0,4,-4,3,-3,1,1,2,5,5,9
2023-11-04,B1,Oud-Heverlee Leuven,Westerlo,0,0,2,10,10,2,6,945.963379760116,876.4325904096,1,0,0,0,1,3,0,6,6,6,11,6,12,7,-2,2,0,0,-4,4,2,0,6,2,10,10
2023-11-04,B1,Antwerp,Genk,2,3,2,14,17,5,8,1027.34065060254,1147.10401896114,1,1,0,0,5,6,0,0,5,9,14,18,17,21,1,-1,-3,3,-3,3,2,3,8,5,17,14
2023-11-05,B1,Cercle Brugge,Anderlecht,0,0,3,16,7,2,5,1060.02841785241,1135.91849942116,2,0,0,1,2,0,0,1,9,10,18,21,21,24,-3,3,9,-9,-3,3,3,0,5,2,7,16
2023-11-05,B1,Standard,Mechelen,1,1,1,10,11,4,4,1034.6375591378,888.652847451265,2,0,0,3,4,0,0,3,10,1,16,10,16,11,0,0,-1,1,0,0,1,1,4,4,11,10
2023-11-05,B1,Union SG,Club Brugge,2,2,1,19,5,6,2,1178.74410427317,1074.05900828829,2,0,0,2,2,0,0,4,15,5,22,15,28,19,1,-1,14,-14,4,-4,1,2,2,6,5,19
2023-11-05,B1,Charleroi,Gent,0,1,3,11,17,3,9,930.623120228212,1109.4686985616,3,0,0,1,6,0,0,4,9,6,12,17,13,23,-2,2,-6,6,-6,6,3,1,9,3,17,11
2023-11-10,B1,Westerlo,St Truiden,1,3,3,17,10,4,7,928.951917792644,941.02383787016,0,0,1,1,0,0,1,5,8,5,9,11,10,17,0,0,7,-7,-3,3,3,3,7,4,10,17
2023-11-11,B1,Antwerp,Standard,2,6,0,15,2,9,0,1069.95418113336,1028.28427612502,2,0,0,1,6,0,0,1,7,10,14,16,20,17,6,-6,13,-13,9,-9,0,6,0,9,2,15
2023-11-11,B1,Eupen,RWD Molenbeek,0,1,3,11,20,4,10,915.536729972745,894.425619116124,1,0,0,2,1,0,0,5,4,3,10,8,14,14,-2,2,-9,9,-6,6,3,1,10,4,20,11
2023-11-11,B1,Mechelen,Charleroi,2,1,0,19,6,7,3,895.006130464048,907.538436788105,0,0,1,4,0,0,3,6,2,6,11,11,12,13,1,-1,13,-13,4,-4,0,1,3,7,6,19
2023-11-12,B1,Club Brugge,Cercle Brugge,1,0,0,14,20,7,3,1051.41929910716,1017.22222852918,1,1,0,0,6,1,0,0,4,9,12,18,19,21,0,0,-6,6,4,-4,0,0,3,7,20,14
2023-11-12,B1,Genk,Oud-Heverlee Leuven,2,3,1,18,6,6,3,1104.49048843032,893.444052377071,1,0,0,2,5,0,0,2,8,3,15,11,21,12,2,-2,12,-12,3,-3,1,3,3,6,6,18
2023-11-12,B1,Gent,Anderlecht,1,1,1,10,7,5,2,1132.55338200171,1178.7246887444,1,1,0,0,6,1,0,0,8,12,17,21,26,27,0,0,3,-3,3,-3,1,1,2,5,7,10
2023-11-12,B1,Union SG,Kortrijk,2,3,0,18,11,8,1,1201.3838134543,840.040918093661,3,0,0,0,3,1,0,6,15,7,22,9,31,9,3,-3,7,-7,7,-7,0,3,1,8,11,18
2023-11-24,B1,St Truiden,Antwerp,1,1,1,11,12,5,1,940.46812901793,1143.12395269355,0,0,0,2,2,0,1,3,5,9,11,16,18,23,0,0,-1,1,4,-4,1,1,1,5,12,11
2023-11-25,B1,Cercle Brugge,Eupen,2,2,0,30,6,10,4,1018.79199585437,869.01748121532,0,0,1,0,0,1,1,5,10,4,16,7,22,14,2,-2,24,-24,6,-6,0,2,4,10,6,30
2023-11-25,B1,Charleroi,Westerlo,2,3,2,14,11,4,4,874.384669068008,929.507626644874,0,1,1,0,0,4,1,0,6,8,10,10,13,11,1,-1,3,-3,0,0,2,3,4,4,11,14
2023-11-25,B1,Standard,Genk,2,1,0,13,11,4,2,955.114504564836,1124.5631170681,0,0,0,1,5,0,1,1,7,10,16,17,17,24,1,-1,2,-2,2,-2,0,1,2,4,11,13
2023-11-26,B1,Gent,Union SG,1,1,1,11,12,3,4,1134.66722027454,1213.49531869985,0,4,0,0,7,4,1,0,8,15,17,25,27,34,0,0,-1,1,-1,1,1,1,4,3,12,11
2023-11-26,B1,Oud-Heverlee Leuven,Club Brugge,0,0,1,10,14,3,6,873.371423739285,1049.84953178197,0,0,1,3,0,0,1,5,3,4,10,10,12,20,-1,1,-4,4,-3,3,1,0,6,3,14,10
2023-11-26,B1,Anderlecht,RWD Molenbeek,2,2,1,25,7,8,2,1176.61085047156,940.94486787355,2,1,0,0,6,1,0,0,10,5,19,11,28,17,1,-1,18,-18,6,-6,1,2,2,8,7,25
2023-11-26,B1,Kortrijk,Mechelen,0,0,3,15,10,3,5,827.929412848117,928.159898184146,0,0,1,0,0,1,1,4,4,4,9,11,9,15,-3,3,5,-5,-2,2,3,0,5,3,10,15
2023-12-01,B1,Westerlo,Anderlecht,0,1,3,23,26,7,10,892.472789419772,1189.71760558882,0,0,0,0,1,2,2,1,5,10,10,19,11,31,-2,2,-3,3,-3,3,3,1,10,7,26,23
2023-12-02,B1,RWD Molenbeek,Charleroi,1,0,0,10,18,4,8,927.838112756292,911.41950629311,0,0,0,5,3,0,4,7,5,6,10,13,17,16,0,0,-8,8,-4,4,0,0,8,4,18,10
2023-12-02,B1,Eupen,Kortrijk,1,1,1,14,14,3,3,842.976066589106,788.707084271374,0,0,1,1,0,0,1,7,4,4,4,8,14,9,0,0,0,0,0,0,1,1,3,3,14,14
2023-12-02,B1,Antwerp,Oud-Heverlee Leuven,2,1,0,18,10,5,4,1134.72310774823,856.358379298688,3,0,0,3,7,0,0,3,7,3,16,10,24,12,1,-1,8,-8,1,-1,0,1,4,5,10,18
2023-12-03,B1,Genk,Gent,1,2,2,13,17,6,6,1078.0863542666,1138.23635469327,2,1,0,0,6,1,0,0,9,8,16,15,24,28,0,0,-4,4,0,0,2,2,6,6,17,13
2023-12-03,B1,Mechelen,St Truiden,0,0,2,6,13,5,5,967.382226760889,948.868973963247,1,0,0,0,1,1,0,6,7,6,11,12,18,19,-2,2,-7,7,0,0,2,0,5,5,13,6
2023-12-03,B1,Club Brugge,Standard,2,2,0,13,7,5,2,1066.86257622257,1001.59126736633,0,0,0,2,7,0,1,2,7,7,13,18,23,20,2,-2,6,-6,3,-3,0,2,2,5,7,13
2023-12-03,B1,Union SG,Cercle Brugge,2,2,1,12,13,6,6,1209.92618428111,1044.83341048058,4,0,0,0,4,2,0,1,13,10,25,16,35,25,1,-1,-1,1,0,0,1,2,6,6,13,12
2023-12-08,B1,Kortrijk,Westerlo,0,1,2,16,8,6,3,791.186134667194,879.050265866415,0,0,2,1,0,0,2,1,2,4,9,10,10,11,-1,1,8,-8,3,-3,2,1,3,6,8,16
2023-12-09,B1,Cercle Brugge,Antwerp,0,1,3,15,14,2,8,1026.98929149115,1145.45251455152,1,0,0,0,1,1,0,4,7,10,13,16,25,27,-2,2,1,-1,-6,6,3,1,8,2,14,15
2023-12-09,B1,St Truiden,Oud-Heverlee Leuven,1,1,1,26,4,13,3,995.061354492715,845.628972495403,0,0,0,4,3,0,2,4,9,0,14,7,22,12,0,0,22,-22,10,-10,1,1,3,13,4,26
2023-12-09,B1,Gent,RWD Molenbeek,2,4,0,22,3,10,1,1135.49369168029,927.082570323868,0,0,0,1,8,0,2,1,9,5,15,8,29,18,4,-4,19,-19,9,-9,0,4,1,10,3,22
2023-12-10,B1,Mechelen,Club Brugge,1,0,0,9,13,4,2,921.189846231421,1102.57642510864,0,1,1,0,0,1,1,0,7,10,8,13,18,26,0,0,-4,4,2,-2,0,0,2,4,13,9
2023-12-10,B1,Eupen,Genk,0,1,3,11,18,4,10,840.497016193286,1080.82901727959,0,0,0,2,1,0,2,2,5,7,5,14,15,25,-2,2,-7,7,-6,6,3,1,10,4,18,11
2023-12-10,B1,Anderlecht,Standard,1,2,2,12,13,4,4,1203.14012914218,965.877418480268,3,0,0,3,7,0,0,3,13,4,21,17,34,20,0,0,-1,1,0,0,2,2,4,4,13,12
2023-12-10,B1,Charleroi,Union SG,0,1,3,9,17,3,9,912.175048725534,1227.77030327054,1,0,0,0,1,5,0,1,4,13,13,28,17,38,-2,2,-8,8,-6,6,3,1,9,3,17,9
2023-12-15,B1,Westerlo,Eupen,2,2,0,20,15,4,7,903.125898750828,822.914187528285,0,0,1,1,0,0,3,6,7,2,13,5,14,15,2,-2,5,-5,-3,3,0,2,7,4,15,20
2023-12-16,B1,Oud-Heverlee Leuven,Cercle Brugge,0,1,2,9,12,3,5,852.115463479478,997.531806829,0,0,2,1,0,0,2,2,1,4,7,13,13,25,-1,1,-3,3,-2,2,2,1,5,3,12,9
2023-12-16,B1,RWD Molenbeek,St Truiden,2,3,0,7,12,6,1,897.214274621193,988.57486350864,0,1,0,0,4,2,5,0,5,7,7,12,18,23,3,-3,-5,5,5,-5,0,3,1,6,12,7
2023-12-16,B1,Standard,Charleroi,1,0,0,6,7,1,2,975.37181058126,899.909929354406,1,0,0,0,6,1,0,8,5,4,15,13,21,17,0,0,-1,1,-1,1,0,0,2,1,7,6
2023-12-17,B1,Club Brugge,Gent,2,2,0,13,8,4,2,1094.90765678378,1165.36198738297,1,0,0,0,8,2,0,1,8,9,13,15,27,32,2,-2,5,-5,2,-2,0,2,2,4,8,13
2023-12-17,B1,Union SG,Mechelen,2,1,0,24,15,8,8,1240.03542264167,928.858614556279,5,1,0,0,5,2,0,0,13,8,28,9,41,19,1,-1,9,-9,0,0,0,1,8,8,15,24
2023-12-17,B1,Antwerp,Anderlecht,1,1,1,19,10,5,4,1174.90999921367,1193.64573704119,4,1,0,0,8,3,0,0,13,11,18,21,30,35,0,0,9,-9,1,-1,1,1,4,5,10,19
2023-12-17,B1,Genk,Kortrijk,2,4,0,27,5,9,1,1098.41184594459,767.110501782781,0,0,0,0,7,1,1,8,7,2,16,8,28,10,4,-4,22,-22,8,-8,0,4,1,9,5,27
2023-12-20,B1,Cercle Brugge,Kortrijk,2,3,0,24,6,13,1,1016.86936413113,750.429486927614,0,0,1,1,0,0,1,9,7,1,16,8,28,10,3,-3,18,-18,12,-12,0,3,1,13,6,24
2023-12-20,B1,Mechelen,Standard,2,3,0,28,14,8,3,919.711981257971,971.950296729483,0,0,0,0,1,1,2,4,7,5,9,15,19,22,3,-3,14,-14,5,-5,0,3,3,8,14,28
2023-12-21,B1,Gent,Oud-Heverlee Leuven,2,4,0,21,9,6,2,1112.73068544665,832.777906177344,1,0,0,0,9,1,0,5,6,1,14,4,32,13,4,-4,12,-12,4,-4,0,4,2,6,9,21
2023-12-22,B1,RWD Molenbeek,Club Brugge,0,1,6,10,15,3,10,965.763714858169,1147.53895872009,1,0,0,0,5,2,0,1,7,11,10,15,21,30,-5,5,-5,5,-7,7,6,1,10,3,15,10
2023-12-23,B1,Eupen,Union SG,0,1,2,1,20,1,8,789.005745395682,1249.18205593998,0,1,1,0,0,6,3,0,1,13,5,28,15,44,-1,1,-19,19,-7,7,2,1,8,1,20,1
2023-12-23,B1,Antwerp,Westerlo,1,2,2,15,12,6,6,1175.77197644759,937.034340883431,0,1,0,0,9,1,1,0,11,7,18,15,31,17,0,0,3,-3,0,0,2,2,6,6,12,15
2023-12-23,B1,St Truiden,Charleroi,2,1,0,16,4,7,0,920.025423271663,903.331443206183,0,0,0,0,4,2,3,9,6,5,11,11,23,18,1,-1,12,-12,7,-7,0,1,0,7,4,16
2023-12-23,B1,Anderlecht,Genk,2,2,1,9,20,3,7,1192.78375980727,1115.09286079975,0,1,0,0,8,1,1,0,9,10,21,18,36,31,1,-1,-11,11,-4,4,1,2,7,3,20,9
2023-12-26,B1,Genk,Antwerp,2,3,0,16,3,8,1,1090.13152925869,1166.2336895621,1,1,0,0,8,2,0,0,7,9,17,18,31,32,3,-3,13,-13,7,-7,0,3,1,8,3,16
2023-12-26,B1,Kortrijk,Gent,0,0,2,7,20,3,9,731.076714678846,1134.19406485332,0,0,3,1,0,0,3,2,1,8,5,16,10,35,-2,2,-13,13,-6,6,2,0,9,3,20,7
2023-12-26,B1,Oud-Heverlee Leuven,Eupen,2,3,0,18,14,7,6,811.314526770671,784.778454233167,0,0,3,2,0,0,3,7,1,1,4,5,13,15,3,-3,4,-4,1,-1,0,3,6,7,14,18
2023-12-26,B1,Westerlo,RWD Molenbeek,2,3,0,13,11,3,4,946.572627768917,927.30466166914,1,0,0,2,1,0,0,2,7,4,15,9,18,21,3,-3,2,-2,-1,1,0,3,4,3,11,13
2023-12-26,B1,Club Brugge,Union SG,1,1,1,9,7,2,3,1185.99801190912,1253.40934710249,2,2,0,0,9,7,0,0,13,13,17,28,33,47,0,0,2,-2,-1,1,1,1,3,2,7,9
2023-12-27,B1,Standard,St Truiden,1,1,1,11,18,2,8,909.280890370734,950.48903306877,0,0,0,1,7,0,1,1,5,8,12,13,22,26,0,0,-7,7,-6,6,1,1,8,2,18,11
2023-12-27,B1,Anderlecht,Cercle Brugge,2,2,0,7,19,4,7,1217.74509134833,1036.2221363799,1,1,0,0,9,1,0,0,11,9,21,19,39,31,2,-2,-12,12,-3,3,0,2,7,4,19,7
2023-12-27,B1,Charleroi,Mechelen,2,3,1,16,11,6,5,872.867833409077,982.38138761672,0,0,1,1,0,0,1,1,5,7,11,11,18,22,2,-2,5,-5,1,-1,1,3,5,6,11,16
2024-01-19,B1,Gent,Mechelen,0,1,2,23,9,7,2,1142.03904255949,925.139952581241,2,0,0,2,10,0,0,2,10,4,18,11,38,22,-1,1,14,-14,5,-5,2,1,2,7,9,23
2024-01-20,B1,Genk,Cercle Brugge,1,1,1,12,19,3,6,1156.42027344507,1013.39864567071,2,0,0,1,9,0,0,1,10,6,19,16,34,31,0,0,-7,7,-3,3,1,1,6,3,19,12
2024-01-20,B1,Standard,Kortrijk,0,0,1,20,5,4,2,911.169746594825,723.231736972676,0,0,0,2,8,0,2,10,3,1,10,5,23,10,-1,1,15,-15,2,-2,1,0,2,4,5,20
2024-01-20,B1,Club Brugge,Westerlo,2,3,0,14,2,9,0,1189.06404040479,998.083124388482,0,0,0,0,10,2,1,1,11,10,18,15,34,21,3,-3,12,-12,9,-9,0,3,0,9,2,14
2024-01-21,B1,Antwerp,Charleroi,2,4,1,20,8,8,5,1099.94494537572,930.109268444556,0,0,0,1,10,0,2,10,8,5,15,11,32,21,3,-3,12,-12,3,-3,1,4,5,8,8,20
2024-01-21,B1,Union SG,St Truiden,2,2,1,16,5,5,2,1250.34331860683,948.600176844679,6,0,0,0,6,1,0,2,13,8,26,14,48,27,1,-1,11,-11,3,-3,1,2,2,5,5,16
2024-01-21,B1,Oud-Heverlee Leuven,Anderlecht,1,1,1,8,12,4,4,861.689244311381,1240.56858205753,1,0,0,0,1,4,0,1,4,11,7,21,16,42,0,0,-4,4,0,0,1,1,4,4,12,8
2024-01-24,B1,RWD Molenbeek,Eupen,0,0,1,8,11,3,6,875.794165049576,734.403736692457,0,0,1,3,0,0,1,8,4,1,9,5,21,15,-1,1,-3,3,-3,3,1,0,6,3,11,8
2024-01-26,B1,Cercle Brugge,Standard,1,1,1,26,11,7,2,1019.63660110266,863.371637181199,1,0,0,1,1,0,0,5,7,3,14,7,32,23,0,0,15,-15,5,-5,1,1,2,7,11,26
2024-01-27,B1,Kortrijk,Oud-Heverlee Leuven,1,0,0,13,8,3,2,771.029846386302,874.442227306044,0,0,4,1,0,0,4,6,3,5,5,5,13,16,0,0,5,-5,1,-1,0,0,2,3,8,13
2024-01-27,B1,Charleroi,Club Brugge,0,1,4,14,17,6,7,900.295997121146,1216.31425360785,1,1,0,0,1,3,0,0,4,11,8,21,20,36,-3,3,-3,3,-1,1,4,1,7,6,17,14
2024-01-27,B1,Gent,Westerlo,1,2,2,14,11,5,6,1092.30768333283,970.83291118542,0,0,1,1,0,0,1,2,9,10,18,14,35,20,0,0,3,-3,-1,1,2,2,6,5,11,14
2024-01-28,B1,St Truiden,Genk,1,1,1,12,10,4,3,939.019517073491,1150.18231801312,1,0,0,1,5,0,0,1,5,10,14,17,24,32,0,0,2,-2,1,-1,1,1,3,4,10,12
2024-01-28,B1,Eupen,Antwerp,2,1,0,9,15,3,2,778.752012229569,1129.75821669913,0,0,2,1,0,0,4,1,3,8,8,18,17,32,1,-1,-6,6,1,-1,0,1,2,3,15,9
2024-01-28,B1,Anderlecht,Union SG,1,2,2,11,14,2,8,1227.81559906287,1259.92397837802,2,0,0,0,10,8,0,1,9,13,22,26,43,48,0,0,-3,3,-6,6,2,2,8,2,14,11
2024-01-28,B1,Mechelen,RWD Molenbeek,2,3,1,24,6,8,3,974.871311807902,831.445889512464,1,0,0,3,2,0,0,3,7,3,14,8,24,21,2,-2,18,-18,5,-5,1,3,3,8,6,24
2024-01-30,B1,Club Brugge,Kortrijk,1,3,3,31,7,10,5,1231.53251883987,775.656338673995,1,1,0,0,11,1,0,0,13,4,21,6,36,14,0,0,24,-24,5,-5,3,3,5,10,7,31
2024-01-30,B1,Westerlo,Cercle Brugge,2,4,2,9,14,5,3,976.209704555058,1012.88928541581,2,0,0,0,2,1,0,2,8,8,15,12,21,30,2,-2,-5,5,2,-2,2,4,3,5,14,9
2024-01-31,B1,Charleroi,Eupen,2,1,0,12,7,3,2,885.077731889127,835.260063154301,0,1,1,0,0,1,1,0,4,6,8,8,20,17,1,-1,5,-5,1,-1,0,1,2,3,7,12
2024-01-31,B1,Oud-Heverlee Leuven,Genk,2,2,1,12,15,4,2,869.815735018351,1141.50137003842,0,0,0,0,2,1,1,2,5,8,6,15,17,33,1,-1,-3,3,2,-2,1,2,2,4,15,12
2024-01-31,B1,Union SG,RWD Molenbeek,2,3,2,11,8,5,2,1258.44952804006,804.730342740763,7,0,0,4,7,0,0,4,11,3,24,8,46,18,1,-1,3,-3,3,-3,2,3,2,5,8,11
2024-01-31,B1,Standard,Antwerp,0,0,1,15,4,4,2,870.118952868051,1073.25016577439,0,0,1,2,0,0,3,2,3,5,8,18,24,32,-1,1,11,-11,2,-2,1,0,2,4,4,15
2024-02-01,B1,Mechelen,Anderlecht,1,2,2,14,16,7,4,1001.5868585796,1229.29004940083,2,0,0,0,3,5,0,2,9,9,17,20,27,41,0,0,-2,2,3,-3,2,2,4,7,16,14
2024-02-01,B1,St Truiden,Gent,2,4,1,23,4,12,1,947.700465048184,1086.93088996319,0,1,0,0,6,1,1,0,5,7,12,16,22,33,3,-3,19,-19,11,-11,1,4,1,12,4,23
2024-02-03,B1,RWD Molenbeek,Standard,1,2,2,12,13,4,4,800.353912492231,854.952334278049,0,0,2,0,0,1,2,6,0,2,7,7,15,23,0,0,-1,1,0,0,2,2,4,4,13,12
2024-02-03,B1,Kortrijk,Charleroi,2,1,0,11,7,4,1,789.493300666453,912.520543884964,0,0,0,2,1,0,5,11,5,6,6,11,15,22,1,-1,4,-4,3,-3,0,1,1,4,7,11
2024-02-03,B1,Westerlo,Oud-Heverlee Leuven,0,0,3,11,9,7,6,1024.68034761223,922.738561828077,3,0,0,0,3,1,0,7,8,8,15,9,24,20,-3,3,2,-2,1,-1,3,0,6,7,9,11
2024-02-03,B1,Genk,Union SG,0,0,1,10,12,3,4,1088.5785432287,1262.82595828859,0,0,0,0,10,9,1,2,5,11,15,24,30,46,-1,1,-2,2,-1,1,1,0,4,3,12,10
2024-02-04,B1,Antwerp,Club Brugge,2,2,1,11,13,3,4,1088.4167843644,1217.69555684741,1,2,0,0,11,4,0,0,7,11,18,22,32,34,1,-1,-2,2,-1,1,1,2,4,3,13,11
2024-02-04,B1,Eupen,Mechelen,0,0,1,18,4,5,1,807.817251158464,1010.7913746927,1,1,0,0,1,1,0,0,6,10,7,17,17,28,-1,1,14,-14,4,-4,1,0,1,5,4,18
2024-02-04,B1,Anderlecht,Gent,2,1,0,11,13,3,4,1220.08553328773,1011.64567623553,0,0,0,1,11,0,1,1,9,7,18,13,39,30,1,-1,-2,2,-1,1,0,1,4,3,13,11
2024-02-04,B1,Cercle Brugge,St Truiden,2,4,1,17,6,6,3,964.418642358629,1022.98567877585,0,0,0,1,2,0,1,3,5,8,12,14,30,25,3,-3,11,-11,3,-3,1,4,3,6,6,17
2024-02-09,B1,St Truiden,Kortrijk,2,1,0,15,10,3,2,959.347811787731,832.373536733273,1,0,0,0,7,2,0,1,5,8,13,9,24,18,1,-1,5,-5,1,-1,0,1,2,3,10,15
2024-02-10,B1,Standard,Oud-Heverlee Leuven,2,1,0,11,8,5,2,852.45847902372,992.826506309513,0,1,2,0,0,2,4,0,3,11,8,12,24,22,1,-1,3,-3,3,-3,0,1,2,5,8,11
2024-02-10,B1,Union SG,Westerlo,1,2,2,17,9,3,4,1279.999873358,954.592403130798,8,0,0,0,8,1,0,3,11,7,24,14,49,24,0,0,8,-8,-1,1,2,2,4,3,9,17
2024-02-10,B1,Club Brugge,Eupen,2,4,0,21,4,6,1,1174.30924823756,792.640165348097,0,0,0,1,12,0,1,1,8,6,21,7,31,14,4,-4,17,-17,5,-5,0,4,1,6,4,21
2024-02-11,B1,RWD Molenbeek,Antwerp,0,0,4,2,13,1,9,802.84776774656,1131.80309297425,0,1,0,0,1,1,3,0,1,9,5,18,16,34,-4,4,-11,11,-8,8,4,0,9,1,13,2
2024-02-11,B1,Mechelen,Genk,1,1,1,11,14,2,1,1025.96846050307,1071.40462815928,0,0,0,1,4,0,1,3,10,5,17,12,28,29,0,0,-3,3,1,-1,1,1,1,2,14,11
2024-02-11,B1,Charleroi,Anderlecht,0,1,3,16,8,6,4,869.640307818144,1234.90135589727,1,0,0,0,1,6,0,3,6,9,11,20,21,39,-2,2,8,-8,2,-2,3,1,4,6,8,16
2024-02-11,B1,Gent,Cercle Brugge,0,1,2,20,11,10,2,996.829853625988,1028.05650934674,0,0,0,1,1,0,2,3,4,5,12,14,29,30,-1,1,9,-9,8,-8,2,1,2,10,11,20
2024-02-16,B1,Westerlo,Standard,2,2,1,13,12,5,2,966.33088778717,896.726519052644,0,0,1,0,0,2,1,7,5,5,15,8,25,26,1,-1,1,-1,3,-3,1,2,2,5,12,13
2024-02-17,B1,Genk,RWD Molenbeek,2,3,1,21,11,9,5,1069.32406263749,785.969624560764,0,0,1,5,0,0,2,5,3,1,13,5,29,15,2,-2,10,-10,4,-4,1,3,5,9,11,21
2024-02-17,B1,Oud-Heverlee Leuven,Charleroi,1,0,0,17,6,0,0,948.55846628059,860.093096849908,1,0,0,3,3,0,0,12,8,3,12,8,22,21,0,0,11,-11,0,0,0,0,0,0,6,17
2024-02-17,B1,Antwerp,Mechelen,0,0,1,15,6,3,4,1148.68123616004,1028.04902602486,2,2,0,0,12,2,0,0,12,11,20,15,36,26,-1,1,9,-9,-1,1,1,0,4,3,6,15
2024-02-18,B1,Cercle Brugge,Club Brugge,1,1,1,7,13,4,3,1057.18814742785,1187.21170049151,1,0,0,1,3,0,0,1,8,10,14,21,30,34,0,0,-6,6,1,-1,1,1,3,4,13,7
2024-02-18,B1,Kortrijk,Union SG,0,1,3,6,18,2,9,811.57403057028,1268.26138870163,1,1,0,0,2,10,0,0,8,11,9,24,17,49,-2,2,-12,12,-7,7,3,1,9,2,18,6
2024-02-18,B1,Anderlecht,St Truiden,2,4,1,17,12,8,4,1244.44856686551,980.147317950724,1,0,0,2,12,0,0,4,9,7,20,15,39,27,3,-3,5,-5,4,-4,1,4,4,8,12,17
2024-02-18,B1,Eupen,Gent,0,0,2,4,8,3,4,779.73771309415,967.698215544877,0,0,1,2,0,0,1,2,6,1,7,11,11,26,-2,2,-4,4,-1,1,2,0,4,3,8,4
2024-02-23,B1,Charleroi,Genk,0,0,1,6,19,4,7,864.081259355966,1083.68103732097,0,0,1,0,0,1,1,4,4,5,8,15,21,29,-1,1,-13,13,-3,3,1,0,7,4,19,6
2024-02-24,B1,RWD Molenbeek,Oud-Heverlee Leuven,1,1,1,10,9,3,3,771.612649877278,944.570303774531,0,0,1,1,0,0,4,1,1,8,4,13,12,20,0,0,1,-1,0,0,1,1,3,3,9,10
2024-02-24,B1,St Truiden,Westerlo,2,1,0,15,12,3,3,960.597792703486,992.004499664929,2,0,0,0,8,2,0,4,7,8,12,18,26,28,1,-1,3,-3,0,0,0,1,3,3,12,15
2024-02-24,B1,Mechelen,Kortrijk,2,3,0,9,11,4,1,1070.73371755892,805.670687202681,0,0,0,1,5,0,2,2,11,5,18,8,26,17,3,-3,-2,2,3,-3,0,3,1,4,11,9
2024-02-25,B1,Club Brugge,Anderlecht,0,1,2,16,11,6,6,1181.48861315232,1263.99809211275,1,1,0,0,13,7,0,0,8,11,19,20,32,41,-1,1,5,-5,0,0,2,1,6,6,11,16
2024-02-25,B1,Gent,Antwerp,1,2,2,13,8,5,5,989.901578590299,1105.99654462599,0,2,1,0,0,2,3,0,4,9,13,17,28,33,0,0,5,-5,0,0,2,2,5,5,8,13
2024-02-25,B1,Union SG,Standard,2,2,1,12,8,7,4,1274.16473206923,871.052907174885,0,0,0,1,9,0,1,8,11,5,24,8,52,25,1,-1,4,-4,3,-3,1,2,4,7,8,12
2024-02-25,B1,Eupen,Cercle Brugge,0,0,2,12,17,1,8,757.534350048729,1062.91123476704,0,1,2,0,0,1,2,0,3,8,6,15,11,28,-2,2,-5,5,-7,7,2,0,8,1,17,12
2024-03-01,B1,Westerlo,Charleroi,0,0,1,15,7,3,1,957.119688421076,849.984246446128,1,0,0,0,1,1,0,13,7,4,15,8,28,21,-1,1,8,-8,2,-2,1,0,1,3,7,15
2024-03-02,B1,Cercle Brugge,Mechelen,0,2,3,12,15,5,6,1075.81017398814,1090.21298051264,0,3,0,0,4,3,1,0,10,11,18,20,31,29,-1,1,-3,3,-1,1,3,2,6,5,15,12
2024-03-02,B1,Oud-Heverlee Leuven,Union SG,0,0,2,9,9,2,2,937.203987220992,1279.88885865094,0,2,0,0,4,11,1,0,8,13,13,24,20,52,-2,2,0,0,0,0,2,0,2,2,9,9
2024-03-02,B1,Standard,Gent,2,4,2,19,11,7,7,865.328780593179,995.057469071624,1,1,0,0,1,1,0,0,4,4,7,11,22,26,2,-2,8,-8,0,0,2,4,7,7,11,19
2024-03-03,B1,Genk,Club Brugge,0,0,3,10,12,5,5,1097.77805023081,1156.9483056919,1,0,0,0,1,1,0,2,7,5,15,18,31,31,-3,3,-2,2,0,0,3,0,5,5,12,10
2024-03-03,B1,Antwerp,St Truiden,2,3,0,19,4,11,0,1100.84065414466,995.482603947339,0,0,1,3,0,0,1,5,10,9,15,14,33,26,3,-3,15,-15,11,-11,0,3,0,11,4,19
2024-03-03,B1,Anderlecht,Eupen,2,1,0,14,15,5,3,1288.53839957316,744.635410827637,2,0,0,2,13,0,0,2,13,0,22,6,43,11,1,-1,-1,1,2,-2,0,1,3,5,15,14
2024-03-03,B1,Kortrijk,RWD Molenbeek,2,3,2,17,12,7,4,786.191424248963,778.978966430818,0,0,1,6,0,0,1,6,4,2,8,5,16,12,1,-1,5,-5,3,-3,2,3,4,7,12,17
2024-03-08,B1,Mechelen,Westerlo,2,3,1,10,21,4,4,1120.88719237048,915.553450652557,1,0,0,1,6,0,0,5,13,4,23,12,32,27,2,-2,-11,11,0,0,1,3,4,4,21,10
2024-03-09,B1,Kortrijk,Antwerp,0,0,1,3,15,1,5,817.527227741857,1139.32473087085,1,0,0,0,1,3,0,1,6,10,11,17,19,35,-1,1,-12,12,-4,4,1,0,5,1,15,3
2024-03-09,B1,Charleroi,Cercle Brugge,1,0,0,6,11,2,2,891.550484214646,1045.1359621303,0,2,2,0,0,2,2,0,4,10,10,15,21,31,0,0,-5,5,0,0,0,0,2,2,11,6
2024-03-09,B1,RWD Molenbeek,Anderlecht,0,0,3,10,11,2,5,747.643162937924,1291.21668475931,0,2,0,0,1,8,5,0,2,15,2,24,12,45,-3,3,-1,1,-3,3,3,0,5,2,11,10
2024-03-10,B1,Genk,Standard,2,1,0,19,6,5,4,1052.44473831105,924.841490738273,0,0,1,2,0,0,1,9,7,7,12,9,30,24,1,-1,13,-13,1,-1,0,1,4,5,6,19
2024-03-10,B1,Club Brugge,Oud-Heverlee Leuven,2,3,1,20,7,8,2,1202.28161761167,926.493584378297,0,0,1,0,0,1,1,2,7,5,18,13,33,17,2,-2,13,-13,6,-6,1,3,2,8,7,20
2024-03-10,B1,Union SG,Gent,1,1,1,18,11,5,6,1290.59926149363,935.544758926531,1,0,0,1,10,0,0,1,13,4,24,11,52,25,0,0,7,-7,-1,1,1,1,6,5,11,18
2024-03-10,B1,Eupen,St Truiden,2,1,0,7,17,2,5,741.95712564149,956.998527221147,0,0,3,4,0,0,3,6,0,6,6,14,11,25,1,-1,-10,10,-3,3,0,1,5,2,17,7
2024-03-16,B1,Standard,Eupen,2,4,0,13,9,5,5,904.092785726511,791.569567311394,2,0,0,3,2,0,0,3,6,3,9,9,21,14,4,-4,4,-4,0,0,0,4,5,5,9,13
2024-03-16,B1,Anderlecht,Kortrijk,0,0,1,17,11,5,4,1295.78908467594,808.849496001315,3,0,0,2,14,0,0,3,15,3,24,11,45,16,-1,1,6,-6,1,-1,1,0,4,5,11,17
2024-03-17,B1,St Truiden,Club Brugge,2,2,1,13,19,5,8,907.386085551242,1217.16925855277,3,1,0,0,9,2,0,0,6,10,11,18,24,35,1,-1,-6,6,-3,3,1,2,8,5,19,13
2024-03-17,B1,Antwerp,Union SG,1,1,1,9,13,3,4,1148.00246261139,1278.26884445936,1,3,0,0,1,12,0,0,10,11,19,22,37,50,0,0,-4,4,-1,1,1,1,4,3,13,9
2024-03-17,B1,Cercle Brugge,RWD Molenbeek,2,4,0,20,4,8,1,1038.4904261569,743.070763021289,0,0,1,7,0,0,2,7,8,1,13,2,32,11,4,-4,16,-16,7,-7,0,4,1,8,4,20
2024-03-17,B1,Gent,Charleroi,2,5,0,13,12,9,5,947.8751759608,898.196020188039,0,1,0,0,1,2,4,0,5,5,9,11,25,22,5,-5,1,-1,4,-4,0,5,5,9,12,13
2024-03-17,B1,Oud-Heverlee Leuven,Mechelen,2,1,0,14,16,4,5,911.605943437192,1141.47338761398,0,4,1,0,0,4,2,0,2,13,13,23,17,34,1,-1,-2,2,-1,1,0,1,5,4,16,14
2024-03-17,B1,Westerlo,Genk,1,1,1,12,9,4,2,894.967255409054,1073.19344332281,0,1,1,0,0,2,1,0,4,10,11,15,26,32,0,0,3,-3,2,-2,1,1,2,4,9,12
2024-03-29,B1,Gent,Standard,2,5,1,15,11,8,4,1011.35046025753,948.406294905925,1,0,0,3,2,0,0,10,8,6,9,11,27,21,4,-4,4,-4,4,-4,1,5,4,8,11,15
2024-03-30,B1,Oud-Heverlee Leuven,Mechelen,0,2,3,18,11,5,8,962.14786294866,1090.93146810251,1,0,0,1,1,0,0,1,5,12,13,23,20,34,-1,1,7,-7,-3,3,3,2,8,5,11,18
2024-03-30,B1,Anderlecht,Antwerp,2,1,0,20,8,8,2,1235.44729932053,1153.73529943095,0,1,1,0,0,4,1,0,12,8,21,20,42,35,1,-1,12,-12,6,-6,0,1,2,8,8,20
2024-03-31,B1,St Truiden,Westerlo,2,2,0,14,13,6,5,962.17638078901,902.523429287202,4,0,0,2,10,0,0,6,6,4,13,9,27,24,2,-2,1,-1,1,-1,0,2,5,6,13,14
2024-04-01,B1,Cercle Brugge,Club Brugge,1,1,1,10,28,4,7,1058.40771015139,1162.378963315,1,0,0,1,1,0,0,1,8,7,16,17,32,35,0,0,-18,18,-3,3,1,1,7,4,28,10
2024-04-01,B1,Genk,Union SG,2,1,0,7,12,3,4,1065.63726944466,1272.53600763981,1,0,0,0,1,13,0,1,10,11,13,22,32,48,1,-1,-5,5,-1,1,0,1,4,3,12,7
2024-04-05,B1,Mechelen,St Truiden,0,2,3,17,16,6,7,1111.5850120484,998.576997066733,2,0,0,5,7,0,0,7,12,9,23,16,37,30,-1,1,1,-1,-1,1,3,2,7,6,16,17
2024-04-06,B1,Charleroi,RWD Molenbeek,1,0,0,14,10,3,3,834.720735891306,723.153479026802,0,0,0,8,1,0,3,8,5,1,8,2,19,11,0,0,4,-4,0,0,0,0,3,3,10,14
2024-04-06,B1,Standard,Oud-Heverlee Leuven,1,0,0,13,8,6,2,895.463029514781,941.494319002769,3,0,0,1,3,0,0,3,6,4,11,12,18,17,0,0,5,-5,4,-4,0,0,2,6,8,13
2024-04-06,B1,Antwerp,Genk,0,0,1,11,18,2,6,1129.12549587683,1114.72019663151,0,0,0,0,2,3,1,1,8,10,17,15,35,32,-1,1,-7,7,-4,4,1,0,6,2,18,11
2024-04-07,B1,Union SG,Cercle Brugge,0,2,3,14,8,9,4,1223.45308045296,1063.05777657247,0,0,0,0,11,3,1,1,8,8,19,16,45,30,-1,1,6,-6,5,-5,3,2,4,9,8,14
2024-04-07,B1,Eupen,Kortrijk,1,1,1,7,12,2,4,747.256058131981,869.191281356731,1,1,0,0,1,1,0,0,3,6,9,14,14,19,0,0,-5,5,-2,2,1,1,4,2,12,7
2024-04-07,B1,Club Brugge,Anderlecht,2,3,1,20,13,8,7,1157.72889689392,1260.05710287464,1,3,0,0,1,9,0,0,7,12,15,23,36,45,2,-2,7,-7,1,-1,1,3,7,8,13,20
2024-04-07,B1,Westerlo,Gent,0,0,3,3,21,3,7,866.12281300948,1064.29372564868,0,0,0,0,1,1,2,2,1,8,9,12,23,30,-3,3,-18,18,-4,4,3,0,7,3,21,3
2024-04-12,B1,St Truiden,Standard,1,3,3,16,17,8,10,1040.63325830982,897.570531963942,5,0,0,4,11,0,0,11,9,7,18,11,30,19,0,0,-1,1,-2,2,3,3,10,8,17,16
2024-04-13,B1,RWD Molenbeek,Eupen,2,3,1,11,8,5,3,728.121735144482,752.651653056714,0,0,1,4,0,0,6,4,2,4,3,7,11,15,2,-2,3,-3,2,-2,1,3,3,5,8,11
2024-04-13,B1,Mechelen,Westerlo,2,3,2,23,14,6,7,1069.52875080531,839.709866336981,0,0,1,3,0,0,1,7,9,1,20,8,37,23,1,-1,9,-9,-1,1,2,3,7,6,14,23
2024-04-13,B1,Genk,Cercle Brugge,1,1,1,13,10,5,2,1148.04621396758,1108.86359910774,2,1,0,0,2,4,0,0,10,8,17,18,32,30,0,0,3,-3,3,-3,1,1,2,5,10,13
2024-04-14,B1,Club Brugge,Antwerp,2,3,0,13,8,6,3,1214.14267014932,1095.79947854076,2,0,0,1,2,0,0,1,10,7,15,17,36,35,3,-3,5,-5,3,-3,0,3,3,6,8,13
2024-04-14,B1,Kortrijk,Charleroi,0,1,2,9,12,2,5,863.795686431997,829.752479773627,0,0,1,1,0,0,1,1,7,5,12,9,17,17,-1,1,-3,3,-3,3,2,1,5,2,12,9
2024-04-14,B1,Anderlecht,Union SG,2,2,1,7,15,5,5,1203.64332961925,1177.64725791769,1,0,0,1,1,0,0,2,9,5,22,18,42,42,1,-1,-8,8,0,0,1,2,5,5,15,7
2024-04-14,B1,Oud-Heverlee Leuven,Gent,2,2,1,12,16,3,6,939.386816553609,1090.70667232118,0,1,1,0,0,2,1,0,4,10,12,14,18,30,1,-1,-4,4,-3,3,1,2,6,3,16,12
2024-04-20,B1,Oud-Heverlee Leuven,St Truiden,2,1,0,20,3,11,0,984.504748902659,1034.39369797757,1,1,0,0,1,1,0,0,7,10,12,16,21,30,1,-1,17,-17,11,-11,0,1,0,11,3,20
2024-04-20,B1,Westerlo,Standard,1,3,3,19,17,6,8,826.248814717335,903.81009229619,0,0,1,0,0,1,3,12,1,5,5,12,20,19,0,0,2,-2,-2,2,3,3,8,6,17,19
2024-04-20,B1,Gent,Mechelen,2,3,1,15,7,5,3,1045.58873997213,1082.98980242496,2,1,0,0,3,1,0,0,10,9,14,22,27,39,2,-2,8,-8,2,-2,1,3,3,5,7,15
2024-04-20,B1,Genk,Anderlecht,2,2,1,22,9,10,2,1146.24939905661,1233.25346111191,0,0,0,1,3,0,1,1,11,9,18,24,33,42,1,-1,13,-13,8,-8,1,2,2,10,9,22
2024-04-21,B1,Cercle Brugge,Antwerp,0,0,1,16,12,4,8,1110.66041401871,1059.15588142339,0,0,0,2,2,0,1,2,9,4,19,14,31,32,-1,1,4,-4,-4,4,1,0,8,4,12,16
2024-04-21,B1,Kortrijk,RWD Molenbeek,0,2,4,16,14,8,8,828.670187372223,775.07068808237,0,0,2,0,0,1,2,9,7,4,11,6,17,14,-2,2,2,-2,0,0,4,2,8,8,14,16
2024-04-21,B1,Union SG,Club Brugge,0,1,2,18,9,6,2,1148.03712642503,1250.78626726669,0,0,1,0,0,1,2,2,2,10,15,17,39,39,-1,1,9,-9,4,-4,2,1,2,6,9,18
2024-04-21,B1,Charleroi,Eupen,2,1,0,19,9,7,3,864.877978833401,705.702700118826,0,0,0,5,2,0,4,5,8,4,12,4,20,12,1,-1,10,-10,4,-4,0,1,3,7,9,19
2024-04-23,B1,St Truiden,Gent,0,0,2,17,15,5,5,997.830078148933,1094.1494299891,0,0,0,1,12,0,1,1,10,12,16,17,29,29,-2,2,2,-2,0,0,2,0,5,5,15,17
2024-04-23,B1,Standard,Mechelen,1,0,0,21,6,6,1,900.296439015808,1034.42911240799,0,0,0,1,4,0,1,1,6,6,12,19,20,36,0,0,15,-15,5,-5,0,0,1,6,6,21
2024-04-23,B1,Westerlo,Oud-Heverlee Leuven,1,1,1,15,20,3,7,829.762467997717,1021.0683687313,0,0,0,0,1,1,4,4,2,10,6,12,20,24,0,0,-5,5,-4,4,1,1,7,3,20,15
2024-04-24,B1,Anderlecht,Cercle Brugge,2,3,0,12,7,5,4,1193.40349696562,1073.95111748911,2,0,0,0,2,5,0,1,6,8,21,16,41,30,3,-3,5,-5,1,-1,0,3,4,5,7,12
2024-04-24,B1,Club Brugge,Genk,2,4,0,15,12,7,4,1273.58929268769,1186.0993632029,3,1,0,0,3,4,0,0,10,11,20,21,41,33,4,-4,3,-3,3,-3,0,4,4,7,12,15
2024-04-25,B1,Antwerp,Union SG,0,0,3,6,13,1,7,1095.86517795299,1125.23410100403,0,0,1,2,0,0,2,3,4,1,14,12,32,36,-3,3,-7,7,-6,6,3,0,7,1,13,6
2024-04-26,B1,Eupen,Charleroi,0,1,2,12,12,2,4,687.416931341363,883.163747610864,0,1,0,0,2,1,1,0,4,8,4,12,11,23,-1,1,0,0,-2,2,2,1,4,2,12,12
2024-04-27,B1,Mechelen,Oud-Heverlee Leuven,2,3,0,17,17,7,4,1028.54170702743,1013.05258113615,1,0,0,0,1,2,0,5,7,8,19,13,34,25,3,-3,0,0,3,-3,0,3,4,7,17,17
2024-04-27,B1,Standard,St Truiden,1,1,1,19,11,6,6,906.183844396369,965.828879215246,0,0,0,1,5,0,2,1,4,7,10,13,18,28,0,0,8,-8,0,0,1,1,6,6,11,19
2024-04-27,B1,Gent,Westerlo,2,3,2,15,23,6,7,1126.15062892278,837.77825559287,3,0,0,4,4,0,0,8,12,2,20,6,31,21,1,-1,-8,8,-1,1,2,3,7,6,23,15
2024-04-28,B1,Genk,Club Brugge,0,0,3,14,11,3,4,1137.50448189719,1322.18417399339,1,1,0,0,4,2,0,0,10,13,20,20,33,41,-3,3,3,-3,-1,1,3,0,4,3,11,14
2024-04-28,B1,Cercle Brugge,Anderlecht,1,1,1,18,9,4,5,1037.46271645114,1229.89189800359,0,0,1,2,0,0,2,2,5,9,13,21,27,41,0,0,9,-9,-1,1,1,1,5,4,9,18
2024-04-28,B1,Union SG,Antwerp,2,4,1,14,3,10,2,1175.16705779792,1045.9322211591,0,1,2,0,0,1,3,0,3,3,14,11,38,31,3,-3,11,-11,8,-8,1,4,2,10,3,14
2024-04-28,B1,RWD Molenbeek,Kortrijk,0,0,1,15,10,4,3,825.641127787841,778.099747666752,1,0,0,0,1,2,0,1,7,4,9,10,16,16,-1,1,5,-5,1,-1,1,0,3,4,10,15
2024-05-03,B1,Westerlo,St Truiden,1,2,2,19,8,6,4,827.553529199482,963.108793035163,0,0,0,0,2,1,5,2,2,5,3,14,21,26,0,0,11,-11,2,-2,2,2,4,6,8,19
2024-05-04,B1,RWD Molenbeek,Charleroi,0,1,3,14,12,6,5,789.289530559453,898.827774654778,0,2,1,0,0,2,1,0,7,10,8,15,13,26,-2,2,2,-2,1,-1,3,1,5,6,12,14
2024-05-04,B1,Mechelen,Gent,0,2,4,15,13,8,5,1080.64382256282,1136.37535531617,2,1,0,0,2,1,0,0,7,12,19,20,37,33,-2,2,2,-2,3,-3,4,2,5,8,13,15
2024-05-04,B1,Cercle Brugge,Genk,2,4,1,16,13,6,6,1045.51718690845,1109.50609063926,0,0,0,1,1,0,3,1,5,7,13,17,28,32,3,-3,3,-3,0,0,1,4,6,6,13,16
2024-05-05,B1,Antwerp,Club Brugge,0,1,2,10,10,5,4,1010.79815212187,1350.18256525133,0,2,2,0,0,3,3,0,3,15,11,22,28,41,-1,1,0,0,1,-1,2,1,4,5,10,10
2024-05-05,B1,Oud-Heverlee Leuven,Standard,2,3,1,16,8,7,1,960.950465600752,908.903930576452,2,0,0,0,2,2,0,13,8,5,12,11,25,19,2,-2,8,-8,6,-6,1,3,1,7,8,16
2024-05-05,B1,Union SG,Anderlecht,1,0,0,19,12,8,9,1210.30112683515,1221.83742754628,1,0,0,0,1,1,0,3,6,7,14,19,38,39,0,0,7,-7,-1,1,0,0,9,8,12,19
2024-05-05,B1,Kortrijk,Eupen,2,1,0,18,10,4,2,814.45134489514,671.75290429745,0,0,3,6,0,0,3,6,7,1,10,4,19,11,1,-1,8,-8,2,-2,0,1,2,4,10,18
2024-05-11,B1,Charleroi,Kortrijk,2,3,1,12,9,8,4,929.298749310129,834.000685281275,1,1,0,0,3,3,0,0,13,7,18,13,26,22,2,-2,3,-3,4,-4,1,3,4,8,9,12
2024-05-11,B1,Eupen,RWD Molenbeek,2,2,0,12,18,4,7,652.203563911315,758.818555904101,0,1,1,0,0,2,2,0,1,7,4,8,11,13,2,-2,-6,6,-3,3,0,2,7,4,18,12
2024-05-11,B1,Anderlecht,Genk,2,2,1,17,19,4,3,1221.30635642233,1045.0431844507,3,0,0,2,3,0,0,2,8,4,17,14,39,29,1,-1,-2,2,1,-1,1,2,3,4,19,17
2024-05-12,B1,Gent,Oud-Heverlee Leuven,0,0,1,12,8,2,4,1173.25757493819,998.286833561926,4,0,0,1,5,0,0,6,12,10,22,14,33,27,-1,1,4,-4,-2,2,1,0,4,2,8,12
2024-05-12,B1,St Truiden,Mechelen,2,2,1,11,7,5,3,957.164830672241,1043.76160294081,0,0,1,0,0,1,2,2,3,7,12,16,26,36,1,-1,4,-4,2,-2,1,2,3,5,7,11
2024-05-12,B1,Antwerp,Cercle Brugge,0,1,2,16,13,4,5,1002.85219994526,1109.98009309701,0,0,3,1,0,0,4,2,3,5,10,13,25,31,-1,1,3,-3,-1,1,2,1,5,4,13,16
2024-05-13,B1,Club Brugge,Union SG,1,2,2,24,17,4,6,1358.12851742793,1210.8321979591,4,1,0,0,4,1,0,0,15,7,25,12,43,36,0,0,7,-7,-2,2,2,2,6,4,17,24
2024-05-17,B1,St Truiden,Oud-Heverlee Leuven,1,1,1,9,9,3,3,996.979529349206,1045.16518792849,1,1,0,0,1,1,0,0,5,10,15,17,29,30,0,0,0,0,0,0,1,1,3,3,9,9
2024-05-18,B1,Westerlo,Mechelen,0,0,2,10,17,2,7,833.497491562403,1003.94690426384,0,0,0,1,3,0,6,3,3,4,4,13,19,36,-2,2,-7,7,-5,5,2,0,7,2,17,10
2024-05-18,B1,Standard,Gent,0,1,4,9,18,2,6,871.567562615277,1126.37922057163,0,2,0,0,6,2,3,0,4,12,11,22,18,33,-3,3,-9,9,-4,4,4,1,6,2,18,9
2024-05-19,B1,Cercle Brugge,Union SG,0,1,2,9,14,3,5,1132.41448846977,1217.23628263951,1,0,0,0,2,2,0,1,7,8,16,10,31,34,-1,1,-5,5,-2,2,2,1,5,3,14,9
2024-05-19,B1,Anderlecht,Club Brugge,0,0,1,13,14,4,2,1238.3348594631,1351.72443274753,4,3,0,0,4,4,0,0,8,13,17,23,41,41,-1,1,-1,1,2,-2,1,0,2,4,14,13
2024-05-20,B1,Genk,Antwerp,2,1,0,9,16,3,6,1028.01468140993,980.417804572501,0,0,1,1,0,0,1,1,3,3,14,7,26,24,1,-1,-7,7,-3,3,0,1,6,3,16,9
2024-05-25,B1,Gent,St Truiden,2,2,0,7,15,4,2,1146.8206487158,999.18444203077,0,0,1,0,0,2,1,3,12,6,24,16,33,27,2,-2,-8,8,2,-2,0,2,2,4,15,7
2024-05-25,B1,Mechelen,Standard,2,3,2,20,7,9,4,1027.86304052312,851.126134471102,0,0,1,1,0,0,1,14,7,3,13,8,36,17,1,-1,13,-13,5,-5,2,3,4,9,7,20
2024-05-25,B1,Oud-Heverlee Leuven,Westerlo,0,1,2,10,21,3,7,1042.96027524692,809.58135530313,3,0,0,5,3,0,0,9,8,3,18,4,31,16,-1,1,-11,11,-4,4,2,1,7,3,21,10
2024-05-26,B1,Antwerp,Anderlecht,2,3,1,21,15,5,5,952.774418604713,1216.4227819436,0,0,4,0,0,2,5,4,0,8,4,14,23,38,2,-2,6,-6,0,0,1,3,5,5,15,21
2024-05-26,B1,Club Brugge,Cercle Brugge,1,0,0,10,7,3,1,1373.63651026703,1108.07526466889,0,1,0,0,5,1,1,0,13,7,23,15,41,28,0,0,3,-3,2,-2,0,0,1,3,7,10
2024-05-26,B1,Union SG,Genk,2,2,0,21,9,8,2,1241.57550644039,1055.65806737772,0,0,0,3,2,0,1,3,11,3,12,14,34,29,2,-2,12,-12,6,-6,0,2,2,8,9,21
2024-06-02,B1,Genk,Gent,0,0,1,10,13,4,5,1033.25910875997,1173.08800588242,1,3,0,0,1,3,0,0,3,12,13,24,26,33,-1,1,-3,3,-1,1,1,0,5,4,13,10
2022-07-22,B1,Standard,Gent,1,2,2,7,25,3,9,834.131691379301,1192.86234848946,0,4,1,0,0,4,4,0,2,12,8,24,17,36,0,0,-18,18,-6,6,2,2,9,3,25,7
2022-07-23,B1,Charleroi,Eupen,2,3,1,12,8,5,7,961.419540674001,709.112341376185,2,0,0,7,4,0,0,7,15,3,20,7,28,13,2,-2,4,-4,-2,2,1,3,7,5,8,12
2022-07-23,B1,Kortrijk,Oud-Heverlee Leuven,0,0,2,15,19,2,6,801.879893917403,992.20478112173,1,0,0,0,1,2,0,1,6,7,13,15,21,28,-2,2,-4,4,-4,4,2,0,6,2,19,15
2022-07-23,B1,Waregem,Seraing,2,2,0,18,2,8,0,1000,1000,0,0,0,0,0,0,0,0,0,0,0,0,0,0,2,-2,16,-16,8,-8,0,2,0,8,2,18
2022-07-23,B1,St Truiden,Union SG,1,1,1,11,14,3,3,972.917084864149,1263.97446505813,0,1,0,0,2,3,1,0,6,11,13,14,26,36,0,0,-3,3,0,0,1,1,3,3,14,11
2022-07-24,B1,Club Brugge,Genk,2,3,2,15,16,5,10,1363.33842820059,1013.48476615294,0,0,0,4,6,0,2,4,11,3,24,10,41,25,1,-1,-1,1,-5,5,2,3,10,5,16,15
2022-07-24,B1,Mechelen,Antwerp,0,0,2,13,9,2,3,1044.85748361492,1024.71818210541,1,0,0,2,1,0,0,2,9,3,16,6,39,26,-2,2,4,-4,-1,1,2,0,3,2,9,13
2022-07-24,B1,Anderlecht,Oostende,2,2,0,13,8,3,1,1144.47901844291,1000,0,0,1,0,0,0,1,0,5,0,14,0,35,0,2,-2,5,-5,2,-2,0,2,1,3,8,13
2022-07-24,B1,Westerlo,Cercle Brugge,2,2,0,18,4,8,0,860.336849428323,1118.37334673533,0,0,1,0,0,2,7,1,5,8,7,13,18,29,2,-2,14,-14,8,-8,0,2,0,8,4,18
2022-07-29,B1,Union SG,Charleroi,2,1,0,16,5,6,4,1253.02078340179,978.053238859589,1,3,0,0,3,3,0,0,9,15,15,23,34,31,1,-1,11,-11,2,-2,0,1,4,6,5,16
2022-07-30,B1,Cercle Brugge,Anderlecht,2,1,0,13,5,5,0,1046.85179549674,1171.08201903883,0,0,1,1,0,0,1,5,7,7,12,14,28,37,1,-1,8,-8,5,-5,0,1,0,5,5,13
2022-07-30,B1,Oostende,Mechelen,2,2,1,9,19,7,7,973.396999404082,998.460477276646,0,1,0,0,0,1,0,0,0,6,0,13,0,36,1,-1,-10,10,0,0,1,2,7,7,19,9
2022-07-30,B1,Oud-Heverlee Leuven,Westerlo,2,2,0,11,14,5,0,1014.18320032285,931.858400666913,0,1,1,0,0,1,1,0,10,7,18,9,30,18,2,-2,-3,3,5,-5,0,2,0,5,14,11
2022-07-30,B1,Gent,St Truiden,1,1,1,13,11,4,7,1180.46374059759,983.87076652049,1,0,0,1,1,0,0,4,10,6,22,11,36,27,0,0,2,-2,-3,3,1,1,7,4,11,13
2022-07-31,B1,Genk,Standard,2,3,1,16,10,5,2,1005.94881826307,846.530299271163,0,0,1,2,0,0,1,15,3,2,7,6,24,17,2,-2,6,-6,3,-3,1,3,2,5,10,16
2022-07-31,B1,Eupen,Club Brugge,2,2,1,13,13,6,5,692.478643190596,1370.87437609045,1,4,0,0,1,5,0,0,3,11,7,26,13,41,1,-1,0,0,1,-1,1,2,5,6,13,13
2022-07-31,B1,Seraing,Kortrijk,0,0,1,18,7,4,3,956.142381974524,779.901474716281,0,0,0,1,0,0,0,1,0,6,0,13,0,21,-1,1,11,-11,1,-1,1,0,3,4,7,18
2022-07-31,B1,Antwerp,Waregem,2,1,0,17,12,7,4,1071.11518844368,1043.85761802548,1,0,0,0,1,0,0,0,6,3,9,3,26,3,1,-1,5,-5,3,-3,0,1,4,7,12,17
2022-08-05,B1,Club Brugge,Waregem,1,1,1,23,7,7,4,1308.13774978038,1014.36299497572,1,0,0,1,7,0,0,1,8,3,23,3,38,3,0,0,16,-16,3,-3,1,1,4,7,7,23
2022-08-06,B1,Genk,Eupen,2,4,2,24,9,14,5,1030.98533129845,755.215269500669,1,0,0,8,1,0,0,8,6,6,9,10,27,16,2,-2,15,-15,9,-9,2,4,5,14,9,24
2022-08-06,B1,Charleroi,Oostende,0,1,3,15,9,3,6,967.14804942181,1007.70143501329,3,0,0,1,5,0,0,1,12,3,20,3,30,3,-2,2,6,-6,-3,3,3,1,6,3,9,15
2022-08-06,B1,Kortrijk,St Truiden,1,0,0,10,18,4,2,826.871369844393,992.067529003996,0,0,1,0,0,1,1,5,9,6,13,9,24,27,0,0,-8,8,2,-2,0,0,2,4,18,10
2022-08-06,B1,Mechelen,Union SG,2,3,0,6,6,4,2,964.156041667438,1263.92597283957,0,0,1,0,0,4,1,1,6,11,13,18,33,36,3,-3,0,0,2,-2,0,3,2,4,6,6
2022-08-07,B1,Standard,Cercle Brugge,2,2,0,10,6,7,3,821.49378623579,1089.82990565959,0,0,0,1,1,0,5,2,1,7,6,12,17,30,2,-2,4,-4,4,-4,0,2,3,7,6,10
2022-08-07,B1,Gent,Westerlo,2,2,1,15,9,5,3,1172.26697811409,898.202620083515,0,0,0,1,2,0,1,1,11,7,23,9,37,18,1,-1,6,-6,2,-2,1,2,3,5,9,15
2022-08-07,B1,Anderlecht,Seraing,2,3,1,12,5,6,2,1128.10390887597,909.172486846412,1,0,0,1,1,0,0,1,6,0,14,0,36,0,2,-2,7,-7,4,-4,1,3,2,6,5,12
2022-08-07,B1,Antwerp,Oud-Heverlee Leuven,2,4,2,17,8,4,4,1100.60981149344,1047.83898090625,2,1,0,0,2,3,0,0,9,10,12,20,29,32,2,-2,9,-9,0,0,2,4,4,4,8,17
2022-08-12,B1,Oostende,Gent,0,1,3,8,13,2,7,1046.46302481264,1183.21928506443,1,0,0,0,1,5,0,1,6,11,6,23,6,40,-2,2,-5,5,-5,5,3,1,7,2,13,8
2022-08-13,B1,Westerlo,Standard,2,4,2,14,12,5,6,887.250313133174,893.78360745801,1,0,0,3,1,0,0,16,6,4,9,8,17,19,2,-2,2,-2,-1,1,2,4,6,5,12,14
2022-08-13,B1,Cercle Brugge,Mechelen,1,0,0,12,10,2,4,1017.54008443737,1056.73439573199,1,0,0,1,1,0,0,1,4,9,11,13,30,35,0,0,2,-2,-2,2,0,0,4,2,10,12
2022-08-13,B1,Seraing,Charleroi,0,0,1,11,13,3,5,889.793794972173,928.386459622463,0,0,1,1,0,0,1,1,0,9,0,19,0,30,-1,1,-2,2,-2,2,1,0,5,3,13,11
2022-08-13,B1,Union SG,Kortrijk,2,2,1,17,6,9,2,1171.34761877502,833.953139211965,2,1,0,0,4,1,0,0,10,7,18,14,33,25,1,-1,11,-11,7,-7,1,2,2,9,6,17
2022-08-14,B1,St Truiden,Anderlecht,0,0,3,12,10,6,7,984.985759636424,1147.48260075021,0,0,0,2,3,0,2,6,4,6,9,14,25,38,-3,3,2,-2,-1,1,3,0,7,6,10,12
2022-08-14,B1,Eupen,Antwerp,0,0,1,16,9,5,3,740.326349766932,1137.85679917058,2,1,0,0,2,1,0,0,6,12,7,15,16,29,-1,1,7,-7,2,-2,1,0,3,5,9,16
2022-08-14,B1,Oud-Heverlee Leuven,Club Brugge,0,0,3,13,12,2,6,1010.59199322911,1297.11793486032,1,0,0,1,1,0,0,1,7,8,17,21,29,38,-3,3,1,-1,-4,4,3,0,6,2,12,13
2022-08-14,B1,Waregem,Genk,0,1,4,15,15,6,6,1025.38280989578,1045.87425103218,1,0,0,5,1,0,0,5,4,6,4,9,4,30,-3,3,0,0,0,0,4,1,6,6,15,15
2022-08-19,B1,Eupen,Seraing,0,1,3,12,16,5,7,734.432537979754,861.333763454528,0,0,1,2,0,0,1,2,6,0,7,0,16,0,-2,2,-4,4,-2,2,3,1,7,5,16,12
2022-08-20,B1,Oostende,St Truiden,0,0,1,12,9,6,3,1019.02892219048,954.248585727516,0,0,1,0,0,2,1,6,6,3,6,9,6,25,-1,1,3,-3,3,-3,1,0,3,6,9,12
2022-08-20,B1,Genk,Cercle Brugge,2,2,1,15,9,5,2,1097.19334520302,1019.337431194,2,0,0,2,2,0,0,3,9,5,12,12,32,28,1,-1,6,-6,3,-3,1,2,2,5,9,15
2022-08-21,B1,Club Brugge,Kortrijk,2,2,1,29,9,12,2,1314.69819206075,825.927123224284,0,0,0,1,8,0,1,1,8,4,21,11,41,25,1,-1,20,-20,10,-10,1,2,2,12,9,29
2022-08-21,B1,Waregem,Charleroi,0,1,3,9,15,4,6,974.063715724941,956.846491140108,0,1,1,0,0,1,1,0,4,9,4,22,4,30,-2,2,-6,6,-2,2,3,1,6,4,15,9
2022-08-21,B1,Standard,Oud-Heverlee Leuven,0,1,3,25,7,8,5,849.101373387176,993.011736028684,1,0,0,1,2,0,0,1,4,6,7,14,19,26,-2,2,18,-18,3,-3,3,1,5,8,7,25
2022-08-21,B1,Mechelen,Westerlo,2,5,4,14,14,7,8,1054.93704897536,931.932547204008,1,0,0,2,1,0,0,2,7,9,14,12,33,17,1,-1,0,0,-1,1,4,5,8,7,14,14
2022-08-26,B1,Charleroi,Club Brugge,0,1,3,21,16,6,6,1002.87570294851,1318.32021255691,0,1,1,0,0,1,1,0,9,10,24,21,33,41,-2,2,5,-5,0,0,3,1,6,6,16,21
2022-08-27,B1,Seraing,Genk,0,0,4,10,11,3,4,889.848630460326,1122.14021513909,0,1,2,0,0,1,2,0,3,12,3,15,3,32,-4,4,-1,1,-1,1,4,0,4,3,11,10
2022-08-27,B1,Cercle Brugge,Waregem,1,1,1,23,8,6,4,994.390561257931,928.034503916538,0,0,0,0,2,1,1,2,4,4,12,4,25,4,0,0,15,-15,2,-2,1,1,4,6,8,23
2022-08-27,B1,Oud-Heverlee Leuven,Oostende,2,2,1,11,15,6,5,1019.67544775018,981.130625548336,0,1,1,0,0,1,1,0,9,6,16,6,29,6,1,-1,-4,4,1,-1,1,2,5,6,15,11
2022-08-27,B1,St Truiden,Mechelen,2,3,1,10,2,4,2,992.146882369657,1076.05866537227,0,0,1,0,0,1,3,2,6,7,12,16,25,35,2,-2,8,-8,2,-2,1,3,2,4,2,10
2022-08-28,B1,Gent,Antwerp,0,1,2,15,6,4,4,1210.65338768659,1143.75061095776,1,2,0,0,3,2,0,0,11,15,23,15,43,29,-1,1,9,-9,0,0,2,1,4,4,6,15
2022-08-28,B1,Kortrijk,Standard,0,0,1,6,16,2,5,822.305102728125,822.437661665675,0,0,0,4,1,0,2,17,4,4,10,6,22,18,-1,1,-10,10,-3,3,1,0,5,2,16,6
2022-08-28,B1,Union SG,Anderlecht,2,2,1,11,9,6,5,1179.3736347627,1178.21977465912,3,1,0,0,5,1,0,0,10,9,21,17,33,38,1,-1,2,-2,1,-1,1,2,5,6,9,11
2022-08-28,B1,Westerlo,Eupen,0,0,1,7,15,5,2,910.810930807101,705.917670973956,2,0,0,9,2,0,0,9,6,3,11,6,17,13,-1,1,-8,8,3,-3,1,0,2,5,15,7
2022-08-31,B1,Antwerp,Union SG,2,4,2,10,8,4,3,1181.83753535844,1211.26736071046,3,0,0,1,3,0,0,2,15,10,18,21,29,35,2,-2,2,-2,1,-1,2,4,3,4,8,10
2022-09-01,B1,Anderlecht,Gent,0,0,1,10,10,1,5,1146.32604871135,1172.56646328591,2,1,0,0,2,6,0,0,9,8,14,20,35,40,-1,1,0,0,-4,4,1,0,5,1,10,10
2022-09-02,B1,Club Brugge,Cercle Brugge,2,4,0,8,13,4,2,1330.59448972094,991.371372687333,1,0,0,3,9,0,0,4,10,5,21,12,43,25,4,-4,-5,5,2,-2,0,4,2,4,13,8
2022-09-03,B1,Genk,St Truiden,1,0,0,17,8,4,3,1148.9701499897,1046.39562455998,3,1,0,0,3,3,0,0,15,8,18,14,32,28,0,0,9,-9,1,-1,0,0,3,4,8,17
2022-09-03,B1,Eupen,Kortrijk,0,0,1,21,14,5,3,754.868120315479,790.317311856874,0,0,2,2,0,0,2,2,6,4,9,10,13,21,-1,1,7,-7,2,-2,1,0,3,5,14,21
2022-09-03,B1,Mechelen,Seraing,0,2,3,8,6,5,2,1021.80992318194,863.018695609715,2,1,0,0,2,1,0,0,7,3,13,3,32,3,-1,1,2,-2,3,-3,3,2,2,5,6,8
2022-09-03,B1,Standard,Oostende,2,1,0,15,14,5,5,854.425452536925,952.666241436793,0,0,1,1,0,0,1,1,6,6,8,6,18,6,1,-1,1,-1,0,0,0,1,5,5,14,15
2022-09-04,B1,Anderlecht,Oud-Heverlee Leuven,1,2,2,21,12,6,4,1116.73829532688,1048.13983186173,0,1,1,0,0,1,1,0,6,9,13,19,32,31,0,0,9,-9,2,-2,2,2,4,6,12,21
2022-09-04,B1,Antwerp,Westerlo,2,3,0,12,11,3,3,1229.40129033474,861.860481465578,4,0,0,3,4,0,0,3,15,3,21,10,32,16,3,-3,1,-1,0,0,0,3,3,3,11,12
2022-09-04,B1,Charleroi,Gent,2,2,1,14,9,7,1,990.601425784472,1202.15421667038,0,2,2,0,0,7,2,0,6,10,21,20,33,42,1,-1,5,-5,6,-6,1,2,1,7,9,14
2022-09-04,B1,Waregem,Union SG,0,1,3,9,12,1,4,931.053692487136,1163.70360573417,0,0,2,2,0,0,2,3,2,9,5,18,5,32,-2,2,-3,3,-3,3,3,1,4,1,12,9
2022-09-09,B1,St Truiden,Standard,0,1,2,22,11,5,2,1050.98673367714,895.24008728107,1,1,0,0,1,1,0,0,8,9,14,10,26,21,-1,1,11,-11,3,-3,2,1,2,5,11,22
2022-09-10,B1,Kortrijk,Mechelen,0,1,4,12,10,3,5,819.06360354332,976.124581127891,0,0,1,1,0,0,3,3,4,7,13,13,23,29,-3,3,2,-2,-2,2,4,1,5,3,10,12
2022-09-10,B1,Oostende,Eupen,2,1,0,10,13,5,3,911.851606692648,726.121828629032,0,1,2,0,0,1,2,0,3,3,6,9,6,13,1,-1,-3,3,2,-2,0,1,3,5,13,10
2022-09-10,B1,Seraing,Club Brugge,0,0,2,4,11,1,4,908.704037663768,1346.62430683317,0,2,3,0,0,2,3,0,6,13,6,21,6,46,-2,2,-7,7,-3,3,2,0,4,1,11,4
2022-09-10,B1,Oud-Heverlee Leuven,Charleroi,2,3,2,10,7,4,5,1051.25848747104,1039.98865208465,1,2,0,0,1,2,0,0,7,9,17,21,31,33,1,-1,3,-3,-1,1,2,3,5,4,7,10
2022-09-11,B1,Westerlo,Anderlecht,2,2,1,13,12,6,3,850.127807474498,1113.61963971757,0,0,1,1,0,0,1,1,3,7,10,13,13,30,1,-1,1,-1,3,-3,1,2,3,6,12,13
2022-09-11,B1,Cercle Brugge,Antwerp,0,0,2,13,11,6,4,975.341555575104,1241.13396432582,0,3,0,0,3,3,2,0,2,15,9,24,22,34,-2,2,2,-2,2,-2,2,0,4,6,11,13
2022-09-11,B1,Union SG,Genk,0,1,2,10,14,3,4,1181.91635672793,1144.37904087254,4,2,0,0,6,2,0,0,9,13,20,19,32,33,-1,1,-4,4,-1,1,2,1,4,3,14,10
2022-09-11,B1,Gent,Waregem,2,2,0,23,5,6,1,1152.7669903702,912.840941493367,0,0,1,0,0,2,1,3,9,2,20,5,42,5,2,-2,18,-18,5,-5,0,2,1,6,5,23
2022-09-16,B1,Antwerp,Seraing,2,2,1,12,10,4,2,1256.7464132554,902.177332283506,5,2,0,0,5,2,0,0,15,6,27,6,34,6,1,-1,2,-2,2,-2,1,2,2,4,10,12
2022-09-17,B1,Mechelen,Oud-Heverlee Leuven,1,0,0,12,10,2,1,1007.55718816515,1082.22086116736,0,0,1,0,0,2,1,1,7,10,16,17,29,34,0,0,2,-2,1,-1,0,0,1,2,10,12
2022-09-17,B1,Cercle Brugge,Oostende,1,2,2,18,16,6,7,959.729106645524,928.207793665634,0,0,1,2,0,0,3,2,2,3,6,9,22,9,0,0,2,-2,-1,1,2,2,7,6,16,18
2022-09-17,B1,Waregem,St Truiden,0,0,3,4,18,2,8,895.225237736584,1005.53137606457,0,0,3,0,0,4,3,1,1,7,5,11,5,26,-3,3,-14,14,-6,6,3,0,8,2,18,4
2022-09-17,B1,Charleroi,Westerlo,0,2,3,14,7,4,3,1009.02627838833,902.611901196074,1,0,0,4,1,0,0,4,9,6,18,12,33,16,-1,1,7,-7,1,-1,3,2,3,4,7,14
2022-09-18,B1,Genk,Gent,2,1,0,10,9,6,0,1179.82296567778,1170.38269412699,0,0,0,1,4,0,1,1,13,9,19,20,33,44,1,-1,1,-1,6,-6,0,1,0,6,9,10
2022-09-18,B1,Eupen,Union SG,0,1,2,9,12,4,3,709.765641656046,1146.47243192269,0,1,3,0,0,1,3,0,3,9,9,19,13,29,-1,1,-3,3,1,-1,2,1,3,4,12,9
2022-09-18,B1,Standard,Club Brugge,2,3,0,9,10,6,1,940.695444893641,1353.15101221344,1,3,0,0,1,3,0,0,9,15,13,23,24,46,3,-3,-1,1,5,-5,0,3,1,6,10,9
2022-09-18,B1,Anderlecht,Kortrijk,2,4,1,12,8,5,3,1061.13554599599,787.630996506064,0,1,0,0,1,1,2,0,4,3,10,10,27,20,3,-3,4,-4,2,-2,1,4,3,5,8,12
2022-09-30,B1,Standard,Seraing,0,0,2,13,10,3,3,1040.47138926188,894.819990613413,2,0,0,1,2,0,0,1,12,6,16,6,24,6,-2,2,3,-3,0,0,2,0,3,3,10,13
2022-10-01,B1,Oud-Heverlee Leuven,Union SG,0,0,3,8,11,2,6,1078.83444237854,1151.26541815397,2,2,0,0,2,2,0,0,11,9,17,19,35,31,-3,3,-3,3,-4,4,3,0,6,2,11,8
2022-10-01,B1,Oostende,Genk,0,1,2,12,10,7,5,929.655434040745,1210.9536984459,1,3,0,0,1,3,0,0,4,13,10,22,10,35,-1,1,2,-2,2,-2,2,1,5,7,10,12
2022-10-01,B1,Westerlo,Waregem,2,2,0,9,12,4,3,944.117624144512,857.447521847085,1,0,0,1,1,0,0,4,6,1,15,5,19,5,2,-2,-3,3,1,-1,0,2,3,4,12,9
2022-10-01,B1,Club Brugge,Mechelen,2,3,0,21,6,10,2,1253.3750678452,1010.94360695397,2,1,0,0,10,1,0,0,12,7,20,14,43,27,3,-3,15,-15,8,-8,0,3,2,10,6,21
2022-10-02,B1,Anderlecht,Charleroi,0,0,1,21,5,8,2,1079.84941263924,967.520555439895,1,0,0,1,2,0,0,1,4,6,13,15,27,33,-1,1,16,-16,6,-6,1,0,2,8,5,21
2022-10-02,B1,Gent,Cercle Brugge,0,3,4,12,14,7,5,1139.25196135887,958.281466270413,1,0,0,4,1,0,0,5,6,2,17,7,41,22,-1,1,-2,2,2,-2,4,3,5,7,14,12
2022-10-02,B1,Kortrijk,Antwerp,2,2,1,13,21,4,5,768.917129862813,1264.10375492549,0,4,2,0,0,4,4,0,3,15,7,30,20,34,1,-1,-8,8,-1,1,1,2,5,4,21,13
2022-10-02,B1,St Truiden,Eupen,0,0,1,22,8,6,4,1043.30909195407,704.97265542476,0,0,1,1,0,0,1,1,10,3,13,9,29,13,-1,1,14,-14,2,-2,1,0,4,6,8,22
2022-10-07,B1,Antwerp,St Truiden,2,2,0,11,4,4,3,1203.60162825341,987.297123064185,6,1,0,0,6,5,0,0,12,7,27,13,33,26,2,-2,7,-7,1,-1,0,2,3,4,4,11
2022-10-08,B1,Genk,Kortrijk,2,2,1,28,6,7,2,1221.53314038739,829.419256534892,1,0,0,1,5,0,0,1,13,6,25,10,35,23,1,-1,22,-22,5,-5,1,2,2,7,6,28
2022-10-08,B1,Seraing,Oostende,1,1,1,13,13,2,2,956.057145533682,919.075992099259,0,0,4,0,0,1,4,3,6,4,9,10,9,10,0,0,0,0,0,0,1,1,2,2,13,13
2022-10-08,B1,Waregem,Oud-Heverlee Leuven,0,2,5,11,14,2,7,824.309047621667,1035.50933829371,0,0,4,0,0,3,4,2,1,8,5,17,5,32,-3,3,-3,3,-5,5,5,2,7,2,14,11
2022-10-08,B1,Club Brugge,Westerlo,0,0,2,29,10,12,5,1275.02668272094,977.25609836993,3,1,0,0,11,1,0,0,12,9,22,15,46,22,-2,2,19,-19,7,-7,2,0,5,12,10,29
2022-10-09,B1,Mechelen,Anderlecht,0,1,3,19,13,3,7,989.291992078229,1037.84956112447,0,0,0,2,1,0,2,2,4,4,11,13,27,27,-2,2,6,-6,-4,4,3,1,7,3,13,19
2022-10-09,B1,Eupen,Gent,0,0,4,10,13,1,6,760.984624314648,1091.94396063094,0,0,4,2,0,0,4,2,6,6,9,14,16,38,-4,4,-3,3,-5,5,4,0,6,1,13,10
2022-10-09,B1,Charleroi,Standard,0,0,1,10,4,3,1,1009.52040695467,979.234234341612,0,2,1,0,0,2,1,0,6,12,15,16,35,24,-1,1,6,-6,2,-2,1,0,1,3,4,10
2022-10-09,B1,Union SG,Cercle Brugge,2,2,1,17,13,7,5,1194.5905222388,1005.58946699834,0,1,1,0,0,1,1,0,9,5,19,9,33,22,1,-1,4,-4,2,-2,1,2,5,7,13,17
2022-10-14,B1,Westerlo,Seraing,1,2,2,10,2,3,2,1051.58318242301,954.360503040442,2,1,0,0,2,1,0,0,12,7,15,10,24,10,0,0,8,-8,1,-1,2,2,2,3,2,10
2022-10-15,B1,Kortrijk,Waregem,0,1,3,8,15,5,8,823.356462207453,799.368225646649,1,0,0,2,1,0,0,5,6,0,10,2,23,5,-2,2,-7,7,-3,3,3,1,8,5,15,8
2022-10-15,B1,Cercle Brugge,Eupen,2,5,1,18,2,10,2,989.461510915507,744.274994208922,0,1,0,0,1,1,4,0,4,3,9,9,21,16,4,-4,16,-16,8,-8,1,5,2,10,2,18
2022-10-15,B1,St Truiden,Charleroi,2,2,1,10,7,3,2,967.689168821525,974.737991398591,0,1,2,0,0,1,2,0,4,6,12,12,23,35,1,-1,3,-3,1,-1,1,2,2,3,7,10
2022-10-15,B1,Oud-Heverlee Leuven,Genk,0,0,1,19,13,7,1,1060.45016026872,1227.59593471483,0,4,1,0,0,4,1,0,8,13,17,28,35,35,-1,1,6,-6,6,-6,1,0,1,7,13,19
2022-10-16,B1,Standard,Antwerp,2,3,0,6,13,4,2,1014.01664989769,1223.20958249607,0,0,1,1,0,0,1,1,12,12,18,27,24,36,3,-3,-7,7,2,-2,0,3,2,4,13,6
2022-10-16,B1,Gent,Mechelen,2,3,0,19,8,9,1,1108.65359073667,951.524311455264,0,0,1,1,0,0,1,1,6,4,16,11,38,24,3,-3,11,-11,8,-8,0,3,1,9,8,19
2022-10-16,B1,Anderlecht,Club Brugge,0,0,1,12,11,4,4,1075.61724174743,1200.69959866785,0,0,1,1,0,0,1,1,7,9,13,19,27,45,-1,1,1,-1,0,0,1,0,4,4,11,12
2022-10-16,B1,Oostende,Union SG,0,1,6,11,17,3,8,920.772634592499,1210.71847832164,0,3,1,0,0,3,1,0,5,12,11,21,11,36,-5,5,-6,6,-5,5,6,1,8,3,17,11
2022-10-18,B1,Charleroi,Kortrijk,1,2,2,11,12,5,6,942.088859907309,776.475554697419,0,0,2,2,0,0,2,2,3,3,12,7,32,20,0,0,-1,1,-1,1,2,2,6,5,12,11
2022-10-18,B1,Eupen,Oud-Heverlee Leuven,2,4,2,22,8,9,4,718.988268742363,1042.75772821185,0,1,5,0,0,4,5,0,3,7,6,14,16,34,2,-2,14,-14,5,-5,2,4,4,9,8,22
2022-10-18,B1,Genk,Westerlo,2,6,1,23,6,10,5,1245.2883667717,1047.21922807245,2,2,0,0,6,2,0,0,15,13,28,16,37,25,5,-5,17,-17,5,-5,1,6,5,10,6,23
2022-10-18,B1,Seraing,Cercle Brugge,0,0,1,5,13,3,2,958.724457391007,1014.74823638207,0,0,0,1,1,0,5,1,5,7,11,9,11,21,-1,1,-8,8,1,-1,1,0,2,3,13,5
2022-10-19,B1,Union SG,Gent,2,2,0,17,2,3,2,1234.1781733359,1140.0774017566,1,1,0,0,1,1,0,0,12,9,21,18,39,41,2,-2,15,-15,1,-1,0,2,2,3,2,17
2022-10-19,B1,Club Brugge,St Truiden,2,3,0,12,7,7,2,1221.65229963587,1000.33830031281,0,0,1,1,0,0,1,1,9,6,22,14,45,23,3,-3,5,-5,5,-5,0,3,2,7,7,12
2022-10-19,B1,Mechelen,Standard,2,2,0,14,8,7,1,920.100500435326,1097.91602883483,0,3,1,0,0,3,3,0,4,12,11,21,24,27,2,-2,6,-6,6,-6,0,2,1,7,8,14
2022-10-20,B1,Antwerp,Oostende,2,3,0,17,6,4,2,1139.31020355893,897.31293957824,7,0,0,0,7,2,0,4,9,5,24,8,36,11,3,-3,11,-11,2,-2,0,3,2,4,6,17
2022-10-20,B1,Waregem,Anderlecht,2,3,2,12,11,5,4,846.249133156684,1054.66454077941,0,1,5,0,0,1,5,0,3,6,5,13,8,27,1,-1,1,-1,1,-1,2,3,4,5,11,12
2022-10-21,B1,Cercle Brugge,Charleroi,2,4,1,20,11,8,3,1041.6325175433,934.991651840289,1,0,0,1,2,0,0,1,10,4,12,13,23,32,3,-3,9,-9,5,-5,1,4,3,8,11,20
2022-10-22,B1,Kortrijk,Westerlo,0,0,2,6,18,3,5,783.572762764439,1011.36918232964,0,0,1,1,0,0,1,1,4,10,7,16,21,25,-2,2,-12,12,-2,2,2,0,5,3,18,6
2022-10-22,B1,Mechelen,Eupen,2,2,1,20,9,10,2,984.630055753115,794.92645358875,1,0,0,1,1,0,0,1,4,6,11,9,24,16,1,-1,11,-11,8,-8,1,2,2,10,9,20
2022-10-22,B1,St Truiden,Oud-Heverlee Leuven,1,0,0,13,14,3,2,976.499735678834,966.819543365461,1,0,0,1,1,0,0,1,6,4,13,14,22,31,0,0,-1,1,1,-1,0,0,2,3,14,13
2022-10-22,B1,Union SG,Club Brugge,1,2,2,6,13,4,2,1266.43940686425,1245.49086426984,2,1,0,0,2,1,0,0,15,9,24,24,42,45,0,0,-7,7,2,-2,2,2,2,4,13,6
2022-10-23,B1,Antwerp,Genk,0,1,3,20,8,4,5,1161.00522451973,1281.13841251452,8,5,0,0,8,5,0,0,9,15,24,28,39,37,-2,2,12,-12,-1,1,3,1,5,4,8,20
2022-10-23,B1,Gent,Seraing,2,2,1,14,5,4,3,1107.81616822825,931.84017622977,1,0,0,0,1,2,0,1,6,5,15,11,38,11,1,-1,9,-9,1,-1,1,2,3,4,5,14
2022-10-23,B1,Oostende,Waregem,2,2,1,8,7,5,4,875.617918617442,895.431707995453,0,1,2,0,0,1,2,0,2,6,5,7,11,11,1,-1,1,-1,1,-1,1,2,4,5,7,8
2022-10-28,B1,Genk,Mechelen,2,3,1,14,10,6,5,1310.40811723474,1000.70927285899,3,0,0,2,7,0,0,2,15,6,28,13,40,27,2,-2,4,-4,1,-1,1,3,5,6,10,14
2022-10-29,B1,Waregem,Standard,0,0,3,6,18,3,7,861.608766357123,1033.38647351704,1,0,0,1,1,0,0,1,6,9,7,18,11,26,-3,3,-12,12,-4,4,3,0,7,3,18,6
2022-10-29,B1,Kortrijk,Cercle Brugge,1,1,1,14,16,5,3,764.953526719895,1079.93288740972,0,1,2,0,0,1,2,0,4,12,7,14,18,26,0,0,-2,2,2,-2,1,1,3,5,16,14
2022-10-29,B1,Westerlo,St Truiden,0,2,3,11,13,3,4,1029.98841837418,976.054061665371,0,0,0,2,3,0,1,2,10,4,16,14,28,23,-1,1,-2,2,-1,1,3,2,4,3,13,11
2022-10-29,B1,Club Brugge,Oostende,2,4,2,16,6,6,3,1246.45441294405,909.440860255773,1,0,0,1,1,0,0,5,10,4,22,8,43,14,2,-2,10,-10,3,-3,2,4,3,6,6,16
2022-10-30,B1,Anderlecht,Eupen,2,4,2,19,12,8,2,1005.48196594065,778.847236482876,0,0,2,2,0,0,2,2,6,6,10,9,24,16,2,-2,7,-7,6,-6,2,4,2,8,12,19
2022-10-30,B1,Seraing,Union SG,0,1,2,12,13,2,3,914.79100470468,1265.47585819004,0,4,1,0,0,4,6,0,5,13,11,22,11,43,-1,1,-1,1,-1,1,2,1,3,2,13,12
2022-10-30,B1,Oud-Heverlee Leuven,Gent,1,1,1,12,10,5,4,967.265217378923,1124.86533975334,0,0,2,1,0,0,2,1,4,9,15,15,29,38,0,0,2,-2,1,-1,1,1,4,5,10,12
2022-10-30,B1,Charleroi,Antwerp,2,1,0,8,14,3,6,896.691281973872,1131.73551979951,0,0,0,2,1,0,3,2,4,6,10,21,32,36,1,-1,-6,6,-3,3,0,1,6,3,14,8
2022-11-04,B1,Genk,Charleroi,2,4,1,13,6,8,2,1323.03572979107,947.54718449074,4,0,0,2,8,0,0,2,15,4,28,10,43,34,3,-3,7,-7,6,-6,1,4,2,8,6,13
2022-11-05,B1,Mechelen,Waregem,1,2,2,22,14,6,7,988.081660302656,832.037062508469,2,0,0,1,2,0,0,1,6,6,10,7,26,11,0,0,8,-8,-1,1,2,2,7,6,14,22
2022-11-05,B1,Cercle Brugge,Oud-Heverlee Leuven,2,2,1,8,9,4,4,1068.42107321638,974.063002804479,2,0,0,0,3,1,0,2,10,5,15,13,27,29,1,-1,-1,1,0,0,1,2,4,4,9,8
2022-11-05,B1,Seraing,St Truiden,0,1,2,6,15,2,5,907.286810366012,1012.98207770662,0,1,2,0,0,1,7,0,2,7,8,14,11,26,-1,1,-9,9,-3,3,2,1,5,2,15,6
2022-11-05,B1,Eupen,Standard,2,2,0,13,8,5,4,760.129730533597,1062.95817736569,1,1,0,0,1,1,0,0,3,9,9,21,15,28,2,-2,5,-5,1,-1,0,2,4,5,8,13
2022-11-06,B1,Gent,Club Brugge,2,2,0,11,8,2,4,1118.06755432779,1257.47558693932,2,0,0,0,2,2,0,1,10,10,16,22,36,43,2,-2,3,-3,-2,2,0,2,4,2,8,11
2022-11-06,B1,Union SG,Westerlo,1,1,1,25,13,1,5,1272.98005252871,993.060402332929,0,1,0,0,3,1,1,0,13,7,22,16,43,27,0,0,12,-12,-4,4,1,1,5,1,13,25
2022-11-06,B1,Antwerp,Anderlecht,1,0,0,14,4,3,1,1080.87961728264,1024.19947188992,0,0,1,1,0,0,1,1,6,6,18,10,36,27,0,0,10,-10,2,-2,0,0,1,3,4,14
2022-11-06,B1,Oostende,Kortrijk,2,3,1,22,8,9,4,898.419686260508,776.465340913231,1,0,0,0,1,1,0,3,4,2,8,8,14,18,2,-2,14,-14,5,-5,1,3,4,9,8,22
2022-11-11,B1,Oud-Heverlee Leuven,Seraing,2,5,0,25,4,14,1,950.546153744137,884.732108202446,0,0,0,1,1,0,3,2,2,1,10,8,29,11,5,-5,21,-21,13,-13,0,5,1,14,4,25
2022-11-12,B1,Westerlo,Oostende,2,6,0,16,7,8,0,1003.73554858753,927.48529367001,0,0,1,2,0,0,2,6,5,6,17,11,27,17,6,-6,9,-9,8,-8,0,6,0,8,7,16
2022-11-12,B1,St Truiden,Cercle Brugge,0,0,1,12,6,1,1,1035.53677987019,1091.93792227673,0,0,0,0,2,2,1,1,10,13,14,17,28,29,-1,1,6,-6,0,0,1,0,1,1,6,12
2022-11-12,B1,Waregem,Eupen,1,5,5,19,16,9,8,838.776032460562,834.783789738962,0,0,1,3,0,0,1,3,7,6,7,9,12,18,0,0,3,-3,1,-1,5,5,8,9,16,19
2022-11-13,B1,Club Brugge,Antwerp,1,2,2,9,11,5,6,1196.90748043162,1078.2923125137,2,0,0,3,2,0,0,3,10,4,19,16,40,37,0,0,-2,2,-1,1,2,2,6,5,11,9
2022-11-13,B1,Standard,Union SG,0,2,3,10,13,5,7,988.304118160326,1262.3049062741,1,5,0,0,1,5,0,0,9,11,21,23,27,41,-1,1,-3,3,-2,2,3,2,7,5,13,10
2022-11-13,B1,Anderlecht,Genk,0,0,2,12,13,5,4,1026.78677665887,1334.29789844266,1,6,0,0,1,6,0,0,7,15,11,28,25,46,-2,2,-1,1,1,-1,2,0,4,5,13,12
2022-11-13,B1,Kortrijk,Gent,0,0,4,8,19,3,10,747.399733503729,1178.63566083549,0,0,0,0,1,1,3,2,2,10,8,16,18,36,-4,4,-11,11,-7,7,4,0,10,3,19,8
2022-12-23,B1,Seraing,Eupen,0,0,1,8,15,1,5,824.598817893967,834.967631219501,0,0,3,0,0,1,8,4,0,7,5,10,11,19,-1,1,-7,7,-4,4,1,0,5,1,15,8
2022-12-23,B1,Gent,Standard,1,0,0,21,1,5,0,1188.58223353218,977.348488811355,3,0,0,1,3,0,0,1,10,6,19,18,39,26,0,0,20,-20,5,-5,0,0,0,5,1,21
2022-12-23,B1,Mechelen,Cercle Brugge,1,1,1,20,12,9,4,981.342690350563,1118.78834115391,0,1,0,0,3,3,1,0,7,13,11,20,24,29,0,0,8,-8,5,-5,1,1,4,9,12,20
2022-12-26,B1,Club Brugge,Oud-Heverlee Leuven,1,1,1,20,12,7,5,1191.64782643079,1010.67944405262,0,0,0,1,3,0,1,3,8,5,17,12,38,29,0,0,8,-8,2,-2,1,1,5,7,12,20
2022-12-26,B1,Union SG,Oostende,2,3,0,12,4,5,1,1273.26053562307,862.345510363581,0,0,0,3,4,0,2,7,11,6,23,11,43,17,3,-3,8,-8,4,-4,0,3,1,5,4,12
2022-12-26,B1,Kortrijk,Genk,2,1,0,18,14,8,6,737.453160807036,1347.06225504229,0,7,1,0,0,7,4,0,2,15,5,30,18,49,1,-1,4,-4,2,-2,0,1,6,8,14,18
2022-12-26,B1,Charleroi,Anderlecht,0,0,1,9,9,2,2,936.285015839151,1014.02242005924,1,0,0,0,2,1,0,2,4,4,10,11,31,24,-1,1,0,0,0,0,1,0,2,2,9,9
2022-12-27,B1,St Truiden,Waregem,2,2,0,12,6,6,1,1008.68636099301,838.592190980023,0,0,1,0,0,1,2,2,7,5,13,8,27,13,2,-2,6,-6,5,-5,0,2,1,6,6,12
2022-12-27,B1,Westerlo,Antwerp,1,3,3,10,15,4,7,1068.87533189396,1083.55196651453,1,0,0,0,1,1,0,4,7,5,20,14,30,38,0,0,-5,5,-3,3,3,3,7,4,15,10
2023-01-06,B1,Standard,St Truiden,1,1,1,6,9,1,3,986.031741879858,1032.63808603878,0,2,1,0,0,2,1,0,4,10,16,16,26,27,0,0,-3,3,-2,2,1,1,3,1,9,6
2023-01-07,B1,Eupen,Charleroi,0,1,2,10,20,3,4,866.01291164478,911.327760233682,2,0,0,3,2,0,0,3,7,4,13,7,22,28,-1,1,-10,10,-1,1,2,1,4,3,20,10
2023-01-07,B1,Cercle Brugge,Westerlo,0,0,1,11,4,5,2,1112.76948994477,1069.55081415551,3,0,0,0,4,2,0,1,11,8,21,18,27,30,-1,1,7,-7,3,-3,1,0,2,5,4,11
2023-01-07,B1,Oostende,Seraing,0,1,2,17,4,3,2,852.982640454879,793.553537468688,2,0,0,2,2,0,0,3,6,0,8,5,17,11,-1,1,13,-13,1,-1,2,1,2,3,4,17
2023-01-07,B1,Antwerp,Gent,2,2,0,11,9,5,1,1082.87648425298,1179.89898046368,0,1,0,0,1,2,2,0,3,11,12,17,39,37,2,-2,2,-2,4,-4,0,2,1,5,9,11
2023-01-08,B1,Genk,Club Brugge,2,3,1,12,7,6,4,1284.92157140479,1183.99390109595,5,0,0,1,9,0,0,2,12,6,27,15,46,38,2,-2,5,-5,2,-2,1,3,4,6,7,12
2023-01-08,B1,Waregem,Mechelen,2,2,0,16,7,4,4,814.640465934251,987.361541559705,0,0,0,3,1,0,2,3,2,8,8,12,13,25,2,-2,9,-9,0,0,0,2,4,4,7,16
2023-01-08,B1,Anderlecht,Union SG,0,1,3,6,21,2,10,1038.97967566471,1282.62340553177,0,6,1,0,0,6,1,0,7,11,13,26,26,45,-2,2,-15,15,-8,8,3,1,10,2,21,6
2023-01-08,B1,Oud-Heverlee Leuven,Kortrijk,0,2,3,16,15,4,6,1018.33336938745,799.593844444528,1,0,0,1,2,0,0,4,6,4,10,8,27,18,-1,1,1,-1,-2,2,3,2,6,4,15,16
2023-01-13,B1,Westerlo,Oud-Heverlee Leuven,0,1,2,14,10,4,4,1105.51099611102,968.48488985258,0,0,0,0,2,1,1,4,8,5,18,9,33,26,-1,1,4,-4,0,0,2,1,4,4,10,14
2023-01-14,B1,Seraing,Standard,1,1,1,8,16,2,1,830.974394535014,988.165261415934,0,0,4,0,0,1,9,2,3,5,8,14,14,27,0,0,-8,8,1,-1,1,1,1,2,16,8
2023-01-14,B1,Eupen,St Truiden,0,0,2,7,10,3,4,838.163057232565,1030.5045665027,0,0,1,0,0,3,1,1,7,10,13,14,22,27,-2,2,-3,3,-1,1,2,0,4,3,10,7
2023-01-14,B1,Mechelen,Oostende,2,2,1,16,14,6,4,923.33564610424,815.561783388553,0,0,0,4,4,0,2,8,5,3,9,7,25,17,1,-1,2,-2,2,-2,1,2,4,6,14,16
2023-01-14,B1,Genk,Waregem,2,1,0,9,7,3,1,1316.38552312254,878.666361389716,6,0,0,1,10,0,0,3,12,5,27,11,49,16,1,-1,2,-2,2,-2,0,1,1,3,7,9
2023-01-15,B1,Club Brugge,Anderlecht,1,1,1,17,4,6,0,1152.5299493782,1021.66332223167,0,1,0,0,4,2,2,0,5,7,15,13,35,23,0,0,13,-13,6,-6,1,1,0,6,4,17
2023-01-15,B1,Gent,Kortrijk,2,2,1,15,12,6,5,1124.10271569103,849.442323979403,0,1,0,0,4,1,1,0,8,7,17,11,34,18,1,-1,3,-3,1,-1,1,2,5,6,12,15
2023-01-15,B1,Union SG,Antwerp,2,2,0,17,7,6,5,1299.93975896482,1138.67274902563,1,0,0,0,5,2,0,5,13,6,26,12,45,42,2,-2,10,-10,1,-1,0,2,5,6,7,17
2023-01-15,B1,Charleroi,Cercle Brugge,2,2,1,10,12,6,3,939.177614645897,1076.80930798925,0,0,1,0,0,4,1,1,6,8,10,20,28,27,1,-1,-2,2,3,-3,1,2,3,6,12,10
2023-01-17,B1,Oud-Heverlee Leuven,Eupen,1,1,1,17,7,7,3,1012.4894038879,816.37529369716,0,1,1,0,0,2,1,0,7,7,12,10,29,19,0,0,10,-10,4,-4,1,1,3,7,7,17
2023-01-17,B1,Standard,Mechelen,2,2,0,12,10,5,1,981.382928622086,945.715891977457,0,0,0,4,1,0,2,4,3,5,12,11,28,25,2,-2,2,-2,4,-4,0,2,1,5,10,12
2023-01-17,B1,Westerlo,Genk,0,2,3,14,8,5,3,1061.50648207571,1321.15273313914,0,0,1,1,0,0,2,1,8,12,15,27,30,52,-1,1,6,-6,2,-2,3,2,3,5,8,14
2023-01-18,B1,Cercle Brugge,Union SG,1,1,1,6,15,1,7,1032.75689817967,1324.78634030971,0,7,1,0,0,7,1,0,7,13,17,26,26,45,0,0,-9,9,-6,6,1,1,7,1,15,6
2023-01-18,B1,Oostende,Antwerp,0,0,3,16,12,3,6,793.181537515336,1113.82616768073,0,0,1,1,0,0,1,6,3,6,7,12,17,39,-3,3,4,-4,-3,3,3,0,6,3,12,16
2023-01-18,B1,Anderlecht,Waregem,0,2,3,19,11,9,5,1027.42023770403,873.899151373118,0,0,2,2,0,0,2,4,5,5,11,11,24,16,-1,1,8,-8,4,-4,3,2,5,9,11,19
2023-01-18,B1,Kortrijk,Seraing,2,3,2,21,12,7,7,838.521129065619,837.756727328862,1,1,0,0,1,1,0,0,6,4,8,6,18,15,1,-1,9,-9,0,0,2,3,7,7,12,21
2023-01-19,B1,Gent,Charleroi,1,0,0,11,9,6,3,1135.02391060481,983.230024455482,1,1,0,0,5,1,0,0,10,9,20,13,34,28,0,0,2,-2,3,-3,0,0,3,6,9,11
2023-01-19,B1,St Truiden,Club Brugge,1,1,1,8,13,4,4,1052.29233003811,1146.77303390584,1,0,0,2,1,0,0,3,10,3,17,13,30,35,0,0,-5,5,0,0,1,1,4,4,13,8
2023-01-21,B1,Waregem,Westerlo,1,1,1,11,13,3,5,919.185315373982,1049.78003624144,1,1,0,0,2,3,0,0,7,7,14,12,16,27,0,0,-2,2,-2,2,1,1,5,3,13,11
2023-01-21,B1,Mechelen,Kortrijk,2,3,2,15,8,8,3,906.344858780193,870.450725177452,1,0,0,1,5,0,0,1,5,9,11,11,22,21,1,-1,7,-7,5,-5,2,3,3,8,8,15
2023-01-21,B1,Oostende,Cercle Brugge,0,1,2,9,10,4,6,778.308670037471,1043.73431871528,0,0,2,1,0,0,2,2,0,5,6,18,17,27,-1,1,-1,1,-2,2,2,1,6,4,10,9
2023-01-21,B1,Union SG,Oud-Heverlee Leuven,2,1,0,18,11,7,4,1313.8089197741,1004.30891773028,2,1,0,0,6,2,0,0,13,8,24,10,45,27,1,-1,7,-7,3,-3,0,1,4,7,11,18
2023-01-22,B1,Antwerp,Standard,2,4,1,8,10,6,3,1128.6990351586,1020.75396181935,1,0,0,0,2,2,0,3,8,6,12,15,39,31,3,-3,-2,2,3,-3,1,4,3,6,10,8
2023-01-22,B1,Seraing,Anderlecht,0,0,1,9,14,4,4,805.827131217029,982.134073703165,0,0,0,0,1,3,10,1,4,4,5,11,15,24,-1,1,-5,5,0,0,1,0,4,4,14,9
2023-01-22,B1,Club Brugge,Charleroi,1,2,2,12,9,6,3,1142.52620833716,989.80714192185,0,0,0,0,5,2,3,1,4,7,14,11,33,26,0,0,3,-3,3,-3,2,2,3,6,9,12
2023-01-22,B1,St Truiden,Gent,0,0,3,5,13,1,4,1056.53915560679,1128.44679313845,0,0,0,1,2,0,1,1,8,8,18,18,30,34,-3,3,-8,8,-3,3,3,0,4,1,13,5
2023-01-27,B1,Standard,Eupen,2,3,1,13,8,7,3,982.639948789626,824.555779854779,1,0,0,0,2,3,0,1,6,5,12,11,30,20,2,-2,5,-5,4,-4,1,3,3,7,8,13
2023-01-28,B1,Westerlo,Mechelen,2,2,0,26,8,8,2,1044.03402450333,935.050598769394,0,0,2,5,0,0,3,5,5,7,12,14,28,25,2,-2,18,-18,6,-6,0,2,2,8,8,26
2023-01-28,B1,Kortrijk,Oostende,1,2,2,14,22,3,7,841.744985188251,766.897517059003,2,0,0,5,2,0,0,9,9,0,11,6,18,14,0,0,-8,8,-4,4,2,2,7,3,22,14
2023-01-28,B1,Oud-Heverlee Leuven,St Truiden,1,1,1,13,8,5,4,995.086353415704,1013.13535586401,0,1,0,0,1,4,2,0,5,8,10,15,24,29,0,0,5,-5,1,-1,1,1,4,5,8,13
2023-01-28,B1,Charleroi,Union SG,0,0,1,5,9,1,3,996.419627200109,1323.03148408868,1,0,0,0,1,8,0,1,8,13,12,24,24,45,-1,1,-4,4,-2,2,1,0,3,1,9,5
2023-01-29,B1,Anderlecht,Antwerp,1,0,0,7,12,0,4,999.15942796155,1166.81304818832,0,1,3,0,0,1,3,0,7,10,11,15,24,39,0,0,-5,5,-4,4,0,0,4,0,12,7
2023-01-29,B1,Cercle Brugge,Gent,2,3,2,10,9,6,5,1055.14547169375,1171.85059288122,0,1,0,0,1,1,2,0,5,8,18,18,27,36,1,-1,1,-1,1,-1,2,3,5,6,9,10
2023-01-29,B1,Waregem,Club Brugge,0,1,2,11,12,4,2,924.9313271121,1135.9137230589,0,0,0,0,3,1,1,4,7,4,12,12,17,34,-1,1,-1,1,2,-2,2,1,2,4,12,11
2023-01-29,B1,Genk,Seraing,2,4,0,12,6,9,0,1332.8791789734,788.801776958644,7,0,0,1,11,0,0,1,12,4,27,4,55,15,4,-4,6,-6,9,-9,0,4,0,9,6,12
2023-02-01,B1,Eupen,Genk,1,1,1,10,14,4,5,799.381622385566,1338.2726517328,0,1,2,0,0,1,2,0,4,12,11,27,17,55,0,0,-4,4,-1,1,1,1,5,4,14,10
2023-02-03,B1,Oostende,Anderlecht,0,0,2,11,12,4,3,770.292019861627,1006.33191156423,0,1,3,0,0,4,3,0,1,5,7,12,12,25,-2,2,-1,1,1,-1,2,0,3,4,12,11
2023-02-04,B1,Cercle Brugge,Standard,1,1,1,13,8,3,2,1097.50758591559,1007.81410625884,1,0,0,1,2,0,0,4,7,8,18,12,30,33,0,0,5,-5,1,-1,1,1,2,3,8,13
2023-02-04,B1,Eupen,Westerlo,1,1,1,7,15,3,6,814.004967575819,1074.56854119879,0,0,0,0,1,4,3,1,2,7,9,15,18,31,0,0,-8,8,-3,3,1,1,6,3,15,7
2023-02-04,B1,Seraing,Oud-Heverlee Leuven,2,2,1,14,19,4,5,783.408304199241,995.916793787705,0,0,1,1,0,0,11,1,4,5,4,11,15,25,1,-1,-5,5,-1,1,1,2,5,4,19,14
2023-02-04,B1,St Truiden,Kortrijk,2,1,0,7,9,2,4,1012.30491549201,838.350482385627,0,0,1,2,0,0,2,2,6,7,16,11,29,18,1,-1,-2,2,-2,2,0,1,4,2,9,7
2023-02-05,B1,Antwerp,Club Brugge,1,0,0,7,4,2,1,1159.64056458564,1150.56355509088,2,1,0,0,3,2,0,0,10,6,13,12,37,36,0,0,3,-3,1,-1,0,0,1,2,4,7
2023-02-05,B1,Mechelen,Charleroi,1,2,2,10,17,7,8,904.516082073927,987.94768741853,2,0,0,0,6,3,0,2,6,8,14,12,25,24,0,0,-7,7,-1,1,2,2,8,7,17,10
2023-02-05,B1,Gent,Genk,0,2,3,20,11,6,5,1129.48847865939,1323.64930654255,0,0,0,0,6,2,1,1,7,13,18,25,33,53,-1,1,9,-9,1,-1,3,2,5,6,11,20
2023-02-05,B1,Union SG,Waregem,2,4,0,14,7,8,1,1331.50342387026,910.281495080127,3,1,0,0,7,1,0,0,13,7,24,9,48,16,4,-4,7,-7,7,-7,0,4,1,8,7,14
2023-02-10,B1,Oud-Heverlee Leuven,Cercle Brugge,1,0,0,7,11,1,5,946.467624192216,1093.46642765266,0,1,0,0,2,1,3,0,5,8,10,16,25,30,0,0,-4,4,-4,4,0,0,5,1,11,7
2023-02-10,B1,Club Brugge,Union SG,1,1,1,10,19,4,2,1150.98147174668,1341.99222928795,0,1,0,0,6,9,4,0,7,13,12,26,34,48,0,0,-9,9,2,-2,1,1,2,4,19,10
2023-02-10,B1,Eupen,Mechelen,2,2,1,11,14,3,4,824.166990472339,908.286061215206,0,0,0,6,2,0,4,6,3,7,10,12,19,23,1,-1,-3,3,-1,1,1,2,4,3,14,11
2023-02-11,B1,Westerlo,Gent,1,3,3,8,16,5,9,1064.40651830227,1113.71619365772,1,0,0,1,1,0,0,1,5,7,13,15,29,30,0,0,-8,8,-4,4,3,3,9,5,16,8
2023-02-11,B1,Charleroi,Seraing,2,3,0,11,2,4,1,984.177708277251,832.85747379473,0,0,1,2,0,0,1,2,6,4,12,7,25,18,3,-3,9,-9,3,-3,0,3,1,4,2,11
2023-02-12,B1,Genk,Antwerp,0,0,1,16,8,3,3,1339.42159154421,1159.22264792984,8,0,0,0,12,2,0,1,13,8,25,14,53,35,-1,1,8,-8,0,0,1,0,3,3,8,16
2023-02-12,B1,Anderlecht,St Truiden,2,3,1,24,3,9,2,1024.26465545891,1029.50003092759,0,0,0,0,1,5,4,1,8,8,15,18,25,32,2,-2,21,-21,7,-7,1,3,2,9,3,24
2023-02-12,B1,Standard,Kortrijk,0,0,2,9,11,1,4,1011.85526452176,821.155366950043,2,0,0,3,3,0,0,3,8,4,13,11,31,18,-2,2,-2,2,-3,3,2,0,4,1,11,9
2023-02-12,B1,Waregem,Oostende,1,1,1,8,5,2,3,899.792689662429,752.359275966948,0,0,1,0,0,1,2,10,4,1,9,4,16,12,0,0,3,-3,-1,1,1,1,3,2,5,8
2023-02-17,B1,Mechelen,Genk,1,2,2,11,13,5,3,868.686328292635,1292.16844938531,0,1,0,0,7,3,1,0,4,10,9,22,22,50,0,0,-2,2,2,-2,2,2,3,5,13,11
2023-02-18,B1,Antwerp,Eupen,2,2,0,17,4,2,0,1206.47579008875,863.766723394909,0,0,0,1,4,0,1,2,11,6,17,13,35,22,2,-2,13,-13,2,-2,0,2,0,2,4,17
2023-02-18,B1,Oostende,Charleroi,1,0,0,17,8,6,3,758.768661794866,1016.35482336368,0,0,4,0,0,4,4,3,2,6,5,15,13,25,0,0,9,-9,3,-3,0,0,3,6,8,17
2023-02-18,B1,Seraing,Waregem,1,1,1,6,12,2,3,800.6803587083,893.383303834511,1,0,0,1,1,0,0,1,3,5,7,10,15,17,0,0,-6,6,-1,1,1,1,3,2,12,6
2023-02-18,B1,Union SG,Standard,0,2,4,15,9,6,6,1333.98662648491,946.082909498587,4,0,0,0,8,1,0,5,11,7,24,10,46,31,-2,2,6,-6,0,0,4,2,6,6,9,15
2023-02-19,B1,Cercle Brugge,Club Brugge,1,2,2,28,7,10,5,1087.07385305491,1158.98707454972,0,0,0,0,3,3,1,1,9,7,16,10,31,32,0,0,21,-21,5,-5,2,2,5,10,7,28
2023-02-19,B1,Gent,Oud-Heverlee Leuven,2,2,0,12,14,6,4,1111.46052391445,952.860198789966,0,0,1,2,0,0,2,2,5,3,15,10,31,23,2,-2,-2,2,2,-2,0,2,4,6,14,12
2023-02-19,B1,Kortrijk,Anderlecht,1,2,2,13,12,7,5,886.92772197322,1068.78309733178,0,2,0,0,3,5,1,0,7,10,13,15,21,25,0,0,1,-1,2,-2,2,2,5,7,12,13
2023-02-19,B1,St Truiden,Westerlo,0,0,1,6,13,1,3,984.981589054717,1066.66218804555,1,0,0,0,1,5,0,2,5,6,15,14,29,30,-1,1,-7,7,-2,2,1,0,3,1,13,6
2023-02-24,B1,Waregem,Kortrijk,1,3,3,15,9,4,5,889.212682148733,894.613108877366,0,1,0,0,1,1,3,0,3,5,10,14,17,22,0,0,6,-6,-1,1,3,3,5,4,9,15
2023-02-25,B1,Seraing,Mechelen,0,0,2,7,9,0,4,804.850980394078,882.115501821522,0,0,0,7,2,0,1,7,4,5,8,10,16,20,-2,2,-2,2,-4,4,2,0,4,0,9,7
2023-02-25,B1,Eupen,Cercle Brugge,1,2,2,7,14,3,4,853.057630071673,1090.33908236917,1,0,0,0,3,2,0,1,5,9,10,14,19,31,0,0,-7,7,-1,1,2,2,4,3,14,7
2023-02-25,B1,Genk,Oostende,2,3,0,10,12,5,4,1278.73927585642,768.848434308499,0,0,1,0,0,2,1,11,8,3,20,3,48,14,3,-3,-2,2,1,-1,0,3,4,5,12,10
2023-02-25,B1,Westerlo,Union SG,2,4,2,9,20,6,8,1091.27472953483,1254.76486167173,0,0,0,0,2,10,1,1,9,10,16,23,33,46,2,-2,-11,11,-2,2,2,4,8,6,20,9
2023-02-26,B1,Club Brugge,Gent,2,2,0,16,6,6,2,1155.72184523547,1136.58138386079,0,0,0,0,7,1,5,2,7,7,11,15,30,31,2,-2,10,-10,4,-4,0,2,2,6,6,16
2023-02-26,B1,Oud-Heverlee Leuven,Antwerp,1,1,1,9,17,4,4,927.739338843625,1217.18488341198,0,1,0,0,3,3,4,0,2,11,10,19,20,35,0,0,-8,8,0,0,1,1,4,4,17,9
2023-02-26,B1,Anderlecht,Standard,1,2,2,14,8,7,4,1061.09771042763,1025.30467431177,1,1,0,0,2,2,0,0,11,7,15,13,26,34,0,0,6,-6,3,-3,2,2,4,7,8,14
2023-02-26,B1,Charleroi,St Truiden,2,1,0,17,11,7,2,1006.27505085005,960.369047565435,1,0,0,1,1,0,0,2,6,4,13,12,23,26,1,-1,6,-6,5,-5,0,1,2,7,11,17
2023-03-03,B1,Oostende,Club Brugge,2,3,0,13,11,6,3,763.34704367804,1197.16575877978,0,0,0,0,1,4,5,2,3,9,3,13,14,30,3,-3,2,-2,3,-3,0,3,3,6,11,13
2023-03-04,B1,Kortrijk,Charleroi,0,0,1,18,11,3,6,894.364430062844,1034.07138557052,0,0,0,0,4,5,2,4,6,8,15,16,20,26,-1,1,7,-7,-3,3,1,0,6,3,11,18
2023-03-04,B1,Cercle Brugge,Seraing,2,3,1,19,3,7,2,1080.84413111364,770.588980963949,0,0,0,3,4,0,2,3,7,4,12,8,32,13,2,-2,16,-16,5,-5,1,3,2,7,3,19
2023-03-04,B1,Oud-Heverlee Leuven,Waregem,2,4,2,13,12,8,4,938.653456734691,889.461360963254,0,0,0,0,4,1,5,2,3,3,8,10,20,18,2,-2,1,-1,4,-4,2,4,4,8,12,13
2023-03-04,B1,Standard,Westerlo,2,2,0,23,7,5,0,1026.94719780829,1154.37065103549,0,1,1,0,0,6,1,0,8,11,14,16,32,36,2,-2,16,-16,5,-5,0,2,0,5,7,23
2023-03-05,B1,St Truiden,Genk,1,2,2,10,9,4,5,932.572712844968,1284.24066648688,0,0,1,0,0,4,1,1,4,8,12,20,25,50,0,0,1,-1,-1,1,2,2,5,4,9,10
2023-03-05,B1,Antwerp,Mechelen,2,5,0,16,11,10,5,1206.27076552092,916.377501251651,1,1,0,0,5,1,0,0,9,5,19,12,33,23,5,-5,5,-5,5,-5,0,5,5,10,11,16
2023-03-05,B1,Gent,Anderlecht,2,1,0,14,10,5,3,1095.13747031648,1059.45518693111,1,0,0,0,1,6,0,1,4,9,12,16,31,27,1,-1,4,-4,2,-2,0,1,3,5,10,14
2023-03-05,B1,Union SG,Eupen,2,2,1,12,8,6,3,1191.66894017107,862.5525813272,0,0,1,2,0,0,1,3,7,6,20,10,43,20,1,-1,4,-4,3,-3,1,2,3,6,8,12
2023-03-10,B1,Charleroi,Oud-Heverlee Leuven,0,0,1,25,9,5,2,1053.8553213497,976.342603934608,2,0,0,3,2,0,0,3,11,5,19,10,26,20,-1,1,16,-16,3,-3,1,0,2,5,9,25
2023-03-11,B1,Mechelen,St Truiden,2,1,0,8,7,4,1,892.911830826429,944.83931917788,0,0,0,2,8,0,2,3,5,4,11,10,23,26,1,-1,1,-1,3,-3,0,1,1,4,7,8
2023-03-11,B1,Eupen,Oostende,1,4,4,29,14,10,9,854.186053352334,864.115934539594,0,0,0,1,4,0,1,12,5,5,7,6,20,14,0,0,15,-15,1,-1,4,4,9,10,14,29
2023-03-11,B1,Westerlo,Kortrijk,2,3,1,9,19,7,6,1095.11245804215,874.580494283664,1,0,0,0,3,2,0,1,8,5,15,12,33,20,2,-2,-10,10,1,-1,1,3,6,7,19,9
2023-03-11,B1,Seraing,Antwerp,0,0,2,8,18,1,5,757.995945508861,1229.73643594614,0,0,1,0,0,4,2,1,4,11,8,21,13,33,-2,2,-10,10,-4,4,2,0,5,1,18,8
2023-03-12,B1,Club Brugge,Standard,2,2,0,13,17,4,4,1096.39686791823,1086.20539080163,1,0,0,0,8,3,0,1,6,8,12,16,27,32,2,-2,-4,4,0,0,0,2,4,4,17,13
2023-03-12,B1,Waregem,Gent,0,2,6,11,12,4,8,851.772213763337,1123.86251685565,0,0,0,1,2,0,4,3,3,7,10,14,18,31,-4,4,-1,1,-4,4,6,2,8,4,12,11
2023-03-12,B1,Genk,Union SG,0,1,2,12,13,6,5,1271.97406015397,1200.03546814593,1,0,0,1,1,0,0,2,8,7,21,20,48,46,-1,1,-1,1,1,-1,2,1,5,6,13,12
2023-03-12,B1,Anderlecht,Cercle Brugge,2,2,0,18,7,9,2,1030.73014039195,1093.43716656873,0,0,0,0,3,3,1,2,8,7,13,14,26,35,2,-2,11,-11,7,-7,0,2,2,9,7,18
2023-03-17,B1,Cercle Brugge,Genk,1,1,1,18,10,4,2,1041.74873725273,1233.44136216602,1,0,0,0,5,5,0,2,6,5,14,18,34,45,0,0,8,-8,2,-2,1,1,2,4,10,18
2023-03-18,B1,Kortrijk,Club Brugge,2,1,0,10,13,6,3,855.340544052175,1138.96836047571,0,0,1,1,0,0,3,3,5,8,9,15,20,30,1,-1,-3,3,3,-3,0,1,3,6,13,10
2023-03-18,B1,Oostende,Westerlo,0,1,2,22,7,12,2,863.658771082062,1114.35240827364,1,0,0,1,2,0,0,1,6,10,7,15,14,33,-1,1,15,-15,10,-10,2,1,2,12,7,22
2023-03-18,B1,St Truiden,Seraing,2,2,1,12,9,7,1,908.091917518712,752.552196173194,0,0,0,4,1,0,2,4,1,1,9,5,23,13,1,-1,3,-3,6,-6,1,2,1,7,9,12
2023-03-18,B1,Standard,Waregem,1,2,2,21,9,8,5,1043.63389824414,829.486750164742,1,0,0,1,1,0,0,3,7,3,15,7,29,18,0,0,12,-12,3,-3,2,2,5,8,9,21
2023-03-19,B1,Antwerp,Charleroi,0,0,1,28,5,8,2,1235.1801852818,1014.83227178412,2,1,0,0,6,6,0,0,13,10,21,16,33,26,-1,1,23,-23,6,-6,1,0,2,8,5,28
2023-03-19,B1,Oud-Heverlee Leuven,Anderlecht,0,0,2,9,12,5,5,1015.36565350019,1082.41856970795,1,0,0,1,5,0,0,2,8,8,13,16,22,29,-2,2,-3,3,0,0,2,0,5,5,12,9
2023-03-19,B1,Union SG,Mechelen,2,2,1,15,5,6,1,1238.56816613388,929.659232485597,1,0,0,1,1,0,0,1,7,7,20,14,46,23,1,-1,10,-10,5,-5,1,2,1,6,5,15
2023-03-19,B1,Gent,Eupen,2,3,0,25,11,5,3,1146.14798045424,854.643216809866,2,0,0,3,2,0,0,4,10,5,17,8,34,21,3,-3,14,-14,2,-2,0,3,3,5,11,25
2023-03-31,B1,Waregem,Antwerp,0,0,2,7,13,3,5,838.264223585603,1185.22991725275,0,1,1,0,0,5,5,0,3,10,8,21,19,33,-2,2,-6,6,-2,2,2,0,5,3,13,7
2023-04-01,B1,Cercle Brugge,Kortrijk,2,2,0,19,6,6,4,1049.77785679771,908.878989667659,0,0,0,1,6,0,1,2,6,5,15,12,32,20,2,-2,13,-13,2,-2,0,2,4,6,6,19
2023-04-01,B1,Seraing,Gent,0,0,5,6,18,0,10,733.991860963459,1163.30969168656,0,1,2,0,0,1,3,0,1,12,4,17,10,37,-5,5,-12,12,-10,10,5,0,10,0,18,6
2023-04-01,B1,Westerlo,Charleroi,0,2,3,17,12,7,5,1126.58053171038,1064.78253981317,2,2,0,0,4,7,0,0,12,10,18,16,33,29,-1,1,5,-5,2,-2,3,2,5,7,12,17
2023-04-01,B1,Oostende,Standard,0,1,3,15,13,4,7,851.43064764532,1034.85642482328,0,0,1,1,0,0,1,2,5,8,7,15,14,27,-2,2,2,-2,-3,3,3,1,7,4,13,15
2023-04-02,B1,Genk,Oud-Heverlee Leuven,2,2,1,22,11,8,5,1225.41224262104,979.868738357616,0,1,1,0,0,1,1,0,6,7,16,10,43,22,1,-1,11,-11,3,-3,1,2,5,8,11,22
2023-04-02,B1,Eupen,Anderlecht,0,0,1,9,13,1,4,837.481505577551,1117.91548485051,0,1,0,0,5,1,2,0,2,8,8,18,18,29,-1,1,-4,4,-3,3,1,0,4,1,13,9
2023-04-02,B1,Mechelen,Club Brugge,0,0,3,4,18,1,5,920.409778056599,1085.42991486023,1,0,0,2,9,0,0,4,7,7,11,14,22,27,-3,3,-14,14,-4,4,3,0,5,1,18,4
2023-04-02,B1,Union SG,St Truiden,2,2,1,11,6,7,1,1247.81762056288,926.652252728447,2,0,0,3,2,0,0,4,9,4,20,9,46,26,1,-1,5,-5,6,-6,1,2,1,7,6,11
2023-04-07,B1,Club Brugge,Seraing,2,2,0,26,5,11,0,1115.84746879746,722.466729019605,2,0,0,5,9,0,0,5,9,0,16,4,30,9,2,-2,21,-21,11,-11,0,2,0,11,5,26
2023-04-08,B1,Kortrijk,Eupen,1,0,0,14,13,1,3,881.892467649717,826.858056122295,1,0,0,4,1,0,0,5,4,2,9,7,20,18,0,0,1,-1,-2,2,0,0,3,1,13,14
2023-04-08,B1,Oud-Heverlee Leuven,Mechelen,2,4,1,17,16,11,6,967.344669409665,889.992224119361,0,0,1,2,0,0,1,2,7,6,9,11,19,22,3,-3,1,-1,5,-5,1,4,6,11,16,17
2023-04-08,B1,Charleroi,Waregem,2,3,2,18,8,8,5,1102.41507066229,827.7833744576,0,0,1,0,0,1,1,4,12,2,18,5,29,19,1,-1,10,-10,3,-3,2,3,5,8,8,18
2023-04-08,B1,Gent,Union SG,1,1,1,10,5,3,3,1174.83482363041,1256.52268407329,3,1,0,0,3,1,0,0,12,12,19,22,37,46,0,0,5,-5,0,0,1,1,3,3,5,10
2023-04-09,B1,Anderlecht,Westerlo,1,0,0,16,13,2,6,1128.53893430577,1088.94800086126,1,1,0,0,4,1,0,0,10,9,21,18,32,30,0,0,3,-3,-4,4,0,0,6,2,13,16
2023-04-09,B1,Antwerp,Cercle Brugge,2,2,1,11,10,4,4,1195.71076638075,1076.76437881565,0,0,1,1,0,0,1,3,10,8,21,17,33,35,1,-1,1,-1,0,0,1,2,4,4,10,11
2023-04-09,B1,Standard,Genk,2,2,0,11,19,4,7,1057.49545357296,1237.93631156899,0,0,0,0,2,6,1,3,8,8,15,16,30,43,2,-2,-8,8,-3,3,0,2,7,4,19,11
2023-04-09,B1,St Truiden,Oostende,2,5,0,18,11,11,4,917.947189218029,828.791618895642,1,0,0,0,2,1,0,13,4,4,8,7,26,13,5,-5,7,-7,7,-7,0,5,4,11,11,18
2023-04-14,B1,Standard,Charleroi,2,3,1,10,17,6,5,1122.28186550035,1113.3377618274,1,3,0,0,3,8,0,0,10,12,18,20,30,32,2,-2,-7,7,1,-1,1,3,5,6,17,10
2023-04-15,B1,Eupen,Waregem,0,1,5,11,16,3,9,829.37149782442,816.860683292493,0,0,1,1,0,0,3,5,2,1,8,4,19,16,-4,4,-5,5,-6,6,5,1,9,3,16,11
2023-04-15,B1,Cercle Brugge,St Truiden,2,3,1,10,5,5,1,1055.3108881422,973.350933898085,1,0,0,4,7,0,0,5,7,7,14,11,32,26,2,-2,5,-5,4,-4,1,3,1,5,5,10
2023-04-15,B1,Oostende,Oud-Heverlee Leuven,0,0,4,13,19,3,8,773.387874215585,1009.93214512054,0,0,2,1,0,0,2,1,4,9,7,12,13,22,-4,4,-6,6,-5,5,4,0,8,3,19,13
2023-04-15,B1,Westerlo,Club Brugge,1,0,0,7,22,1,10,1090.76337993564,1124.10214033097,0,1,1,0,0,1,1,0,7,9,18,18,30,30,0,0,-15,15,-9,9,0,0,10,1,22,7
2023-04-16,B1,Genk,Anderlecht,2,5,2,14,13,9,6,1173.1498996416,1126.72355523139,1,2,0,0,1,2,0,0,5,10,13,19,40,30,3,-3,1,-1,3,-3,2,5,6,9,13,14
2023-04-16,B1,Mechelen,Gent,1,1,1,2,14,1,5,847.404748408489,1178.52886946435,0,2,1,0,0,2,1,0,3,13,8,17,22,35,0,0,-12,12,-4,4,1,1,5,1,14,2
2023-04-16,B1,Antwerp,Kortrijk,2,1,0,14,5,3,2,1217.16425705421,879.379025947592,1,0,0,2,1,0,0,3,12,4,21,10,36,21,1,-1,9,-9,1,-1,0,1,2,3,5,14
2023-04-16,B1,Union SG,Seraing,2,2,1,19,6,8,2,1252.82863823936,714.212057486097,3,0,0,6,3,0,0,6,13,0,20,4,44,8,1,-1,13,-13,6,-6,1,2,2,8,6,19
2023-04-22,B1,Seraing,Westerlo,1,1,1,10,12,4,1,711.454582166726,1092.29399167568,0,0,3,0,0,2,4,1,0,8,4,16,8,31,0,0,-2,2,3,-3,1,1,1,4,12,10
2023-04-23,B1,St Truiden,Antwerp,0,0,1,10,10,0,4,939.651579375563,1225.17449704891,2,2,0,0,3,6,0,0,6,12,10,23,26,36,-1,1,0,0,-4,4,1,0,4,0,10,10
2023-04-23,B1,Anderlecht,Mechelen,0,2,3,19,15,9,7,1079.43572286411,859.2633334163,0,0,0,3,5,0,1,3,10,4,18,9,30,23,-1,1,4,-4,2,-2,3,2,7,9,15,19
2023-04-23,B1,Charleroi,Genk,1,2,2,13,4,6,2,1070.60892988016,1220.43773200889,1,0,0,1,1,0,0,4,9,7,20,15,32,40,0,0,9,-9,4,-4,2,2,2,6,4,13
2023-04-23,B1,Club Brugge,Eupen,2,7,0,33,6,13,0,1122.57152859093,762.546883855526,3,0,0,0,10,1,0,6,10,2,16,7,28,16,7,-7,27,-27,13,-13,0,7,0,13,6,33
2023-04-23,B1,Gent,Oostende,0,1,2,19,13,4,6,1166.67028445654,747.074430148088,0,0,0,1,4,0,1,14,11,1,18,6,36,13,-1,1,6,-6,-2,2,2,1,6,4,13,19
2023-04-23,B1,Kortrijk,Union SG,0,2,4,9,16,5,8,871.368785952886,1255.58611355873,0,0,0,0,2,2,1,1,4,13,9,20,20,44,-2,2,-7,7,-3,3,4,2,8,5,16,9
2023-04-23,B1,Oud-Heverlee Leuven,Standard,2,3,2,12,14,5,5,1036.24558918804,1165.01069744759,1,1,0,0,1,1,0,0,9,10,14,18,25,30,1,-1,-2,2,0,0,2,3,5,5,14,12
2023-04-23,B1,Waregem,Cercle Brugge,0,2,3,11,22,3,8,883.685297261387,1089.01024266472,0,0,2,2,0,0,6,4,4,7,7,14,16,32,-1,1,-11,11,-5,5,3,2,8,3,22,11
2021-07-23,B1,Standard,Genk,1,1,1,17,17,5,5,1121.66573086058,1213.93599267619,2,0,0,0,4,1,0,5,10,8,17,13,30,38,0,0,0,0,0,0,1,1,5,5,17,17
2021-07-24,B1,Oud-Heverlee Leuven,Waregem,1,1,1,13,10,4,4,1079.59055577504,868.664331557805,2,1,0,0,2,1,0,0,9,4,17,7,27,16,0,0,3,-3,0,0,1,1,4,4,10,13
2021-07-24,B1,Kortrijk,Seraing,2,2,0,9,9,4,4,862.711132257522,724.240336341481,0,0,1,7,0,0,2,7,4,1,9,2,20,9,2,-2,0,0,0,0,0,2,4,4,9,9
2021-07-24,B1,Oostende,Charleroi,0,0,3,11,10,3,6,805.825995360036,1077.11066921286,0,0,3,1,0,0,3,1,3,10,9,20,13,32,-3,3,1,-1,-3,3,3,0,6,3,10,11
2021-07-25,B1,Mechelen,Antwerp,2,3,2,18,10,9,5,909.20251885524,1235.54093089277,0,3,0,0,1,7,2,0,4,12,11,25,23,39,1,-1,8,-8,4,-4,2,3,5,9,10,18
2021-07-25,B1,Club Brugge,Eupen,1,2,2,21,13,11,5,1143.11898322693,741.99942921952,4,0,0,1,11,0,0,7,10,1,18,6,30,16,0,0,8,-8,6,-6,2,2,5,11,13,21
2021-07-25,B1,Anderlecht,Union SG,0,1,3,9,8,2,5,1029.49653742517,1264.24376725409,0,1,1,0,0,3,2,0,7,13,15,20,30,46,-2,2,1,-1,-3,3,3,1,5,2,8,9
2021-07-25,B1,St Truiden,Gent,2,2,1,6,12,2,4,929.285145531703,1107.91871924459,0,0,1,0,0,3,1,1,6,8,7,18,25,33,1,-1,-6,6,-2,2,1,2,4,2,12,6
2021-07-30,B1,Genk,Oostende,0,3,4,25,16,9,7,1209.78394894289,786.913191943675,2,1,0,0,2,1,0,0,8,3,14,8,36,13,-1,1,9,-9,2,-2,4,3,7,9,16,25
2021-07-31,B1,Charleroi,St Truiden,1,0,0,10,7,0,3,1096.02347262922,976.426630299872,0,0,0,5,2,0,1,6,10,6,20,10,35,25,0,0,3,-3,-3,3,0,0,3,0,7,10
2021-07-31,B1,Cercle Brugge,Oud-Heverlee Leuven,1,1,1,17,10,3,1,1104.03120836831,1070.91729830447,2,1,0,0,8,1,0,0,10,10,16,17,32,27,0,0,7,-7,2,-2,1,1,1,3,10,17
2021-07-31,B1,Seraing,Mechelen,2,1,0,10,10,4,4,696.991968832255,964.719002177643,0,1,0,0,1,1,5,0,1,7,2,14,9,23,1,-1,0,0,0,0,0,1,4,4,10,10
2021-07-31,B1,Eupen,Anderlecht,1,1,1,14,10,5,3,755.10733719259,1011.4574005428,0,0,2,1,0,0,4,1,2,4,4,12,17,27,0,0,4,-4,2,-2,1,1,3,5,10,14
2021-08-01,B1,Union SG,Club Brugge,0,0,1,14,13,3,6,1282.28290413646,1130.01107525386,4,0,0,0,4,2,0,1,13,11,22,18,46,28,-1,1,1,-1,-3,3,1,0,6,3,13,14
2021-08-01,B1,Waregem,Standard,0,1,2,17,16,3,5,877.337589028378,1125.81777459388,0,0,3,1,0,0,7,1,4,10,7,18,17,28,-1,1,1,-1,-2,2,2,1,5,3,16,17
2021-08-01,B1,Gent,Beerschot VA,1,2,2,24,11,5,7,1060.77723447642,1000,0,0,1,0,0,0,2,0,5,0,17,0,32,0,0,0,13,-13,-2,2,2,2,7,5,11,24
2021-08-01,B1,Antwerp,Kortrijk,0,0,1,13,13,3,5,1180.02444757037,889.959499766749,2,0,0,3,2,0,0,4,12,4,22,9,39,22,-1,1,0,0,-2,2,1,0,5,3,13,13
2021-08-06,B1,Club Brugge,Cercle Brugge,1,1,1,12,5,3,1,1175.20187118595,1102.51085724156,0,1,0,0,12,1,1,0,11,10,20,16,31,32,0,0,7,-7,2,-2,1,1,1,3,5,12
2021-08-07,B1,Beerschot VA,Union SG,0,0,3,8,15,2,6,1002.77069075356,1237.09210820436,0,2,0,0,0,4,0,0,1,10,1,22,1,45,-3,3,-7,7,-4,4,3,0,6,2,15,8
2021-08-07,B1,Mechelen,Eupen,0,1,3,15,16,4,4,912.006465087338,765.152700587102,1,0,0,0,2,1,0,8,7,3,13,5,23,15,-2,2,-1,1,0,0,3,1,4,4,16,15
2021-08-07,B1,St Truiden,Waregem,0,1,3,11,11,1,7,981.726569295004,864.982931809573,1,0,0,0,1,2,0,1,7,4,11,6,23,16,-2,2,0,0,-6,6,3,1,7,1,11,11
2021-08-07,B1,Kortrijk,Genk,0,1,2,8,17,3,6,943.81820238392,1150.94226775214,1,0,0,0,1,2,0,6,7,5,11,13,25,33,-1,1,-9,9,-3,3,2,1,6,3,17,8
2021-08-08,B1,Standard,Antwerp,0,2,5,20,12,9,6,1138.17243181269,1126.1657449532,0,0,0,1,5,0,1,1,10,9,18,19,31,38,-3,3,8,-8,3,-3,5,2,6,9,12,20
2021-08-08,B1,Oud-Heverlee Leuven,Charleroi,1,1,1,21,21,4,9,1072.43764943122,1090.72353363409,0,1,0,0,3,1,1,0,11,8,18,20,28,33,0,0,0,0,-5,5,1,1,9,4,21,21
2021-08-08,B1,Anderlecht,Seraing,2,3,0,19,4,7,1,1001.41203714829,749.704505922561,0,0,2,8,0,0,3,8,2,4,12,4,27,12,3,-3,15,-15,6,-6,0,3,1,7,4,19
2021-08-08,B1,Oostende,Gent,2,1,0,7,13,3,0,845.754873134428,1058.00654372286,0,0,4,1,0,0,4,2,6,3,10,15,13,30,1,-1,-6,6,3,-3,0,1,0,3,13,7
2021-08-13,B1,Charleroi,Antwerp,1,1,1,23,10,7,7,1089.88221422775,1182.5810941798,0,1,0,0,3,1,2,0,6,9,18,21,34,40,0,0,13,-13,0,0,1,1,7,7,10,23
2021-08-14,B1,Union SG,Kortrijk,2,2,0,24,2,8,2,1259.5652765164,928.915963389241,0,1,1,0,0,1,1,0,12,6,25,10,45,25,2,-2,22,-22,6,-6,0,2,2,8,2,24
2021-08-14,B1,Eupen,St Truiden,2,2,1,8,18,5,5,826.517623451007,923.662797752821,0,0,0,0,1,1,5,7,5,4,7,11,17,23,1,-1,-10,10,0,0,1,2,5,5,18,8
2021-08-14,B1,Seraing,Oostende,0,2,3,10,12,3,7,728.964615533837,895.18741531777,1,2,0,0,2,2,0,0,4,9,4,13,12,16,-1,1,-2,2,-4,4,3,2,7,3,12,10
2021-08-14,B1,Genk,Oud-Heverlee Leuven,2,4,0,21,15,8,6,1165.84450674681,1073.27896883756,0,0,1,0,0,2,1,1,8,9,13,18,33,26,4,-4,6,-6,2,-2,0,4,6,8,15,21
2021-08-15,B1,Beerschot VA,Standard,0,0,1,14,8,4,1,980.297522441528,1081.75708258609,0,1,1,0,0,1,1,0,1,7,1,17,1,31,-1,1,6,-6,3,-3,1,0,1,4,8,14
2021-08-15,B1,Gent,Mechelen,2,2,0,20,6,8,3,1008.57400153951,850.641542223434,0,0,0,1,1,0,3,1,2,7,15,10,27,22,2,-2,14,-14,5,-5,0,2,3,8,6,20
2021-08-15,B1,Cercle Brugge,Anderlecht,0,1,2,8,17,2,6,1105.81039773645,1022.15192753701,0,0,0,0,9,1,1,2,8,4,16,14,30,30,-1,1,-9,9,-4,4,2,1,6,2,17,8
2021-08-15,B1,Waregem,Club Brugge,0,0,4,3,20,1,11,923.046703351756,1171.90233069107,0,1,4,0,0,3,8,0,7,9,8,18,18,31,-4,4,-17,17,-10,10,4,0,11,1,20,3
2021-08-20,B1,Standard,Oostende,2,1,0,17,8,5,1,1104.66918761886,912.947943144751,0,3,1,0,0,3,2,0,7,12,17,13,33,19,1,-1,9,-9,4,-4,0,1,1,5,8,17
2021-08-21,B1,Seraing,Cercle Brugge,2,2,1,10,9,5,5,711.204087706856,1066.25070752825,0,0,1,0,0,2,1,1,4,8,4,15,12,27,1,-1,1,-1,0,0,1,2,5,5,9,10
2021-08-21,B1,Oud-Heverlee Leuven,Eupen,0,1,4,14,21,6,8,1025.56584177022,867.238924307296,0,1,0,0,4,2,2,0,6,8,15,10,25,17,-3,3,-7,7,-2,2,4,1,8,6,21,14
2021-08-21,B1,St Truiden,Kortrijk,0,0,2,24,11,4,2,882.941496896532,917.536886729958,0,0,1,1,0,0,1,1,4,6,10,10,20,22,-2,2,13,-13,2,-2,2,0,2,4,11,24
2021-08-22,B1,Waregem,Charleroi,1,2,2,20,17,7,4,898.186619293291,1094.05266142478,0,0,5,0,0,2,9,1,4,7,8,16,18,35,0,0,3,-3,3,-3,2,2,4,7,17,20
2021-08-22,B1,Club Brugge,Beerschot VA,2,3,2,13,9,5,4,1196.76241474953,957.385417408756,0,0,0,0,13,1,2,1,11,1,21,1,33,1,1,-1,4,-4,1,-1,2,3,4,5,9,13
2021-08-22,B1,Mechelen,Union SG,2,3,1,12,13,4,5,825.451706602785,1270.94435317568,0,3,1,0,0,5,1,0,6,12,10,25,21,45,2,-2,-1,1,-1,1,1,3,5,4,13,12
2021-08-27,B1,Kortrijk,Mechelen,1,2,2,9,13,5,4,957.041822595625,906.898731624868,0,0,1,2,0,0,1,2,9,6,13,10,22,24,0,0,-4,4,1,-1,2,2,4,5,13,9
2021-08-28,B1,Charleroi,Beerschot VA,2,5,2,24,6,10,3,1085.88061599398,944.499909155973,0,0,0,1,4,0,3,2,7,1,17,1,33,1,3,-3,18,-18,7,-7,2,5,3,10,6,24
2021-08-28,B1,Cercle Brugge,St Truiden,0,0,1,24,7,6,2,1009.5901683025,843.436561030864,0,0,1,1,0,0,2,8,5,4,12,10,26,19,-1,1,17,-17,4,-4,1,0,2,6,7,24
2021-08-28,B1,Eupen,Seraing,0,1,2,15,9,2,4,945.032298851734,767.86462693261,1,0,0,9,2,0,0,9,11,6,12,7,20,12,-1,1,6,-6,-2,2,2,1,4,2,9,15
2021-08-28,B1,Union SG,Standard,2,4,0,16,10,4,0,1189.4973281536,1120.60897644731,1,2,0,0,1,2,0,0,9,10,22,20,42,35,4,-4,6,-6,4,-4,0,4,0,4,10,16
2021-08-29,B1,Gent,Club Brugge,2,6,1,11,7,6,3,1033.76383716016,1209.64792300231,1,2,0,0,2,4,0,0,4,11,15,21,29,36,5,-5,4,-4,3,-3,1,6,3,6,7,11
2021-08-29,B1,Antwerp,Oud-Heverlee Leuven,1,2,2,14,22,6,6,1178.41064698276,947.772467225782,0,0,1,1,0,0,1,2,7,3,19,12,40,25,0,0,-8,8,0,0,2,2,6,6,22,14
2021-08-29,B1,Genk,Anderlecht,2,1,0,12,16,3,0,1213.55763381415,1061.71161774521,1,1,0,0,1,2,0,0,8,7,15,17,36,30,1,-1,-4,4,3,-3,0,1,0,3,16,12
2021-08-29,B1,Oostende,Waregem,0,0,2,22,12,3,6,897.008154316303,906.358664724093,1,1,0,0,1,3,0,0,9,5,12,9,19,16,-2,2,10,-10,-3,3,2,0,6,3,12,22
2021-09-10,B1,Club Brugge,Oostende,2,3,0,31,4,7,2,1101.1152948464,854.330588505092,1,0,0,1,14,0,0,1,10,9,21,12,35,19,3,-3,27,-27,5,-5,0,3,2,7,4,31
2021-09-11,B1,Eupen,Antwerp,0,0,1,17,14,4,6,897.995809053176,1169.11614067089,0,0,1,0,0,2,1,1,10,5,12,17,20,38,-1,1,3,-3,-2,2,1,0,6,4,14,17
2021-09-11,B1,Waregem,Cercle Brugge,0,2,4,4,17,2,8,949.036230535304,963.355807555062,0,0,0,1,1,0,10,2,7,2,11,12,19,26,-2,2,-13,13,-6,6,4,2,8,2,17,4
2021-09-12,B1,Anderlecht,Mechelen,2,7,2,15,8,9,3,1042.86984245153,909.192005972958,1,0,0,0,1,1,0,3,7,4,14,11,30,22,5,-5,7,-7,6,-6,2,7,3,9,8,15
2021-09-12,B1,Gent,Charleroi,0,2,3,23,13,10,4,1142.29646531607,1119.37066084953,2,0,0,0,3,3,0,2,7,7,15,17,32,33,-1,1,10,-10,6,-6,3,2,4,10,13,23
2021-09-12,B1,Seraing,Standard,0,0,1,19,7,6,3,814.901116731168,1068.73046375222,1,0,0,1,1,0,0,1,9,9,10,19,14,34,-1,1,12,-12,3,-3,1,0,3,6,7,19
2021-09-12,B1,Genk,Union SG,1,1,1,17,17,5,7,1232.39940910783,1241.37584084869,2,0,0,1,2,0,0,1,10,9,18,22,36,42,0,0,0,0,-2,2,1,1,7,5,17,17
2021-09-12,B1,Oud-Heverlee Leuven,Kortrijk,2,2,1,17,15,5,8,957.066973537645,954.748548247534,0,1,1,0,0,1,3,0,3,7,13,11,23,23,1,-1,2,-2,-3,3,1,2,8,5,15,17
2021-09-13,B1,Beerschot VA,St Truiden,0,0,1,14,6,2,3,911.009864300422,889.670921778301,0,1,2,0,0,1,2,0,1,4,1,10,1,19,-1,1,8,-8,-1,1,1,0,3,2,6,14
2021-09-17,B1,Cercle Brugge,Eupen,0,1,2,12,14,3,8,1005.406854223,886.888796387364,0,2,2,0,0,3,3,0,4,9,14,12,29,19,-1,1,-2,2,-5,5,2,1,8,3,14,12
2021-09-18,B1,Oostende,Beerschot VA,2,3,1,18,12,12,4,833.110551004421,877.04694263367,0,0,1,2,0,0,1,3,6,0,12,1,19,1,2,-2,6,-6,8,-8,1,3,4,12,12,18
2021-09-18,B1,Mechelen,Oud-Heverlee Leuven,2,2,0,8,14,4,5,862.348617638168,988.853441846559,1,0,0,0,1,1,0,3,4,5,11,16,22,25,2,-2,-6,6,-1,1,0,2,5,4,14,8
2021-09-18,B1,Union SG,Waregem,2,2,1,20,11,6,5,1240.96255284449,906.985183867367,2,2,0,0,2,4,0,0,10,7,20,11,42,16,1,-1,9,-9,1,-1,1,2,5,6,11,20
2021-09-18,B1,Charleroi,Club Brugge,0,0,1,17,13,5,4,1153.47914616124,1122.33533234707,1,0,0,1,5,0,0,1,9,10,17,21,35,37,-1,1,4,-4,1,-1,1,0,4,5,13,17
2021-09-19,B1,St Truiden,Genk,0,1,2,8,8,3,2,923.633843445052,1232.81269711203,0,1,2,0,0,3,2,0,6,10,13,18,21,34,-1,1,0,0,1,-1,2,1,2,3,8,8
2021-09-19,B1,Antwerp,Seraing,2,2,1,19,11,6,2,1180.22315333671,802.85055057399,0,1,0,0,1,1,2,0,8,6,20,10,41,14,1,-1,8,-8,4,-4,1,2,2,6,11,19
2021-09-19,B1,Standard,Anderlecht,0,0,1,7,12,1,4,1080.7810299094,1089.71323078632,1,0,0,1,1,0,0,1,9,10,19,14,34,32,-1,1,-5,5,-3,3,1,0,4,1,12,7
2021-09-19,B1,Kortrijk,Gent,2,1,0,7,15,3,3,922.962079938621,1108.18798000437,0,0,0,2,1,0,2,3,4,7,11,12,20,29,1,-1,-8,8,0,0,0,1,3,3,15,7
2021-09-22,B1,Antwerp,Genk,2,4,2,10,16,7,7,1186.76797301034,1242.04986370267,1,2,0,0,2,4,0,0,11,13,20,18,41,34,2,-2,-6,6,0,0,2,4,7,7,16,10
2021-09-23,B1,Anderlecht,Gent,1,1,1,13,11,5,2,1120.8907258863,1060.57950948935,2,0,0,3,2,0,0,4,12,6,14,9,35,28,0,0,2,-2,3,-3,1,1,2,5,11,13
2021-09-24,B1,Club Brugge,Oud-Heverlee Leuven,1,1,1,32,5,9,1,1157.19612538746,929.697005172807,2,0,0,1,15,0,0,4,12,4,21,13,39,25,0,0,27,-27,8,-8,1,1,1,9,5,32
2021-09-25,B1,Beerschot VA,Eupen,0,0,3,7,16,1,5,827.672506519125,929.400126014942,0,3,3,0,0,4,3,0,0,9,1,14,1,22,-3,3,-9,9,-4,4,3,0,5,1,16,7
2021-09-25,B1,Waregem,Kortrijk,1,2,2,11,11,3,3,898.820070545535,970.57055045364,0,0,1,1,0,0,11,1,4,7,11,13,15,23,0,0,0,0,0,0,2,2,3,3,11,11
2021-09-25,B1,Standard,St Truiden,0,1,2,7,12,1,4,1049.60353480942,914.39667685441,0,2,1,0,0,2,1,0,9,6,16,10,34,21,-1,1,-5,5,-3,3,2,1,4,1,12,7
2021-09-26,B1,Union SG,Antwerp,0,1,2,20,12,11,5,1249.12766616632,1237.545654469,3,1,0,0,3,3,0,0,10,11,22,20,42,41,-1,1,8,-8,6,-6,2,1,5,11,12,20
2021-09-26,B1,Gent,Cercle Brugge,2,2,1,12,11,6,4,1063.32937804674,962.89552459542,0,1,1,0,0,1,1,0,7,3,9,11,26,28,1,-1,1,-1,2,-2,1,2,4,6,11,12
2021-09-26,B1,Oostende,Anderlecht,1,2,2,9,18,5,6,882.484987118966,1118.14085732891,1,1,0,0,1,1,0,0,6,10,15,14,22,33,0,0,-9,9,-1,1,2,2,6,5,18,9
2021-09-26,B1,Charleroi,Mechelen,0,0,2,12,11,1,5,1118.61835312085,921.50505431192,0,0,1,1,0,0,1,4,8,7,14,14,34,22,-2,2,1,-1,-4,4,2,0,5,1,11,12
2021-09-26,B1,Genk,Seraing,2,3,0,12,5,8,2,1191.27218224401,796.305730900358,0,0,0,1,3,0,1,1,10,6,18,10,31,14,3,-3,7,-7,6,-6,0,3,2,8,5,12
2021-10-01,B1,Mechelen,Standard,2,3,1,16,16,8,4,987.879233743593,1005.74328108049,2,1,0,0,2,1,0,0,10,6,16,13,25,31,2,-2,0,0,4,-4,1,3,4,8,16,16
2021-10-02,B1,Kortrijk,Charleroi,1,2,2,20,21,8,10,967.312504225314,1052.24417368918,1,1,0,0,2,4,0,0,8,7,14,14,23,34,0,0,-1,1,-2,2,2,2,10,8,21,20
2021-10-02,B1,Cercle Brugge,Union SG,0,0,3,8,11,2,5,939.896495341527,1216.06131843773,0,0,3,0,0,1,4,2,3,7,11,19,25,39,-3,3,-3,3,-3,3,3,0,5,2,11,8
2021-10-02,B1,St Truiden,Oostende,1,1,1,14,9,4,1,958.256930583346,891.931306197592,0,0,3,2,0,0,3,2,9,4,13,16,23,22,0,0,5,-5,3,-3,1,1,1,4,9,14
2021-10-02,B1,Oud-Heverlee Leuven,Beerschot VA,1,0,0,16,14,7,4,938.895231561044,788.666376817619,1,0,0,3,1,0,0,4,5,0,11,1,25,1,0,0,2,-2,3,-3,0,0,4,7,14,16
2021-10-03,B1,Anderlecht,Club Brugge,1,1,1,18,11,4,4,1108.69453825028,1147.99789899922,0,1,0,0,3,1,1,0,8,10,15,21,33,37,0,0,7,-7,0,0,1,1,4,4,11,18
2021-10-03,B1,Seraing,Waregem,2,5,1,26,9,16,4,786.12661152768,902.078116773862,0,0,1,1,0,0,1,1,6,5,10,9,14,16,4,-4,17,-17,12,-12,1,5,4,16,9,26
2021-10-03,B1,Antwerp,Gent,2,1,0,11,13,5,3,1270.6120021976,1086.32840730063,2,0,0,0,3,1,0,5,13,7,20,11,43,29,1,-1,-2,2,2,-2,0,1,3,5,13,11
2021-10-03,B1,Eupen,Genk,2,3,2,12,10,7,4,968.406255716448,1201.45130161669,0,0,2,1,0,0,2,1,9,10,17,18,24,33,1,-1,2,-2,3,-3,2,3,4,7,10,12
2021-10-15,B1,Club Brugge,Kortrijk,2,2,0,17,10,6,0,1146.19559387598,971.147661912353,0,0,0,0,16,1,1,2,8,6,19,15,37,24,2,-2,7,-7,6,-6,0,2,0,6,10,17
2021-10-16,B1,Union SG,Seraing,2,4,2,21,11,9,4,1234.5389713702,871.391297781526,0,0,1,2,0,0,1,2,10,6,19,12,39,14,2,-2,10,-10,5,-5,2,4,4,9,11,21
2021-10-16,B1,Oostende,Cercle Brugge,2,2,1,11,12,3,4,894.949143159876,921.418842409054,0,0,0,1,2,0,1,1,5,3,14,8,23,22,1,-1,-1,1,-1,1,1,2,4,3,12,11
2021-10-16,B1,Waregem,Antwerp,2,2,1,12,14,8,3,816.813430520016,1287.06976017184,0,2,0,0,1,4,12,0,4,15,9,20,16,45,1,-1,-2,2,5,-5,1,2,3,8,14,12
2021-10-16,B1,Standard,Oud-Heverlee Leuven,1,2,2,18,13,6,7,959.632627084617,932.378118483978,0,0,2,0,0,1,2,5,3,6,13,9,30,26,0,0,5,-5,-1,1,2,2,7,6,13,18
2021-10-17,B1,St Truiden,Anderlecht,1,2,2,27,10,9,6,955.239093621063,1110.49684337353,0,0,0,0,1,2,4,1,10,9,14,16,21,31,0,0,17,-17,3,-3,2,2,6,9,10,27
2021-10-17,B1,Beerschot VA,Mechelen,0,0,1,17,10,6,5,795.183489894684,1033.98988773946,0,1,4,0,0,1,4,0,1,10,2,16,2,27,-1,1,7,-7,1,-1,1,0,5,6,10,17
2021-10-17,B1,Charleroi,Genk,2,2,0,12,12,3,8,1048.40901600214,1150.71600611361,0,0,2,2,0,0,2,2,7,7,14,17,34,30,2,-2,0,0,-5,5,0,2,8,3,12,12
2021-10-17,B1,Gent,Eupen,2,2,0,21,7,13,3,1069.87064932639,1019.14155121953,1,4,0,0,1,5,0,0,4,9,11,20,29,26,2,-2,14,-14,10,-10,0,2,3,13,7,21
2021-10-22,B1,Seraing,Charleroi,0,1,3,11,12,1,8,861.740087856314,1104.82033059533,1,0,0,0,1,5,0,1,3,7,12,14,14,34,-2,2,-1,1,-7,7,3,1,8,1,12,11
2021-10-23,B1,Cercle Brugge,Standard,1,1,1,8,4,5,2,886.985598945733,958.380078747191,0,0,4,1,0,0,5,1,3,4,5,13,21,31,0,0,4,-4,3,-3,1,1,2,5,4,8
2021-10-23,B1,Kortrijk,Oostende,2,1,0,16,12,5,0,947.689217587025,929.382386623198,0,0,0,0,3,1,1,3,5,8,12,17,21,25,1,-1,4,-4,5,-5,0,1,0,5,12,16
2021-10-23,B1,Mechelen,Waregem,1,2,2,17,14,7,3,1046.90923195742,876.809539386928,3,0,0,2,3,0,0,2,12,4,16,11,30,18,0,0,3,-3,4,-4,2,2,3,7,14,17
2021-10-23,B1,Eupen,Union SG,0,2,3,21,12,6,4,981.642465926456,1244.19018129541,1,1,0,0,1,2,0,0,9,10,19,19,23,41,-1,1,9,-9,2,-2,3,2,4,6,12,21
2021-10-24,B1,Antwerp,Club Brugge,1,1,1,7,13,4,5,1227.07365130493,1169.65403820131,3,0,0,0,4,2,0,1,12,11,20,21,42,39,0,0,-6,6,-1,1,1,1,5,4,13,7
2021-10-24,B1,Anderlecht,Beerschot VA,2,4,2,21,14,8,3,1103.78770940672,782.264145676726,0,0,0,0,4,1,2,5,7,1,17,2,29,2,2,-2,7,-7,5,-5,2,4,3,8,14,21
2021-10-24,B1,Genk,Gent,0,0,3,13,13,5,6,1094.30469152041,1107.36973461946,1,0,0,1,4,0,0,6,6,7,16,14,30,31,-3,3,0,0,-1,1,3,0,6,5,13,13
2021-10-24,B1,Oud-Heverlee Leuven,St Truiden,2,4,1,12,13,7,5,933.630666821405,961.948227587872,0,3,0,0,2,3,1,0,6,8,9,12,26,22,3,-3,-1,1,2,-2,1,4,5,7,13,12
2021-10-29,B1,Oostende,Mechelen,0,2,4,14,8,4,4,899.066949363502,1039.64702397163,1,2,0,0,3,2,0,0,8,13,14,17,24,30,-2,2,6,-6,0,0,4,2,4,4,8,14
2021-10-30,B1,Charleroi,Eupen,2,3,0,21,7,7,3,1122.18180858546,970.075145536098,1,0,0,1,1,0,0,1,7,9,16,18,36,23,3,-3,14,-14,4,-4,0,3,3,7,7,21
2021-10-30,B1,Beerschot VA,Seraing,2,3,0,21,11,8,2,770.354654424361,844.37860986618,0,0,5,3,0,0,5,3,1,3,1,9,2,13,3,-3,10,-10,6,-6,0,3,2,8,11,21
2021-10-30,B1,Standard,Kortrijk,1,1,1,14,7,5,3,955.137750420587,978.004654846721,0,0,0,1,1,0,3,3,2,8,11,12,29,23,0,0,7,-7,2,-2,1,1,3,5,7,14
2021-10-30,B1,St Truiden,Club Brugge,0,1,2,11,11,4,5,902.981878350566,1172.27449478522,0,0,0,0,2,3,5,2,5,9,11,19,22,39,-1,1,0,0,-1,1,2,1,5,4,11,11
2021-10-31,B1,Waregem,Genk,0,2,6,6,20,2,10,884.071747372716,1041.8227484472,1,0,0,3,2,0,0,3,5,3,12,16,18,29,-4,4,-14,14,-8,8,6,2,10,2,20,6
2021-10-31,B1,Cercle Brugge,Antwerp,0,0,1,12,9,6,3,890.227927272337,1224.45319472101,0,0,0,1,1,0,6,1,1,10,5,21,21,40,-1,1,3,-3,3,-3,1,0,3,6,9,12
2021-10-31,B1,Anderlecht,Oud-Heverlee Leuven,1,2,2,16,13,5,8,1115.69720065909,992.597016058711,1,0,0,0,5,2,0,6,7,6,19,11,31,29,0,0,3,-3,-3,3,2,2,8,5,13,16
2021-10-31,B1,Gent,Union SG,0,0,2,10,11,4,3,1159.85167769267,1255.75750168577,2,2,0,0,2,3,0,0,10,12,16,22,31,44,-2,2,-1,1,1,-1,2,0,3,4,11,10
2021-11-05,B1,Oud-Heverlee Leuven,Oostende,2,1,0,8,15,5,4,998.040104628911,872.046128225052,1,0,0,1,3,0,0,4,7,5,11,11,29,24,1,-1,-7,7,1,-1,0,1,4,5,15,8
2021-11-06,B1,Eupen,Waregem,1,1,1,7,9,2,2,938.000625885291,846.996585448299,0,0,1,0,0,1,1,3,6,5,15,9,22,17,0,0,-2,2,0,0,1,1,2,2,9,7
2021-11-06,B1,Kortrijk,Beerschot VA,1,1,1,21,9,7,4,976.953112891982,836.331979472757,1,0,0,1,4,0,0,6,6,4,13,4,23,5,0,0,12,-12,3,-3,1,1,4,7,9,21
2021-11-06,B1,Mechelen,St Truiden,0,0,1,9,12,1,1,1066.66784511008,891.777955413034,0,0,0,1,4,0,1,1,13,5,20,11,30,22,-1,1,-3,3,0,0,1,0,1,1,12,9
2021-11-06,B1,Union SG,Charleroi,2,4,0,14,11,5,1,1287.80710178926,1154.25632823627,1,1,0,0,1,6,0,0,12,10,22,18,47,36,4,-4,3,-3,4,-4,0,4,1,5,11,14
2021-11-07,B1,Club Brugge,Standard,1,2,2,11,7,4,2,1183.47841772276,956.189292375326,1,0,0,0,17,1,0,2,9,3,21,12,39,29,0,0,4,-4,2,-2,2,2,2,4,7,11
2021-11-07,B1,Seraing,Gent,1,0,0,8,8,2,4,778.401284817784,1127.80207758918,0,1,1,0,0,1,1,0,3,9,9,16,13,31,0,0,0,0,-2,2,0,0,4,2,8,8
2021-11-07,B1,Antwerp,Anderlecht,2,2,0,12,9,4,3,1232.6081482089,1110.25411208888,0,0,0,0,5,3,1,2,10,7,21,17,42,31,2,-2,3,-3,1,-1,0,2,3,4,9,12
2021-11-07,B1,Genk,Cercle Brugge,1,1,1,8,17,4,7,1078.89791037162,882.07297378445,0,0,1,2,0,0,1,2,6,1,16,4,29,20,0,0,-9,9,-3,3,1,1,7,4,17,8
2021-11-19,B1,Mechelen,Club Brugge,2,2,1,11,17,4,5,1019.79532828009,1174.28666808883,0,1,1,0,0,4,2,0,10,9,20,19,30,40,1,-1,-6,6,-1,1,1,2,5,4,17,11
2021-11-20,B1,Cercle Brugge,Charleroi,0,1,2,24,11,7,4,890.277612291849,1113.39461667796,0,0,1,1,0,0,7,1,2,10,5,17,20,33,-1,1,13,-13,3,-3,2,1,4,7,11,24
2021-11-20,B1,Oud-Heverlee Leuven,Seraing,0,1,3,10,12,5,3,1018.9189163857,790.624636037153,2,0,0,4,4,0,0,4,9,4,14,10,29,14,-2,2,-2,2,2,-2,3,1,3,5,12,10
2021-11-20,B1,Waregem,Gent,0,1,2,8,16,2,4,851.094193093926,1115.57872636981,0,0,1,0,0,2,1,1,5,7,10,14,18,29,-1,1,-8,8,-2,2,2,1,4,2,16,8
2021-11-20,B1,Standard,Eupen,2,1,0,17,13,6,2,965.381042009247,933.903018239664,0,0,0,2,2,0,4,2,4,4,10,13,27,23,1,-1,4,-4,4,-4,0,1,2,6,13,17
2021-11-21,B1,Anderlecht,Kortrijk,1,1,1,21,11,4,5,1081.23320192772,970.809152850535,0,0,0,0,6,1,1,4,6,6,14,14,31,24,0,0,10,-10,-1,1,1,1,5,4,11,21
2021-11-21,B1,St Truiden,Antwerp,2,2,1,12,12,7,4,938.650472243029,1261.62905837006,0,1,1,0,0,1,6,0,5,10,14,23,24,42,1,-1,0,0,3,-3,1,2,4,7,12,12
2021-11-21,B1,Oostende,Union SG,0,1,7,6,15,1,8,851.167316468263,1328.66881334757,0,3,1,0,0,4,1,0,4,15,8,22,21,47,-6,6,-9,9,-7,7,7,1,8,1,15,6
2021-11-21,B1,Beerschot VA,Genk,2,2,0,10,19,3,4,842.475939514203,1070.69327186422,1,1,0,0,1,1,0,0,5,4,5,14,6,29,2,-2,-9,9,-1,1,0,2,4,3,19,10
2021-11-26,B1,Union SG,Oud-Heverlee Leuven,0,1,3,14,6,2,5,1338.66572433337,949.780916787521,2,0,0,0,2,3,0,7,15,8,25,14,47,26,-2,2,8,-8,-3,3,3,1,5,2,6,14
2021-11-27,B1,Seraing,St Truiden,2,2,0,9,11,2,6,859.762635635333,994.023613344988,0,1,0,0,1,1,2,0,4,7,10,17,17,27,2,-2,-2,2,-4,4,0,2,6,2,11,9
2021-11-27,B1,Cercle Brugge,Mechelen,2,3,1,18,4,9,2,876.401889569324,1065.15536513822,0,3,2,0,0,3,8,0,2,10,5,20,17,30,2,-2,14,-14,7,-7,1,3,2,9,4,18
2021-11-27,B1,Eupen,Kortrijk,1,2,2,13,17,5,8,904.794344500706,975.729790023729,0,0,0,0,1,2,2,5,1,6,10,12,22,25,0,0,-4,4,-3,3,2,2,8,5,17,13
2021-11-27,B1,Charleroi,Anderlecht,0,1,3,8,14,2,6,1127.27033940049,1076.31256475452,2,0,0,1,2,0,0,3,12,6,19,15,36,29,-2,2,-6,6,-4,4,3,1,6,2,14,8
2021-11-28,B1,Genk,Club Brugge,0,2,3,13,8,5,4,1001.56175907857,1128.9266312307,0,0,0,1,1,0,2,1,4,8,11,16,29,37,-1,1,5,-5,1,-1,3,2,4,5,8,13
2021-11-28,B1,Waregem,Beerschot VA,2,2,0,15,14,6,5,839.632154120415,911.607452299853,0,0,2,0,0,1,2,7,5,7,9,8,18,9,2,-2,1,-1,1,-1,0,2,5,6,14,15
2021-11-28,B1,Gent,Standard,2,3,1,19,8,8,5,1127.04076534332,994.489715748205,0,0,1,0,0,2,1,3,10,7,14,10,29,30,2,-2,11,-11,3,-3,1,3,5,8,8,19
2021-11-28,B1,Antwerp,Oostende,2,3,0,14,4,8,1,1206.2559172681,841.170405482466,1,0,0,2,6,0,0,5,7,3,22,8,39,20,3,-3,10,-10,7,-7,0,3,1,8,4,14
2021-12-03,B1,St Truiden,Union SG,0,1,2,9,13,3,9,934.014020448607,1259.40073495852,1,4,0,0,1,5,0,0,6,12,14,22,24,44,-1,1,-4,4,-6,6,2,1,9,3,13,9
2021-12-04,B1,Oud-Heverlee Leuven,Gent,0,0,1,14,16,2,8,1029.04590616236,1154.93331818136,0,1,1,0,0,3,1,0,10,10,16,17,29,29,-1,1,-2,2,-6,6,1,0,8,2,16,14
2021-12-04,B1,Kortrijk,Cercle Brugge,0,0,2,13,17,1,5,972.507738333731,941.989374104043,0,0,0,0,5,1,1,3,7,5,12,8,23,20,-2,2,-4,4,-4,4,2,0,5,1,17,13
2021-12-04,B1,Oostende,Eupen,2,2,1,17,4,6,2,829.28892022871,908.016396190704,0,0,2,3,0,0,2,3,0,2,8,11,20,23,1,-1,13,-13,4,-4,1,2,2,6,4,17
2021-12-04,B1,Club Brugge,Seraing,2,3,2,17,13,8,5,1149.69458186743,919.772228531714,0,1,0,0,18,1,1,0,8,7,19,10,40,20,1,-1,4,-4,3,-3,2,3,5,8,13,17
2021-12-05,B1,Beerschot VA,Antwerp,0,0,1,13,15,3,6,858.792001061535,1218.13740252186,2,0,0,1,2,0,0,1,7,10,8,22,9,42,-1,1,-2,2,-3,3,1,0,6,3,15,13
2021-12-05,B1,Anderlecht,Waregem,2,3,2,17,11,7,4,1126.55697243503,892.447605358733,0,0,0,0,7,2,2,4,8,5,15,9,29,20,1,-1,6,-6,3,-3,2,3,4,7,11,17
2021-12-05,B1,Standard,Charleroi,0,0,3,16,8,3,5,966.597162910163,1077.02593171999,1,1,0,0,3,1,0,0,6,9,10,16,29,33,-3,3,8,-8,-2,2,3,0,5,3,8,16
2021-12-05,B1,Mechelen,Genk,1,1,1,11,11,3,5,999.567880603504,980.793808441839,1,0,0,1,1,0,0,1,7,4,19,10,30,28,0,0,0,0,-2,2,1,1,5,3,11,11
2021-12-10,B1,Charleroi,Oostende,2,1,0,11,19,6,3,1114.78621888665,868.418381991226,0,0,1,3,0,0,1,6,9,3,16,11,33,23,1,-1,-8,8,3,-3,0,1,3,6,19,11
2021-12-11,B1,Kortrijk,Oud-Heverlee Leuven,2,2,1,8,18,2,2,924.807592292284,1008.15846401229,0,1,1,0,0,4,2,0,4,7,12,13,23,29,1,-1,-10,10,0,0,1,2,2,2,18,8
2021-12-11,B1,Eupen,Beerschot VA,2,1,0,15,21,7,4,868.886934428189,851.611806115923,0,0,0,1,2,0,3,8,2,7,11,8,23,9,1,-1,-6,6,3,-3,0,1,4,7,21,15
2021-12-11,B1,St Truiden,Cercle Brugge,0,1,2,12,11,4,5,925.490107008184,989.689520145491,0,1,1,0,0,2,1,0,6,7,11,8,24,22,-1,1,1,-1,-1,1,2,1,5,4,11,12
2021-12-11,B1,Seraing,Anderlecht,0,0,5,5,17,1,7,906.317507086433,1139.7573672116,1,1,0,0,2,1,0,0,7,8,10,15,20,29,-5,5,-12,12,-6,6,5,0,7,1,17,5
2021-12-12,B1,Antwerp,Standard,0,2,3,10,10,4,8,1225.31759746747,928.836875743503,2,0,0,1,7,0,0,4,12,5,22,7,42,26,-1,1,0,0,-4,4,3,2,8,4,10,10
2021-12-12,B1,Union SG,Mechelen,2,2,0,13,15,4,3,1267.92464839894,998.704143142446,0,0,1,1,0,0,1,1,12,7,24,20,44,31,2,-2,-2,2,1,-1,0,2,3,4,15,13
2021-12-12,B1,Gent,Genk,2,1,0,13,12,6,3,1175.82076033144,981.657545902897,1,0,0,0,1,1,0,2,10,5,20,8,29,26,1,-1,1,-1,3,-3,0,1,3,6,12,13
2021-12-12,B1,Club Brugge,Waregem,2,3,0,21,7,7,0,1163.14930331271,879.247210582158,1,0,0,1,19,0,0,5,10,4,19,9,40,20,3,-3,14,-14,7,-7,0,3,0,7,7,21
2021-12-14,B1,Cercle Brugge,Seraing,2,2,0,12,7,5,1,1015.84292659828,875.705400753061,1,0,0,1,1,0,0,1,10,7,11,10,22,20,2,-2,5,-5,4,-4,0,2,1,5,7,12
2021-12-14,B1,Anderlecht,St Truiden,2,2,0,18,8,4,2,1170.36947354498,899.336700555392,1,0,0,1,8,0,0,1,10,6,17,11,31,21,2,-2,10,-10,2,-2,0,2,2,4,8,18
2021-12-14,B1,Oostende,Kortrijk,0,0,2,12,13,0,4,855.942044026421,964.340527175771,1,0,0,0,1,3,0,6,3,6,8,12,23,25,-2,2,-1,1,-4,4,2,0,4,0,13,12
2021-12-15,B1,Mechelen,Gent,2,4,3,12,22,5,9,983.343341242622,1191.59288205227,0,2,0,0,2,4,1,0,4,13,17,22,31,31,1,-1,-10,10,-4,4,3,4,9,5,22,12
2021-12-15,B1,Waregem,Union SG,0,0,2,12,14,4,9,861.443080506298,1283.28545029877,1,5,0,0,1,6,0,0,4,12,9,24,20,46,-2,2,-2,2,-5,5,2,0,9,4,14,12
2021-12-15,B1,Oud-Heverlee Leuven,Club Brugge,0,1,4,16,14,7,4,968.625529128803,1180.95343338857,0,1,2,0,0,1,2,0,6,10,13,19,26,40,-3,3,2,-2,3,-3,4,1,4,7,14,16
2021-12-16,B1,Antwerp,Eupen,2,4,2,16,13,6,8,1171.14766477792,899.297146217792,0,0,1,4,0,0,1,4,9,5,19,11,39,25,2,-2,3,-3,-2,2,2,4,8,6,13,16
2021-12-16,B1,Genk,Charleroi,2,4,2,17,11,6,2,965.885424182068,1127.26255685145,0,2,1,0,0,2,3,0,2,9,8,19,26,33,2,-2,6,-6,4,-4,2,4,2,6,11,17
2021-12-17,B1,Seraing,Kortrijk,0,0,2,9,6,2,5,848.63692540759,994.942102756501,0,1,1,0,0,4,1,0,6,8,10,14,20,28,-2,2,3,-3,-3,3,2,0,5,2,6,9
2021-12-18,B1,Beerschot VA,Oostende,0,0,2,13,14,3,6,821.20159432632,825.34046844569,0,0,1,4,0,0,1,7,4,3,8,7,9,23,-2,2,-1,1,-3,3,2,0,6,3,14,13
2021-12-18,B1,Union SG,Cercle Brugge,2,3,2,18,10,5,4,1290.39376143609,1042.91140194375,1,2,0,0,1,3,0,0,12,12,27,14,46,25,1,-1,8,-8,1,-1,2,3,4,5,10,18
2021-12-18,B1,Waregem,Mechelen,2,3,2,19,11,6,6,854.334769368976,1032.51504104954,0,0,1,2,0,0,1,2,3,7,8,17,17,33,1,-1,8,-8,0,0,2,3,6,6,11,19
2021-12-18,B1,Gent,St Truiden,2,2,1,8,15,4,3,1142.42118224535,884.10763593908,2,0,0,2,2,0,0,2,12,3,19,8,30,21,1,-1,-7,7,1,-1,1,2,3,4,15,8
2021-12-19,B1,Club Brugge,Anderlecht,1,2,2,16,12,5,6,1205.76960477024,1185.59853816129,2,2,0,0,20,2,0,0,12,13,21,19,42,34,0,0,4,-4,-1,1,2,2,6,5,12,16
2021-12-19,B1,Eupen,Charleroi,0,0,4,24,10,8,4,884.127232278947,1064.38261461946,1,0,0,1,3,0,0,1,4,9,8,19,25,33,-4,4,14,-14,4,-4,4,0,4,8,10,24
2021-12-19,B1,Genk,Antwerp,1,1,1,10,7,2,2,1028.76536641406,1186.31757871676,1,1,0,0,1,1,0,0,4,9,8,19,26,39,0,0,3,-3,0,0,1,1,2,2,7,10
2021-12-19,B1,Oud-Heverlee Leuven,Standard,2,2,1,6,22,3,7,943.809357747137,983.006808433058,0,1,3,0,0,1,3,0,3,7,12,10,23,26,1,-1,-16,16,-4,4,1,2,7,3,22,6
2021-12-26,B1,Cercle Brugge,Club Brugge,2,2,0,12,11,5,5,1030.49937831878,1204.8417350875,2,2,0,0,2,2,0,0,12,13,14,21,22,40,2,-2,1,-1,0,0,0,2,5,5,11,12
2021-12-26,B1,Standard,Waregem,0,0,1,19,8,2,2,947.41182942023,901.443831083315,0,0,1,2,0,0,1,6,6,6,10,11,23,20,-1,1,11,-11,0,0,1,0,2,2,8,19
2021-12-26,B1,Union SG,Gent,1,0,0,6,10,0,2,1302.80578506106,1154.22128484932,2,0,0,1,2,0,0,1,12,12,27,22,46,33,0,0,-4,4,-2,2,0,0,2,0,10,6
2021-12-26,B1,Oostende,Genk,0,0,4,7,15,2,11,868.675651287144,1035.56134365404,0,0,1,1,0,0,1,3,6,5,9,9,23,26,-4,4,-8,8,-9,9,4,0,11,2,15,7
2021-12-27,B1,Charleroi,Oud-Heverlee Leuven,0,0,3,19,12,7,6,1098.13143661838,979.404336759966,1,0,0,1,1,0,0,1,9,6,21,14,35,23,-3,3,7,-7,1,-1,3,0,6,7,12,19
2021-12-27,B1,Mechelen,Seraing,2,2,0,18,19,6,4,985.405979335197,822.228360906532,1,0,0,2,3,0,0,2,4,3,14,7,30,19,2,-2,-1,1,2,-2,0,2,4,6,19,18
2021-12-27,B1,Beerschot VA,Anderlecht,0,0,7,5,16,2,9,777.866411484866,1186.52640784403,0,0,2,0,0,3,2,1,3,13,8,19,9,35,-7,7,-11,11,-7,7,7,0,9,2,16,5
2021-12-27,B1,St Truiden,Eupen,2,2,0,13,9,4,1,872.307533335113,850.378410280028,0,0,2,5,0,0,2,5,0,4,7,5,21,25,2,-2,4,-4,3,-3,0,2,1,4,9,13
2022-01-14,B1,Gent,Kortrijk,1,2,2,22,13,5,6,1160.67511460852,1021.35066725756,3,2,0,0,3,5,0,0,10,10,20,16,34,31,0,0,9,-9,-1,1,2,2,6,5,13,22
2022-01-15,B1,Club Brugge,St Truiden,2,2,0,19,5,8,2,1140.6548071341,913.400656205045,0,0,0,3,21,0,1,3,10,3,18,9,39,21,2,-2,14,-14,6,-6,0,2,2,8,5,19
2022-01-16,B1,Antwerp,Charleroi,2,3,0,16,13,4,3,1179.52160147678,1025.65809094887,1,1,0,0,1,1,0,0,10,9,17,18,37,32,3,-3,3,-3,1,-1,0,3,3,4,13,16
2022-01-16,B1,Eupen,Cercle Brugge,0,0,2,5,14,3,6,809.285287410096,1094.68630627217,0,0,1,1,0,0,1,1,3,12,5,17,24,22,-2,2,-9,9,-3,3,2,0,6,3,14,5
2022-01-16,B1,Anderlecht,Standard,1,1,1,15,6,3,1,1202.49222693655,911.202552851612,2,0,0,1,9,0,0,1,13,3,21,10,38,23,0,0,9,-9,2,-2,1,1,1,3,6,15
2022-01-16,B1,Genk,Beerschot VA,2,4,1,19,8,10,4,1071.26291768604,761.900592392346,0,0,0,2,2,0,1,9,8,0,12,7,28,9,3,-3,11,-11,6,-6,1,4,4,10,8,19
2022-01-18,B1,Seraing,Union SG,0,0,4,14,9,3,6,797.577175168327,1296.35195530186,0,6,2,0,0,7,2,0,0,13,7,25,19,44,-4,4,5,-5,-3,3,4,0,6,3,9,14
2022-01-21,B1,Oostende,Antwerp,0,1,2,12,14,6,5,832.974077255141,1211.36761838802,0,0,2,0,0,2,2,1,6,10,6,20,23,40,-1,1,-2,2,1,-1,2,1,5,6,14,12
2022-01-22,B1,Kortrijk,Eupen,1,1,1,18,11,5,3,1027.44364503227,795.069208879312,1,0,0,6,1,0,0,6,10,3,17,5,29,23,0,0,7,-7,2,-2,1,1,3,5,11,18
2022-01-22,B1,Beerschot VA,Oud-Heverlee Leuven,2,3,1,15,17,12,5,746.173642951347,1051.87768242947,0,1,3,0,0,1,3,0,0,6,7,16,9,25,2,-2,-2,2,7,-7,1,3,5,12,17,15
2022-01-22,B1,St Truiden,Seraing,2,3,1,13,9,6,1,894.735595442349,790.662868018414,1,0,0,3,1,0,0,3,3,0,9,7,20,16,2,-2,4,-4,5,-5,1,3,1,6,9,13
2022-01-22,B1,Charleroi,Gent,1,0,0,12,8,4,4,993.812074037633,1154.58213683381,0,0,1,0,0,1,1,2,6,8,15,18,31,34,0,0,4,-4,0,0,0,0,4,4,8,12
2022-01-23,B1,Standard,Club Brugge,1,2,2,12,19,6,6,922.161915673444,1159.3198678968,0,0,2,1,0,0,2,1,4,10,10,20,23,39,0,0,-7,7,0,0,2,2,6,6,19,12
2022-01-23,B1,Union SG,Genk,2,2,1,8,8,5,2,1303.26626245178,1086.98986712704,0,1,0,0,3,1,1,0,13,10,25,15,47,31,1,-1,0,0,3,-3,1,2,2,5,8,8
2022-01-23,B1,Mechelen,Anderlecht,0,0,1,3,8,0,5,1010.0571650734,1191.53286411472,2,1,0,0,4,4,0,0,7,11,14,19,30,38,-1,1,-5,5,-5,5,1,0,5,0,8,3
2022-01-23,B1,Cercle Brugge,Waregem,2,3,1,12,10,5,4,1108.90238480296,937.653107651932,3,1,0,0,3,1,0,0,12,6,19,11,24,22,2,-2,2,-2,1,-1,1,3,4,5,10,12
2022-01-25,B1,Antwerp,St Truiden,1,1,1,13,7,3,2,1217.87798824606,925.835184765922,2,0,0,4,2,0,0,4,10,6,22,12,43,23,0,0,6,-6,1,-1,1,1,2,3,7,13
2022-01-25,B1,Charleroi,Kortrijk,1,1,1,19,7,10,2,1000.7290247066,1018.09631682132,0,0,0,0,1,6,2,1,4,11,13,15,31,27,0,0,12,-12,8,-8,1,1,2,10,7,19
2022-01-25,B1,Gent,Oostende,1,1,1,17,4,6,2,1147.66518616484,826.463707397102,0,1,0,0,4,1,1,0,6,3,19,6,35,20,0,0,13,-13,4,-4,1,1,2,6,4,17
2022-01-26,B1,Eupen,Standard,0,0,2,16,14,3,4,804.416537090262,931.653181659229,0,0,2,0,0,1,2,2,1,5,6,10,21,21,-2,2,2,-2,-1,1,2,0,4,3,14,16
2022-01-26,B1,Waregem,Oud-Heverlee Leuven,1,1,1,10,10,4,3,913.816981985278,977.040679637879,1,0,0,1,1,0,0,1,6,6,10,13,22,24,0,0,0,0,1,-1,1,1,3,4,10,10
2022-01-26,B1,Anderlecht,Cercle Brugge,0,0,2,3,17,0,9,1208.18900562992,1132.73851046961,0,1,0,0,10,1,1,0,11,12,21,22,38,26,-2,2,-14,14,-9,9,2,0,9,0,17,3
2022-01-26,B1,Seraing,Beerschot VA,2,2,1,14,14,4,4,759.563278694841,821.010645742943,0,0,3,3,0,0,3,10,0,3,7,10,16,11,1,-1,0,0,0,0,1,2,4,4,14,14
2022-01-27,B1,Club Brugge,Union SG,1,0,0,10,17,1,6,1149.82860191101,1317.57468597876,1,7,0,0,22,8,0,0,8,13,18,25,39,47,0,0,-7,7,-5,5,0,0,6,1,17,10
2022-01-28,B1,St Truiden,Charleroi,0,0,1,18,13,3,2,936.812930967103,1001.52815258012,2,0,0,1,2,0,0,1,7,5,10,14,24,31,-1,1,5,-5,1,-1,1,0,2,3,13,18
2022-01-29,B1,Beerschot VA,Waregem,1,3,3,18,8,7,3,783.409413665364,916.696823160379,1,0,0,1,1,0,0,1,3,7,7,11,11,20,0,0,10,-10,4,-4,3,3,3,7,8,18
2022-01-29,B1,Seraing,Eupen,1,0,0,14,10,5,2,797.164510772419,775.938816543572,1,0,0,0,1,1,0,7,3,1,9,5,19,18,0,0,4,-4,3,-3,0,0,2,5,10,14
2022-01-29,B1,Cercle Brugge,Oostende,0,0,1,10,11,2,3,1185.97347239564,838.111957285695,4,0,0,0,4,2,0,1,12,4,24,7,29,18,-1,1,-1,1,-1,1,1,0,3,2,11,10
2022-01-30,B1,Union SG,Anderlecht,2,1,0,6,9,5,3,1310.39880035542,1154.95404370389,1,2,0,0,4,5,0,0,11,8,23,21,45,35,1,-1,-3,3,2,-2,0,1,3,5,9,6
2022-01-30,B1,Gent,Antwerp,0,0,1,16,3,4,2,1136.01693627625,1206.90024204487,0,1,0,0,5,3,2,0,7,11,19,20,33,41,-1,1,13,-13,2,-2,1,0,2,4,3,16
2022-01-30,B1,Standard,Mechelen,0,1,2,17,8,8,4,960.13090220592,993.401023558202,0,0,0,3,1,0,3,3,5,6,12,13,24,30,-1,1,9,-9,4,-4,2,1,4,8,8,17
2022-01-30,B1,Kortrijk,Club Brugge,0,0,1,8,17,1,6,1017.2971889478,1157.00448753435,0,0,0,0,2,1,1,2,9,6,15,18,28,37,-1,1,-9,9,-5,5,1,0,6,1,17,8
2022-02-02,B1,Kortrijk,Antwerp,0,0,2,28,5,5,2,997.513280162317,1232.46074630642,0,2,1,0,0,4,2,0,6,11,14,20,28,43,-2,2,23,-23,3,-3,2,0,2,5,5,28
2022-02-04,B1,Charleroi,Seraing,2,2,0,10,7,3,1,1027.63564968203,796.188245695574,0,0,0,4,2,0,3,4,5,4,14,7,33,17,2,-2,3,-3,2,-2,0,2,1,3,7,10
2022-02-05,B1,Kortrijk,St Truiden,0,1,3,12,11,3,4,979.490654368976,910.70543386519,0,0,2,0,0,1,3,5,3,7,13,7,25,24,-2,2,1,-1,-1,1,3,1,4,3,11,12
2022-02-05,B1,Oostende,Oud-Heverlee Leuven,0,1,3,12,8,3,4,894.499430310639,974.160838462779,0,0,3,0,0,1,3,2,7,7,10,13,18,24,-2,2,4,-4,-1,1,3,1,4,3,8,12
2022-02-05,B1,Standard,Cercle Brugge,1,1,1,9,17,5,6,931.185861532699,1129.58599937069,0,2,1,0,0,2,4,0,5,12,11,24,21,29,0,0,-8,8,-1,1,1,1,6,5,17,9
2022-02-05,B1,Antwerp,Union SG,0,0,2,14,16,2,6,1250.48337209976,1328.96634014533,0,0,0,0,3,9,1,1,13,11,23,23,45,48,-2,2,-2,2,-4,4,2,0,6,2,16,14
2022-02-06,B1,Club Brugge,Gent,0,1,2,13,10,3,3,1176.78839631984,1110.4564320147,0,0,0,0,23,2,1,3,8,4,21,16,37,30,-1,1,3,-3,0,0,2,1,3,3,10,13
2022-02-06,B1,Mechelen,Beerschot VA,2,3,2,11,11,4,2,1022.34606423142,789.26313354443,0,0,1,4,0,0,1,11,9,4,13,7,33,12,1,-1,0,0,2,-2,2,3,2,4,11,11
2022-02-06,B1,Anderlecht,Eupen,2,4,1,19,8,5,5,1136.38650391399,776.915081620417,0,0,1,0,0,2,2,8,7,2,20,6,35,16,3,-3,11,-11,0,0,1,4,5,5,8,19
2022-02-06,B1,Genk,Waregem,2,2,0,13,10,5,1,1072.68144360006,910.843103281313,1,0,0,0,3,1,0,2,10,8,12,11,28,21,2,-2,3,-3,4,-4,0,2,1,5,10,13
2022-02-09,B1,Waregem,Oostende,1,0,0,12,18,6,3,886.055049296808,860.525073329153,0,1,0,0,2,3,1,0,5,4,11,10,20,18,0,0,-6,6,3,-3,0,0,3,6,18,12
2022-02-09,B1,Oud-Heverlee Leuven,Genk,2,2,1,22,12,6,7,1008.13519544427,1097.46949758456,1,0,0,1,1,0,0,1,10,10,13,14,27,28,1,-1,10,-10,-1,1,1,2,7,6,12,22
2022-02-11,B1,Seraing,Antwerp,0,0,1,8,19,3,5,777.875397242215,1216.36770456467,0,3,0,0,2,5,1,0,4,10,4,20,14,42,-1,1,-11,11,-2,2,1,0,5,3,19,8
2022-02-12,B1,Eupen,Gent,0,0,1,9,11,3,7,764.68710104697,1148.49266909192,0,1,3,0,0,3,3,0,2,6,5,16,16,33,-1,1,-2,2,-4,4,1,0,7,3,11,9
2022-02-12,B1,Mechelen,Oostende,2,3,0,11,4,4,1,1035.60847564089,861.698660675697,1,0,0,0,1,4,0,1,9,5,16,11,36,19,3,-3,7,-7,3,-3,0,3,1,4,4,11
2022-02-12,B1,Oud-Heverlee Leuven,Cercle Brugge,2,3,2,11,16,5,5,1048.18653278056,1121.32801937285,2,0,0,0,2,3,0,1,10,10,16,22,30,30,1,-1,-5,5,0,0,2,3,5,5,16,11
2022-02-12,B1,Waregem,Anderlecht,0,1,2,13,11,4,5,884.881461950264,1148.61448448744,0,0,0,1,3,0,2,1,3,7,9,20,18,35,-1,1,2,-2,-1,1,2,1,5,4,11,13
2022-02-13,B1,Genk,Standard,2,2,0,15,11,6,4,1057.41816024827,939.44384153054,2,1,0,0,4,2,0,0,9,6,14,9,25,19,2,-2,4,-4,2,-2,0,2,4,6,11,15
2022-02-13,B1,Union SG,St Truiden,0,0,1,11,13,1,5,1363.08200768042,963.134279041869,2,1,0,0,5,2,0,0,13,7,26,10,48,24,-1,1,-2,2,-4,4,1,0,5,1,13,11
2022-02-13,B1,Club Brugge,Charleroi,2,2,0,10,15,5,3,1138.75215924262,1045.94849813539,0,1,1,0,0,1,2,0,8,8,18,17,37,33,2,-2,-5,5,2,-2,0,2,3,5,15,10
2022-02-13,B1,Beerschot VA,Kortrijk,2,2,1,10,14,3,4,776.000722134961,927.061809192297,0,0,0,0,2,7,1,2,4,2,4,12,12,24,1,-1,-4,4,-1,1,1,2,4,3,14,10
2022-02-16,B1,Genk,Mechelen,2,4,1,25,6,9,2,1086.93073257372,1064.91638845622,3,1,0,0,5,1,0,0,9,12,17,16,27,36,3,-3,19,-19,7,-7,1,4,2,9,6,25
2022-02-19,B1,Cercle Brugge,Beerschot VA,2,2,0,26,7,10,2,1082.68922341708,821.098820098023,0,0,1,5,0,0,1,12,7,7,19,7,27,15,2,-2,19,-19,8,-8,0,2,2,10,7,26
2022-02-19,B1,Kortrijk,Waregem,2,5,0,17,16,10,3,881.963711229234,873.378661617317,0,0,3,1,0,0,4,3,1,3,12,9,24,18,5,-5,1,-1,7,-7,0,5,3,10,16,17
2022-02-19,B1,Oostende,Standard,2,1,0,15,4,5,0,832.39074786037,909.931269205087,0,0,4,1,0,0,4,1,5,5,8,9,19,19,1,-1,11,-11,5,-5,0,1,0,5,4,15
2022-02-19,B1,Charleroi,Union SG,0,0,3,13,17,5,7,1013.53482479797,1304.9017812219,1,1,0,0,3,10,0,0,8,10,14,23,30,47,-3,3,-4,4,-2,2,3,0,7,5,17,13
2022-02-20,B1,Antwerp,Mechelen,0,1,2,24,12,5,8,1221.11531525759,1013.83542827865,0,0,1,1,0,0,2,1,10,9,20,16,42,35,-1,1,12,-12,-3,3,2,1,8,5,12,24
2022-02-20,B1,Eupen,Club Brugge,0,1,3,11,15,5,6,758.356676534056,1171.16583258003,0,1,4,0,0,2,4,0,2,8,5,18,16,37,-2,2,-4,4,-1,1,3,1,6,5,15,11
2022-02-20,B1,Anderlecht,Genk,2,2,0,14,10,5,1,1160.11728482038,1138.01169275129,1,0,0,2,1,0,0,2,9,9,20,19,35,27,2,-2,4,-4,4,-4,0,2,1,5,10,14
2022-02-20,B1,St Truiden,Oud-Heverlee Leuven,2,2,0,10,8,4,3,1021.31450550039,1086.82532873633,0,1,1,0,0,2,1,0,10,10,13,16,24,32,2,-2,2,-2,1,-1,0,2,3,4,8,10
2022-02-23,B1,Gent,Seraing,2,4,0,13,7,5,1,1154.82309360484,773.127786549294,0,0,1,5,0,0,3,5,8,4,16,4,36,14,4,-4,6,-6,4,-4,0,4,1,5,7,13
2022-02-25,B1,Beerschot VA,Charleroi,0,2,3,11,17,6,7,805.173522022599,996.361638620875,1,0,0,1,3,0,0,1,4,7,7,11,15,30,-1,1,-6,6,-1,1,3,2,7,6,17,11
2022-02-26,B1,Union SG,Eupen,1,0,0,13,2,2,0,1322.07496739899,750.901206968114,0,0,1,1,0,0,1,9,10,1,23,2,47,13,0,0,11,-11,2,-2,0,0,0,2,2,13
2022-02-26,B1,Mechelen,Cercle Brugge,1,2,2,21,14,5,5,1062.94344137698,1098.61452149251,2,0,0,1,2,0,0,2,12,7,18,19,38,30,0,0,7,-7,0,0,2,2,5,5,14,21
2022-02-26,B1,Oostende,St Truiden,1,0,0,11,7,2,1,871.41623487133,1073.34508092353,1,2,0,0,1,3,0,0,7,10,11,16,19,27,0,0,4,-4,1,-1,0,0,1,2,7,11
2022-02-26,B1,Oud-Heverlee Leuven,Anderlecht,1,0,0,14,18,4,5,1034.79475331319,1201.188220808,3,1,0,0,3,1,0,0,10,9,16,20,29,37,0,0,-4,4,-1,1,0,0,5,4,18,14
2022-02-27,B1,Club Brugge,Antwerp,2,4,1,17,8,9,3,1178.62130214598,1172.00730215926,1,4,0,0,1,6,0,0,10,9,18,20,37,39,3,-3,9,-9,6,-6,1,4,3,9,8,17
2022-02-27,B1,Genk,Kortrijk,2,2,0,29,12,9,4,1096.94075676367,954.118369677359,4,0,0,1,6,0,0,3,9,3,19,12,27,24,2,-2,17,-17,5,-5,0,2,4,9,12,29
2022-02-27,B1,Standard,Gent,0,0,1,12,10,4,4,870.905782194127,1167.72379303221,0,2,0,0,1,4,5,0,4,10,9,16,16,38,-1,1,2,-2,0,0,1,0,4,4,10,12
2022-02-27,B1,Waregem,Seraing,2,1,0,11,13,6,2,801.224003169192,760.227087121926,0,0,1,6,0,0,3,6,2,4,9,4,18,14,1,-1,-2,2,4,-4,0,1,2,6,13,11
2022-03-02,B1,Standard,Beerschot VA,2,1,0,8,12,3,5,861.091858495299,789.196970307988,0,0,1,6,0,0,6,13,1,4,6,7,16,15,1,-1,-4,4,-2,2,0,1,5,3,12,8
2022-03-04,B1,St Truiden,Mechelen,1,1,1,13,11,5,5,1064.96851178591,1064.58040757989,1,1,0,0,1,1,0,0,10,10,17,19,25,36,0,0,2,-2,0,0,1,1,5,5,11,13
2022-03-05,B1,Cercle Brugge,Genk,1,2,2,17,17,6,6,1096.9775552896,1123.72084061513,1,0,0,3,1,0,0,3,5,9,17,19,31,27,0,0,0,0,0,0,2,2,6,6,17,17
2022-03-05,B1,Kortrijk,Union SG,0,2,3,10,17,3,7,927.338285825899,1307.22655867286,1,2,0,0,1,11,0,0,3,10,9,21,23,48,-1,1,-7,7,-4,4,3,2,7,3,17,10
2022-03-05,B1,Seraing,Club Brugge,0,0,5,6,15,2,7,731.98561463495,1232.11492511974,0,2,1,0,0,3,2,0,1,12,4,18,14,39,-5,5,-9,9,-5,5,5,0,7,2,15,6
2022-03-06,B1,Antwerp,Beerschot VA,2,2,1,13,6,5,1,1118.5136791855,763.72581068311,0,0,2,7,0,0,3,14,6,3,17,7,36,15,1,-1,7,-7,4,-4,1,2,1,5,6,13
2022-03-06,B1,Anderlecht,Oostende,2,3,0,13,10,7,1,1194.0621828307,879.792804008952,2,0,0,1,2,0,0,2,10,5,18,12,37,19,3,-3,3,-3,6,-6,0,3,1,7,10,13
2022-03-06,B1,Charleroi,Standard,1,0,0,8,10,3,2,1012.33819033549,886.563018120177,0,0,1,2,0,0,1,2,9,4,14,9,33,19,0,0,-2,2,1,-1,0,0,2,3,10,8
2022-03-06,B1,Eupen,Oud-Heverlee Leuven,2,3,1,12,12,5,4,765.749615694248,1041.92079129049,0,0,5,1,0,0,5,1,2,10,3,17,11,30,2,-2,0,0,1,-1,1,3,4,5,12,12
2022-03-06,B1,Gent,Waregem,2,2,1,25,11,8,5,1177.53771673103,829.465475656168,1,0,0,2,1,0,0,4,12,4,19,12,38,20,1,-1,14,-14,3,-3,1,2,5,8,11,25
2022-03-11,B1,Oud-Heverlee Leuven,Union SG,0,1,4,9,21,2,8,969.065953723619,1313.68678144098,0,3,0,0,4,12,1,0,7,10,17,21,29,48,-3,3,-12,12,-6,6,4,1,8,2,21,9
2022-03-12,B1,Mechelen,Charleroi,1,2,2,10,14,3,5,1064.59828043164,1006.78645742051,0,1,0,0,3,1,1,0,8,7,17,12,34,33,0,0,-4,4,-2,2,2,2,5,3,14,10
2022-03-12,B1,Cercle Brugge,Kortrijk,2,2,0,22,6,4,0,1098.20670252625,920.878063057778,0,0,0,2,2,0,1,4,6,3,18,6,32,22,2,-2,16,-16,4,-4,0,2,0,4,6,22
2022-03-12,B1,Waregem,Eupen,2,3,0,9,16,5,6,821.861080814612,838.604453261119,1,0,0,0,1,1,0,10,4,4,9,6,20,11,3,-3,-7,7,-1,1,0,3,6,5,16,9
2022-03-12,B1,Oostende,Club Brugge,0,1,3,17,9,4,4,864.442230176736,1239.98705017833,0,3,0,0,2,4,1,0,5,12,9,20,18,41,-2,2,8,-8,0,0,3,1,4,4,9,17
2022-03-13,B1,Anderlecht,Antwerp,2,2,1,15,12,10,5,1209.41275666292,1125.86282390665,3,0,0,1,3,0,0,1,13,6,20,19,39,36,1,-1,3,-3,5,-5,1,2,5,10,12,15
2022-03-13,B1,Genk,St Truiden,0,0,1,14,8,4,4,1122.49169337848,1064.95063893416,5,0,0,0,7,4,0,1,10,11,19,18,28,25,-1,1,6,-6,0,0,1,0,4,4,8,14
2022-03-13,B1,Beerschot VA,Gent,0,0,2,10,14,2,6,756.376665961957,1185.14211157259,0,3,1,0,0,5,1,0,3,15,7,19,14,41,-2,2,-4,4,-4,4,2,0,6,2,14,10
2022-03-13,B1,Standard,Seraing,0,0,1,9,12,3,5,892.114751035152,724.113489576359,1,0,0,7,1,0,0,7,4,0,10,4,20,11,-1,1,-3,3,-2,2,1,0,5,3,12,9
2022-03-18,B1,Union SG,Oostende,1,1,1,18,7,7,4,1326.87412021868,855.387141537081,0,0,0,2,1,0,2,3,10,4,23,9,48,15,0,0,11,-11,3,-3,1,1,4,7,7,18
2022-03-19,B1,Eupen,Mechelen,1,1,1,12,22,5,6,781.446942353327,1061.9602496533,1,0,0,0,1,2,0,1,4,6,6,18,11,32,0,0,-10,10,-1,1,1,1,6,5,22,12
2022-03-19,B1,Charleroi,Cercle Brugge,2,5,0,12,9,11,4,1009.42448819885,1121.44022156186,0,0,0,0,1,1,2,3,5,8,13,18,31,35,5,-5,3,-3,7,-7,0,5,4,11,9,12
2022-03-19,B1,Seraing,Oud-Heverlee Leuven,1,1,1,12,12,3,5,770.484029871857,955.878614945923,0,0,2,2,0,0,3,2,3,4,7,14,14,28,0,0,0,0,-2,2,1,1,5,3,12,12
2022-03-19,B1,Antwerp,Waregem,2,1,0,19,5,7,2,1101.4130746595,879.018591722404,1,0,0,3,1,0,0,5,6,6,16,9,36,20,1,-1,14,-14,5,-5,0,1,2,7,5,19
2022-03-20,B1,Club Brugge,Genk,2,3,1,14,10,5,2,1249.04213881798,1085.2398956975,2,0,0,0,2,1,0,4,15,7,23,16,41,28,2,-2,4,-4,3,-3,1,3,2,5,10,14
2022-03-20,B1,Kortrijk,Standard,0,0,1,12,10,1,3,897.644544022162,845.744210739655,0,0,1,0,0,1,1,3,3,4,5,9,22,19,-1,1,2,-2,-2,2,1,0,3,1,10,12
2022-03-20,B1,Gent,Anderlecht,2,1,0,5,19,2,7,1191.99440464208,1233.86250591008,2,0,0,0,2,2,0,1,15,13,21,20,41,41,1,-1,-14,14,-5,5,0,1,7,2,19,5
2022-03-20,B1,St Truiden,Beerschot VA,2,3,2,18,10,4,5,1102.20243661514,749.524372892467,0,0,0,8,2,0,1,15,11,0,18,7,27,14,1,-1,8,-8,-1,1,2,3,5,4,10,18
2022-04-01,B1,Beerschot VA,Club Brugge,0,1,3,4,22,1,10,742.095851615456,1273.62964834344,0,4,2,0,0,5,2,0,0,15,4,23,14,43,-2,2,-18,18,-9,9,3,1,10,1,22,4
2022-04-02,B1,Waregem,St Truiden,0,0,2,9,15,0,7,865.097616621557,1109.63095789215,2,1,0,0,2,5,0,0,6,11,9,21,19,30,-2,2,-6,6,-7,7,2,0,7,0,15,9
2022-04-02,B1,Mechelen,Kortrijk,2,3,2,15,15,7,5,1051.26995172413,860.899588418005,0,0,0,3,4,0,2,5,7,3,16,4,30,19,1,-1,0,0,2,-2,2,3,5,7,15,15
2022-04-02,B1,Oostende,Seraing,1,2,2,13,7,2,4,869.398449749433,778.294183784742,0,1,1,0,0,1,2,0,5,4,10,8,16,15,0,0,6,-6,-2,2,2,2,4,2,7,13
2022-04-02,B1,Oud-Heverlee Leuven,Antwerp,0,0,1,16,9,5,3,948.068461033038,1115.33404976034,0,0,1,2,0,0,2,2,2,6,12,16,28,38,-1,1,7,-7,2,-2,1,0,3,5,9,16
2022-04-03,B1,Standard,Union SG,0,1,3,5,13,1,5,882.489166343812,1312.86281200633,0,4,1,0,0,13,1,0,7,11,11,21,21,46,-2,2,-8,8,-4,4,3,1,5,1,13,5
2022-04-03,B1,Cercle Brugge,Gent,1,2,2,15,10,3,6,1024.39888204053,1227.83204088098,1,4,0,0,3,6,0,0,8,15,15,23,34,41,0,0,5,-5,-3,3,2,2,6,3,10,15
2022-04-03,B1,Anderlecht,Charleroi,2,4,0,20,1,11,0,1198.02486967118,1106.46582772018,4,0,0,0,4,2,0,1,10,8,19,16,38,31,4,-4,19,-19,11,-11,0,4,0,11,1,20
2022-04-03,B1,Genk,Eupen,2,5,0,14,5,9,2,1060.65238617205,792.137240282493,0,0,1,1,0,0,1,11,4,5,13,7,28,12,5,-5,9,-9,7,-7,0,5,2,9,5,14
2022-04-09,B1,Eupen,Oostende,0,0,2,9,16,1,8,766.138567523338,865.296529588982,0,0,0,0,2,1,1,4,5,3,6,10,12,17,-2,2,-7,7,-7,7,2,0,8,1,16,9
2022-04-09,B1,Antwerp,Cercle Brugge,1,1,1,24,5,7,1,1133.01765392862,1032.82562542573,2,0,0,1,2,0,0,4,9,6,18,13,38,35,0,0,19,-19,6,-6,1,1,1,7,5,24
2022-04-10,B1,Charleroi,Waregem,2,3,0,15,9,7,3,1058.57836978588,847.852323944982,1,0,0,4,2,0,0,6,8,6,15,8,28,19,3,-3,6,-6,4,-4,0,3,3,7,9,15
2022-04-10,B1,Club Brugge,Mechelen,2,2,0,22,8,8,0,1277.55913368831,1067.30300308892,3,0,0,0,3,3,0,2,15,7,25,19,43,32,2,-2,14,-14,8,-8,0,2,0,8,8,22
2022-04-10,B1,Gent,Oud-Heverlee Leuven,2,5,0,26,7,12,3,1219.40529749578,930.384856864762,3,0,0,0,3,1,0,3,13,2,23,12,42,25,5,-5,19,-19,9,-9,0,5,3,12,7,26
2022-04-10,B1,Kortrijk,Anderlecht,0,2,3,15,15,5,9,844.866537053213,1245.91232760548,0,0,2,1,0,0,2,2,0,10,3,19,18,40,-1,1,0,0,-4,4,3,2,9,5,15,15
2022-04-10,B1,Seraing,Genk,0,0,2,4,13,2,6,782.396103945193,1086.6510589312,0,0,0,1,1,0,4,5,5,7,9,16,16,28,-2,2,-9,9,-4,4,2,0,6,2,13,4
2022-04-10,B1,St Truiden,Standard,2,3,0,15,11,5,2,1126.87625056872,875.695125195045,1,1,0,0,3,2,0,0,11,7,21,8,33,20,3,-3,4,-4,3,-3,0,3,2,5,11,15
2020-08-08,B1,Club Brugge,Charleroi,0,0,1,17,6,5,4,1297.70226986591,1083.57174795233,4,0,0,1,4,0,0,2,15,8,27,17,45,31,-1,1,11,-11,1,-1,1,0,4,5,6,17
2020-08-08,B1,Antwerp,Mouscron,1,1,1,12,4,9,2,1128.52742591184,1000,0,0,0,0,3,0,1,0,10,0,16,0,36,0,0,0,8,-8,7,-7,1,1,2,9,4,12
2020-08-08,B1,Standard,Cercle Brugge,2,1,0,11,6,8,1,854.904291449414,1037.31585344251,0,0,2,0,0,1,2,5,4,6,8,11,19,35,1,-1,5,-5,7,-7,0,1,1,8,6,11
2020-08-09,B1,St Truiden,Gent,2,2,1,11,13,8,2,1147.66708431436,1242.97034076967,2,0,0,0,4,7,0,1,13,13,23,25,33,44,1,-1,-2,2,6,-6,1,2,2,8,13,11
2020-08-09,B1,Waregem,Genk,0,1,2,8,15,6,4,822.858945778528,1099.6212155482,0,1,1,0,0,1,1,0,3,7,7,16,18,30,-1,1,-7,7,2,-2,2,1,4,6,15,8
2020-08-09,B1,Mechelen,Anderlecht,1,2,2,10,7,4,2,1047.15986691131,1251.69874613488,1,1,0,0,5,1,0,0,6,12,16,22,29,43,0,0,3,-3,2,-2,2,2,2,4,7,10
2020-08-09,B1,Kortrijk,Waasland-Beveren,0,1,3,11,8,4,6,839.080118523812,1000,0,0,3,0,0,0,3,0,0,0,3,0,17,0,-2,2,3,-3,-2,2,3,1,6,4,8,11
2020-08-10,B1,Oud-Heverlee Leuven,Eupen,1,1,1,4,16,3,6,906.819813590877,734.468766285969,0,0,2,2,0,0,3,12,1,4,11,6,24,11,0,0,-12,12,-3,3,1,1,6,3,16,4
2020-08-10,B1,Oostende,Beerschot VA,0,1,2,6,6,2,5,896.966330826351,738.166366270586,0,0,0,9,1,0,3,16,5,0,10,4,20,11,-1,1,0,0,-3,3,2,1,5,2,6,6
2020-08-14,B1,Mouscron,Mechelen,0,0,1,9,7,1,4,1005.66291107712,1055.62334448785,0,0,0,1,0,0,0,3,1,6,1,14,1,30,-1,1,2,-2,-3,3,1,0,4,1,7,9
2020-08-15,B1,Genk,Oud-Heverlee Leuven,1,1,1,20,10,4,4,1110.433255865,899.475528737824,1,0,0,1,1,0,0,4,9,2,19,9,33,22,0,0,10,-10,0,0,1,1,4,4,10,20
2020-08-15,B1,Charleroi,Oostende,2,1,0,14,8,2,0,1133.12562429721,851.280331253365,2,1,0,0,3,2,0,0,10,5,17,10,31,20,1,-1,6,-6,2,-2,0,1,0,2,8,14
2020-08-15,B1,Gent,Kortrijk,0,1,2,23,10,12,5,1202.4063114775,814.197936385251,4,0,0,4,4,0,0,6,10,0,25,3,41,16,-1,1,13,-13,7,-7,2,1,5,12,10,23
2020-08-16,B1,Cercle Brugge,Antwerp,2,2,1,11,8,5,3,989.905702454935,1122.86451483472,0,1,0,0,4,1,1,0,5,8,11,14,35,37,1,-1,3,-3,2,-2,1,2,3,5,8,11
2020-08-16,B1,Beerschot VA,Waregem,2,3,1,17,6,6,1,783.852365843573,812.046905461724,0,0,3,5,0,0,3,7,3,3,6,7,13,18,2,-2,11,-11,5,-5,1,3,1,6,6,17
2020-08-16,B1,Eupen,Club Brugge,0,0,4,13,11,1,5,741.813051139022,1248.14839352104,0,5,1,0,0,6,2,0,2,12,6,24,12,45,-4,4,2,-2,-4,4,4,0,5,1,11,13
2020-08-16,B1,Anderlecht,St Truiden,2,3,1,15,3,6,1,1243.23526855834,1188.23111360653,5,2,0,0,5,6,0,0,10,15,23,26,43,33,2,-2,12,-12,5,-5,1,3,1,6,3,15
2020-08-17,B1,Waasland-Beveren,Standard,0,1,2,5,17,3,8,1024.88218213856,902.314442436989,0,0,0,1,0,0,0,1,3,6,3,10,3,19,-1,1,-12,12,-5,5,2,1,8,3,17,5
2020-08-21,B1,Kortrijk,Eupen,1,0,0,6,16,1,6,872.01062170298,735.178069544502,0,0,4,0,0,1,4,13,3,2,6,6,18,11,0,0,-10,10,-5,5,0,0,6,1,16,6
2020-08-22,B1,Waregem,Waasland-Beveren,2,4,1,23,6,9,2,764.638015907967,982.039392109775,0,1,2,0,0,1,2,0,0,3,6,3,15,3,3,-3,17,-17,7,-7,1,4,2,9,6,23
2020-08-22,B1,Mechelen,Cercle Brugge,0,2,3,21,11,8,4,1083.05327480561,1033.58691924461,0,0,0,1,6,0,1,6,8,5,14,13,30,35,-1,1,10,-10,4,-4,3,2,4,8,11,21
2020-08-22,B1,Oud-Heverlee Leuven,Charleroi,0,1,3,8,11,2,5,908.149810615226,1143.6772883567,0,1,0,0,1,1,4,0,3,12,7,17,23,34,-2,2,-3,3,-3,3,3,1,5,2,11,8
2020-08-22,B1,Antwerp,Gent,2,1,0,6,17,4,5,1079.18329804505,1144.59362615977,0,0,0,1,4,0,2,2,8,7,14,22,34,38,1,-1,-11,11,-1,1,0,1,5,4,17,6
2020-08-23,B1,Standard,Genk,1,0,0,12,10,1,3,945.157232465775,1101.7589739876,1,2,0,0,1,2,0,0,9,10,13,17,22,34,0,0,2,-2,-2,2,0,0,3,1,10,12
2020-08-23,B1,Club Brugge,Beerschot VA,0,0,1,19,6,7,2,1254.78337511556,831.26125539733,0,1,1,0,0,1,1,0,12,6,27,9,45,13,-1,1,13,-13,5,-5,1,0,2,7,6,19
2020-08-23,B1,Anderlecht,Mouscron,1,1,1,16,7,5,2,1280.20701386127,978.232980759361,6,0,0,0,6,1,0,1,10,1,23,1,43,1,0,0,9,-9,3,-3,1,1,2,5,7,16
2020-08-24,B1,St Truiden,Oostende,1,0,0,9,13,1,2,1151.2593683036,840.728667193875,3,0,0,1,5,0,0,1,12,5,23,9,33,20,0,0,-4,4,-1,1,0,0,2,1,13,9
2020-08-28,B1,Oostende,Anderlecht,1,2,2,11,13,5,5,852.140752611194,1268.99193246894,0,0,1,0,0,2,4,1,5,11,10,21,18,41,0,0,-2,2,0,0,2,2,5,5,13,11
2020-08-29,B1,Eupen,St Truiden,1,1,1,5,17,3,4,741.172665869789,1139.84728288628,0,0,2,1,0,0,3,1,2,10,7,21,12,34,0,0,-12,12,-1,1,1,1,4,3,17,5
2020-08-29,B1,Cercle Brugge,Kortrijk,0,0,1,9,11,1,2,1070.11240179691,866.016025377693,1,1,0,0,5,1,0,0,8,4,16,7,35,19,-1,1,-2,2,-1,1,1,0,2,1,11,9
2020-08-29,B1,Waasland-Beveren,Oud-Heverlee Leuven,0,1,3,16,12,4,7,897.236981927678,890.174948180814,0,0,1,0,0,1,1,5,3,2,3,4,3,20,-2,2,4,-4,-3,3,3,1,7,4,12,16
2020-08-29,B1,Mouscron,Waregem,0,0,1,8,9,3,2,989.448062151695,849.440426090064,0,0,1,6,0,0,1,8,2,3,2,9,2,18,-1,1,-1,1,1,-1,1,0,2,3,9,8
2020-08-30,B1,Genk,Club Brugge,0,1,2,10,14,2,5,1094.99891243939,1195.92393940435,0,6,0,0,2,7,1,0,11,9,15,24,34,42,-1,1,-4,4,-3,3,2,1,5,2,14,10
2020-08-30,B1,Beerschot VA,Standard,0,0,3,20,14,5,8,890.120691108539,951.91729401399,1,1,0,0,1,1,0,0,9,7,9,14,16,23,-3,3,6,-6,-3,3,3,0,8,5,14,20
2020-08-30,B1,Charleroi,Antwerp,2,2,0,17,9,8,2,1161.65215079111,1117.13762892324,3,0,0,1,4,0,0,1,12,8,20,14,34,34,2,-2,8,-8,6,-6,0,2,2,8,9,17
2020-08-30,B1,Gent,Mechelen,2,1,0,15,13,7,3,1106.63929528157,1046.52779225331,0,1,1,0,0,1,1,0,4,7,19,14,35,30,1,-1,2,-2,4,-4,0,1,3,7,13,15
2020-09-11,B1,Eupen,Gent,2,2,1,17,19,7,6,754.243334648471,1133.15741087576,0,0,0,2,1,0,4,3,3,6,8,19,10,35,1,-1,-2,2,1,-1,1,2,6,7,19,17
2020-09-12,B1,Mechelen,Oostende,0,0,1,4,11,0,3,1020.00967665912,865.478221492795,0,0,1,0,0,1,2,2,4,5,11,8,29,19,-1,1,-7,7,-3,3,1,0,3,0,11,4
2020-09-12,B1,Oud-Heverlee Leuven,Standard,2,1,0,12,17,3,3,934.92390072709,996.850634892604,0,2,1,0,0,2,5,0,5,10,7,17,23,23,1,-1,-5,5,0,0,0,1,3,3,17,12
2020-09-12,B1,Club Brugge,Waasland-Beveren,2,4,1,18,7,9,4,1218.88132572083,852.488029381403,0,0,2,1,0,0,2,1,9,3,24,3,42,3,3,-3,11,-11,5,-5,1,4,4,9,7,18
2020-09-13,B1,Anderlecht,Cercle Brugge,2,2,0,15,8,6,1,1255.65446358734,1021.21481863453,0,1,0,0,7,1,1,0,9,7,19,13,39,32,2,-2,7,-7,5,-5,0,2,1,6,8,15
2020-09-13,B1,St Truiden,Antwerp,0,2,3,10,14,3,6,1126.77661410759,1078.86863790275,0,0,0,2,6,0,1,2,8,5,19,14,35,34,-1,1,-4,4,-3,3,3,2,6,3,14,10
2020-09-13,B1,Waregem,Charleroi,0,0,2,8,11,1,4,893.68014026348,1199.92114181161,1,2,0,0,1,2,0,0,6,15,12,23,21,34,-2,2,-3,3,-3,3,2,0,4,1,11,8
2020-09-13,B1,Kortrijk,Mouscron,2,3,0,17,9,8,2,914.913608540074,945.208347978278,0,0,0,0,1,2,5,2,7,2,7,2,19,2,3,-3,8,-8,6,-6,0,3,2,8,9,17
2020-09-14,B1,Beerschot VA,Genk,2,5,2,12,6,7,3,845.187350229925,1072.0415261229,0,0,1,0,0,3,1,1,9,8,9,15,16,34,3,-3,6,-6,4,-4,2,5,3,7,6,12
2020-09-18,B1,Charleroi,Beerschot VA,2,3,1,14,11,4,2,1212.76544984543,931.000723420125,4,2,0,0,5,2,0,0,15,12,23,12,37,19,2,-2,3,-3,2,-2,1,3,2,4,11,14
2020-09-19,B1,Oostende,Oud-Heverlee Leuven,2,3,1,17,15,4,6,910.841308941355,972.567921057125,0,1,0,0,1,2,5,0,5,8,10,9,22,26,2,-2,2,-2,-2,2,1,3,6,4,15,17
2020-09-19,B1,Mouscron,Gent,0,0,1,15,14,3,7,885.933869888732,1075.65027813216,0,0,2,3,0,0,2,4,2,3,2,16,2,35,-1,1,1,-1,-4,4,1,0,7,3,14,15
2020-09-19,B1,Waasland-Beveren,Anderlecht,0,2,4,14,17,6,7,840.686011752528,1273.71898513878,0,0,2,0,0,3,2,2,3,9,3,21,3,39,-2,2,-3,3,-1,1,4,2,7,6,17,14
2020-09-20,B1,Waregem,Club Brugge,0,0,6,9,14,4,7,880.835832229658,1230.6833433497,0,7,1,0,0,8,1,0,6,9,9,24,21,42,-6,6,-5,5,-3,3,6,0,7,4,14,9
2020-09-20,B1,Standard,Kortrijk,2,2,1,16,2,5,1,959.206614562568,974.188086629622,0,2,0,0,2,2,1,0,10,10,14,10,23,19,1,-1,14,-14,4,-4,1,2,1,5,2,16
2020-09-20,B1,Genk,Mechelen,2,3,1,11,18,4,5,986.228152932703,974.646589210563,0,0,1,1,0,0,2,1,5,4,12,10,31,29,2,-2,-7,7,-1,1,1,3,5,4,18,11
2020-09-20,B1,Antwerp,Eupen,1,2,2,16,11,5,3,1115.25337071425,811.750467392071,1,0,0,0,5,2,0,14,7,6,17,10,34,13,0,0,5,-5,2,-2,2,2,3,5,11,16
2020-09-21,B1,Cercle Brugge,St Truiden,2,3,0,13,14,6,2,1003.15029708308,1090.39188129609,0,0,1,0,0,1,1,2,6,5,12,18,29,35,3,-3,-1,1,4,-4,0,3,2,6,14,13
2020-09-25,B1,Kortrijk,Antwerp,0,1,3,15,14,5,3,940.809096627101,1104.00258504542,1,1,0,0,2,1,0,0,10,7,10,15,16,34,-2,2,1,-1,2,-2,3,1,3,5,14,15
2020-09-26,B1,Beerschot VA,Waasland-Beveren,2,3,2,19,5,6,3,916.533532229249,833.987301657237,1,0,0,2,1,0,0,2,9,0,12,3,19,3,1,-1,14,-14,3,-3,2,3,3,6,5,19
2020-09-26,B1,Mechelen,St Truiden,2,2,0,13,7,5,2,932.250398179008,1022.44803467291,0,0,2,1,0,0,3,3,3,2,9,17,26,35,2,-2,6,-6,3,-3,0,2,2,5,7,13
2020-09-26,B1,Gent,Oud-Heverlee Leuven,0,2,3,24,10,6,3,1091.72860772908,920.999366298367,1,0,0,1,1,0,0,1,6,7,16,9,35,26,-1,1,14,-14,3,-3,3,2,3,6,10,24
2020-09-27,B1,Standard,Waregem,1,2,2,16,5,4,2,992.585604565089,861.268272783605,1,1,0,0,3,1,0,0,10,6,16,9,26,18,0,0,11,-11,2,-2,2,2,2,4,5,16
2020-09-27,B1,Anderlecht,Eupen,1,1,1,6,8,3,5,1280.41769523407,823.001253060898,1,0,0,0,8,3,0,15,11,6,21,8,41,14,0,0,-2,2,-2,2,1,1,5,3,8,6
2020-09-27,B1,Club Brugge,Cercle Brugge,2,2,1,21,10,5,1,1250.25090279576,1071.09414370627,1,0,0,1,1,0,0,1,12,9,24,14,44,32,1,-1,11,-11,4,-4,1,2,1,5,10,21
2020-09-27,B1,Mouscron,Charleroi,1,1,1,7,19,2,6,869.855540291808,1227.23264103631,0,3,3,0,0,3,3,0,1,15,2,25,2,37,0,0,-12,12,-4,4,1,1,6,2,19,7
2020-09-28,B1,Genk,Oostende,1,2,2,11,17,5,11,1028.62434396426,962.409863700114,1,1,0,0,1,2,0,0,5,8,14,13,33,22,0,0,-6,6,-6,6,2,2,11,5,17,11
2020-10-02,B1,Antwerp,Mechelen,2,4,1,11,15,6,5,1128.65215170369,987.244798881765,0,0,0,2,6,0,1,2,10,3,18,11,34,29,3,-3,-4,4,1,-1,1,4,5,6,15,11
2020-10-03,B1,Waasland-Beveren,Genk,1,1,1,18,13,8,2,809.450195118868,1025.6114435866,0,0,3,1,0,0,3,2,0,5,3,15,3,31,0,0,5,-5,6,-6,1,1,2,8,13,18
2020-10-03,B1,Eupen,Cercle Brugge,0,1,2,10,16,3,6,836.856028763465,1054.2730002934,1,0,0,2,2,0,0,2,7,6,9,11,15,29,-1,1,-6,6,-3,3,2,1,6,3,16,10
2020-10-03,B1,Oud-Heverlee Leuven,Waregem,2,2,1,12,21,7,3,967.569782529811,867.043248471112,1,0,0,0,1,2,0,1,9,7,12,7,26,16,1,-1,-9,9,4,-4,1,2,3,7,21,12
2020-10-03,B1,St Truiden,Kortrijk,1,0,0,23,5,4,2,967.453633970148,916.159529968832,0,0,1,1,0,0,2,1,2,7,14,10,32,15,0,0,18,-18,2,-2,0,0,2,4,5,23
2020-10-04,B1,Club Brugge,Anderlecht,2,3,0,22,5,6,2,1267.07204620863,1266.56291953151,2,1,0,0,2,4,0,0,12,9,24,19,47,39,3,-3,17,-17,4,-4,0,3,2,6,5,22
2020-10-04,B1,Gent,Beerschot VA,2,5,1,22,20,6,7,1045.15819149764,941.070638767618,0,0,1,1,0,0,1,1,6,9,13,15,34,22,4,-4,2,-2,-1,1,1,5,7,6,20,22
2020-10-04,B1,Charleroi,Standard,0,1,2,7,10,2,5,1214.85901130279,986.810628877583,5,0,0,1,6,0,0,1,13,8,25,17,38,26,-1,1,-3,3,-3,3,2,1,5,2,10,7
2020-10-04,B1,Oostende,Mouscron,2,3,0,16,4,5,1,965.422764077774,882.22917002533,1,0,0,1,2,0,0,3,9,2,14,3,23,3,3,-3,12,-12,4,-4,0,3,1,5,4,16
2020-10-17,B1,Cercle Brugge,Gent,2,5,2,14,17,9,6,1068.50861474379,1090.89492392214,1,1,0,0,1,1,0,0,6,9,14,13,29,36,3,-3,-3,3,3,-3,2,5,6,9,17,14
2020-10-17,B1,Beerschot VA,St Truiden,2,6,3,15,12,7,5,895.333906343116,965.108467268286,2,0,0,2,2,0,0,4,6,2,15,12,22,33,3,-3,3,-3,2,-2,3,6,5,7,12,15
2020-10-17,B1,Mechelen,Kortrijk,0,1,2,19,12,6,6,953.758313449486,918.504696670694,1,0,0,0,1,1,0,2,3,7,10,11,26,15,-1,1,7,-7,0,0,2,1,6,6,12,19
2020-10-17,B1,Standard,Club Brugge,1,1,1,13,9,4,3,1037.24092027793,1321.5237314833,0,8,0,0,4,9,1,0,10,15,17,24,28,47,0,0,4,-4,1,-1,1,1,3,4,9,13
2020-10-18,B1,Waregem,Antwerp,0,1,3,15,22,6,12,844.052079454273,1162.13863713597,0,2,2,0,0,2,2,0,4,10,7,18,16,34,-2,2,-7,7,-6,6,3,1,12,6,22,15
2020-10-18,B1,Mouscron,Eupen,0,0,2,17,13,6,6,840.511222391066,822.62041431307,0,0,0,0,1,4,4,16,1,6,3,8,3,15,-2,2,4,-4,0,0,2,0,6,6,13,17
2020-10-18,B1,Genk,Charleroi,2,2,1,11,14,6,5,1016.76933792801,1164.42871990244,0,0,0,0,2,4,1,1,5,10,16,22,29,38,1,-1,-3,3,1,-1,1,2,5,6,14,11
2020-10-18,B1,Anderlecht,Oud-Heverlee Leuven,1,2,2,21,18,4,6,1212.11123425683,990.56095154665,0,1,0,0,9,1,1,0,8,12,19,14,38,26,0,0,3,-3,-2,2,2,2,6,4,18,21
2020-10-23,B1,Kortrijk,Anderlecht,0,1,3,14,16,3,7,953.74057709276,1203.09822587,0,0,1,1,0,0,1,1,7,8,14,17,17,36,-2,2,-2,2,-4,4,3,1,7,3,16,14
2020-10-24,B1,Oud-Heverlee Leuven,Club Brugge,2,2,1,12,20,6,10,999.573959933483,1310.73803106245,2,0,0,0,2,10,0,1,10,13,15,22,27,47,1,-1,-8,8,-4,4,1,2,10,6,20,12
2020-10-25,B1,Antwerp,Beerschot VA,2,3,2,11,11,3,2,1174.25323655878,960.672043282146,1,0,0,2,7,0,0,2,13,9,18,18,36,22,1,-1,0,0,1,-1,2,3,2,3,11,11
2020-10-25,B1,Oostende,Waregem,2,3,0,15,22,9,4,1007.14071171204,831.937480031463,2,0,0,1,3,0,0,2,11,1,16,7,26,15,3,-3,-7,7,5,-5,0,3,4,9,22,15
2020-10-25,B1,St Truiden,Standard,2,2,0,9,10,2,4,899.770330329256,1048.02662069879,0,1,0,0,1,1,3,0,1,8,9,18,30,26,2,-2,-1,1,-2,2,0,2,4,2,10,9
2020-10-26,B1,Gent,Genk,0,1,2,16,8,6,3,1032.85455028826,1061.60557771202,1,0,0,0,1,1,0,3,6,8,12,16,35,32,-1,1,8,-8,3,-3,2,1,3,6,8,16
2020-10-30,B1,Genk,Eupen,2,4,0,14,15,8,4,1090.96353829182,868.734437452551,1,1,0,0,3,5,0,0,11,8,16,11,32,17,4,-4,-1,1,4,-4,0,4,4,8,15,14
2020-10-31,B1,Beerschot VA,Oud-Heverlee Leuven,2,4,2,18,18,9,5,946.190518800748,1054.42675183444,3,0,0,0,3,2,0,1,6,10,18,18,22,29,2,-2,0,0,4,-4,2,4,5,9,18,18
2020-10-31,B1,Charleroi,Cercle Brugge,2,3,0,20,9,9,3,1119.59248011842,1126.54898837767,0,1,1,0,0,1,1,0,7,9,22,16,37,29,3,-3,11,-11,6,-6,0,3,3,9,9,20
2020-10-31,B1,Club Brugge,Mechelen,1,2,2,14,10,5,7,1255.88523916149,918.52243302742,3,0,0,3,3,0,0,3,10,3,19,7,46,26,0,0,4,-4,-2,2,2,2,7,5,10,14
2020-11-01,B1,Anderlecht,Antwerp,2,1,0,14,15,4,6,1219.96199739904,1188.73476104017,0,3,0,0,10,3,2,0,8,13,17,20,39,36,1,-1,-1,1,-2,2,0,1,6,4,15,14
2020-11-01,B1,Standard,Oostende,2,1,0,13,10,2,2,986.513105677126,1036.28932624608,0,0,0,0,5,3,2,1,8,13,18,18,26,28,1,-1,3,-3,0,0,0,1,2,2,10,13
2020-11-01,B1,Waasland-Beveren,Gent,0,1,4,14,16,4,9,818.292300777461,1003.49658970846,0,0,0,1,1,0,4,1,1,6,4,9,4,34,-3,3,-2,2,-5,5,4,1,9,4,16,14
2020-11-02,B1,Waregem,Kortrijk,1,1,1,8,16,2,5,802.788865497418,936.876805563714,0,1,3,0,0,2,3,0,1,4,7,14,14,17,0,0,-8,8,-3,3,1,1,5,2,16,8
2020-11-06,B1,Mechelen,Charleroi,1,3,3,20,9,7,2,930.508785067859,1175.21578480176,0,0,1,1,0,0,1,2,4,7,8,22,24,39,0,0,11,-11,5,-5,3,3,2,7,9,20
2020-11-07,B1,Kortrijk,Beerschot VA,1,5,5,23,23,8,12,930.991181390022,1003.28556651291,0,0,2,3,0,0,2,3,5,9,15,18,18,24,0,0,0,0,-4,4,5,5,12,8,23,23
2020-11-07,B1,Eupen,Waasland-Beveren,1,1,1,25,9,8,3,840.6527881888,790.356708020604,0,0,1,3,0,0,1,3,5,1,11,4,17,4,0,0,16,-16,5,-5,1,1,3,8,9,25
2020-11-07,B1,St Truiden,Genk,0,1,2,15,8,2,5,961.283845350915,1119.04518755557,1,1,0,0,2,2,0,0,4,11,9,16,32,35,-1,1,7,-7,-3,3,2,1,5,2,8,15
2020-11-08,B1,Antwerp,Standard,1,1,1,17,10,4,3,1159.60317600812,1023.06655352449,2,0,0,1,8,0,0,1,12,8,19,18,33,28,0,0,7,-7,1,-1,1,1,3,4,10,17
2020-11-08,B1,Oostende,Club Brugge,0,1,3,14,15,5,7,999.735878398721,1243.89888712105,3,0,0,1,4,0,0,2,10,8,15,20,25,44,-2,2,-1,1,-2,2,3,1,7,5,15,14
2020-11-08,B1,Gent,Anderlecht,1,1,1,8,10,3,3,1031.43218246532,1249.0935824311,0,1,1,0,0,1,1,0,6,8,12,19,37,42,0,0,-2,2,0,0,1,1,3,3,10,8
2020-11-08,B1,Cercle Brugge,Waregem,0,1,3,14,16,5,6,1070.92568369433,808.674489671111,2,0,0,2,2,0,0,3,9,2,15,8,26,15,-2,2,-2,2,-1,1,3,1,6,5,16,14
2020-11-21,B1,Standard,Eupen,1,2,2,14,11,6,5,1029.04943104401,838.352613600394,1,0,0,1,6,0,0,1,8,5,16,11,29,17,0,0,3,-3,1,-1,2,2,5,6,11,14
2020-11-21,B1,Oostende,Antwerp,1,1,1,14,12,3,5,982.46103093371,1153.6202984886,0,0,1,1,0,0,1,1,7,10,15,20,25,34,0,0,2,-2,-2,2,1,1,5,3,12,14
2020-11-21,B1,Waasland-Beveren,Cercle Brugge,0,0,2,12,9,5,5,792.65688260901,999.086226992177,0,0,1,1,0,0,5,1,2,6,5,15,5,26,-2,2,3,-3,0,0,2,0,5,5,9,12
2020-11-21,B1,Club Brugge,Kortrijk,2,1,0,17,5,4,2,1261.17373458606,934.273229120119,0,0,0,0,4,3,1,1,8,6,20,13,47,19,1,-1,12,-12,2,-2,0,1,2,4,5,17
2020-11-22,B1,Beerschot VA,Anderlecht,2,2,1,13,13,10,2,1000.00351878281,1240.20360530069,4,0,0,0,4,2,0,1,7,8,16,17,25,40,1,-1,0,0,8,-8,1,2,2,10,13,13
2020-11-22,B1,Waregem,Mechelen,0,1,2,5,9,1,3,880.51394637326,940.222462149172,0,0,0,0,1,1,4,4,4,5,11,8,17,22,-1,1,-4,4,-2,2,2,1,3,1,9,5
2020-11-22,B1,Charleroi,Gent,0,0,1,5,9,3,4,1165.50210772045,1040.32215959573,1,1,0,0,1,1,0,0,5,7,20,13,37,35,-1,1,-4,4,-1,1,1,0,4,3,9,5
2020-11-22,B1,Genk,Mouscron,2,4,1,15,17,10,3,1137.43745054376,794.397199251584,2,0,0,2,4,0,0,4,13,1,18,3,35,3,3,-3,-2,2,7,-7,1,4,3,10,17,15
2020-11-23,B1,Oud-Heverlee Leuven,St Truiden,1,2,2,18,10,7,3,997.331704122282,942.891582362733,3,0,0,3,3,0,0,5,10,4,17,6,26,32,0,0,8,-8,4,-4,2,2,3,7,10,18
2020-11-24,B1,Waasland-Beveren,Oostende,2,2,0,14,12,5,2,772.169883046656,989.761927960385,0,0,2,1,0,0,6,2,2,7,2,16,5,25,2,-2,2,-2,3,-3,0,2,2,5,12,14
2020-11-25,B1,Cercle Brugge,Mouscron,0,1,2,13,9,3,2,1019.57322655453,781.104018747922,0,0,1,3,0,0,1,5,9,1,15,3,28,3,-1,1,4,-4,1,-1,2,1,2,3,9,13
2020-11-27,B1,Eupen,Charleroi,2,3,1,6,15,3,2,846.347373461747,1122.44689224346,0,0,0,0,1,1,2,3,5,4,12,17,18,34,2,-2,-9,9,1,-1,1,3,2,3,15,6
2020-11-28,B1,St Truiden,Waasland-Beveren,1,1,1,8,14,4,4,945.378324231109,840.389774652402,0,0,1,0,0,1,1,4,5,5,7,5,30,8,0,0,-6,6,0,0,1,1,4,4,14,8
2020-11-28,B1,Cercle Brugge,Genk,0,1,5,8,18,2,11,968.512596977119,1150.73063104742,0,2,2,0,0,3,2,0,6,15,12,20,28,35,-4,4,-10,10,-9,9,5,1,11,2,18,8
2020-11-28,B1,Mouscron,Club Brugge,1,0,0,4,14,3,1,832.164648325334,1269.63346831604,0,1,1,0,0,1,5,0,4,8,5,23,6,47,0,0,-10,10,2,-2,0,0,1,3,14,4
2020-11-29,B1,Mechelen,Beerschot VA,0,2,3,12,9,3,5,966.776612136795,1051.16670204309,0,0,0,0,1,1,2,4,5,10,8,16,22,25,-1,1,3,-3,-2,2,3,2,5,3,9,12
2020-11-29,B1,Gent,Waregem,0,0,3,13,10,4,5,1083.37737507272,853.959796385637,0,1,0,0,1,1,2,0,7,4,16,8,35,17,-3,3,3,-3,-1,1,3,0,5,4,10,13
2020-11-29,B1,Anderlecht,Standard,1,0,0,7,12,1,3,1189.04042204041,1021.05467118266,1,0,0,0,11,1,0,2,8,6,16,16,37,30,0,0,-5,5,-2,2,0,0,3,1,12,7
2020-11-29,B1,Kortrijk,Oostende,2,3,1,19,15,10,9,925.813495390143,921.542036354638,0,0,0,2,1,0,3,3,5,4,12,15,19,25,2,-2,4,-4,1,-1,1,3,9,10,15,19
2020-11-30,B1,Antwerp,Oud-Heverlee Leuven,2,3,2,29,16,9,4,1146.31940146192,994.844962253905,0,0,0,1,9,0,1,2,8,8,18,17,32,24,1,-1,13,-13,5,-5,2,3,4,9,16,29
2020-12-01,B1,Mouscron,St Truiden,2,3,2,10,18,6,7,845.777862257572,940.685403219174,0,0,0,0,1,1,6,6,4,5,6,7,7,28,1,-1,-8,8,-1,1,2,3,7,6,18,10
2020-12-02,B1,Charleroi,Waasland-Beveren,0,0,2,11,11,4,4,1049.59714665117,845.082695664337,0,0,1,0,0,2,1,5,4,5,14,6,34,9,-2,2,0,0,0,0,2,0,4,4,11,11
2020-12-03,B1,Eupen,Mechelen,1,1,1,10,25,3,6,919.197119054029,942.399894577442,1,1,0,0,2,2,0,0,8,5,14,8,21,22,0,0,-15,15,-3,3,1,1,6,3,25,10
2020-12-04,B1,Waregem,Anderlecht,1,2,2,8,21,2,6,940.041968044485,1181.85572214125,0,0,1,1,0,0,5,2,7,8,8,16,20,35,0,0,-13,13,-4,4,2,2,6,2,21,8
2020-12-05,B1,Waasland-Beveren,Mouscron,2,2,0,12,6,5,2,912.137340713669,886.30804495166,1,1,0,0,1,1,0,0,8,7,9,8,12,10,2,-2,6,-6,3,-3,0,2,2,5,6,12
2020-12-05,B1,Oud-Heverlee Leuven,Cercle Brugge,2,2,1,11,15,4,5,975.97473750664,935.044559039179,0,1,0,0,4,1,1,0,5,3,17,12,21,25,1,-1,-4,4,-1,1,1,2,5,4,15,11
2020-12-05,B1,Club Brugge,St Truiden,2,1,0,16,6,5,3,1256.0202543838,900.155220525087,1,0,0,1,5,0,0,7,8,5,21,6,45,25,1,-1,10,-10,2,-2,0,1,3,5,6,16
2020-12-06,B1,Genk,Antwerp,2,4,2,20,10,10,2,1184.19866898536,1165.18962620919,3,0,0,0,5,1,0,2,15,8,23,21,38,35,2,-2,10,-10,8,-8,2,4,2,10,10,20
2020-12-06,B1,Beerschot VA,Eupen,0,0,1,19,18,4,8,1075.54341960244,920.264060652733,5,0,0,0,5,1,0,2,10,6,19,14,28,22,-1,1,1,-1,-4,4,1,0,8,4,18,19
2020-12-06,B1,Standard,Mechelen,1,2,2,17,14,5,9,1028.23937108182,941.332952978739,0,0,0,0,7,3,1,1,6,6,14,9,31,20,0,0,3,-3,-4,4,2,2,9,5,14,17
2020-12-06,B1,Oostende,Gent,2,2,1,7,7,3,2,878.223587569869,997.295203413875,0,2,0,0,1,2,2,0,1,7,14,13,22,32,1,-1,0,0,1,-1,1,2,2,3,7,7
2020-12-07,B1,Charleroi,Kortrijk,1,0,0,1,13,0,6,982.542501601842,969.131944174912,0,0,2,1,0,0,2,2,4,5,11,12,34,19,0,0,-12,12,-6,6,0,0,6,0,13,1
2020-12-08,B1,Oud-Heverlee Leuven,Mouscron,2,2,0,11,8,3,5,1004.22227209134,845.704926706503,1,0,0,1,5,0,0,1,7,7,17,8,24,10,2,-2,3,-3,-2,2,0,2,5,3,8,11
2020-12-11,B1,Anderlecht,Genk,2,1,0,15,4,5,1,1172.22660078273,1225.6591219081,0,3,0,0,12,4,1,0,6,15,14,26,35,38,1,-1,11,-11,4,-4,0,1,1,5,4,15
2020-12-12,B1,Mouscron,Beerschot VA,2,3,1,16,11,7,2,820.575502953517,1030.12351138202,1,1,0,0,2,2,0,0,7,10,8,16,10,28,2,-2,5,-5,5,-5,1,3,2,7,11,16
2020-12-12,B1,Cercle Brugge,Oostende,0,0,1,8,14,4,4,906.797024454479,920.780376785516,0,0,3,3,0,0,3,4,3,4,12,14,24,24,-1,1,-6,6,0,0,1,0,4,4,14,8
2020-12-12,B1,Kortrijk,Oud-Heverlee Leuven,0,0,3,20,10,5,4,969.74921664818,1029.35169584433,1,0,0,2,2,0,0,3,6,7,10,17,20,26,-3,3,10,-10,1,-1,3,0,4,5,10,20
2020-12-12,B1,St Truiden,Charleroi,0,1,2,17,11,3,4,892.846316361661,981.925229128574,0,0,0,1,1,0,2,4,2,2,6,9,24,32,-1,1,6,-6,-1,1,2,1,4,3,11,17
2020-12-13,B1,Antwerp,Club Brugge,0,0,2,9,13,1,5,1123.72917328645,1263.32915854722,1,0,0,0,10,2,0,1,5,11,18,21,35,45,-2,2,-4,4,-4,4,2,0,5,1,13,9
2020-12-13,B1,Gent,Standard,2,2,1,14,8,6,3,954.738414198228,1024.31861537097,0,0,1,0,0,2,3,3,7,7,13,15,29,29,1,-1,6,-6,3,-3,1,2,3,6,8,14
2020-12-13,B1,Mechelen,Waasland-Beveren,0,2,3,12,10,5,5,945.253708689591,952.740458958826,0,1,1,0,0,3,3,0,6,10,10,12,20,15,-1,1,2,-2,0,0,3,2,5,5,10,12
2020-12-15,B1,Cercle Brugge,Charleroi,0,3,4,10,21,5,7,876.084243841791,1005.89592902637,0,1,4,0,0,1,4,0,3,4,9,9,23,34,-1,1,-11,11,-2,2,4,3,7,5,21,10
2020-12-15,B1,Mouscron,Oud-Heverlee Leuven,1,2,2,17,12,7,9,888.084279804598,1074.61911233333,2,1,0,0,3,1,0,0,7,10,11,20,13,29,0,0,5,-5,-2,2,2,2,9,7,12,17
2020-12-15,B1,Anderlecht,Oostende,2,2,1,9,14,5,3,1209.10948222917,951.493157398204,1,1,0,0,13,1,0,0,6,7,14,14,35,27,1,-1,-5,5,2,-2,1,2,3,5,14,9
2020-12-16,B1,Antwerp,Waregem,0,0,1,11,17,2,5,1096.60275236647,949.671089403011,0,2,1,0,0,2,1,0,5,8,17,9,32,18,-1,1,-6,6,-3,3,1,0,5,2,17,11
2020-12-16,B1,Gent,Waasland-Beveren,2,3,0,17,9,7,1,993.062663376553,984.051010486252,1,2,0,0,1,4,0,0,7,13,13,15,29,18,3,-3,8,-8,6,-6,0,3,1,7,9,17
2020-12-16,B1,Kortrijk,Standard,2,2,1,10,17,4,6,924.481800159172,985.994366192641,0,0,1,1,0,0,1,4,5,4,10,12,20,28,1,-1,-7,7,-2,2,1,2,6,4,17,10
2020-12-17,B1,Mechelen,Club Brugge,0,0,3,10,21,3,8,913.943157162164,1290.45557946721,0,1,2,0,0,3,4,0,5,13,10,21,19,45,-3,3,-11,11,-5,5,3,0,8,3,21,10
2020-12-18,B1,Charleroi,Anderlecht,2,1,0,10,7,4,2,1026.46677513879,1220.94826174808,0,0,0,0,1,1,3,3,7,8,11,16,36,35,1,-1,3,-3,2,-2,0,1,2,4,7,10
2020-12-19,B1,Waregem,St Truiden,0,0,2,12,11,1,6,994.451041453385,868.875616463863,0,0,0,2,1,0,6,8,10,2,12,6,21,23,-2,2,1,-1,-5,5,2,0,6,1,11,12
2020-12-19,B1,Genk,Kortrijk,2,2,0,13,7,5,1,1188.77624046165,962.088853108412,4,0,0,0,6,1,0,3,12,7,23,13,37,23,2,-2,6,-6,4,-4,0,2,1,5,7,13
2020-12-20,B1,Club Brugge,Gent,0,0,1,22,6,9,2,1301.6583633441,1046.18015554638,2,0,0,1,6,0,0,1,13,9,21,16,45,29,-1,1,16,-16,7,-7,1,0,2,9,6,22
2020-12-20,B1,Oud-Heverlee Leuven,Mechelen,0,1,2,12,29,5,12,1066.76902412465,902.74037328527,2,0,0,0,6,4,0,2,10,2,18,7,30,18,-1,1,-17,17,-7,7,2,1,12,5,29,12
2020-12-20,B1,Standard,Mouscron,0,0,1,13,10,6,4,948.387313243401,895.934368013282,0,0,0,2,8,0,2,2,3,7,11,11,28,14,-1,1,3,-3,2,-2,1,0,4,6,10,13
2020-12-20,B1,Waasland-Beveren,Antwerp,0,0,3,9,16,1,7,930.933518316428,1051.8228003161,2,0,0,1,2,0,0,3,10,4,15,14,18,32,-3,3,-7,7,-6,6,3,0,7,1,16,9
2020-12-26,B1,Club Brugge,Eupen,2,3,0,14,9,6,2,1249.61636132422,965.683968873157,0,1,1,0,0,2,1,0,10,9,18,14,42,24,3,-3,5,-5,4,-4,0,3,2,6,9,14
2020-12-26,B1,Waregem,Cercle Brugge,2,1,0,7,14,3,3,935.397745300448,855.513397729376,0,0,1,1,0,0,7,1,7,0,11,9,18,20,1,-1,-7,7,0,0,0,1,3,3,14,7
2020-12-26,B1,Kortrijk,Gent,2,1,0,9,13,5,6,943.375809771965,1098.22215756626,1,1,0,0,1,1,0,0,7,9,12,16,23,29,1,-1,-4,4,-1,1,0,1,6,5,13,9
2020-12-26,B1,Oud-Heverlee Leuven,Oostende,0,1,2,9,20,4,6,1020.6920794847,939.654377879296,0,0,1,1,0,0,1,1,10,6,15,13,29,27,-1,1,-11,11,-2,2,2,1,6,4,20,9
2020-12-26,B1,Standard,St Truiden,0,1,2,18,9,7,5,911.59259105499,927.9289126168,0,1,1,0,0,1,3,0,2,4,8,9,25,23,-1,1,9,-9,2,-2,2,1,5,7,9,18
2020-12-27,B1,Antwerp,Charleroi,2,2,1,17,6,6,1,1088.11063916534,1074.71641852722,0,2,2,0,0,2,2,0,6,10,14,14,32,36,1,-1,11,-11,5,-5,1,2,1,6,6,17
2020-12-27,B1,Genk,Waasland-Beveren,1,1,1,13,8,2,2,1207.4892837981,894.645679467184,5,0,0,1,7,0,0,1,12,9,25,14,40,18,0,0,5,-5,0,0,1,1,2,2,8,13
2020-12-27,B1,Anderlecht,Beerschot VA,2,2,0,27,8,6,2,1172.69861835965,962.614734530938,2,0,0,1,14,0,0,1,8,7,16,16,35,28,2,-2,19,-19,4,-4,0,2,2,6,8,27
2020-12-27,B1,Mechelen,Mouscron,2,2,1,10,16,5,6,948.817317925222,932.729090201692,0,1,3,0,0,1,5,0,5,7,10,14,20,17,1,-1,-6,6,-1,1,1,2,6,5,16,10
2020-12-29,B1,Eupen,Waregem,0,2,3,17,16,7,9,947.882437085752,960.167096174977,0,3,0,0,3,3,1,0,8,10,13,14,21,21,-1,1,1,-1,-2,2,3,2,9,7,16,17
2020-12-30,B1,St Truiden,Beerschot VA,2,1,0,9,12,3,4,958.425389656381,942.456208210371,0,0,1,2,0,0,3,2,6,6,11,13,23,28,1,-1,-3,3,-1,1,0,1,4,3,12,9
2021-01-06,B1,Eupen,Genk,0,1,4,20,9,3,4,917.013424722469,1196.02512006124,0,0,1,1,0,0,2,1,7,10,12,25,21,41,-3,3,11,-11,-1,1,4,1,4,3,9,20
2021-01-09,B1,Waregem,Mouscron,2,1,0,6,17,1,5,991.036108538259,902.209812558332,1,0,0,1,1,0,0,1,10,7,17,14,24,17,1,-1,-11,11,-4,4,0,1,5,1,17,6
2021-01-09,B1,Cercle Brugge,Eupen,0,1,2,14,12,5,5,830.744046854847,898.78591864351,0,0,5,1,0,0,5,1,0,4,6,12,20,20,-1,1,2,-2,0,0,2,1,5,5,12,14
2021-01-09,B1,Kortrijk,Genk,2,2,1,13,11,6,4,988.762833151796,1214.2526261402,2,1,0,0,2,1,0,0,7,10,12,25,26,41,1,-1,2,-2,2,-2,1,2,4,6,11,13
2021-01-09,B1,Oostende,Charleroi,2,3,2,19,11,6,3,978.985755245372,1043.9494610367,1,0,0,1,2,0,0,1,9,10,13,14,29,36,1,-1,8,-8,3,-3,2,3,3,6,11,19
2021-01-10,B1,Mechelen,Antwerp,2,3,0,12,9,5,0,979.336595568582,1118.87759665586,1,1,0,0,1,1,0,0,7,6,13,14,20,32,3,-3,3,-3,5,-5,0,3,0,5,9,12
2021-01-10,B1,Beerschot VA,Gent,1,1,1,7,16,3,6,911.925989303401,1052.83513418643,0,0,1,1,0,0,1,1,3,9,13,16,28,28,0,0,-9,9,-3,3,1,1,6,3,16,7
2021-01-10,B1,Oud-Heverlee Leuven,Anderlecht,2,1,0,5,19,1,3,981.360702118622,1192.85714468022,0,0,2,1,0,0,2,4,7,10,14,18,29,35,1,-1,-14,14,-2,2,0,1,3,1,19,5
2021-01-10,B1,St Truiden,Club Brugge,0,1,2,10,12,3,3,988.955608563351,1267.41789311162,1,2,0,0,1,4,0,0,9,12,14,20,23,42,-1,1,-2,2,0,0,2,1,3,3,12,10
2021-01-11,B1,Standard,Waasland-Beveren,2,3,1,20,10,8,5,881.09611401541,906.109843204044,0,0,2,0,0,1,4,2,1,7,7,15,25,19,2,-2,10,-10,3,-3,1,3,5,8,10,20
2021-01-12,B1,Oostende,Eupen,1,1,1,18,6,4,2,1016.90036544476,924.59793914105,2,1,0,0,3,1,0,0,12,6,13,12,31,23,0,0,12,-12,2,-2,1,1,2,4,6,18
2021-01-13,B1,Beerschot VA,Cercle Brugge,1,1,1,3,14,1,2,918.081253416875,804.932026357306,0,0,0,2,1,0,2,2,1,0,11,3,29,19,0,0,-11,11,-1,1,1,1,2,1,14,3
2021-01-15,B1,Eupen,Anderlecht,2,2,0,18,12,4,5,928.751364322117,1143.47357636818,0,0,2,2,0,0,3,5,4,9,13,15,24,32,2,-2,6,-6,-1,1,0,2,5,4,12,18
2021-01-16,B1,Oostende,Kortrijk,2,2,1,7,11,2,2,1012.74694026369,1039.03497193903,0,0,0,1,4,0,1,4,10,9,14,15,29,29,1,-1,-4,4,0,0,1,2,2,2,11,7
2021-01-16,B1,Mouscron,Genk,2,2,0,17,12,12,2,878.21730667074,1163.98048735297,0,0,0,1,4,0,1,1,7,7,14,22,17,38,2,-2,5,-5,10,-10,0,2,2,12,12,17
2021-01-16,B1,Waasland-Beveren,Waregem,0,1,5,13,18,7,10,859.10012704775,1015.02861442585,0,4,1,0,0,4,1,0,4,12,14,20,19,27,-4,4,-5,5,-3,3,5,1,10,7,18,13
2021-01-16,B1,Charleroi,Mechelen,0,0,1,10,10,5,1,1006.03485083732,1054.66348098573,1,1,0,0,2,5,0,0,9,9,11,15,33,23,-1,1,0,0,4,-4,1,0,1,5,10,10
2021-01-17,B1,Gent,Antwerp,0,0,1,10,7,4,1,1046.67987007295,1043.55071123871,2,0,0,1,2,0,0,1,10,6,17,11,26,31,-1,1,3,-3,3,-3,1,0,1,4,7,10
2021-01-17,B1,Cercle Brugge,Standard,0,0,1,7,5,0,3,809.966017056433,928.105830171703,0,0,6,2,0,0,6,5,1,3,4,10,19,28,-1,1,2,-2,-3,3,1,0,3,0,5,7
2021-01-17,B1,Beerschot VA,Club Brugge,0,0,3,10,15,4,6,913.047262717748,1278.14228559162,0,3,0,0,2,5,3,0,2,12,12,23,30,42,-3,3,-5,5,-2,2,3,0,6,4,15,10
2021-01-17,B1,St Truiden,Oud-Heverlee Leuven,2,3,1,12,9,4,4,978.231216083358,1030.74427043066,0,0,1,0,0,2,1,1,9,7,11,14,20,32,2,-2,3,-3,0,0,1,3,4,4,9,12
2021-01-19,B1,Mouscron,Waasland-Beveren,1,1,1,14,8,4,4,951.741280631322,821.747168815046,1,0,0,1,5,0,0,3,7,1,14,14,19,16,0,0,6,-6,0,0,1,1,4,4,8,14
2021-01-19,B1,Anderlecht,Charleroi,2,3,0,15,4,4,0,1075.5053171599,978.484693528499,3,0,0,2,15,0,0,2,6,6,12,10,31,30,3,-3,11,-11,4,-4,0,3,0,4,4,15
2021-01-20,B1,Kortrijk,St Truiden,0,0,2,29,8,7,2,1004.61836459347,1028.6676604807,3,2,0,0,3,2,0,0,9,12,14,14,29,20,-2,2,21,-21,5,-5,2,0,2,7,8,29
2021-01-20,B1,Eupen,Beerschot VA,2,3,1,13,5,5,3,996.719623530398,901.166357097735,1,0,0,3,1,0,0,3,7,2,15,9,26,27,2,-2,8,-8,2,-2,1,3,3,5,5,13
2021-01-20,B1,Mechelen,Standard,0,0,4,13,11,3,5,1082.21363829455,949.625590348814,2,1,0,0,2,1,0,0,12,6,17,10,25,28,-4,4,2,-2,-2,2,4,0,5,3,11,13
2021-01-20,B1,Antwerp,Cercle Brugge,2,1,0,10,8,1,1,1075.83890962567,788.446256879322,1,0,0,0,1,1,0,3,9,1,14,4,33,19,1,-1,2,-2,0,0,0,1,1,1,8,10
2021-01-20,B1,Club Brugge,Oostende,2,2,1,14,10,6,4,1290.02319121163,1047.16354760924,1,1,0,0,1,1,0,0,12,10,25,17,45,32,1,-1,4,-4,2,-2,1,2,4,6,10,14
2021-01-21,B1,Waregem,Oud-Heverlee Leuven,0,2,3,11,17,5,8,1052.38157265856,980.307826033318,2,0,0,1,2,0,0,2,12,4,22,14,30,31,-1,1,-6,6,-3,3,3,2,8,5,17,11
2021-01-21,B1,Genk,Gent,1,1,1,6,16,3,6,1090.45651339238,1014.391671686,0,0,0,0,8,1,1,2,7,7,19,14,35,26,0,0,-10,10,-3,3,1,1,6,3,16,6
2021-01-22,B1,Anderlecht,Waasland-Beveren,1,0,0,26,4,10,0,1115.19293419957,827.469073768173,4,0,0,0,16,1,0,4,6,2,14,12,31,17,0,0,22,-22,10,-10,0,0,0,10,4,26
2021-01-23,B1,Mechelen,Eupen,2,3,0,14,12,8,4,994.22437090152,1028.81051307474,0,0,1,0,0,2,1,1,12,10,14,17,22,29,3,-3,2,-2,4,-4,0,3,4,8,12,14
2021-01-23,B1,Kortrijk,Cercle Brugge,0,1,2,16,11,3,5,963.791706996921,778.172985399989,0,0,1,1,0,0,1,4,6,1,13,1,26,16,-1,1,5,-5,-2,2,2,1,5,3,11,16
2021-01-23,B1,St Truiden,Mouscron,0,0,2,17,12,3,6,1069.49431807726,946.019375678196,1,0,0,2,1,0,0,2,12,7,16,14,23,20,-2,2,5,-5,-3,3,2,0,6,3,12,17
2021-01-23,B1,Antwerp,Oostende,0,1,2,11,12,3,5,1086.112181105,1034.48311950878,2,0,0,1,2,0,0,1,12,10,16,16,36,32,-1,1,-1,1,-2,2,2,1,5,3,12,11
2021-01-24,B1,Club Brugge,Genk,2,3,2,18,9,8,4,1302.70361931209,1087.00851182891,2,0,0,2,2,0,0,2,12,5,25,17,45,35,1,-1,9,-9,4,-4,2,3,4,8,9,18
2021-01-24,B1,Waregem,Beerschot VA,0,0,3,9,9,2,5,1013.83694620844,869.075467553396,0,0,1,4,0,0,1,4,12,2,19,8,30,24,-3,3,0,0,-3,3,3,0,5,2,9,9
2021-01-24,B1,Standard,Charleroi,2,3,2,14,16,6,10,1037.61485774184,938.797076488823,1,0,0,3,1,0,0,3,9,3,12,10,28,27,1,-1,-2,2,-4,4,2,3,10,6,16,14
2021-01-24,B1,Oud-Heverlee Leuven,Gent,0,0,3,12,25,5,9,1018.85245248343,1017.83967324947,1,0,0,0,1,2,0,3,6,5,16,14,33,27,-3,3,-13,13,-4,4,3,0,9,5,25,12
2021-01-26,B1,Eupen,Antwerp,0,0,2,19,11,4,4,968.86832628162,1049.39166402673,2,1,0,0,2,1,0,0,10,9,14,15,28,33,-2,2,8,-8,0,0,2,0,4,4,11,19
2021-01-26,B1,Waasland-Beveren,Mechelen,0,2,3,9,17,6,7,838.34065409902,1054.16655769464,0,2,2,0,0,6,2,0,3,12,12,17,18,25,-1,1,-8,8,-1,1,3,2,7,6,17,9
2021-01-26,B1,Mouscron,Anderlecht,1,1,1,7,11,1,2,1004.83886627041,1104.32135386873,0,0,0,3,6,0,1,6,7,7,14,15,22,31,0,0,-4,4,-1,1,1,1,2,1,11,7
2021-01-27,B1,Beerschot VA,Kortrijk,1,0,0,4,20,1,4,945.098532684227,916.155679281681,0,0,1,2,0,0,4,5,5,6,8,13,24,25,0,0,-16,16,-3,3,0,0,4,1,20,4
2021-01-27,B1,Genk,Waregem,2,3,2,12,13,5,6,1072.66287972851,937.813881077608,0,5,0,0,9,5,2,0,4,9,14,19,34,27,1,-1,-1,1,-1,1,2,3,6,5,13,12
2021-01-27,B1,Charleroi,Oud-Heverlee Leuven,1,1,1,19,17,11,5,915.660799377044,964.161897663229,0,1,1,0,0,1,1,0,0,6,10,16,24,33,0,0,2,-2,6,-6,1,1,5,11,17,19
2021-01-27,B1,Gent,St Truiden,1,1,1,10,3,5,2,1072.53022806968,1010.67482748504,0,3,1,0,0,3,1,0,5,9,14,15,30,22,0,0,7,-7,3,-3,1,1,2,5,3,10
2021-01-28,B1,Cercle Brugge,Club Brugge,0,1,2,8,8,5,3,825.809013115229,1317.04925141249,0,4,7,0,0,6,7,0,4,15,4,25,16,48,-1,1,0,0,2,-2,2,1,3,5,8,8
2021-01-28,B1,Oostende,Standard,1,2,2,9,21,3,5,1071.20363658705,1060.75113485362,1,2,0,0,5,2,0,0,10,12,19,14,34,30,0,0,-12,12,-2,2,2,2,5,3,21,9
2021-01-29,B1,Antwerp,Waasland-Beveren,2,3,2,15,6,7,3,1083.26280077202,824.003400329252,0,0,1,0,0,2,1,5,9,2,15,9,36,18,1,-1,9,-9,4,-4,2,3,3,7,6,15
2021-01-30,B1,Mechelen,Genk,1,0,0,15,12,2,3,1068.5038114644,1092.83106922492,1,0,0,3,1,0,0,3,12,4,19,14,28,37,0,0,3,-3,-1,1,0,0,3,2,12,15
2021-01-30,B1,Eupen,Mouscron,1,1,1,12,11,5,4,934.997189536328,1009.29897497561,0,1,1,0,0,1,1,0,7,8,13,15,27,23,0,0,1,-1,1,-1,1,1,4,5,11,12
2021-01-30,B1,Oud-Heverlee Leuven,Beerschot VA,0,0,1,14,14,3,7,961.942736103259,943.768739680915,0,1,1,0,0,1,1,0,7,5,14,6,31,25,-1,1,0,0,-4,4,1,0,7,3,14,14
2021-01-30,B1,Kortrijk,Charleroi,0,1,3,12,14,4,5,917.485472284993,917.879960937014,0,0,2,4,0,0,2,4,4,1,11,11,23,22,-2,2,-2,2,-1,1,3,1,5,4,14,12
2021-01-31,B1,Club Brugge,Standard,2,3,1,17,10,7,5,1320.62300824209,1061.2323451763,3,0,0,0,3,3,0,1,15,13,27,14,48,28,2,-2,7,-7,2,-2,1,3,5,7,10,17
2021-01-31,B1,Waregem,Oostende,2,2,1,20,13,3,7,917.645691581199,1070.72242626437,0,1,2,0,0,1,2,0,6,8,16,20,24,34,1,-1,7,-7,-4,4,1,2,7,3,13,20
2021-01-31,B1,Anderlecht,Gent,1,0,0,10,12,4,3,1099.86124516353,1069.71140086068,0,1,0,0,17,3,1,0,5,6,15,15,31,28,0,0,-2,2,1,-1,0,0,3,4,12,10
2021-01-31,B1,St Truiden,Cercle Brugge,2,3,0,10,15,6,2,1013.49365469404,822.235256285629,0,1,1,0,0,1,1,0,7,4,16,4,22,16,3,-3,-5,5,4,-4,0,3,2,6,15,10
2021-02-05,B1,Mouscron,Kortrijk,0,0,3,10,13,3,5,1005.92847867627,873.67765147633,0,0,0,0,7,1,2,6,9,1,16,10,24,20,-3,3,-3,3,-2,2,3,0,5,3,13,10
2021-02-06,B1,Oostende,St Truiden,2,3,1,13,5,4,2,1025.47015146307,1040.71122930273,0,0,0,0,6,4,1,1,7,10,17,19,31,25,2,-2,8,-8,2,-2,1,3,2,4,5,13
2021-02-06,B1,Cercle Brugge,Mechelen,0,0,1,9,13,3,3,795.017681676939,1069.62229580853,0,3,8,0,0,7,8,0,3,10,4,19,16,29,-1,1,-4,4,0,0,1,0,3,3,13,9
2021-02-06,B1,Waasland-Beveren,Club Brugge,0,0,2,6,22,0,10,812.255610596733,1336.71401762941,0,5,3,0,0,7,3,0,2,15,6,27,18,48,-2,2,-16,16,-10,10,2,0,10,0,22,6
2021-02-06,B1,Standard,Oud-Heverlee Leuven,1,1,1,13,10,4,3,1045.14133578898,928.270374216531,2,0,0,0,2,2,0,1,10,4,13,11,28,28,0,0,3,-3,1,-1,1,1,3,4,10,13
2021-02-07,B1,Beerschot VA,Antwerp,0,1,2,6,11,3,2,977.441101567643,1095.01059050454,0,2,0,0,1,2,5,0,7,12,9,18,25,36,-1,1,-5,5,1,-1,2,1,2,3,11,6
2021-02-07,B1,Charleroi,Waregem,1,1,1,9,20,8,5,961.687781745677,962.897966382501,0,0,0,1,1,0,2,1,4,6,13,18,22,27,0,0,-11,11,3,-3,1,1,5,8,20,9
2021-02-07,B1,Genk,Anderlecht,0,1,2,5,11,1,3,1091.7125848808,1098.4762682832,1,0,0,0,10,1,0,7,5,6,12,15,38,29,-1,1,-6,6,-2,2,2,1,3,1,11,5
2021-02-07,B1,Gent,Eupen,1,2,2,9,7,3,4,1071.096377741,938.367685835666,0,0,0,1,1,0,2,2,6,7,16,11,29,25,0,0,2,-2,-1,1,2,2,4,3,7,9
2021-02-12,B1,Oud-Heverlee Leuven,Kortrijk,2,3,1,8,28,4,10,933.458266686319,948.018966337934,0,1,2,0,0,2,2,0,5,4,9,13,29,23,2,-2,-20,20,-6,6,1,3,10,4,28,8
2021-02-13,B1,St Truiden,Waregem,0,1,2,9,15,5,9,994.93092701595,962.842235545797,1,0,0,0,1,1,0,2,7,4,19,16,25,28,-1,1,-6,6,-4,4,2,1,9,5,15,9
2021-02-14,B1,Standard,Antwerp,1,1,1,9,14,3,5,1039.95344331919,1116.57727036237,0,3,0,0,3,3,1,0,8,12,14,21,26,38,0,0,-5,5,-2,2,1,1,5,3,14,9
2021-02-14,B1,Beerschot VA,Mechelen,0,1,2,14,16,3,6,955.87442170981,1080.54639924605,0,4,1,0,0,8,6,0,7,10,9,22,25,32,-1,1,-2,2,-3,3,2,1,6,3,16,14
2021-02-14,B1,Cercle Brugge,Anderlecht,1,0,0,10,4,4,0,784.093578239419,1129.85338870477,0,1,9,0,0,2,9,0,3,9,4,15,13,29,0,0,6,-6,4,-4,0,0,0,4,4,10
2021-02-15,B1,Gent,Mouscron,2,4,0,20,10,9,2,1065.2649568676,931.587163814667,0,0,0,0,2,2,3,1,7,6,14,13,27,24,4,-4,10,-10,7,-7,0,4,2,9,10,20
2021-02-17,B1,Waasland-Beveren,Eupen,2,1,0,11,9,5,4,808.170384200943,944.19910670907,0,0,4,0,0,1,4,3,2,5,3,12,18,25,1,-1,2,-2,1,-1,0,1,4,5,9,11
2021-02-17,B1,Oostende,Genk,2,3,1,7,10,4,1,1071.25045374985,1060.33546445923,1,0,0,0,7,1,0,4,7,5,17,12,31,35,2,-2,-3,3,3,-3,1,3,1,4,10,7
2021-02-19,B1,Mechelen,Gent,1,1,1,14,12,3,6,1101.5324063391,1106.10625722817,0,0,0,0,2,4,1,1,13,9,25,14,32,30,0,0,2,-2,-3,3,1,1,6,3,12,14
2021-02-20,B1,Eupen,Oostende,1,1,1,9,10,2,1,900.27361211632,1113.73069989404,0,0,0,1,1,0,2,1,2,10,12,20,24,33,0,0,-1,1,1,-1,1,1,1,2,10,9
2021-02-20,B1,Mouscron,Cercle Brugge,0,1,2,9,15,3,8,890.745863454092,796.246555110445,0,0,1,1,0,0,3,1,5,4,12,5,23,14,-1,1,-6,6,-5,5,2,1,8,3,15,9
2021-02-20,B1,Waasland-Beveren,Charleroi,1,1,1,12,8,3,2,852.095878793692,961.743512582381,1,1,0,0,1,1,0,0,4,5,6,11,21,20,0,0,4,-4,1,-1,1,1,2,3,8,12
2021-02-21,B1,Anderlecht,Kortrijk,0,0,2,10,13,0,8,1117.70041183374,902.324391991767,0,0,0,1,18,0,2,1,7,4,13,10,29,23,-2,2,-3,3,-8,8,2,0,8,0,13,10
2021-02-21,B1,Waregem,Standard,2,3,2,13,11,4,6,997.789338293856,1043.42598310328,1,0,0,1,1,0,0,2,7,6,19,15,30,26,1,-1,2,-2,-2,2,2,3,6,4,11,13
2021-02-21,B1,Genk,Beerschot VA,0,1,2,20,12,6,5,1017.85521831503,934.888414616761,0,2,1,0,0,2,1,0,4,7,9,9,34,22,-1,1,8,-8,1,-1,2,1,5,6,12,20
2021-02-21,B1,Antwerp,St Truiden,1,0,0,9,9,3,0,1113.10473057828,959.983824267891,1,0,0,1,1,0,0,2,10,4,22,16,36,25,0,0,0,0,3,-3,0,0,0,3,9,9
2021-02-22,B1,Club Brugge,Oud-Heverlee Leuven,2,3,0,21,4,10,0,1340.7992440252,979.152841032486,4,0,0,0,4,3,0,2,15,5,27,11,48,29,3,-3,17,-17,10,-10,0,3,0,10,4,21
2021-02-26,B1,Charleroi,Genk,0,1,2,13,13,4,4,956.855271107244,978.355705833548,0,0,0,1,2,0,3,5,6,4,9,8,20,33,-1,1,0,0,0,0,2,1,4,4,13,13
2021-02-27,B1,Cercle Brugge,Waasland-Beveren,2,2,0,13,9,4,2,836.74179903995,856.984120268829,0,0,0,1,1,0,10,6,4,4,8,7,14,21,2,-2,4,-4,2,-2,0,2,2,4,9,13
2021-02-27,B1,Oostende,Mechelen,2,2,0,15,15,6,1,1104.97546529723,1101.74302778936,2,5,0,0,8,9,0,0,8,11,18,23,31,33,2,-2,0,0,5,-5,0,2,1,6,15,15
2021-02-27,B1,Kortrijk,Waregem,0,1,2,8,9,6,3,970.350180349433,1033.96862037976,0,1,3,0,0,2,3,0,7,10,13,19,25,33,-1,1,-1,1,3,-3,2,1,3,6,9,8
2021-02-28,B1,Standard,Anderlecht,0,1,3,13,11,4,4,1007.24670101738,1049.67462347608,0,0,0,0,4,3,2,1,3,6,15,13,23,29,-2,2,2,-2,0,0,3,1,4,4,11,13
2021-02-28,B1,Beerschot VA,Mouscron,1,2,2,9,10,3,3,974.387927098247,850.250619524588,0,0,2,1,0,0,7,2,7,2,12,9,25,23,0,0,-1,1,0,0,2,2,3,3,10,9
2021-02-28,B1,St Truiden,Eupen,0,0,2,11,10,3,4,966.611646883297,909.028846713134,0,0,1,1,0,0,1,4,5,3,14,13,25,25,-2,2,1,-1,-1,1,2,0,4,3,10,11
2021-03-01,B1,Oud-Heverlee Leuven,Antwerp,2,2,0,10,13,6,6,967.060133519493,1106.47690796288,1,0,0,0,1,4,0,1,5,11,11,20,26,34,2,-2,-3,3,0,0,0,2,6,6,13,10
2021-03-05,B1,Charleroi,St Truiden,1,0,0,18,5,4,4,926.833010364972,915.55104696502,0,0,1,0,0,1,4,3,6,4,6,11,20,25,0,0,13,-13,0,0,0,0,4,4,5,18
2021-03-06,B1,Eupen,Oud-Heverlee Leuven,1,3,3,10,13,7,8,960.089446631411,1027.62918332073,0,0,0,1,2,0,3,3,6,7,13,14,25,28,0,0,-3,3,-1,1,3,3,8,7,13,10
2021-03-06,B1,Waasland-Beveren,Beerschot VA,0,1,2,18,7,6,2,810.574153327193,968.902647695198,0,3,0,0,2,3,1,0,4,7,6,12,21,23,-1,1,11,-11,4,-4,2,1,2,6,7,18
2021-03-06,B1,Antwerp,Kortrijk,2,4,2,9,18,7,8,1045.90785816164,944.145034767823,0,1,0,0,2,1,1,0,8,6,17,10,31,22,2,-2,-9,9,-1,1,2,4,8,7,18,9
2021-03-07,B1,Mouscron,Standard,2,1,0,8,21,0,4,855.735898927637,968.718395180377,0,0,2,2,0,0,4,3,2,2,10,15,24,22,1,-1,-13,13,-4,4,0,1,4,0,21,8
2021-03-07,B1,Club Brugge,Waregem,2,3,0,18,7,8,1,1352.89195153819,1060.17376596137,5,2,0,0,5,3,0,0,15,13,27,19,48,36,3,-3,11,-11,7,-7,0,3,1,8,7,18
2021-03-07,B1,Anderlecht,Mechelen,1,1,1,14,7,3,2,1088.20292931308,1058.29343624466,0,0,1,1,0,0,3,1,8,8,13,20,31,33,0,0,7,-7,1,-1,1,1,2,3,7,14
2021-03-07,B1,Genk,Cercle Brugge,2,2,0,15,7,8,1,1008.37796657582,883.151765981585,0,1,2,0,0,1,2,0,4,7,8,11,33,14,2,-2,8,-8,7,-7,0,2,1,8,7,15
2021-03-08,B1,Gent,Oostende,2,1,0,7,15,2,3,1105.89563577791,1148.42505684194,1,0,0,0,3,1,0,2,7,10,12,18,28,31,1,-1,-8,8,-1,1,0,1,3,2,15,7
2021-03-12,B1,Charleroi,Club Brugge,1,1,1,5,8,3,2,926.313639285339,1369.9528924868,0,6,0,0,1,8,5,0,6,15,7,30,21,48,0,0,-3,3,1,-1,1,1,2,3,8,5
2021-03-15,B1,Gent,Club Brugge,0,0,4,11,8,2,5,1141.79329202596,1356.2623994525,2,0,0,0,4,9,0,1,9,13,15,28,31,48,-4,4,3,-3,-3,3,4,0,5,2,8,11
2021-03-19,B1,Genk,Standard,1,2,2,14,20,5,5,1037.07871133084,926.664252230486,1,0,0,3,1,0,0,4,6,2,11,12,33,22,0,0,-6,6,0,0,2,2,5,5,20,14
2021-03-20,B1,Mouscron,Oostende,0,0,1,10,15,2,5,897.790041877528,1112.52740059389,1,0,0,1,1,0,0,3,4,10,13,17,27,31,-1,1,-5,5,-3,3,1,0,5,2,15,10
2021-03-20,B1,Eupen,Kortrijk,2,2,0,23,8,8,0,963.161170696696,912.778021644556,0,0,0,1,3,0,4,1,6,6,13,7,26,22,2,-2,15,-15,8,-8,0,2,0,8,8,23
2021-03-21,B1,Club Brugge,Antwerp,0,0,2,14,5,4,2,1385.3377694223,1077.27487128491,6,0,0,1,6,0,0,2,13,8,28,20,51,31,-2,2,9,-9,2,-2,2,0,2,4,5,14
2021-03-21,B1,Mechelen,Oud-Heverlee Leuven,1,2,2,20,12,8,4,1059.66742682033,1024.55745925544,0,0,0,0,3,1,2,4,8,8,18,12,33,26,0,0,8,-8,4,-4,2,2,4,8,12,20
2021-03-21,B1,Anderlecht,Waregem,2,4,1,26,4,11,1,1086.82893873741,1043.11282501276,0,0,0,1,1,0,4,1,8,10,14,16,29,36,3,-3,22,-22,10,-10,1,4,1,11,4,26
2021-03-21,B1,Gent,Cercle Brugge,2,1,0,9,7,5,3,1112.71792205616,854.451021226566,0,0,1,1,0,0,1,1,8,7,14,10,31,14,1,-1,2,-2,2,-2,0,1,3,5,7,9
2021-04-03,B1,Oostende,Waasland-Beveren,0,0,2,18,15,6,7,1126.93448870405,792.224651280274,3,0,0,2,9,0,0,7,10,4,17,6,34,20,-2,2,3,-3,-1,1,2,0,7,6,15,18
2021-04-03,B1,St Truiden,Mechelen,2,2,1,12,15,3,6,916.070418044653,1058.05603452873,0,0,2,0,0,1,2,2,2,6,12,16,23,33,1,-1,-3,3,-3,3,1,2,6,3,15,12
2021-04-03,B1,Kortrijk,Club Brugge,0,1,2,11,13,5,3,875.236178147086,1310.3522856498,0,1,4,0,0,10,4,0,3,10,7,25,21,50,-1,1,-2,2,2,-2,2,1,3,5,13,11
2021-04-04,B1,Cercle Brugge,Beerschot VA,2,2,1,7,8,3,1,842.648334116883,987.252149742117,1,4,0,0,2,4,0,0,7,7,10,14,14,26,1,-1,-1,1,2,-2,1,2,1,3,8,7
2021-04-04,B1,Standard,Gent,2,2,1,16,13,4,4,931.584489535675,1124.52060916584,0,0,1,0,0,5,3,2,2,10,10,17,20,31,1,-1,3,-3,0,0,1,2,4,4,13,16
2021-04-04,B1,Charleroi,Mouscron,1,1,1,15,18,6,4,940.004132319644,883.382953767364,0,0,0,0,2,1,6,3,4,4,8,10,19,24,0,0,-3,3,2,-2,1,1,4,6,18,15
2021-04-05,B1,Oud-Heverlee Leuven,Genk,0,2,3,10,21,7,8,1026.16885154704,1032.15847402565,2,1,0,0,2,1,0,0,8,7,13,12,27,31,-1,1,-11,11,-1,1,3,2,8,7,21,10
2021-04-05,B1,Waregem,Eupen,2,2,1,24,21,10,8,995.406690714001,1000.70301419417,2,1,0,0,2,1,0,0,9,8,13,13,35,28,1,-1,3,-3,2,-2,1,2,8,10,21,24
2021-04-05,B1,Antwerp,Anderlecht,0,1,4,9,14,4,8,1152.26035505741,1134.53507303616,1,1,0,0,3,4,0,0,8,8,20,17,34,29,-3,3,-5,5,-4,4,4,1,8,4,14,9
2021-04-06,B1,Waasland-Beveren,St Truiden,0,2,4,13,19,6,8,868.790287015738,960.465318701978,0,0,1,0,0,2,2,4,7,5,9,12,23,26,-2,2,-6,6,-2,2,4,2,8,6,19,13
2021-04-07,B1,Beerschot VA,Charleroi,2,2,1,12,16,4,3,942.652884086389,937.419472138367,0,0,0,0,1,2,8,1,7,4,14,9,23,19,1,-1,-4,4,1,-1,1,2,3,4,16,12
2021-04-09,B1,Eupen,Standard,0,0,4,11,19,3,6,968.215242556792,979.728263387064,1,0,0,0,4,1,0,5,8,4,10,10,27,22,-4,4,-8,8,-3,3,4,0,6,3,19,11
2021-04-10,B1,Cercle Brugge,Oud-Heverlee Leuven,2,3,0,12,13,6,2,887.247599772611,994.720461519046,2,0,0,0,3,2,0,5,9,5,13,10,14,26,3,-3,-1,1,4,-4,0,3,2,6,13,12
2021-04-10,B1,Mechelen,Waregem,2,4,2,20,18,12,5,1013.66113387141,1027.89446235137,0,0,0,2,4,0,3,2,3,9,16,16,30,35,2,-2,2,-2,7,-7,2,4,5,12,18,20
2021-04-10,B1,Gent,Charleroi,2,4,0,17,9,8,2,1076.37683531445,905.901450739863,1,0,0,1,1,0,0,2,7,3,16,9,30,19,4,-4,8,-8,6,-6,0,4,2,8,9,17
2021-04-11,B1,Genk,St Truiden,2,4,0,19,6,8,2,1063.60686405364,993.011873512016,0,1,0,0,2,3,1,0,10,8,14,12,31,28,4,-4,13,-13,6,-6,0,4,2,8,6,19
2021-04-11,B1,Waasland-Beveren,Kortrijk,0,3,4,10,12,5,9,836.243732205701,870.402432361548,0,0,2,2,0,0,3,2,4,3,8,7,20,20,-1,1,-2,2,-4,4,4,3,9,5,12,10
2021-04-11,B1,Anderlecht,Club Brugge,2,2,1,8,10,3,3,1191.84632042119,1315.18603143534,1,2,0,0,2,11,0,0,10,10,17,25,31,50,1,-1,-2,2,0,0,1,2,3,3,10,8
2021-04-11,B1,Beerschot VA,Oostende,0,1,2,9,21,3,7,974.170905484893,1050.36885296859,1,1,0,0,2,1,0,0,10,7,17,17,25,33,-1,1,-12,12,-4,4,2,1,7,3,21,9
2021-04-12,B1,Mouscron,Antwerp,0,2,3,21,13,8,6,885.967613948642,1094.94910767239,0,1,1,0,0,1,1,0,5,7,10,17,24,33,-1,1,8,-8,2,-2,3,2,6,8,13,21
2021-04-17,B1,Charleroi,Eupen,0,2,3,21,13,8,5,870.7309789099,905.848972894227,0,0,0,1,3,0,7,1,3,7,9,10,19,24,-1,1,8,-8,3,-3,3,2,5,8,13,21
2021-04-17,B1,Antwerp,Genk,2,3,2,27,24,9,9,1109.72945946516,1115.18096389948,0,2,1,0,0,2,1,0,9,13,20,17,35,31,1,-1,3,-3,0,0,2,3,9,9,24,27
2021-04-18,B1,Club Brugge,Mouscron,2,4,2,19,11,7,5,1272.2803508454,871.187262155871,0,0,1,0,0,2,1,4,7,5,22,7,47,21,2,-2,8,-8,2,-2,2,4,5,7,11,19
2021-04-18,B1,Kortrijk,Mechelen,0,1,4,11,17,3,11,899.266397778026,1059.31445425898,0,0,5,1,0,0,5,3,3,5,10,16,23,33,-3,3,-6,6,-8,8,4,1,11,3,17,11
2021-04-18,B1,Oostende,Cercle Brugge,1,1,1,10,13,5,5,1075.46116064666,958.129351251482,0,0,1,2,0,0,1,2,9,9,17,13,36,17,0,0,-3,3,0,0,1,1,5,5,13,10
2021-04-18,B1,Oud-Heverlee Leuven,Waasland-Beveren,0,1,2,13,13,2,9,923.838710040175,807.379766789223,0,1,1,0,0,1,1,0,5,3,10,7,26,19,-1,1,0,0,-7,7,2,1,9,2,13,13
2021-04-18,B1,St Truiden,Anderlecht,0,0,1,4,14,1,4,941.437773666176,1234.75200101112,1,2,0,0,1,5,0,0,7,13,12,19,27,34,-1,1,-10,10,-3,3,1,0,4,1,14,4
2021-04-18,B1,Standard,Beerschot VA,2,3,0,13,9,10,3,1042.09453304963,949.078597806815,1,0,0,1,1,0,0,1,7,7,10,14,24,22,3,-3,4,-4,7,-7,0,3,3,10,9,13
2021-04-18,B1,Waregem,Gent,0,2,7,6,14,4,7,982.241141963802,1111.54730714441,3,0,0,1,3,0,0,3,6,9,16,16,35,30,-5,5,-8,8,-3,3,7,2,7,4,14,6
2019-07-26,B1,Genk,Kortrijk,2,2,1,10,8,2,4,1082.6789029871,868.21709887814,1,1,0,0,3,1,0,0,10,3,14,9,28,20,1,-1,2,-2,-2,2,1,2,4,2,8,10
2019-07-27,B1,Cercle Brugge,Standard,0,0,2,13,14,5,9,963.336227137823,1082.36593561631,3,1,0,0,4,2,0,0,7,10,14,12,18,26,-2,2,-1,1,-4,4,2,0,9,5,14,13
2019-07-27,B1,St Truiden,Mouscron,0,0,1,10,10,4,6,931.45508754994,863.258646795845,0,0,1,1,0,0,1,5,7,4,11,6,27,21,-1,1,0,0,-2,2,1,0,6,4,10,10
2019-07-27,B1,Waregem,Mechelen,0,0,2,7,10,2,5,934.58842979321,1090.36375315887,0,1,1,0,0,1,1,0,3,8,16,16,32,35,-2,2,-3,3,-3,3,2,0,5,2,10,7
2019-07-27,B1,Waasland-Beveren,Club Brugge,0,1,3,7,25,2,22,849.721580036571,1280.20896620543,0,0,3,1,0,0,4,1,6,9,10,22,19,49,-2,2,-18,18,-20,20,3,1,22,2,25,7
2019-07-28,B1,Anderlecht,Oostende,0,1,2,15,8,6,6,1244.73468712736,1070.25428476032,2,2,0,0,3,2,0,0,13,7,21,17,36,37,-1,1,7,-7,0,0,2,1,6,6,8,15
2019-07-28,B1,Charleroi,Gent,1,1,1,7,5,4,4,841.95449525368,1159.20001931501,0,1,1,0,0,1,8,0,2,9,8,18,19,33,0,0,2,-2,0,0,1,1,4,4,5,7
2019-07-28,B1,Eupen,Antwerp,0,1,4,12,14,3,8,934.625456550447,1142.23152037753,0,2,1,0,0,2,1,0,7,12,13,20,26,35,-3,3,-2,2,-5,5,4,1,8,3,14,12
2019-08-02,B1,Club Brugge,St Truiden,2,6,0,16,4,10,2,1286.99890468852,893.253405247561,1,0,0,1,1,0,0,1,9,6,22,8,49,27,6,-6,12,-12,8,-8,0,6,2,10,4,16
2019-08-03,B1,Standard,Waregem,2,4,0,16,3,7,1,1111.75965475147,909.175039560004,2,0,0,3,2,0,0,3,13,3,15,13,28,31,4,-4,13,-13,6,-6,0,4,1,7,3,16
2019-08-03,B1,Kortrijk,Charleroi,1,1,1,7,11,4,6,853.792294650994,853.516410578266,0,0,6,2,0,0,6,3,3,2,9,6,19,19,0,0,-4,4,-2,2,1,1,6,4,11,7
2019-08-03,B1,Oostende,Cercle Brugge,2,3,1,11,9,7,4,1117.09721698539,933.942508002661,0,0,0,0,1,1,2,3,10,7,20,14,37,18,2,-2,2,-2,3,-3,1,3,4,7,9,11
2019-08-03,B1,Mechelen,Genk,2,3,1,11,9,5,5,1115.77714339207,1097.10370721425,1,0,0,1,5,0,0,1,10,10,18,16,37,28,2,-2,2,-2,0,0,1,3,5,5,9,11
2019-08-04,B1,Gent,Eupen,2,6,1,18,8,11,5,1147.63810399042,909.284381692593,2,1,0,0,2,1,0,0,10,6,18,12,34,23,5,-5,10,-10,6,-6,1,6,5,11,8,18
2019-08-04,B1,Mouscron,Anderlecht,1,0,0,7,9,2,3,901.460329098224,1197.89175490229,0,3,2,0,0,6,2,0,4,12,8,20,24,35,0,0,-2,2,-1,1,0,0,3,2,9,7
2019-08-04,B1,Antwerp,Waasland-Beveren,2,4,1,15,10,11,6,1167.57259523539,842.931641553481,1,2,0,0,1,2,0,0,12,6,20,10,38,16,3,-3,5,-5,5,-5,1,4,6,11,10,15
2019-08-09,B1,Anderlecht,Mechelen,1,0,0,12,1,4,0,1186.80796918851,1157.27983638565,0,2,1,0,0,2,1,0,10,12,18,18,33,40,0,0,11,-11,4,-4,0,0,0,4,1,12
2019-08-10,B1,Oostende,Club Brugge,0,0,2,8,10,4,8,1139.76246395025,1302.60749849061,1,1,0,0,2,1,0,0,10,12,20,22,37,49,-2,2,-2,2,-4,4,2,0,8,4,10,8
2019-08-10,B1,Cercle Brugge,Kortrijk,0,1,3,13,11,6,9,911.277261037803,853.779589722599,0,0,1,1,0,0,1,1,7,4,14,7,18,20,-2,2,2,-2,-3,3,3,1,9,6,11,13
2019-08-10,B1,Eupen,Waasland-Beveren,1,1,1,4,7,1,4,879.353345494219,828.35179746292,0,0,2,1,0,0,2,1,3,3,11,10,23,13,0,0,-3,3,-3,3,1,1,4,1,7,4
2019-08-10,B1,Genk,Waregem,0,0,2,10,8,3,7,1055.60101422067,878.529977435002,2,0,0,4,4,0,0,4,9,3,16,12,28,28,-2,2,2,-2,-4,4,2,0,7,3,8,10
2019-08-11,B1,St Truiden,Standard,2,2,1,6,25,5,9,877.644811445462,1142.40471687648,0,2,2,0,0,3,2,0,3,15,8,17,27,31,1,-1,-19,19,-4,4,1,2,9,5,25,6
2019-08-11,B1,Charleroi,Antwerp,2,2,1,10,6,4,2,853.529115506661,1182.15243932595,0,3,0,0,1,3,9,0,2,12,6,20,17,41,1,-1,4,-4,2,-2,1,2,2,4,6,10
2019-08-11,B1,Mouscron,Gent,2,2,1,6,11,2,4,912.544114812006,1177.56914018879,0,0,0,0,1,2,3,1,5,10,9,20,22,34,1,-1,-5,5,-2,2,1,2,4,2,11,6
2019-08-16,B1,Club Brugge,Eupen,1,0,0,11,7,1,3,1327.29262983013,877.021363674457,2,0,0,1,2,0,0,1,12,4,22,12,49,24,0,0,4,-4,-2,2,0,0,3,1,7,11
2019-08-17,B1,Kortrijk,Anderlecht,2,4,2,8,9,5,5,904.829733058896,1185.45141302684,0,0,0,0,1,7,7,1,7,8,10,18,20,31,2,-2,-1,1,0,0,2,4,5,5,9,8
2019-08-17,B1,Mechelen,Cercle Brugge,2,3,1,7,3,4,2,1158.63639254732,860.227117701506,2,0,0,1,6,0,0,4,13,4,16,13,41,18,2,-2,4,-4,2,-2,1,3,2,4,3,7
2019-08-17,B1,Waasland-Beveren,Genk,0,0,4,7,16,2,5,830.683779282682,991.144632969033,0,0,4,2,0,0,5,2,4,6,8,16,14,25,-4,4,-9,9,-3,3,4,0,5,2,16,7
2019-08-18,B1,Standard,Mouscron,2,4,1,10,2,6,0,1089.85184817603,965.11132183464,3,1,0,0,3,1,0,0,12,7,16,12,31,24,3,-3,8,-8,6,-6,1,4,0,6,2,10
2019-08-18,B1,Antwerp,St Truiden,2,2,0,15,6,4,3,1126.53963014191,930.197680145907,2,0,0,2,2,0,0,2,12,3,19,11,41,27,2,-2,9,-9,1,-1,0,2,3,4,6,15
2019-08-18,B1,Gent,Oostende,2,2,0,11,5,4,2,1125.00193316616,1115.07733261074,3,3,0,0,3,3,0,0,10,10,17,17,31,37,2,-2,6,-6,2,-2,0,2,2,4,5,11
2019-08-19,B1,Waregem,Charleroi,2,3,1,5,4,3,2,942.986358686639,909.141924690701,0,0,2,0,0,1,2,4,3,5,12,8,31,17,2,-2,1,-1,1,-1,1,3,2,3,4,5
2019-08-23,B1,Genk,Anderlecht,2,1,0,6,8,4,2,1027.80903426986,1112.28303577492,0,0,1,1,0,0,1,2,6,5,19,18,27,31,1,-1,-2,2,2,-2,0,1,2,4,8,6
2019-08-24,B1,Cercle Brugge,Waasland-Beveren,2,1,0,7,10,2,2,846.88062232637,794.01937798186,0,0,2,0,0,1,2,2,1,4,10,7,18,14,1,-1,-3,3,0,0,0,1,2,2,10,7
2019-08-24,B1,St Truiden,Waregem,1,0,0,13,8,2,2,908.78483729732,982.585175777836,1,1,0,0,1,1,0,0,3,6,10,12,24,31,0,0,5,-5,0,0,0,0,2,2,8,13
2019-08-24,B1,Oostende,Mechelen,2,2,1,13,11,8,6,1072.47217981097,1171.98288792245,0,0,1,0,0,3,1,1,7,13,16,18,34,41,1,-1,2,-2,2,-2,1,2,6,8,11,13
2019-08-25,B1,Standard,Kortrijk,2,2,1,8,6,5,2,1125.60487805272,977.998110310825,4,1,0,0,4,1,0,0,12,7,19,10,34,23,1,-1,2,-2,3,-3,1,2,2,5,6,8
2019-08-25,B1,Mouscron,Eupen,2,2,0,5,6,4,2,929.358291957952,890.792338897767,1,0,0,0,2,1,0,2,7,5,12,12,21,25,2,-2,-1,1,2,-2,0,2,2,4,6,5
2019-08-30,B1,Mechelen,Mouscron,1,2,2,8,10,4,5,1131.06027333318,968.367534817772,3,0,0,1,7,0,0,1,10,10,18,14,38,24,0,0,-2,2,-1,1,2,2,5,4,10,8
2019-08-31,B1,Eupen,St Truiden,0,0,2,16,10,6,3,851.783096037947,912.133259165913,0,0,0,3,1,0,3,3,2,4,9,11,22,22,-2,2,6,-6,3,-3,2,0,3,6,10,16
2019-08-31,B1,Kortrijk,Oostende,1,2,2,6,12,3,3,958.830283646557,1113.39479440024,1,0,0,1,2,0,0,1,7,9,10,16,20,34,0,0,-6,6,0,0,2,2,3,3,12,6
2019-08-31,B1,Waasland-Beveren,Charleroi,0,0,4,5,7,1,6,766.850855150172,869.543107599504,0,0,5,1,0,0,6,5,1,5,7,8,13,14,-4,4,-2,2,-5,5,4,0,6,1,7,5
2019-09-01,B1,Club Brugge,Genk,1,1,1,10,13,5,3,1313.52165460682,1067.43960622157,0,1,0,0,3,1,1,0,13,9,20,19,50,27,0,0,-3,3,2,-2,1,1,3,5,13,10
2019-09-01,B1,Anderlecht,Standard,2,1,0,10,11,4,5,1072.65246382321,1144.77270471699,0,0,0,1,1,0,2,1,2,12,15,22,28,37,1,-1,-1,1,-1,1,0,1,5,4,11,10
2019-09-01,B1,Gent,Cercle Brugge,2,3,2,17,7,8,3,1167.60708596593,874.049145158058,4,0,0,2,4,0,0,5,10,3,19,10,31,21,1,-1,10,-10,5,-5,2,3,3,8,7,17
2019-09-01,B1,Waregem,Antwerp,2,2,0,10,3,4,2,979.236753909242,1147.9524729905,1,0,0,1,1,0,0,1,7,12,10,21,29,41,2,-2,7,-7,2,-2,0,2,2,4,3,10
2019-09-13,B1,Charleroi,Genk,2,2,1,3,11,3,4,915.517233334593,1077.19317110867,1,0,0,0,2,2,0,1,8,7,10,17,17,28,1,-1,-8,8,-1,1,1,2,4,3,11,3
2019-09-14,B1,Oostende,Standard,0,1,4,4,10,3,8,1106.71199392298,1106.22397521913,1,0,0,2,1,0,0,2,7,9,17,22,34,34,-3,3,-6,6,-5,5,4,1,8,3,10,4
2019-09-14,B1,Eupen,Waregem,1,1,1,9,4,2,2,815.467916839678,1042.86185682599,0,0,1,0,0,2,4,1,2,10,8,13,21,29,0,0,5,-5,0,0,1,1,2,2,4,9
2019-09-14,B1,St Truiden,Waasland-Beveren,1,1,1,4,12,2,4,948.448438364182,720.876729415083,0,0,0,1,2,0,1,3,7,1,13,7,25,13,0,0,-8,8,-2,2,1,1,4,2,12,4
2019-09-14,B1,Cercle Brugge,Club Brugge,0,0,2,11,8,4,4,864.078273832112,1303.76808971971,1,2,0,0,1,2,0,0,3,11,10,20,20,48,-2,2,3,-3,0,0,2,0,4,4,8,11
2019-09-15,B1,Anderlecht,Antwerp,0,1,2,10,13,2,8,1111.20119332106,1084.32737007375,1,0,0,2,2,0,0,2,5,9,17,21,31,38,-1,1,-3,3,-6,6,2,1,8,2,13,10
2019-09-15,B1,Gent,Mechelen,2,3,0,13,4,9,0,1177.57795729187,1124.07150056521,5,0,0,1,5,0,0,2,10,8,19,18,34,36,3,-3,9,-9,9,-9,0,3,0,9,4,13
2019-09-15,B1,Mouscron,Kortrijk,2,2,0,8,7,4,2,975.356307585745,965.513084123815,2,0,0,1,3,0,0,1,8,8,12,11,25,18,2,-2,1,-1,2,-2,0,2,2,4,7,8
2019-09-20,B1,Kortrijk,Mechelen,0,2,3,11,9,7,6,922.89766720955,1077.87221810525,0,0,0,2,3,0,1,3,7,5,11,17,18,33,-1,1,2,-2,1,-1,3,2,6,7,9,11
2019-09-21,B1,Charleroi,St Truiden,0,0,3,12,5,2,5,961.418899174526,939.247974208643,2,1,0,0,3,1,0,0,10,8,12,11,20,23,-3,3,7,-7,-3,3,3,0,5,2,5,12
2019-09-21,B1,Antwerp,Cercle Brugge,2,3,1,13,5,8,1,1118.79761623389,857.612838603038,3,0,0,3,3,0,0,6,9,3,21,10,41,20,2,-2,8,-8,7,-7,1,3,1,8,5,13
2019-09-21,B1,Waasland-Beveren,Mouscron,1,1,1,7,6,2,4,730.077193570622,1017.97172450001,0,0,6,0,0,1,7,2,2,10,5,15,14,25,0,0,1,-1,-2,2,1,1,4,2,6,7
2019-09-21,B1,Genk,Oostende,2,3,1,14,14,3,5,1031.29150526874,1052.10380225424,1,0,0,0,1,1,0,2,7,4,16,14,28,31,2,-2,0,0,-2,2,1,3,5,3,14,14
2019-09-22,B1,Standard,Eupen,2,3,0,15,4,8,1,1160.83216688788,824.662899775342,5,0,0,1,5,0,0,3,9,3,24,6,34,19,3,-3,11,-11,7,-7,0,3,1,8,4,15
2019-09-22,B1,Club Brugge,Anderlecht,2,2,1,17,5,8,4,1310.23352494879,1076.73094716093,0,0,0,2,4,0,2,3,11,4,20,14,48,31,1,-1,12,-12,4,-4,1,2,4,8,5,17
2019-09-22,B1,Waregem,Gent,1,2,2,6,13,2,5,1033.66687389032,1223.77723975184,2,0,0,1,2,0,0,2,11,12,14,22,27,36,0,0,-7,7,-3,3,2,2,5,2,13,6
2019-09-28,B1,Mechelen,Club Brugge,0,0,5,2,22,0,12,1096.47545482016,1323.47055557553,0,3,0,0,8,3,1,0,7,11,20,23,36,48,-5,5,-20,20,-12,12,5,0,12,0,22,2
2019-09-28,B1,Cercle Brugge,Eupen,0,1,2,7,7,3,4,841.657084019847,810.901076933435,0,0,1,2,0,0,1,4,3,2,7,6,20,16,-1,1,0,0,-1,1,2,1,4,3,7,7
2019-09-28,B1,Gent,Kortrijk,2,2,0,13,3,8,2,1215.80276113903,904.294430494632,6,0,0,2,6,0,0,2,10,4,20,11,37,18,2,-2,10,-10,6,-6,0,2,2,8,3,13
2019-09-28,B1,Mouscron,Waregem,1,2,2,9,13,4,7,1007.09591460155,1041.64135250313,3,0,0,0,4,3,0,2,8,9,15,12,25,28,0,0,-4,4,-3,3,2,2,7,4,13,9
2019-09-28,B1,St Truiden,Genk,1,3,3,8,8,4,4,997.254680932195,1077.77317101401,0,0,0,1,3,0,2,2,8,10,11,16,23,30,0,0,0,0,0,0,3,3,4,4,8,8
2019-09-29,B1,Anderlecht,Waasland-Beveren,1,0,0,12,4,5,2,1063.49391653418,740.95300346908,0,0,1,0,0,1,1,4,3,2,11,6,28,14,0,0,8,-8,3,-3,0,0,2,5,4,12
2019-09-29,B1,Standard,Charleroi,1,1,1,9,10,3,5,1174.59398972978,903.412192450973,6,1,0,0,6,1,0,0,12,9,24,11,34,20,0,0,-1,1,-2,2,1,1,5,3,10,9
2019-09-29,B1,Oostende,Antwerp,1,1,1,12,7,5,2,1005.62213650897,1134.75337081708,0,1,1,0,0,1,1,0,4,9,14,21,31,41,0,0,5,-5,3,-3,1,1,2,5,7,12
2019-10-04,B1,Charleroi,Anderlecht,0,1,2,11,11,3,6,913.860309884213,1051.81675722551,0,0,1,3,0,0,1,4,7,4,12,9,21,28,-1,1,0,0,-3,3,2,1,6,3,11,11
2019-10-05,B1,Eupen,Mechelen,0,0,2,13,10,5,4,845.726433605091,1064.95283091698,0,1,0,0,1,1,5,0,4,4,9,17,19,33,-2,2,3,-3,1,-1,2,0,4,5,10,13
2019-10-05,B1,Waasland-Beveren,Oostende,2,3,1,14,7,8,5,752.630162777753,1011.3093557663,0,0,0,1,1,0,8,3,3,5,7,12,14,29,2,-2,7,-7,3,-3,1,3,5,8,7,14
2019-10-05,B1,Waregem,Cercle Brugge,2,6,0,11,8,7,3,1040.0556982616,806.831727348192,0,0,0,4,3,0,1,7,7,3,13,4,29,17,6,-6,3,-3,4,-4,0,6,3,7,8,11
2019-10-05,B1,Kortrijk,St Truiden,2,4,0,16,6,9,0,891.778997570074,1000.89770634891,0,2,1,0,0,2,2,0,1,9,8,12,18,24,4,-4,10,-10,9,-9,0,4,0,9,6,16
2019-10-06,B1,Club Brugge,Gent,2,4,0,11,15,7,8,1354.99317947871,1228.31819406359,1,0,0,0,5,1,0,3,11,13,23,23,48,39,4,-4,-4,4,-1,1,0,4,8,7,15,11
2019-10-06,B1,Antwerp,Standard,1,2,2,14,9,5,3,1129.06615155975,1164.14587229654,4,1,0,0,4,1,0,0,10,10,22,22,39,32,0,0,5,-5,2,-2,2,2,3,5,9,14
2019-10-06,B1,Genk,Mouscron,2,2,1,12,7,6,3,1074.13014559729,1008.68156884308,2,0,0,0,2,2,0,3,8,9,14,16,31,23,1,-1,5,-5,3,-3,1,2,3,6,7,12
2019-10-18,B1,Mouscron,Club Brugge,0,0,1,5,11,1,6,982.639300510184,1396.96786050301,0,4,0,0,5,4,1,0,6,13,16,26,22,48,-1,1,-6,6,-5,5,1,0,6,1,11,5
2019-10-19,B1,Standard,Genk,2,1,0,10,7,4,2,1162.5358588067,1100.17241393018,0,0,0,0,7,1,1,3,8,8,20,17,32,31,1,-1,3,-3,2,-2,0,1,2,4,7,10
2019-10-19,B1,Kortrijk,Waregem,2,2,0,9,7,7,3,975.899473429227,1074.46914308089,1,0,0,0,1,4,0,3,4,9,11,16,20,32,2,-2,2,-2,4,-4,0,2,3,7,7,9
2019-10-19,B1,Oostende,Eupen,0,2,3,10,10,5,5,939.739011056893,826.373365198441,0,1,0,0,1,1,2,0,2,4,11,6,28,19,-1,1,0,0,0,0,3,2,5,5,10,10
2019-10-19,B1,Gent,Waasland-Beveren,2,2,0,11,9,9,2,1186.34351303928,824.200507487159,7,0,0,0,7,2,0,5,10,6,20,7,36,17,2,-2,2,-2,7,-7,0,2,2,9,9,11
2019-10-20,B1,Mechelen,Antwerp,2,3,1,9,8,7,3,1084.30589932363,1130.67616504959,0,0,1,0,0,2,2,1,7,8,17,20,33,40,2,-2,1,-1,4,-4,1,3,3,7,8,9
2019-10-20,B1,Anderlecht,St Truiden,2,4,1,11,8,8,3,1071.73868855665,916.77723048976,0,0,0,1,1,0,2,1,7,8,9,12,30,23,3,-3,3,-3,5,-5,1,4,3,8,8,11
2019-10-20,B1,Cercle Brugge,Charleroi,0,0,3,10,9,4,7,772.418282528906,893.938378553072,0,0,2,0,0,2,2,1,0,7,3,12,17,21,-3,3,1,-1,-3,3,3,0,7,4,9,10
2019-10-25,B1,Eupen,Anderlecht,1,0,0,10,8,7,2,868.45930285414,1103.44238869163,0,1,1,0,0,1,6,0,7,7,9,12,21,32,0,0,2,-2,5,-5,0,0,2,7,8,10
2019-10-26,B1,Charleroi,Mouscron,2,1,0,9,9,5,3,930.138343470958,977.242914598257,0,0,2,1,0,0,2,4,7,5,15,13,23,21,1,-1,0,0,2,-2,0,1,3,5,9,9
2019-10-26,B1,Antwerp,Kortrijk,2,3,1,14,7,7,3,1080.99962772513,1031.87634940025,0,0,0,3,5,0,1,3,8,6,17,14,37,23,2,-2,7,-7,4,-4,1,3,3,7,7,14
2019-10-26,B1,Waregem,Oostende,2,2,0,7,5,2,4,1018.49226710987,897.653073401194,1,0,0,2,4,0,0,4,6,1,16,8,29,28,2,-2,2,-2,-2,2,0,2,4,2,5,7
2019-10-26,B1,Genk,Cercle Brugge,2,1,0,13,11,6,4,1073.85539688722,736.21831761102,3,0,0,5,3,0,0,8,7,0,14,3,30,17,1,-1,2,-2,2,-2,0,1,4,6,11,13
2019-10-27,B1,Club Brugge,Standard,1,1,1,9,6,3,2,1402.36424641494,1188.85287584966,2,0,0,0,6,2,0,1,15,11,26,20,48,35,0,0,3,-3,1,-1,1,1,2,3,6,9
2019-10-27,B1,St Truiden,Gent,1,0,0,8,19,3,6,885.07353035478,1196.04450989209,0,0,0,1,4,0,3,4,5,10,12,20,20,38,0,0,-11,11,-3,3,0,0,6,3,19,8
2019-10-27,B1,Waasland-Beveren,Mechelen,0,1,3,8,7,5,2,814.499510634349,1133.98243664809,1,2,0,0,2,2,0,0,6,9,7,17,17,35,-2,2,1,-1,3,-3,3,1,2,5,7,8
2019-10-29,B1,Cercle Brugge,Mouscron,1,2,2,10,4,7,3,728.202099343801,940.930811710596,0,0,3,2,0,0,3,5,0,2,3,12,17,21,0,0,6,-6,4,-4,2,2,3,7,4,10
2019-10-29,B1,Kortrijk,Eupen,0,1,2,7,7,2,5,994.178686817665,877.885415570867,2,2,0,0,2,2,0,0,6,7,13,10,20,21,-1,1,0,0,-3,3,2,1,5,2,7,7
2019-10-29,B1,Oostende,Charleroi,0,0,1,8,7,5,3,868.462575850064,966.450446358619,0,1,1,0,0,3,3,0,1,7,5,17,25,23,-1,1,1,-1,2,-2,1,0,3,5,7,8
2019-10-30,B1,Genk,Antwerp,1,2,2,11,13,7,6,1081.87161515444,1118.69729030772,4,0,0,1,4,0,0,2,10,8,17,17,33,37,0,0,-2,2,1,-1,2,2,6,7,13,11
2019-10-30,B1,Mechelen,St Truiden,0,1,2,15,10,5,4,1146.01335035304,896.495567487149,1,0,0,2,1,0,0,2,12,5,17,13,35,21,-1,1,5,-5,1,-1,2,1,4,5,10,15
2019-10-30,B1,Standard,Waasland-Beveren,2,2,0,15,3,8,2,1197.60986159145,802.468596929402,1,0,0,1,8,0,0,6,9,5,18,7,35,17,2,-2,12,-12,6,-6,0,2,2,8,3,15
2019-10-30,B1,Waregem,Club Brugge,0,0,2,5,13,2,5,1047.682764661,1393.60726067315,2,5,0,0,5,5,0,0,8,13,19,24,31,46,-2,2,-8,8,-3,3,2,0,5,2,13,5
2019-10-31,B1,Anderlecht,Gent,1,3,3,10,13,8,7,1094.0162759749,1184.62247275972,1,0,0,0,2,1,0,5,8,8,12,20,30,38,0,0,-3,3,1,-1,3,3,7,8,13,10
2019-11-02,B1,Eupen,Genk,2,2,0,6,7,2,3,920.213561500326,1083.56117778391,0,0,0,1,1,0,7,4,10,8,12,18,24,34,2,-2,-1,1,-1,1,0,2,3,2,7,6
2019-11-02,B1,Mouscron,Antwerp,2,3,1,8,8,6,6,932.199103229463,1117.00772767825,0,0,1,0,0,1,2,3,2,6,10,15,22,35,2,-2,0,0,0,0,1,3,6,6,8,8
2019-11-02,B1,St Truiden,Oostende,2,1,0,5,10,2,6,948.200349010897,845.255679157586,0,0,0,3,5,0,4,5,5,1,13,5,24,22,1,-1,-5,5,-4,4,0,1,6,2,10,5
2019-11-02,B1,Waasland-Beveren,Waregem,0,1,2,13,9,5,6,794.28939772888,1037.14647705282,0,0,1,1,0,0,1,4,4,7,6,16,14,28,-1,1,4,-4,-1,1,2,1,6,5,9,13
2019-11-02,B1,Club Brugge,Kortrijk,2,3,0,15,4,8,1,1404.14354828133,951.850540888207,0,0,0,4,7,0,1,4,13,6,24,10,46,20,3,-3,11,-11,7,-7,0,3,1,8,4,15
2019-11-03,B1,Anderlecht,Cercle Brugge,2,2,1,15,8,13,5,1098.09675888131,736.933807824933,0,0,0,6,3,0,1,9,9,1,12,4,30,17,1,-1,7,-7,8,-8,1,2,5,13,8,15
2019-11-03,B1,Gent,Standard,2,3,1,11,14,3,4,1180.54198985332,1205.78906079197,8,0,0,0,8,3,0,2,8,9,18,21,38,37,2,-2,-3,3,-1,1,1,3,4,3,14,11
2019-11-03,B1,Mechelen,Charleroi,1,2,2,11,9,5,7,1094.30856882929,989.657343051097,0,2,1,0,0,4,1,0,9,10,16,19,32,25,0,0,2,-2,-2,2,2,2,7,5,9,11
2019-11-08,B1,Waregem,Anderlecht,0,1,2,11,6,6,5,1049.82705524605,1105.21052823529,0,0,1,0,0,2,1,1,9,11,16,15,28,33,-1,1,5,-5,1,-1,2,1,5,6,6,11
2019-11-09,B1,Charleroi,Eupen,2,1,0,13,8,7,3,994.33606209648,983.294951876963,1,3,0,0,1,3,0,0,10,10,17,14,25,26,1,-1,5,-5,4,-4,0,1,3,7,8,13
2019-11-09,B1,Cercle Brugge,St Truiden,2,2,1,16,12,8,4,729.82003847095,970.986855786206,0,1,0,0,1,1,4,0,1,7,4,16,14,26,1,-1,4,-4,4,-4,1,2,4,8,12,16
2019-11-09,B1,Kortrijk,Waasland-Beveren,0,1,3,9,7,4,6,944.335368762716,781.608819535649,0,0,1,2,0,0,1,7,6,3,7,6,17,13,-2,2,2,-2,-2,2,3,1,6,4,7,9
2019-11-09,B1,Oostende,Mouscron,1,2,2,7,14,5,7,822.469172382277,997.40875394043,0,0,2,0,0,1,4,6,0,4,5,13,21,25,0,0,-7,7,-2,2,2,2,7,5,14,7
2019-11-10,B1,Antwerp,Club Brugge,2,2,1,9,7,3,4,1051.79807696728,1411.65872040682,1,6,0,0,6,6,0,0,5,13,15,24,34,46,1,-1,2,-2,-1,1,1,2,4,3,7,9
2019-11-10,B1,Genk,Gent,0,0,2,10,8,7,7,1020.47978740728,1227.58100772317,0,0,0,0,5,2,1,6,7,8,15,21,34,38,-2,2,2,-2,0,0,2,0,7,7,8,10
2019-11-10,B1,Standard,Mechelen,0,1,2,12,6,3,3,1158.75004292212,1089.62984978391,2,3,0,0,9,3,0,0,8,10,18,14,37,32,-1,1,6,-6,0,0,2,1,3,3,6,12
2019-11-21,B1,Antwerp,Gent,2,3,2,10,12,6,5,1108.63676729905,1248.00734036086,2,1,0,0,7,3,0,0,7,11,15,21,36,40,1,-1,-2,2,1,-1,2,3,5,6,12,10
2019-11-22,B1,Club Brugge,Oostende,2,2,0,17,4,8,2,1354.82003007505,829.907224762179,1,0,0,4,8,0,0,6,10,1,23,3,43,19,2,-2,13,-13,6,-6,0,2,2,8,4,17
2019-11-23,B1,Eupen,Standard,0,1,2,5,15,2,4,952.311533517962,1120.46651783017,1,0,0,1,2,0,0,3,10,7,14,15,23,37,-1,1,-10,10,-2,2,2,1,4,2,15,5
2019-11-23,B1,Mechelen,Waregem,0,0,2,10,15,4,6,1127.91337487585,1022.8852900714,0,1,0,0,1,1,2,0,10,6,17,15,35,25,-2,2,-5,5,-2,2,2,0,6,4,15,10
2019-11-23,B1,Waasland-Beveren,Cercle Brugge,1,1,1,6,8,3,7,844.626824023751,781.040234482831,0,0,2,7,0,0,2,10,3,4,9,4,16,14,0,0,-2,2,-4,4,1,1,7,3,8,6
2019-11-23,B1,Mouscron,Genk,1,2,2,3,6,2,3,989.970701560528,1000.05345476958,1,0,0,2,1,0,0,5,5,4,11,12,25,31,0,0,-3,3,-1,1,2,2,3,2,6,3
2019-11-24,B1,Gent,Antwerp,1,1,1,9,10,3,4,1203.81775274134,1152.82635491857,9,0,0,1,9,0,0,4,8,10,18,18,37,39,0,0,-1,1,-1,1,1,1,4,3,10,9
2019-11-24,B1,Anderlecht,Kortrijk,1,0,0,19,3,7,3,1132.15229340994,881.317364274614,1,0,0,5,4,0,0,5,11,3,18,7,33,17,0,0,16,-16,4,-4,0,0,3,7,3,19
2019-11-24,B1,St Truiden,Charleroi,0,1,3,7,17,2,7,919.766659774325,1025.31948045548,1,0,0,0,6,5,0,1,7,13,15,20,26,28,-2,2,-10,10,-5,5,3,1,7,2,17,7
2019-11-29,B1,Antwerp,Mechelen,2,1,0,14,5,7,3,1155.15787923159,1071.18742464463,3,4,0,0,8,4,0,0,8,7,16,16,37,34,1,-1,9,-9,4,-4,0,1,3,7,5,14
2019-11-30,B1,Club Brugge,Mouscron,2,1,0,9,6,4,1,1358.89508038917,990.434899198472,2,0,0,0,9,2,0,7,10,6,25,11,45,23,1,-1,3,-3,3,-3,0,1,1,4,6,9
2019-11-30,B1,Charleroi,Waasland-Beveren,2,2,0,11,7,6,0,1056.24825698973,841.730815507144,2,1,0,0,2,1,0,0,13,4,20,10,30,17,2,-2,4,-4,6,-6,0,2,0,6,7,11
2019-11-30,B1,Waregem,Eupen,2,1,0,10,7,6,2,1079.61124030263,934.693374608738,0,0,2,1,0,0,2,1,9,7,15,14,28,22,1,-1,3,-3,4,-4,0,1,2,6,7,10
2019-11-30,B1,Genk,St Truiden,0,1,2,20,6,8,3,999.589257131636,888.837883240072,0,0,1,1,0,0,2,1,5,7,12,12,29,25,-1,1,14,-14,5,-5,2,1,3,8,6,20
2019-12-01,B1,Oostende,Anderlecht,2,3,2,10,7,5,5,825.832174448058,1122.26233344644,0,1,0,0,1,3,5,0,1,9,2,16,19,33,1,-1,3,-3,0,0,2,3,5,5,7,10
2019-12-01,B1,Standard,Cercle Brugge,2,2,1,14,15,11,8,1138.0846767394,783.936242999438,0,0,1,0,0,1,1,11,7,5,18,5,40,15,1,-1,-1,1,3,-3,1,2,8,11,15,14
2019-12-01,B1,Kortrijk,Gent,0,0,2,7,11,4,6,891.207324238111,1201.48622842832,0,0,2,1,0,0,2,1,1,8,7,16,18,38,-2,2,-4,4,-2,2,2,0,6,4,11,7
2019-12-06,B1,Waasland-Beveren,Antwerp,0,0,4,4,9,0,6,821.965796209177,1179.57106363676,0,0,0,0,1,1,3,5,4,10,9,16,14,37,-4,4,-5,5,-6,6,4,0,6,0,9,4
2019-12-07,B1,Mechelen,Kortrijk,1,1,1,9,6,4,4,1046.77424023946,878.615763455974,0,0,1,0,0,1,3,6,4,1,16,7,33,18,0,0,3,-3,0,0,1,1,4,4,6,9
2019-12-07,B1,Cercle Brugge,Genk,0,1,2,16,10,9,5,776.56311928701,957.720694364954,1,0,0,0,2,1,0,6,5,2,5,12,15,28,-1,1,6,-6,4,-4,2,1,5,9,10,16
2019-12-07,B1,Gent,Waregem,2,2,0,12,10,6,4,1214.07778921046,1098.98754226323,0,2,0,0,10,2,1,0,10,9,18,17,38,31,2,-2,2,-2,2,-2,0,2,4,6,10,12
2019-12-07,B1,St Truiden,Club Brugge,0,1,2,7,8,2,3,930.706446006754,1365.74754853554,0,0,1,1,0,0,1,1,9,12,14,25,25,45,-1,1,-1,1,-1,1,2,1,3,2,8,7
2019-12-08,B1,Mouscron,Standard,1,2,2,11,11,5,5,983.582431052098,1145.45780045183,0,1,0,0,2,1,1,0,6,9,8,18,23,42,0,0,0,0,0,0,2,2,5,5,11,11
2019-12-08,B1,Anderlecht,Charleroi,1,0,0,9,8,3,3,1068.09482270467,1076.0132762877,0,1,0,0,5,6,1,0,8,13,16,20,30,32,0,0,1,-1,0,0,0,0,3,3,8,9
2019-12-08,B1,Eupen,Oostende,2,1,0,10,11,2,5,915.317072648135,879.999685189835,0,0,1,5,0,0,1,7,6,4,13,5,19,19,1,-1,-1,1,-3,3,0,1,5,2,11,10
2019-12-13,B1,Kortrijk,Mouscron,0,1,2,12,7,7,3,885.806812348183,990.540712980643,0,0,3,1,0,0,3,8,2,6,8,8,19,23,-1,1,5,-5,4,-4,2,1,3,7,7,12
2019-12-14,B1,Antwerp,Eupen,2,1,0,7,3,4,1,1194.17351584718,944.075378896891,4,0,0,2,9,0,0,2,13,6,18,16,40,22,1,-1,4,-4,3,-3,0,1,1,4,3,7
2019-12-14,B1,Charleroi,Cercle Brugge,2,3,0,8,7,7,1,1075.64868114988,759.884404175514,3,0,0,1,3,0,0,12,11,4,21,5,32,12,3,-3,1,-1,6,-6,0,3,1,7,7,8
2019-12-14,B1,Waregem,St Truiden,2,5,1,21,3,13,2,1069.14897758515,925.870770461377,1,1,0,0,1,1,0,0,9,6,16,11,28,22,4,-4,18,-18,11,-11,1,5,2,13,3,21
2019-12-14,B1,Genk,Waasland-Beveren,2,4,1,8,5,5,4,974.399409476449,807.363343998753,0,0,2,1,0,0,3,1,4,4,12,8,28,14,3,-3,3,-3,1,-1,1,4,4,5,5,8
2019-12-15,B1,Standard,Anderlecht,1,1,1,15,4,7,1,1138.49951852328,1068.45941784249,1,0,0,1,1,0,0,1,7,8,16,17,40,28,0,0,11,-11,6,-6,1,1,1,7,4,15
2019-12-15,B1,Club Brugge,Mechelen,2,3,0,10,3,3,0,1370.58322408092,1039.58319134725,3,0,0,1,10,0,0,1,12,5,25,14,48,34,3,-3,7,-7,3,-3,0,3,0,3,3,10
2019-12-15,B1,Oostende,Gent,2,2,1,6,8,5,5,851.24137894108,1243.91635388854,1,1,0,0,2,1,0,0,4,10,5,18,19,41,1,-1,-2,2,0,0,1,2,5,5,8,6
2019-12-20,B1,Mechelen,Oostende,2,1,0,7,5,4,3,1025.45953867843,909.196288597019,0,0,0,6,1,0,4,8,4,7,14,7,31,19,1,-1,2,-2,1,-1,0,1,3,4,5,7
2019-12-21,B1,Mouscron,Charleroi,1,1,1,3,4,2,4,1013.17631186211,1090.88610133021,0,0,0,0,3,7,2,1,6,13,10,23,26,35,0,0,-1,1,-2,2,1,1,4,2,4,3
2019-12-21,B1,Cercle Brugge,Waregem,2,2,0,12,5,8,2,744.646983995182,1108.4636246107,0,0,1,1,0,0,1,1,4,9,5,18,9,31,2,-2,7,-7,6,-6,0,2,2,8,5,12
2019-12-21,B1,Eupen,Kortrijk,0,1,2,8,9,1,5,931.813310826,863.171213466712,1,0,0,0,1,2,0,7,3,2,13,8,22,16,-1,1,-1,1,-4,4,2,1,5,1,9,8
2019-12-21,B1,Waasland-Beveren,Standard,2,2,1,10,7,7,3,777.199673184977,1135.31704734441,0,0,1,0,0,2,4,1,4,8,7,16,14,38,1,-1,3,-3,4,-4,1,2,3,7,7,10
2019-12-22,B1,Gent,Club Brugge,1,1,1,14,6,7,2,1185.9614442326,1384.70687674974,1,1,0,0,11,1,0,0,7,12,18,25,38,48,0,0,8,-8,5,-5,1,1,2,7,6,14
2019-12-22,B1,St Truiden,Antwerp,1,1,1,10,14,5,6,886.556123435831,1206.43558391807,0,1,2,0,0,2,2,0,3,13,10,20,22,40,0,0,-4,4,-1,1,1,1,6,5,14,10
2019-12-22,B1,Anderlecht,Genk,2,2,0,10,8,6,4,1071.64188902135,1004.56308029023,0,1,0,0,6,2,2,0,6,7,17,14,26,28,2,-2,2,-2,2,-2,0,2,4,6,8,10
2019-12-26,B1,Genk,Eupen,2,2,1,15,11,5,5,969.069314798282,893.57213355621,1,0,0,3,1,0,0,3,7,3,11,13,28,19,1,-1,4,-4,0,0,1,2,5,5,11,15
2019-12-26,B1,Kortrijk,Cercle Brugge,2,1,0,7,2,4,0,901.412390736502,822.744036871001,0,0,4,2,0,0,4,13,5,4,8,8,19,11,1,-1,5,-5,4,-4,0,1,0,4,2,7
2019-12-26,B1,Mouscron,Mechelen,0,1,2,7,8,2,3,1016.69647393047,1047.13386983275,0,0,0,2,4,0,3,2,6,4,11,14,27,31,-1,1,-1,1,-1,1,2,1,3,2,8,7
2019-12-26,B1,Waasland-Beveren,St Truiden,2,1,0,11,8,8,3,833.974291589567,898.175680228754,1,0,0,1,1,0,0,1,4,4,7,11,14,23,1,-1,3,-3,5,-5,0,1,3,8,8,11
2019-12-26,B1,Club Brugge,Waregem,2,4,0,8,3,5,1,1376.437237205,1030.36657173488,4,0,0,2,11,0,0,2,13,9,23,15,49,31,4,-4,5,-5,4,-4,0,4,1,5,3,8
2019-12-26,B1,Standard,Gent,0,0,1,11,7,4,2,1078.54242893982,1194.23108377734,0,0,0,1,2,0,1,1,8,8,15,16,35,36,-1,1,4,-4,2,-2,1,0,2,4,7,11
2019-12-27,B1,Charleroi,Oostende,2,5,0,19,5,10,4,1087.36593926186,887.521957442702,4,0,0,7,4,0,0,9,11,6,24,7,36,18,5,-5,14,-14,6,-6,0,5,4,10,5,19
2019-12-27,B1,Antwerp,Anderlecht,1,0,0,11,8,5,3,1194.81602712515,1107.1356545133,5,0,0,0,10,1,0,2,11,6,21,17,38,26,0,0,3,-3,2,-2,0,0,3,5,8,11
2020-01-17,B1,Mechelen,Standard,0,2,3,9,13,6,6,1076.33763192343,1056.82066062216,1,0,0,1,2,0,0,2,7,5,14,12,31,32,-1,1,-4,4,0,0,3,2,6,6,13,9
2020-01-18,B1,Eupen,Charleroi,1,1,1,6,8,3,5,868.418263765727,1122.93918637981,0,0,1,0,0,8,1,2,3,11,10,24,19,39,0,0,-2,2,-2,2,1,1,5,3,8,6
2020-01-18,B1,Oostende,Waasland-Beveren,0,0,1,10,10,5,3,851.94871032475,871.82106101326,2,0,0,2,3,0,0,2,6,6,7,10,15,17,-1,1,0,0,2,-2,1,0,3,5,10,10
2020-01-18,B1,St Truiden,Kortrijk,2,2,0,11,6,8,2,860.328910805061,926.288104220827,0,1,0,0,1,3,3,0,4,7,11,8,23,22,2,-2,5,-5,6,-6,0,2,2,8,6,11
2020-01-18,B1,Gent,Mouscron,2,3,1,7,9,4,4,1215.952852095,987.492711839791,0,1,0,0,12,1,1,0,10,5,18,11,38,24,2,-2,-2,2,0,0,1,3,4,4,9,7
2020-01-19,B1,Cercle Brugge,Antwerp,0,1,2,12,5,3,3,797.868323386676,1190.86178805637,1,0,0,0,1,3,0,1,3,11,8,19,11,36,-1,1,7,-7,0,0,2,1,3,3,5,12
2020-01-19,B1,Anderlecht,Club Brugge,0,1,2,8,13,3,7,1111.08989358207,1391.92185443084,1,0,0,0,7,2,0,1,6,13,15,23,27,49,-1,1,-5,5,-4,4,2,1,7,3,13,8
2020-01-19,B1,Waregem,Genk,0,0,3,9,10,5,7,1014.88195450904,994.223184588765,2,0,0,1,2,0,0,1,6,9,15,14,31,28,-3,3,-1,1,-2,2,3,0,7,5,10,9
2020-01-24,B1,Standard,Oostende,2,2,1,15,8,3,4,1090.61635170372,821.777028103643,0,0,1,8,0,0,2,10,5,3,14,7,32,12,1,-1,7,-7,-1,1,1,2,4,3,8,15
2020-01-25,B1,Mouscron,St Truiden,0,1,3,10,8,5,6,968.929451952822,912.414106380868,0,0,1,2,0,0,4,2,5,4,11,13,23,26,-2,2,2,-2,-1,1,3,1,6,5,8,10
2020-01-25,B1,Waasland-Beveren,Eupen,0,0,1,7,2,3,1,901.992743234366,878.412426875564,2,0,0,4,2,0,0,4,9,4,13,10,20,20,-1,1,5,-5,2,-2,1,0,1,3,2,7
2020-01-25,B1,Gent,Genk,2,4,1,19,7,8,4,1234.51611198197,1051.99345147047,1,1,0,0,13,1,0,0,10,12,20,14,38,31,3,-3,12,-12,4,-4,1,4,4,8,7,19
2020-01-26,B1,Cercle Brugge,Anderlecht,0,1,2,18,5,8,3,791.833261664743,1100.48672666792,0,0,1,0,0,2,1,3,3,6,8,14,11,26,-1,1,13,-13,5,-5,2,1,3,8,5,18
2020-01-26,B1,Kortrijk,Club Brugge,1,2,2,5,10,3,4,874.202908645019,1402.52502134499,1,1,0,0,1,3,0,0,7,13,8,25,21,49,0,0,-5,5,-1,1,2,2,4,3,10,5
2020-01-26,B1,Antwerp,Waregem,2,2,1,15,7,7,3,1196.89684977831,957.111687627341,0,0,0,3,11,0,1,3,11,3,21,12,36,31,1,-1,8,-8,4,-4,1,2,3,7,7,15
2020-01-29,B1,Charleroi,Club Brugge,1,0,0,6,11,3,5,1112.94502326997,1387.98409406356,5,0,0,0,5,4,0,1,9,11,22,23,39,47,0,0,-5,5,-2,2,0,0,5,3,11,6
2020-01-31,B1,Kortrijk,Standard,2,3,1,16,9,7,4,888.743835926452,1101.84441226343,0,1,0,0,2,1,1,0,7,7,9,14,19,35,2,-2,7,-7,3,-3,1,3,4,7,9,16
2020-02-01,B1,Genk,Charleroi,2,1,0,10,8,6,0,1023.73587650192,1123.49429079919,2,0,0,0,2,9,0,3,9,9,13,20,31,39,1,-1,2,-2,6,-6,0,1,0,6,8,10
2020-02-01,B1,Eupen,Cercle Brugge,2,1,0,9,9,4,4,912.580925721571,782.572164771562,0,0,0,3,1,0,2,14,4,3,10,7,22,11,1,-1,0,0,0,0,0,1,4,4,9,9
2020-02-01,B1,Oostende,St Truiden,2,1,0,7,7,5,3,810.548967543935,963.343527778258,0,1,1,0,0,1,1,0,3,7,7,13,12,26,1,-1,0,0,2,-2,0,1,3,5,7,7
2020-02-01,B1,Mechelen,Gent,0,0,3,14,8,5,5,1042.54194084187,1262.77368695052,0,1,1,0,0,1,1,0,7,10,11,20,28,41,-3,3,6,-6,0,0,3,0,5,5,8,14
2020-02-02,B1,Club Brugge,Antwerp,2,1,0,11,4,5,2,1377.43482653434,1209.75819496566,5,1,0,0,12,4,0,0,9,11,21,24,45,39,1,-1,7,-7,3,-3,0,1,2,5,4,11
2020-02-02,B1,Anderlecht,Mouscron,2,1,0,14,4,6,2,1109.7478235611,918.000030555432,0,0,1,1,0,0,1,1,8,4,16,10,28,20,1,-1,10,-10,4,-4,0,1,2,6,4,14
2020-02-02,B1,Waregem,Waasland-Beveren,2,5,0,12,9,9,4,944.250342439992,867.824244388359,0,1,1,0,0,1,1,0,3,9,12,13,28,19,5,-5,3,-3,5,-5,0,5,4,9,9,12
2020-02-07,B1,Gent,Anderlecht,1,1,1,12,11,5,7,1286.72850675578,1125.68578316168,2,1,0,0,14,3,0,0,13,10,20,16,41,31,0,0,1,-1,-2,2,1,1,7,5,11,12
2020-02-08,B1,Charleroi,Waregem,2,4,0,12,6,7,3,1082.55063958073,1002.21617045422,0,0,0,4,6,0,1,4,6,3,19,12,36,28,4,-4,6,-6,4,-4,0,4,3,7,6,12
2020-02-08,B1,Cercle Brugge,Mechelen,2,3,2,12,6,5,3,762.017151339599,1018.58712103661,0,1,2,0,0,1,2,0,3,6,7,11,11,27,1,-1,6,-6,2,-2,2,3,3,5,6,12
2020-02-08,B1,St Truiden,Eupen,2,5,2,12,10,5,4,918.112792119239,933.135939153535,1,1,0,0,2,1,0,0,7,7,10,10,26,24,3,-3,2,-2,1,-1,2,5,4,5,10,12
2020-02-08,B1,Mouscron,Oostende,2,3,1,11,10,6,5,902.062070954858,855.779703202954,0,0,2,9,0,0,5,11,1,3,7,10,20,15,2,-2,1,-1,1,-1,1,3,5,6,10,11
2020-02-11,B1,Charleroi,Mechelen,2,2,1,5,4,4,1,1132.39935337949,966.484128710838,1,0,0,1,7,0,0,1,8,6,19,10,39,24,1,-1,1,-1,3,-3,1,2,1,4,4,5
2020-02-12,B1,Standard,Club Brugge,1,0,0,5,7,1,3,1034.01935646466,1395.08816586533,1,0,0,0,1,5,0,2,6,11,14,24,32,47,0,0,-2,2,-2,2,0,0,3,1,7,5
2020-02-12,B1,Waasland-Beveren,Kortrijk,0,1,2,8,8,1,4,809.858416374127,956.568891725227,0,0,1,1,0,0,1,1,9,10,13,12,19,19,-1,1,0,0,-3,3,2,1,4,1,8,8
2020-02-13,B1,Antwerp,Genk,1,1,1,14,8,6,5,1192.10485563467,1064.67952772038,1,0,0,1,12,0,0,1,8,9,21,16,36,31,0,0,6,-6,1,-1,1,1,5,6,8,14
2020-02-14,B1,Eupen,Gent,0,2,3,8,12,3,9,876.24786141061,1279.80134975891,1,2,0,0,2,2,0,0,7,13,10,21,24,39,-1,1,-4,4,-6,6,3,2,9,3,12,8
2020-02-15,B1,Club Brugge,Waasland-Beveren,2,2,1,15,2,5,1,1382.64676420766,790.621241278855,6,0,0,1,13,0,0,1,9,6,22,10,47,19,1,-1,13,-13,4,-4,1,2,1,5,2,15
2020-02-15,B1,Oostende,Kortrijk,0,0,3,6,14,1,5,817.730103859919,975.8060668205,1,1,0,0,1,1,0,0,3,10,9,15,12,22,-3,3,-8,8,-4,4,3,0,5,1,14,6
2020-02-15,B1,St Truiden,Cercle Brugge,0,0,1,13,11,2,4,975.000869862164,814.120143665368,2,0,0,4,3,0,0,15,9,3,13,7,28,11,-1,1,2,-2,-2,2,1,0,4,2,11,13
2020-02-15,B1,Mechelen,Anderlecht,2,2,0,13,7,6,0,948.700872599316,1132.61294015854,0,0,2,0,0,4,2,1,3,8,7,14,24,32,2,-2,6,-6,6,-6,0,2,0,6,7,13
2020-02-16,B1,Antwerp,Charleroi,1,1,1,6,9,5,6,1186.48639001719,1150.18260949102,0,0,0,1,13,0,1,4,8,8,19,19,37,39,0,0,-3,3,-1,1,1,1,6,5,9,6
2020-02-16,B1,Genk,Standard,0,1,3,11,8,6,6,1070.29799333786,1046.46075812232,3,0,0,1,3,0,0,1,10,7,17,15,29,30,-2,2,3,-3,0,0,3,1,6,6,8,11
2020-02-16,B1,Waregem,Mouscron,0,1,2,7,11,3,6,952.367456655458,940.111670297892,1,0,0,2,1,0,0,2,3,3,12,9,27,20,-1,1,-4,4,-3,3,2,1,6,3,11,7
2020-02-21,B1,Kortrijk,Genk,0,0,1,6,14,4,7,1007.10811323469,1023.43605707535,1,0,0,0,3,1,0,2,10,7,17,16,24,28,-1,1,-8,8,-3,3,1,0,7,4,14,6
2020-02-22,B1,Standard,Antwerp,2,1,0,9,9,7,3,1093.32269438484,1184.82059727459,0,0,0,1,2,0,1,1,10,8,15,19,33,35,1,-1,0,0,4,-4,0,1,3,7,9,9
2020-02-22,B1,Mouscron,Cercle Brugge,0,0,1,4,10,1,3,973.240001971799,859.96233145146,1,1,0,0,1,1,0,0,6,6,11,9,22,14,-1,1,-6,6,-2,2,1,0,3,1,10,4
2020-02-22,B1,Oostende,Waregem,1,1,1,10,12,3,6,786.428057445725,919.239124981551,0,0,1,5,0,0,1,5,3,3,9,9,11,24,0,0,-2,2,-3,3,1,1,6,3,12,10
2020-02-22,B1,Mechelen,Waasland-Beveren,2,4,0,17,8,10,3,1013.82406521025,788.570219187855,1,0,0,2,1,0,0,2,3,3,10,9,26,19,4,-4,9,-9,7,-7,0,4,3,10,8,17
2020-02-23,B1,Club Brugge,Charleroi,2,1,0,5,9,3,2,1384.69778629866,1151.84840223362,7,0,0,0,14,1,0,5,9,8,22,17,47,37,1,-1,-4,4,1,-1,0,1,2,3,9,5
2020-02-23,B1,Anderlecht,Eupen,2,6,1,14,5,9,4,1067.48974754761,870.536972509163,1,0,0,1,1,0,0,1,7,7,13,10,29,24,5,-5,9,-9,5,-5,1,6,4,9,5,14
2020-02-23,B1,Gent,St Truiden,2,4,1,15,6,7,3,1285.51223866036,929.158682076072,0,0,0,1,15,0,1,1,13,9,23,13,39,25,3,-3,9,-9,4,-4,1,4,3,7,6,15
2020-02-28,B1,St Truiden,Mechelen,0,0,3,9,16,3,8,916.734480638532,1041.52507620293,0,0,1,2,0,0,1,2,6,6,10,13,24,29,-3,3,-7,7,-5,5,3,0,8,3,16,9
2020-02-29,B1,Waasland-Beveren,Anderlecht,0,0,3,6,8,5,4,760.869208195182,1103.51464656125,0,0,2,1,0,0,2,2,0,10,9,16,18,32,-3,3,-2,2,1,-1,3,0,4,5,8,6
2020-02-29,B1,Eupen,Mouscron,2,2,1,8,3,4,2,834.51207349552,931.161362775915,0,1,1,0,0,1,1,0,6,6,10,11,23,19,1,-1,5,-5,2,-2,1,2,2,4,3,8
2020-02-29,B1,Waregem,Kortrijk,1,2,2,9,17,6,7,913.404414764786,976.610866281028,0,2,1,0,0,2,1,0,4,10,7,17,24,24,0,0,-8,8,-1,1,2,2,7,6,17,9
2020-02-29,B1,Antwerp,Oostende,2,3,1,8,7,6,3,1144.58289440406,792.26276766249,0,0,0,10,14,0,2,12,5,4,16,7,32,12,2,-2,1,-1,3,-3,1,3,3,6,7,8
2020-03-01,B1,Genk,Club Brugge,0,1,2,7,10,7,5,1053.93330402901,1397.9743384613,0,0,1,0,0,6,1,3,7,11,19,22,31,47,-1,1,-3,3,2,-2,2,1,5,7,10,7
2020-03-01,B1,Charleroi,Standard,2,2,0,10,4,6,1,1138.57185007098,1133.56039725537,2,1,0,0,8,1,0,0,7,10,16,15,37,33,2,-2,6,-6,5,-5,0,2,1,6,4,10
2020-03-01,B1,Cercle Brugge,Gent,2,1,0,6,15,2,9,902.040970647344,1297.9364400979,1,3,0,0,1,3,0,0,9,13,12,23,17,41,1,-1,-9,9,-7,7,0,1,9,2,15,6
2020-03-07,B1,Anderlecht,Waregem,2,7,0,11,8,8,4,1116.83437926312,916.283487448784,2,0,0,0,2,1,0,6,10,5,18,8,35,24,7,-7,3,-3,4,-4,0,7,4,8,8,11
2020-03-07,B1,Club Brugge,Cercle Brugge,2,2,1,15,6,5,4,1405.73561045072,960.096602697349,8,2,0,0,15,2,0,0,13,12,22,15,47,20,1,-1,9,-9,1,-1,1,2,4,5,6,15
2020-03-07,B1,Gent,Charleroi,0,1,4,5,14,5,8,1239.88080804789,1181.79690438992,1,0,0,1,16,0,0,6,10,10,20,16,38,39,-3,3,-9,9,-3,3,4,1,8,5,14,5
2020-03-07,B1,Kortrijk,Antwerp,0,0,1,10,12,4,5,973.731793597029,1154.78261598149,0,0,1,2,0,0,1,2,10,5,17,16,25,34,-1,1,-2,2,-1,1,1,0,5,4,12,10
2020-03-07,B1,Mechelen,Eupen,1,1,1,20,4,8,1,1077.27117973943,875.191077724525,2,0,0,2,2,0,0,2,9,6,15,10,29,26,0,0,16,-16,7,-7,1,1,1,8,4,20
2020-03-07,B1,Mouscron,Waasland-Beveren,2,1,0,10,8,6,1,890.48235854691,747.549475493308,0,0,1,3,0,0,1,3,6,0,10,9,18,17,1,-1,2,-2,5,-5,0,1,1,6,8,10
2020-03-07,B1,Oostende,Genk,0,2,4,7,12,4,8,782.063046085058,1046.17203203959,0,1,0,0,1,2,2,0,4,7,7,16,12,28,-2,2,-5,5,-4,4,4,2,8,4,12,7
2020-03-07,B1,Standard,St Truiden,1,0,0,7,9,3,5,1090.33534293643,880.988377102027,1,0,0,2,3,0,0,2,7,3,14,10,30,21,0,0,-2,2,-2,2,0,0,5,3,9,7
2018-07-27,B1,Standard,Gent,2,3,2,10,11,8,5,1081.71356857368,1176.31667343181,0,0,0,1,4,0,1,1,8,7,14,20,30,38,1,-1,-1,1,3,-3,2,3,5,8,11,10
2018-07-28,B1,Kortrijk,Anderlecht,0,1,4,8,11,1,6,957.045499037757,1160.88295830005,0,1,2,0,0,1,2,0,7,10,17,20,25,37,-3,3,-3,3,-5,5,4,1,6,1,11,8
2018-07-28,B1,Oostende,Mouscron,2,2,1,11,6,5,2,766.325844196716,910.013379660198,0,0,1,1,0,0,3,1,1,9,4,10,11,20,1,-1,5,-5,3,-3,1,2,2,5,6,11
2018-07-28,B1,St Truiden,Cercle Brugge,1,0,0,9,10,3,6,889.610151464774,955.526680762507,0,0,2,1,0,0,2,1,4,12,11,15,21,20,0,0,-1,1,-3,3,0,0,6,3,10,9
2018-07-28,B1,Waregem,Waasland-Beveren,1,2,2,8,6,5,4,872.234908411855,728.01845438002,0,0,0,4,1,0,2,4,2,0,5,9,23,16,0,0,2,-2,1,-1,2,2,4,5,6,8
2018-07-29,B1,Charleroi,Antwerp,0,0,1,10,6,5,3,1245.361039006,1171.46891054076,3,1,0,0,9,1,0,0,10,8,18,16,42,36,-1,1,4,-4,2,-2,1,0,3,5,6,10
2018-07-29,B1,Club Brugge,Eupen,2,5,2,12,9,8,5,1410.30553238556,883.572702107857,9,0,0,0,16,1,0,3,13,4,24,11,47,24,3,-3,3,-3,3,-3,2,5,5,8,9,12
2018-07-29,B1,Lokeren,Genk,0,0,4,5,20,1,7,1000,1061.90923392793,0,2,0,0,0,3,0,0,0,7,0,16,0,30,-4,4,-15,15,-6,6,4,0,7,1,20,5
2018-08-03,B1,Waasland-Beveren,Standard,1,0,0,7,19,4,11,734.303007300705,1122.21769804276,0,0,3,1,0,0,3,1,1,10,7,17,14,32,0,0,-12,12,-7,7,0,0,11,4,19,7
2018-08-04,B1,Antwerp,Kortrijk,1,0,0,24,0,12,0,1210.17383773697,931.279965754362,1,0,0,0,15,3,0,1,10,4,18,14,39,22,0,0,24,-24,12,-12,0,0,0,12,0,24
2018-08-04,B1,Cercle Brugge,Lokeren,2,3,2,18,7,10,3,952.527017126534,946.87066720026,2,0,0,0,2,0,0,0,10,0,13,0,21,0,1,-1,11,-11,7,-7,2,3,3,10,7,18
2018-08-04,B1,Eupen,Charleroi,0,1,4,11,11,6,9,878.556253060788,1206.65611180979,1,1,0,0,1,1,0,0,4,7,11,15,24,39,-3,3,0,0,-3,3,4,1,9,6,11,11
2018-08-04,B1,Gent,Waregem,1,1,1,12,5,3,3,1135.81254396274,865.950355491171,0,0,1,1,0,0,1,7,6,3,19,6,35,21,0,0,7,-7,0,0,1,1,3,3,5,12
2018-08-05,B1,Anderlecht,Oostende,2,5,2,11,6,5,2,1186.64849158345,810.853725986273,3,0,0,11,3,0,0,13,12,4,20,7,37,14,3,-3,5,-5,3,-3,2,5,2,5,6,11
2018-08-05,B1,Genk,St Truiden,1,1,1,19,9,9,2,1115.03856672767,892.609815100747,0,0,2,0,0,1,2,3,9,2,19,11,30,22,0,0,10,-10,7,-7,1,1,2,9,9,19
2018-08-05,B1,Mouscron,Club Brugge,0,0,1,14,9,3,4,865.485497870641,1415.32198143263,1,1,0,0,1,7,0,0,6,15,9,24,20,47,-1,1,5,-5,-1,1,1,0,4,3,9,14
2018-08-10,B1,Club Brugge,Kortrijk,2,3,0,12,3,6,2,1417.91397425696,941.928849950925,10,0,0,0,17,4,0,2,15,2,24,12,49,20,3,-3,9,-9,4,-4,0,3,2,6,3,12
2018-08-11,B1,Mouscron,Antwerp,0,0,1,1,19,0,6,862.893505046318,1199.5249535404,0,2,1,0,0,2,1,0,3,10,9,18,20,37,-1,1,-18,18,-6,6,1,0,6,0,19,1
2018-08-11,B1,St Truiden,Lokeren,1,1,1,20,4,6,2,901.650401897255,915.391590258771,0,0,0,1,1,0,3,1,3,0,12,0,23,0,0,0,16,-16,4,-4,1,1,2,6,4,20
2018-08-11,B1,Standard,Cercle Brugge,1,0,0,8,7,1,2,1109.3160830631,984.006094068024,1,0,0,0,5,1,0,2,8,10,18,16,30,24,0,0,1,-1,-1,1,0,0,2,1,7,8
2018-08-11,B1,Waregem,Eupen,2,4,0,16,6,11,4,876.363529750665,864.226071804784,0,0,0,1,2,0,3,4,4,4,7,11,22,21,4,-4,10,-10,7,-7,0,4,4,11,6,16
2018-08-12,B1,Charleroi,Anderlecht,0,1,2,13,8,7,5,1220.9862930658,1197.89287034915,0,2,1,0,0,2,1,0,9,15,17,22,39,37,-1,1,5,-5,2,-2,2,1,5,7,8,13
2018-08-12,B1,Gent,Waasland-Beveren,2,4,1,19,17,10,7,1125.39936970325,747.204622280356,0,0,0,0,1,1,2,5,4,2,17,5,35,15,3,-3,2,-2,3,-3,1,4,7,10,17,19
2018-08-12,B1,Oostende,Genk,0,0,2,9,15,6,9,799.609347220574,1105.99797993116,1,3,0,0,1,4,0,0,4,10,7,17,14,31,-2,2,-6,6,-3,3,2,0,9,6,15,9
2018-08-17,B1,Anderlecht,Mouscron,2,2,0,16,7,8,3,1232.01672635721,854.836606118438,4,0,0,2,4,0,0,2,15,3,25,9,39,20,2,-2,9,-9,5,-5,0,2,3,8,7,16
2018-08-18,B1,Cercle Brugge,Waregem,2,3,1,8,14,4,6,989.538974968172,938.614004166278,3,0,0,0,3,1,0,8,8,6,17,10,25,22,2,-2,-6,6,-2,2,1,3,6,4,14,8
2018-08-18,B1,Kortrijk,Oostende,0,1,2,14,6,6,4,935.313683544974,786.774353527638,0,0,3,12,0,0,3,14,2,3,12,7,20,14,-1,1,8,-8,2,-2,2,1,4,6,6,14
2018-08-18,B1,Lokeren,Standard,0,0,3,5,20,2,14,914.759114893269,1103.78320216296,0,0,1,0,0,1,1,2,1,6,1,16,1,30,-3,3,-15,15,-12,12,3,0,14,2,20,5
2018-08-18,B1,Waasland-Beveren,St Truiden,1,2,2,13,11,7,8,736.098811069143,902.282877262756,0,0,0,0,1,2,4,4,2,4,2,10,15,23,0,0,2,-2,-1,1,2,2,8,7,11,13
2018-08-19,B1,Antwerp,Club Brugge,1,1,1,5,9,1,4,1207.58185246828,1424.52914066291,0,2,0,0,16,8,1,0,13,15,18,26,39,49,0,0,-4,4,-3,3,1,1,4,1,9,5
2018-08-19,B1,Eupen,Gent,0,2,3,11,8,4,4,801.97559738917,1136.50518091446,0,0,1,2,0,0,1,2,4,4,10,17,20,37,-1,1,3,-3,0,0,3,2,4,4,8,11
2018-08-19,B1,Genk,Charleroi,2,3,1,18,12,6,7,1118.8329736241,1186.86243705774,0,2,0,0,1,2,3,0,10,9,17,16,31,36,2,-2,6,-6,-1,1,1,3,7,6,12,18
2018-08-24,B1,Oostende,Waregem,2,3,1,7,10,5,3,831.678529431873,901.139122648458,0,0,1,1,0,0,1,9,6,5,10,10,17,22,2,-2,-3,3,2,-2,1,3,3,5,10,7
2018-08-25,B1,Antwerp,Cercle Brugge,2,1,0,8,10,6,5,1216.44907008129,1027.01385648599,0,0,0,0,17,2,2,3,11,8,16,20,40,27,1,-1,-2,2,1,-1,0,1,5,6,10,8
2018-08-25,B1,Charleroi,Kortrijk,0,0,2,7,8,1,4,1134.52538801499,890.409507640739,0,0,2,1,0,0,2,3,6,1,16,11,35,20,-2,2,-1,1,-3,3,2,0,4,1,8,7
2018-08-25,B1,Mouscron,Eupen,0,0,1,12,7,5,4,845.857673345544,793.833101183175,0,0,2,2,0,0,2,5,3,1,9,7,19,17,-1,1,5,-5,1,-1,1,0,4,5,7,12
2018-08-25,B1,Standard,St Truiden,2,3,2,20,9,9,7,1131.26432564145,895.164571794502,0,0,0,0,6,3,1,5,9,5,16,8,30,21,1,-1,11,-11,2,-2,2,3,7,9,9,20
2018-08-26,B1,Club Brugge,Anderlecht,2,2,1,11,10,9,1,1415.6619230499,1240.9956591301,11,3,0,0,18,3,0,0,13,15,26,25,47,41,1,-1,1,-1,8,-8,1,2,1,9,10,11
2018-08-26,B1,Genk,Waasland-Beveren,2,3,2,13,13,6,7,1171.17002266685,743.217116537397,1,0,0,1,2,0,0,6,13,3,20,3,33,16,1,-1,0,0,-1,1,2,3,7,6,13,13
2018-08-26,B1,Gent,Lokeren,2,2,1,16,7,6,5,1144.64767712045,887.277991414777,1,0,0,0,2,1,0,2,7,1,17,1,37,1,1,-1,9,-9,1,-1,1,2,5,6,7,16
2018-08-31,B1,Waregem,Club Brugge,0,2,5,19,23,7,13,848.628311007823,1432.80555870266,1,0,0,0,3,9,0,1,5,13,7,26,19,50,-3,3,-4,4,-6,6,5,2,13,7,23,19
2018-09-01,B1,Charleroi,Mouscron,2,3,1,12,5,9,1,1064.08876329847,809.101527103939,0,0,3,3,0,0,3,3,3,0,13,9,32,16,2,-2,7,-7,8,-8,1,3,1,9,5,12
2018-09-01,B1,Eupen,Standard,2,2,1,10,5,5,3,830.589247424779,1144.34507487746,0,1,2,0,0,2,2,0,3,11,7,19,17,33,1,-1,5,-5,2,-2,1,2,3,5,5,10
2018-09-01,B1,Lokeren,Waasland-Beveren,2,1,0,7,10,5,5,875.425506657846,738.195851047713,0,0,2,2,0,0,2,7,1,3,1,3,1,16,1,-1,-3,3,0,0,0,1,5,5,10,7
2018-09-01,B1,St Truiden,Oostende,2,1,0,13,6,5,3,882.083822558491,884.189341072509,0,1,0,0,2,1,4,0,4,9,8,10,18,20,1,-1,7,-7,2,-2,0,1,3,5,6,13
2018-09-02,B1,Anderlecht,Antwerp,1,1,1,9,9,4,2,1223.85202347734,1232.54689500304,5,3,0,0,5,3,0,0,12,11,22,19,38,40,0,0,0,0,2,-2,1,1,2,4,9,9
2018-09-02,B1,Cercle Brugge,Gent,0,0,3,1,8,0,7,1010.91603156424,1156.50016187739,4,1,0,0,4,1,0,0,8,10,20,17,27,37,-3,3,-7,7,-7,7,3,0,7,0,8,1
2018-09-02,B1,Kortrijk,Genk,1,3,3,8,17,6,11,960.84613235726,1176.19128815654,0,4,4,0,0,5,4,0,4,13,11,20,23,36,0,0,-9,9,-5,5,3,3,11,6,17,8
2018-09-14,B1,Club Brugge,Lokeren,2,2,1,13,4,7,2,1436.45685027998,895.40488693938,12,0,0,1,19,0,0,3,13,4,28,4,50,4,1,-1,9,-9,5,-5,1,2,2,7,4,13
2018-09-15,B1,Genk,Anderlecht,2,1,0,12,13,5,5,1167.37532109044,1224.25235353736,2,0,0,1,3,0,0,1,11,10,20,22,37,36,1,-1,-1,1,0,0,0,1,5,5,13,12
2018-09-15,B1,Oostende,Cercle Brugge,1,1,1,12,11,6,7,851.99541802475,977.98486865972,1,0,0,1,1,0,0,4,6,7,10,17,19,24,0,0,1,-1,-1,1,1,1,7,6,11,12
2018-09-15,B1,Standard,Charleroi,1,0,0,8,10,6,4,1089.37593959369,1080.51550265027,1,0,0,1,7,0,0,1,8,6,18,13,33,32,0,0,-2,2,2,-2,0,0,4,6,10,8
2018-09-15,B1,Waasland-Beveren,Eupen,1,0,0,15,7,6,3,718.216470766178,885.558382708551,0,1,0,0,2,1,5,0,2,6,3,10,13,20,0,0,8,-8,3,-3,0,0,3,6,7,15
2018-09-16,B1,Antwerp,Waregem,2,5,1,15,5,6,2,1232.14656494301,844.977019430503,1,0,0,2,18,0,0,10,9,4,19,7,38,19,4,-4,10,-10,4,-4,1,5,2,6,5,15
2018-09-16,B1,Gent,St Truiden,0,1,2,15,10,5,6,1189.43132478191,914.277745606249,2,0,0,1,3,0,0,6,13,6,19,8,40,21,-1,1,5,-5,-1,1,2,1,6,5,10,15
2018-09-16,B1,Mouscron,Kortrijk,2,1,0,14,8,5,3,792.674787752136,969.662099423358,0,1,3,0,0,1,3,0,0,5,6,9,15,24,1,-1,6,-6,2,-2,0,1,3,5,8,14
2018-09-21,B1,Waregem,Kortrijk,0,0,2,9,9,5,4,832.437612754792,922.638556742203,0,0,1,1,0,0,1,1,3,4,7,6,16,23,-2,2,0,0,1,-1,2,0,4,5,9,9
2018-09-22,B1,Eupen,Oostende,0,1,2,6,6,3,3,878.397373764255,857.555828899486,1,0,0,1,1,0,0,1,7,7,11,11,21,20,-1,1,0,0,0,0,2,1,3,3,6,6
2018-09-22,B1,Lokeren,Mouscron,1,0,0,7,13,1,6,892.684167560566,839.698330433291,1,0,0,4,1,0,0,4,4,3,4,6,4,17,0,0,-6,6,-5,5,0,0,6,1,13,7
2018-09-22,B1,St Truiden,Antwerp,2,2,0,12,9,5,3,967.38224121042,1244.68597161872,1,0,0,0,3,4,0,1,8,11,11,21,24,40,2,-2,3,-3,2,-2,0,2,3,5,9,12
2018-09-22,B1,Waasland-Beveren,Charleroi,1,1,1,13,9,4,5,725.377479710474,1080.9234524149,0,0,0,0,3,1,6,2,2,4,4,13,13,30,0,0,4,-4,-1,1,1,1,5,4,9,13
2018-09-23,B1,Anderlecht,Standard,2,2,1,13,7,7,3,1187.06008583692,1088.96798982906,0,0,0,1,6,0,1,1,7,8,22,16,35,31,1,-1,6,-6,4,-4,1,2,3,7,7,13
2018-09-23,B1,Cercle Brugge,Genk,0,2,5,7,15,3,7,972.424457784984,1204.56758879088,0,0,1,0,0,6,1,1,5,13,15,23,24,39,-3,3,-8,8,-4,4,5,2,7,3,15,7
2018-09-23,B1,Gent,Club Brugge,0,0,4,19,11,7,8,1136.32682917774,1439.1775696588,0,1,1,0,0,10,1,0,12,13,16,28,39,50,-4,4,8,-8,-1,1,4,0,8,7,11,19
2018-09-28,B1,Kortrijk,Eupen,0,1,3,14,6,6,3,955.359001500084,844.480095712473,0,0,0,0,1,2,5,1,7,7,9,11,26,21,-2,2,8,-8,3,-3,3,1,3,6,6,14
2018-09-29,B1,Charleroi,Lokeren,2,2,1,9,3,3,1,1068.58385418882,890.262822367737,1,0,0,2,1,0,0,4,5,4,14,5,30,5,1,-1,6,-6,2,-2,1,2,1,3,3,9
2018-09-29,B1,Club Brugge,Cercle Brugge,2,4,0,14,3,5,0,1458.38500044607,949.726734528542,13,0,0,0,20,1,0,5,13,4,28,12,50,24,4,-4,11,-11,5,-5,0,4,0,5,3,14
2018-09-29,B1,Genk,Waregem,2,4,0,29,3,17,1,1227.26531204732,799.717167996911,3,0,0,3,4,0,0,11,13,0,23,6,42,13,4,-4,26,-26,16,-16,0,4,1,17,3,29
2018-09-29,B1,Mouscron,Waasland-Beveren,0,0,3,10,9,4,5,842.11967562612,737.717077936555,1,0,0,3,1,0,0,8,4,3,7,5,18,14,-3,3,1,-1,-1,1,3,0,5,4,9,10
2018-09-30,B1,Anderlecht,St Truiden,1,0,0,21,2,7,0,1210.25810856441,1040.31737446133,1,1,0,0,7,1,0,0,7,10,22,14,38,24,0,0,19,-19,7,-7,0,0,0,7,2,21
2018-09-30,B1,Antwerp,Gent,1,2,2,9,8,7,7,1171.75083836781,1117.11939839047,2,2,0,0,19,2,0,0,8,9,21,13,37,36,0,0,1,-1,0,0,2,2,7,7,8,9
2018-09-30,B1,Oostende,Standard,0,1,3,10,5,5,3,891.473106951268,1065.76996710157,0,0,0,2,2,0,1,2,10,7,13,13,20,28,-2,2,5,-5,2,-2,3,1,3,5,5,10
2018-10-05,B1,Cercle Brugge,Charleroi,2,2,1,3,6,2,4,943.175408597347,1085.46472013042,0,0,2,0,0,2,2,3,1,8,9,14,24,30,1,-1,-3,3,-2,2,1,2,4,2,6,3
2018-10-06,B1,Eupen,Antwerp,0,1,2,10,11,4,8,901.87764392259,1169.25549953194,0,0,1,1,0,0,1,2,10,8,11,19,21,35,-1,1,-1,1,-4,4,2,1,8,4,11,10
2018-10-06,B1,Lokeren,Kortrijk,0,1,3,9,15,4,7,873.381956426139,897.961453289967,0,1,0,0,2,1,1,0,4,7,5,8,5,25,-2,2,-6,6,-3,3,3,1,7,4,15,9
2018-10-06,B1,St Truiden,Mouscron,2,3,1,13,15,8,6,1047.57376902058,771.677648827277,2,0,0,0,4,1,0,5,10,4,15,7,25,17,2,-2,-2,2,2,-2,1,3,6,8,15,13
2018-10-06,B1,Waasland-Beveren,Oostende,1,1,1,7,9,5,3,808.159104735397,867.940289405247,0,1,0,0,4,1,7,0,5,7,8,13,17,20,0,0,-2,2,2,-2,1,1,3,5,9,7
2018-10-07,B1,Gent,Genk,0,1,5,10,13,5,8,1119.61473722634,1237.40851413436,0,1,2,0,0,7,2,0,7,13,14,26,34,42,-4,4,-3,3,-3,3,5,1,8,5,13,10
2018-10-07,B1,Standard,Club Brugge,2,3,1,18,6,8,3,1089.30278464759,1464.93632637726,0,2,0,0,8,11,1,0,7,15,16,28,30,50,2,-2,12,-12,5,-5,1,3,3,8,6,18
2018-10-07,B1,Waregem,Anderlecht,0,1,2,9,11,3,6,789.573965909869,1203.00171400517,0,0,2,2,0,0,2,2,0,5,5,20,13,38,-1,1,-2,2,-3,3,2,1,6,3,11,9
2018-10-19,B1,Club Brugge,Waasland-Beveren,1,1,1,19,6,8,1,1386.27203257633,810.885279229382,14,1,0,0,21,1,0,0,12,6,25,9,49,18,0,0,13,-13,7,-7,1,1,1,8,6,19
2018-10-20,B1,Antwerp,Lokeren,2,2,1,17,5,9,2,1180.56166129533,832.621900625514,0,0,0,3,20,0,1,5,8,4,19,5,35,5,1,-1,12,-12,7,-7,1,2,2,9,5,17
2018-10-20,B1,Genk,Eupen,2,2,1,26,9,10,4,1280.84362226243,890.571482159199,4,1,0,0,5,3,0,0,13,7,26,10,42,21,1,-1,17,-17,6,-6,1,2,4,10,9,26
2018-10-20,B1,Kortrijk,St Truiden,2,3,1,16,10,7,7,938.721509090592,1062.45372066589,0,0,1,0,0,2,6,1,7,13,11,17,28,28,2,-2,6,-6,0,0,1,3,7,7,10,16
2018-10-20,B1,Mouscron,Standard,1,0,0,8,13,2,5,756.797697181963,1167.96707844852,0,1,1,0,0,1,1,0,4,7,4,18,14,32,0,0,-5,5,-3,3,0,0,5,2,13,8
2018-10-21,B1,Anderlecht,Cercle Brugge,2,4,2,12,7,7,4,1208.42377863868,987.594075930556,0,0,0,1,8,0,1,6,8,4,20,12,40,27,2,-2,5,-5,3,-3,2,4,4,7,7,12
2018-10-21,B1,Charleroi,Waregem,2,3,2,11,9,8,4,1041.04605279721,784.151901276351,2,0,0,4,2,0,0,12,8,0,11,5,29,10,1,-1,2,-2,4,-4,2,3,4,8,9,11
2018-10-21,B1,Oostende,Gent,0,0,4,8,14,4,11,865.214114911262,1076.17962909828,0,0,1,0,0,3,2,1,5,4,14,14,18,34,-4,4,-6,6,-7,7,4,0,11,4,14,8
2018-10-26,B1,Gent,Charleroi,2,2,1,12,6,6,4,1105.71175109032,1052.92499662762,0,0,3,1,0,0,3,4,4,8,17,14,36,29,1,-1,6,-6,2,-2,1,2,4,6,6,12
2018-10-27,B1,Cercle Brugge,Kortrijk,1,1,1,7,14,2,8,968.379856016877,997.569688576762,1,2,0,0,1,2,0,0,4,9,11,14,24,28,0,0,-7,7,-6,6,1,1,8,2,14,7
2018-10-27,B1,Lokeren,Oostende,1,0,0,9,16,3,10,825.012394105405,835.681992919219,0,0,1,0,0,2,2,1,1,5,5,11,5,18,0,0,-7,7,-7,7,0,0,10,3,16,9
2018-10-27,B1,St Truiden,Club Brugge,1,2,2,9,8,4,5,1003.60554117972,1371.3970014861,3,0,0,1,5,0,0,1,10,10,16,23,27,47,0,0,1,-1,-1,1,2,2,5,4,8,9
2018-10-27,B1,Waregem,Mouscron,1,2,2,8,12,6,4,772.272957445941,770.05423211294,0,0,3,1,0,0,3,6,0,5,4,5,10,14,0,0,-4,4,2,-2,2,2,4,6,12,8
2018-10-28,B1,Eupen,Anderlecht,2,2,1,5,9,5,5,884.450249037469,1227.63799855236,0,1,2,0,0,1,2,0,4,10,10,20,21,40,1,-1,-4,4,0,0,1,2,5,5,9,5
2018-10-28,B1,Standard,Genk,1,1,1,11,12,6,6,1154.71054351754,1286.96485538416,1,2,0,0,9,8,0,0,8,15,16,26,33,45,0,0,-1,1,0,0,1,1,6,6,12,11
2018-10-28,B1,Waasland-Beveren,Antwerp,0,0,1,15,13,6,6,825.760310319616,1188.17116781544,0,1,0,0,5,1,8,0,7,10,9,19,16,37,-1,1,2,-2,0,0,1,0,6,6,13,15
2018-10-30,B1,Charleroi,St Truiden,2,1,0,14,9,8,4,1025.74976920595,1016.16751226855,3,0,0,1,3,0,0,2,7,8,11,16,28,28,1,-1,5,-5,4,-4,0,1,4,8,9,14
2018-10-30,B1,Club Brugge,Oostende,2,4,0,15,11,9,6,1358.83503039727,835.190794138883,0,0,0,0,22,3,1,2,8,5,21,12,45,19,4,-4,4,-4,3,-3,0,4,6,9,11,15
2018-10-30,B1,Mouscron,Gent,2,3,1,17,18,9,7,770.156406801557,1132.88697851199,0,1,0,0,1,4,2,0,3,7,6,19,15,36,2,-2,-1,1,2,-2,1,3,7,9,18,17
2018-10-31,B1,Antwerp,Genk,0,2,4,12,18,8,12,1195.23964205062,1281.15238804925,1,0,0,0,21,9,0,1,10,13,21,26,39,43,-2,2,-6,6,-4,4,4,2,12,8,18,12
2018-10-31,B1,Eupen,Cercle Brugge,2,2,0,12,6,6,5,940.655415191665,969.720943595604,1,0,0,2,1,0,0,7,6,4,13,9,24,25,2,-2,6,-6,1,-1,0,2,5,6,6,12
2018-10-31,B1,Kortrijk,Waasland-Beveren,1,2,2,16,9,10,5,996.228600998035,818.69183608444,1,0,0,0,1,2,0,1,10,6,14,8,26,13,0,0,7,-7,5,-5,2,2,5,10,9,16
2018-11-01,B1,Anderlecht,Lokeren,1,1,1,11,5,4,3,1171.43283239817,825.503592885741,1,0,0,4,9,0,0,6,10,2,17,6,39,6,0,0,6,-6,1,-1,1,1,3,4,5,11
2018-11-01,B1,Waregem,Standard,2,3,1,12,6,10,5,772.170782757324,1160.52301085245,0,0,0,0,1,2,4,1,1,8,4,16,11,34,2,-2,6,-6,5,-5,1,3,5,10,6,12
2018-11-02,B1,Oostende,Charleroi,2,2,1,8,12,4,3,829.155604106849,1056.86743443245,0,0,2,2,0,0,3,5,2,9,12,14,19,30,1,-1,-4,4,1,-1,1,2,3,4,12,8
2018-11-03,B1,Cercle Brugge,Mouscron,2,2,1,12,3,8,1,922.202850334406,848.199790434556,0,0,0,0,2,1,1,7,4,5,8,9,25,18,1,-1,9,-9,7,-7,1,2,1,8,3,12
2018-11-03,B1,Genk,Club Brugge,1,1,1,6,12,3,4,1314.38080207698,1364.87022042931,5,0,0,0,6,1,0,2,13,8,26,21,43,47,0,0,-6,6,-1,1,1,1,4,3,12,6
2018-11-03,B1,Gent,Kortrijk,2,3,1,9,7,5,4,1054.84359487899,988.697118315758,1,0,0,0,1,3,0,1,7,8,16,15,33,27,2,-2,2,-2,1,-1,1,3,4,5,7,9
2018-11-04,B1,Lokeren,Eupen,2,2,0,9,9,6,4,837.659869512856,988.173508452863,0,0,0,1,1,0,3,1,2,9,6,16,7,26,2,-2,0,0,2,-2,0,2,4,6,9,9
2018-11-04,B1,St Truiden,Waregem,2,2,1,12,6,6,3,985.049847042052,851.412332364245,0,0,0,5,6,0,1,13,5,4,15,4,25,14,1,-1,6,-6,3,-3,1,2,3,6,6,12
2018-11-04,B1,Standard,Antwerp,0,0,2,8,5,2,2,1081.28146124553,1162.01122802288,0,2,0,0,10,2,1,0,8,10,15,18,31,36,-2,2,3,-3,0,0,2,0,2,2,5,8
2018-11-04,B1,Waasland-Beveren,Anderlecht,0,1,2,6,7,4,4,826.223318766717,1159.27655577105,0,0,1,1,0,0,9,1,6,8,9,15,11,40,-1,1,-1,1,0,0,2,1,4,4,7,6
2018-11-09,B1,Antwerp,Oostende,2,2,0,19,7,9,5,1195.85766115241,879.565168707347,0,0,1,1,0,0,1,3,12,5,20,12,36,22,2,-2,12,-12,4,-4,0,2,5,9,7,19
2018-11-10,B1,Cercle Brugge,Waasland-Beveren,2,2,0,8,5,4,1,947.488155187172,818.020235688071,1,0,0,0,3,3,0,2,7,3,8,8,28,11,2,-2,3,-3,3,-3,0,2,1,4,5,8
2018-11-10,B1,Charleroi,Club Brugge,2,2,1,7,5,6,4,1006.45786983195,1362.56132699838,4,0,0,0,4,2,0,3,6,6,14,21,30,47,1,-1,2,-2,2,-2,1,2,4,6,5,7
2018-11-10,B1,Eupen,St Truiden,0,1,4,7,6,2,6,926.42184972782,1005.31448787326,2,0,0,2,2,0,0,3,6,7,16,17,23,25,-3,3,1,-1,-4,4,4,1,6,2,6,7
2018-11-10,B1,Waregem,Lokeren,2,2,0,8,1,4,0,831.147691533036,899.411528237899,1,0,0,0,2,1,0,7,4,5,4,9,14,10,2,-2,7,-7,4,-4,0,2,0,4,1,8
2018-11-11,B1,Anderlecht,Gent,2,2,0,19,15,11,5,1167.4796388497,1090.45082846675,0,0,0,1,10,0,1,1,10,9,15,16,40,33,2,-2,4,-4,6,-6,0,2,5,11,15,19
2018-11-11,B1,Kortrijk,Standard,0,0,2,12,9,4,7,953.089884728002,1047.435028116,0,0,0,1,2,0,1,2,8,5,15,12,26,28,-2,2,3,-3,-3,3,2,0,7,4,9,12
2018-11-11,B1,Mouscron,Genk,1,0,0,11,15,3,8,822.91448558179,1316.68969550791,1,1,0,0,2,10,0,0,5,11,9,24,18,44,0,0,-4,4,-5,5,0,0,8,3,15,11
2018-11-23,B1,Club Brugge,Waregem,0,1,3,9,7,3,3,1305.86135016762,883.513216435413,1,0,0,6,23,0,0,14,6,7,18,7,44,14,-2,2,2,-2,0,0,3,1,3,3,7,9
2018-11-24,B1,Genk,Cercle Brugge,0,1,2,14,3,5,2,1302.45211394728,975.719412084267,0,0,0,3,7,0,1,8,9,7,22,11,42,31,-1,1,11,-11,3,-3,2,1,2,5,3,14
2018-11-24,B1,Oostende,Kortrijk,0,1,2,11,10,6,6,867.342332298033,920.857336856503,1,0,0,1,1,0,0,2,4,5,9,12,19,23,-1,1,1,-1,0,0,2,1,6,6,10,11
2018-11-24,B1,Standard,Eupen,2,3,0,11,2,6,1,1079.6675759875,884.064292132604,0,0,1,2,0,0,2,2,5,6,12,13,31,20,3,-3,9,-9,5,-5,0,3,1,6,2,11
2018-11-24,B1,Waasland-Beveren,Mouscron,0,1,2,12,13,5,7,789.788978790976,837.152067142415,0,0,2,1,0,0,10,8,2,6,8,10,11,19,-1,1,-1,1,-2,2,2,1,7,5,13,12
2018-11-25,B1,Gent,Antwerp,1,0,0,9,5,2,1,1056.16049478762,1208.08049756172,2,3,0,0,2,3,0,0,9,12,13,20,30,39,0,0,4,-4,1,-1,0,0,1,2,5,9
2018-11-25,B1,Lokeren,Charleroi,0,2,4,12,14,7,10,847.046003335521,1063.15784666271,1,0,0,3,2,0,0,6,5,9,9,17,10,30,-2,2,-2,2,-3,3,4,2,10,7,14,12
2018-11-25,B1,St Truiden,Anderlecht,2,4,2,10,8,6,4,1047.67204546848,1201.76997252882,1,1,0,0,7,1,0,0,7,10,20,18,28,40,2,-2,2,-2,2,-2,2,4,4,6,8,10
2018-11-30,B1,Lokeren,Gent,1,2,2,11,14,5,8,827.421158869984,1062.74243801167,0,0,1,2,0,0,1,2,5,7,6,11,10,30,0,0,-3,3,-3,3,2,2,8,5,14,11
2018-12-01,B1,Antwerp,St Truiden,0,1,3,9,10,4,4,1201.49855433768,1109.79924507881,1,1,0,0,1,1,0,0,10,10,20,20,39,28,-2,2,-1,1,0,0,3,1,4,4,10,9
2018-12-01,B1,Charleroi,Cercle Brugge,2,3,1,15,4,7,1,1082.78269112825,1031.25258427641,5,1,0,0,5,1,0,0,9,10,17,14,30,31,2,-2,11,-11,6,-6,1,3,1,7,4,15
2018-12-01,B1,Kortrijk,Mouscron,2,1,0,5,8,3,5,947.967035560597,864.816588644524,0,1,1,0,0,1,2,0,5,8,14,13,23,19,1,-1,-3,3,-2,2,0,1,5,3,8,5
2018-12-01,B1,Waregem,Oostende,1,1,1,7,8,2,4,964.139136274009,840.23263359394,2,0,0,2,3,0,0,4,10,4,10,9,17,19,0,0,-1,1,-2,2,1,1,4,2,8,7
2018-12-02,B1,Anderlecht,Genk,0,0,1,10,6,4,2,1139.6427729185,1246.91894175514,1,0,0,0,11,11,0,1,7,6,17,21,39,41,-1,1,4,-4,2,-2,1,0,2,4,6,10
2018-12-02,B1,Club Brugge,Standard,2,3,0,11,3,8,1,1225.23543032902,1106.37749836108,0,1,1,0,0,1,1,0,5,7,15,15,43,33,3,-3,8,-8,7,-7,0,3,1,8,3,11
2018-12-02,B1,Eupen,Waasland-Beveren,2,1,0,16,8,6,6,857.354369759023,762.124457288867,0,0,1,1,0,0,1,3,6,1,10,8,20,11,1,-1,8,-8,0,0,0,1,6,6,8,16
2018-12-07,B1,Waasland-Beveren,Club Brugge,2,2,1,9,10,4,6,738.682214830275,1261.8069650713,0,0,3,1,0,0,11,4,1,7,7,15,11,43,1,-1,-1,1,-2,2,1,2,6,4,10,9
2018-12-08,B1,Genk,Kortrijk,1,1,1,19,8,6,4,1269.3409023307,972.451539897156,0,1,1,0,0,1,2,0,8,7,21,17,44,23,0,0,11,-11,2,-2,1,1,4,6,8,19
2018-12-08,B1,Mouscron,Waregem,1,0,0,1,9,0,4,840.332084307965,958.663238717616,0,1,0,0,3,1,1,0,7,10,10,11,16,18,0,0,-8,8,-4,4,0,0,4,0,9,1
2018-12-08,B1,Oostende,Lokeren,2,1,0,5,8,5,2,845.708531150333,836.85743463125,0,0,1,1,0,0,1,8,4,5,9,7,20,11,1,-1,-3,3,3,-3,0,1,2,5,8,5
2018-12-08,B1,St Truiden,Standard,1,1,1,15,14,8,6,1164.97078704215,1069.8059636188,2,0,0,1,8,0,0,1,12,6,20,14,31,30,0,0,1,-1,2,-2,1,1,6,8,14,15
2018-12-09,B1,Anderlecht,Charleroi,1,1,1,12,7,6,4,1117.22081234294,1120.18282179501,0,1,1,0,0,1,1,0,7,12,17,19,39,32,0,0,5,-5,2,-2,1,1,4,6,7,12
2018-12-09,B1,Cercle Brugge,Antwerp,0,0,3,8,7,4,5,993.852453609646,1146.32701237433,2,0,0,0,4,4,0,1,9,7,13,17,28,38,-3,3,1,-1,-1,1,3,0,5,4,7,8
2018-12-09,B1,Gent,Eupen,2,2,0,13,9,6,4,1053.3061622504,880.796612217615,0,0,0,3,3,0,1,3,5,6,12,12,28,23,2,-2,4,-4,2,-2,0,2,4,6,9,13
2018-12-14,B1,Charleroi,Gent,2,2,0,6,7,4,4,1120.04641952345,1077.01656359273,6,0,0,0,6,1,0,3,10,8,19,15,33,28,2,-2,-1,1,0,0,0,2,4,4,7,6
2018-12-15,B1,Antwerp,Waasland-Beveren,0,0,2,13,4,3,3,1178.35360287728,799.679601863415,0,0,1,2,0,0,1,4,10,3,20,9,41,14,-2,2,9,-9,0,0,2,0,3,3,4,13
2018-12-15,B1,Eupen,Mouscron,2,1,0,6,10,6,3,857.086210875287,845.580069250673,1,0,0,1,1,0,0,1,3,5,12,10,23,17,1,-1,-4,4,3,-3,0,1,3,6,10,6
2018-12-15,B1,Kortrijk,Club Brugge,1,0,0,8,10,3,7,983.546284200685,1200.80957803816,1,0,0,2,1,0,0,5,7,4,15,12,24,40,0,0,-2,2,-4,4,0,0,7,3,10,8
2018-12-15,B1,Lokeren,St Truiden,2,2,0,9,8,5,6,805.672474434311,1160.6946914975,0,2,0,0,1,2,2,0,4,13,6,18,11,32,2,-2,1,-1,-1,1,0,2,6,5,8,9
2018-12-16,B1,Cercle Brugge,Anderlecht,2,2,1,14,4,7,1,961.825863106696,1117.35721461451,0,0,1,1,0,0,1,1,9,7,13,15,25,37,1,-1,10,-10,6,-6,1,2,1,7,4,14
2018-12-16,B1,Genk,Oostende,2,2,0,22,3,10,2,1258.24615802717,876.893491347271,0,0,0,0,1,1,3,5,6,7,19,9,42,22,2,-2,19,-19,8,-8,0,2,2,10,3,22
2018-12-16,B1,Standard,Waregem,2,4,1,11,6,9,3,1074.08205916345,953.415253774907,1,0,0,0,1,2,0,1,7,8,15,12,28,18,3,-3,5,-5,6,-6,1,4,3,9,6,11
2018-12-21,B1,Gent,Cercle Brugge,2,4,1,17,13,9,4,1038.56310346917,1007.2648929783,1,0,0,1,4,0,0,1,5,9,14,16,28,25,3,-3,4,-4,5,-5,1,4,4,9,13,17
2018-12-22,B1,Mouscron,Anderlecht,2,3,1,13,7,7,4,814.639436796332,1071.9181847429,0,0,0,2,4,0,2,2,5,4,10,14,17,34,2,-2,6,-6,3,-3,1,3,4,7,7,13
2018-12-22,B1,St Truiden,Kortrijk,1,0,0,10,7,2,6,1083.03980860478,992.4235796604,0,0,0,0,9,2,1,1,10,8,17,16,32,24,0,0,3,-3,-4,4,0,0,6,2,7,10
2018-12-22,B1,Standard,Oostende,2,3,1,10,9,6,4,1110.40091504654,868.106307394959,2,0,0,1,2,0,0,6,10,4,15,9,31,22,2,-2,1,-1,2,-2,1,3,4,6,9,10
2018-12-22,B1,Waasland-Beveren,Lokeren,2,2,1,8,6,5,4,878.484978592701,883.327357327038,1,0,0,2,1,0,0,9,6,4,9,9,17,14,1,-1,2,-2,1,-1,1,2,4,5,6,8
2018-12-23,B1,Club Brugge,Antwerp,2,5,1,8,6,6,2,1191.93228257845,1099.54822614799,1,1,0,0,1,5,0,0,4,7,10,19,38,38,4,-4,2,-2,4,-4,1,5,2,6,6,8
2018-12-23,B1,Eupen,Genk,0,0,2,9,8,3,4,888.026843329628,1267.03334197948,2,1,0,0,2,12,0,0,6,8,12,19,23,45,-2,2,1,-1,-1,1,2,0,4,3,8,9
2018-12-23,B1,Waregem,Charleroi,2,3,1,15,9,5,7,917.096397891816,1158.499879647,0,0,0,0,4,2,1,1,8,13,12,19,17,33,2,-2,6,-6,-2,2,1,3,7,5,9,15
2018-12-26,B1,Antwerp,Mouscron,2,2,1,8,9,8,3,1051.80368479512,886.103313244823,0,0,2,2,0,0,2,2,4,7,16,13,35,17,1,-1,-1,1,5,-5,1,2,3,8,9,8
2018-12-26,B1,Cercle Brugge,Eupen,0,0,1,7,8,4,2,957.632449367545,879.132293639072,1,0,0,4,1,0,0,4,6,6,13,12,25,22,-1,1,-1,1,2,-2,1,0,2,4,8,7
2018-12-26,B1,Charleroi,Standard,0,0,1,14,6,4,4,1088.2809217847,1127.82545514462,7,0,0,0,7,1,0,2,10,10,19,15,30,33,-1,1,8,-8,0,0,1,0,4,4,6,14
2018-12-26,B1,Genk,Gent,2,3,1,17,10,9,4,1275.92789167004,1088.19554707993,1,0,0,1,2,0,0,4,10,8,19,17,45,31,2,-2,7,-7,5,-5,1,3,4,9,10,17
2018-12-26,B1,Kortrijk,Waregem,2,4,2,11,10,8,6,996.504494513113,987.315355754125,0,0,0,1,2,0,1,2,9,8,14,15,25,20,2,-2,1,-1,2,-2,2,4,6,8,10,11
2018-12-26,B1,Oostende,St Truiden,1,1,1,10,3,5,3,850.681767296874,1078.95889375207,1,0,0,1,1,0,0,1,4,8,8,15,22,32,0,0,7,-7,2,-2,1,1,3,5,3,10
2018-12-27,B1,Anderlecht,Waasland-Beveren,2,3,0,15,7,7,5,1000.45430829441,910.930949279481,0,1,0,0,1,1,2,0,1,9,11,11,31,20,3,-3,8,-8,2,-2,0,3,5,7,7,15
2018-12-27,B1,Lokeren,Club Brugge,0,0,1,8,8,3,6,850.881386640257,1239.67682393132,1,0,0,0,2,1,0,6,4,7,9,13,14,38,-1,1,0,0,-3,3,1,0,6,3,8,8
2019-01-18,B1,St Truiden,Genk,0,2,3,7,11,5,8,1069.73671096711,1298.15304162584,0,2,0,0,10,13,2,0,6,13,16,19,32,45,-1,1,-4,4,-3,3,3,2,8,5,11,7
2019-01-19,B1,Eupen,Lokeren,2,4,1,14,7,11,4,918.241854803661,844.712934196738,0,0,1,3,0,0,1,10,9,4,15,9,25,14,3,-3,7,-7,7,-7,1,4,4,11,7,14
2019-01-19,B1,Standard,Kortrijk,2,2,1,19,8,8,4,1156.19891564948,1039.202416156,3,0,0,0,3,3,0,2,10,9,17,14,33,28,1,-1,11,-11,4,-4,1,2,4,8,8,19
2019-01-19,B1,Waasland-Beveren,Cercle Brugge,1,1,1,11,16,3,10,870.147528710815,918.522888202957,2,0,0,2,2,0,0,2,9,3,10,13,19,24,0,0,-5,5,-7,7,1,1,10,3,16,11
2019-01-19,B1,Waregem,Antwerp,0,1,2,11,7,3,7,944.617434111238,1069.602828104,1,0,0,1,5,0,0,1,5,6,15,16,19,35,-1,1,4,-4,-4,4,2,1,7,3,7,11
2019-01-20,B1,Club Brugge,Charleroi,0,0,1,8,6,4,3,1245.84527637483,1059.90746127984,2,0,0,1,2,0,0,2,10,7,15,16,38,30,-1,1,2,-2,1,-1,1,0,3,4,6,8
2019-01-20,B1,Gent,Anderlecht,2,1,0,12,8,5,4,1065.97039712413,1041.23772886307,2,0,0,3,5,0,0,3,7,4,14,11,31,31,1,-1,4,-4,1,-1,0,1,4,5,8,12
2019-01-20,B1,Mouscron,Oostende,2,2,1,15,10,5,5,868.30416993594,859.903950081826,1,0,0,2,5,0,0,7,4,5,12,9,17,20,1,-1,5,-5,0,0,1,2,5,5,10,15
2019-01-25,B1,Antwerp,Standard,1,1,1,8,12,4,3,1090.56339607291,1177.81278505789,1,1,0,0,1,2,0,0,9,13,16,19,37,35,0,0,-4,4,1,-1,1,1,3,4,12,8
2019-01-26,B1,Cercle Brugge,St Truiden,0,1,2,6,8,2,7,916.309406021568,1056.18963627123,0,0,1,0,0,1,1,2,4,3,13,15,22,31,-1,1,-2,2,-5,5,2,1,7,2,8,6
2019-01-26,B1,Charleroi,Waasland-Beveren,1,2,2,19,5,10,2,1107.56585163021,872.361010892204,0,0,1,1,0,0,1,1,7,10,19,11,30,19,0,0,14,-14,8,-8,2,2,2,10,5,19
2019-01-26,B1,Genk,Mouscron,0,1,2,8,9,2,3,1311.70011632171,899.530631817244,2,0,0,3,3,0,0,3,13,7,21,14,47,20,-1,1,-1,1,-1,1,2,1,3,2,9,8
2019-01-26,B1,Lokeren,Waregem,0,0,3,6,8,4,6,801.552772126583,923.656866142336,0,0,1,2,0,0,1,3,3,4,8,14,14,18,-3,3,-2,2,-2,2,3,0,6,4,8,6
2019-01-27,B1,Anderlecht,Eupen,2,2,1,16,3,10,2,1011.5118517212,961.402016873817,1,1,0,0,2,1,0,0,4,9,11,15,28,28,1,-1,13,-13,8,-8,1,2,2,10,3,16
2019-01-27,B1,Kortrijk,Gent,0,1,2,9,10,5,5,1017.58854674759,1095.69627426601,1,0,0,2,3,0,0,5,6,9,13,14,27,33,-1,1,-1,1,0,0,2,1,5,5,10,9
2019-01-27,B1,Oostende,Club Brugge,0,1,2,4,14,2,6,828.677488200523,1198.18688602446,0,1,0,0,2,2,1,0,4,7,8,14,20,35,-1,1,-10,10,-4,4,2,1,6,2,14,4
2019-02-01,B1,Mouscron,Charleroi,2,3,0,12,7,7,5,958.072513263092,1098.13307364214,2,1,0,0,6,1,0,0,9,7,14,17,23,31,3,-3,5,-5,2,-2,0,3,5,7,7,12
2019-02-02,B1,Kortrijk,Lokeren,2,2,1,11,5,5,3,992.663739437943,765.434063997426,0,0,1,4,0,0,1,11,5,3,12,7,27,13,1,-1,6,-6,2,-2,1,2,3,5,5,11
2019-02-02,B1,Oostende,Antwerp,0,0,2,8,18,4,7,821.861888482597,1094.49899415739,0,1,1,0,0,1,2,0,1,7,8,17,20,35,-2,2,-10,10,-3,3,2,0,7,4,18,8
2019-02-02,B1,Waasland-Beveren,Genk,0,1,2,8,18,5,9,881.793788880277,1253.15823487587,0,3,0,0,3,14,1,0,8,12,11,18,20,44,-1,1,-10,10,-4,4,2,1,9,5,18,8
2019-02-02,B1,Waregem,Cercle Brugge,2,3,2,7,15,5,10,959.775574271493,896.539101033018,0,0,1,0,0,1,1,3,6,4,14,13,18,21,1,-1,-8,8,-5,5,2,3,10,5,15,7
2019-02-03,B1,Club Brugge,Gent,1,1,1,14,8,9,4,1205.00248574239,1120.62108157566,0,1,1,0,0,1,1,0,10,9,14,17,35,33,0,0,6,-6,5,-5,1,1,4,9,8,14
2019-02-03,B1,St Truiden,Eupen,2,4,1,14,9,5,3,1075.95994125978,933.985565451131,0,0,1,1,0,0,3,1,5,9,18,12,33,28,3,-3,5,-5,2,-2,1,4,3,5,9,14
2019-02-03,B1,Standard,Anderlecht,2,2,1,13,6,8,5,1173.8771869734,1038.92830314388,4,0,0,4,4,0,0,4,13,6,20,13,35,28,1,-1,7,-7,3,-3,1,2,5,8,6,13
2019-02-08,B1,Genk,Standard,2,2,0,18,9,11,1,1259.90907750096,1194.03743525539,0,0,1,0,0,3,1,1,12,13,20,23,44,35,2,-2,9,-9,10,-10,0,2,1,11,9,18
2019-02-09,B1,Charleroi,Oostende,1,1,1,20,7,7,4,1022.73653965244,806.748699818866,0,0,0,3,1,0,2,8,4,1,17,5,31,17,0,0,13,-13,3,-3,1,1,4,7,7,20
2019-02-09,B1,Eupen,Kortrijk,0,0,1,7,7,2,4,900.574774087769,1006.28390896499,1,0,0,1,1,0,0,3,6,7,12,15,28,30,-1,1,0,0,-2,2,1,0,4,2,7,7
2019-02-09,B1,Lokeren,Antwerp,2,2,1,10,14,7,8,751.81389447038,1109.61218282112,0,2,2,0,0,2,2,0,0,10,4,17,13,37,1,-1,-4,4,-1,1,1,2,8,7,14,10
2019-02-09,B1,St Truiden,Waasland-Beveren,2,2,1,13,4,6,3,1109.37073262315,875.042946255186,1,0,0,0,1,1,0,2,8,5,18,11,35,19,1,-1,9,-9,3,-3,1,2,3,6,4,13
2019-02-10,B1,Anderlecht,Waregem,1,0,0,9,6,4,3,1018.7680548619,986.014753373949,2,1,0,0,3,1,0,0,6,9,10,17,25,21,0,0,3,-3,1,-1,0,0,3,4,6,9
2019-02-10,B1,Cercle Brugge,Club Brugge,1,2,2,3,12,2,7,870.299921930563,1201.19122181684,0,2,2,0,0,3,2,0,1,10,10,14,18,35,0,0,-9,9,-5,5,2,2,7,2,12,3
2019-02-10,B1,Gent,Mouscron,0,1,2,11,12,10,5,1124.4323455012,1033.46904725279,3,1,0,0,6,1,0,0,10,12,15,17,31,26,-1,1,-1,1,5,-5,2,1,5,10,12,11
2019-02-15,B1,Standard,Lokeren,2,3,1,14,13,13,9,1158.39673142807,808.576731200717,5,0,0,5,5,0,0,12,10,3,20,7,32,16,2,-2,1,-1,4,-4,1,3,9,13,13,14
2019-02-16,B1,Kortrijk,Charleroi,0,1,2,9,8,5,7,1028.83744517221,1013.89998242107,1,0,0,1,1,0,0,1,9,5,18,15,30,32,-1,1,1,-1,-2,2,2,1,7,5,8,9
2019-02-16,B1,Oostende,Eupen,1,1,1,12,9,7,4,815.585257050235,878.021237880546,0,0,2,2,0,0,3,2,2,6,6,12,15,25,0,0,3,-3,3,-3,1,1,4,7,9,12
2019-02-16,B1,Waasland-Beveren,Gent,2,2,1,9,17,3,11,861.855720501385,1084.24063669294,0,0,1,0,0,2,2,1,2,7,11,15,19,28,1,-1,-8,8,-8,8,1,2,11,3,17,9
2019-02-16,B1,Waregem,St Truiden,1,1,1,14,7,9,3,987.518646188948,1122.55795837695,1,1,0,0,1,2,0,0,7,10,15,18,22,38,0,0,7,-7,6,-6,1,1,3,9,7,14
2019-02-17,B1,Antwerp,Anderlecht,0,0,1,7,3,2,2,1052.84934609078,1017.2641620469,0,0,0,5,2,0,1,5,10,7,14,8,34,26,-1,1,4,-4,0,0,1,0,2,2,3,7
2019-02-17,B1,Club Brugge,Genk,2,3,1,8,6,6,6,1189.33747131028,1295.54978132828,0,4,0,0,1,15,2,0,8,12,15,22,33,44,2,-2,2,-2,0,0,1,3,6,6,6,8
2019-02-17,B1,Mouscron,Cercle Brugge,2,3,0,13,3,6,3,1073.66075606106,882.153672437121,3,0,0,1,7,0,0,4,12,2,19,8,29,19,3,-3,10,-10,3,-3,0,3,3,6,3,13
2019-02-22,B1,Gent,Standard,2,2,1,14,9,8,5,1034.16221168461,1168.72689488995,0,0,1,1,0,0,1,2,7,10,14,20,25,35,1,-1,5,-5,3,-3,1,2,5,8,9,14
2019-02-23,B1,Cercle Brugge,Oostende,1,2,2,13,13,6,6,854.965327003546,818.429983458708,0,0,0,0,1,1,3,9,2,2,5,7,19,16,0,0,0,0,0,0,2,2,6,6,13,13
2019-02-23,B1,Eupen,Waregem,0,2,3,11,20,5,9,875.176511472073,993.442116001897,0,0,1,0,0,2,1,1,4,8,13,13,23,23,-1,1,-9,9,-4,4,3,2,9,5,20,11
2019-02-23,B1,Mouscron,Lokeren,2,1,0,9,6,2,3,1100.84910149463,798.246567738835,4,0,0,6,8,0,0,13,15,3,19,7,32,13,1,-1,3,-3,-1,1,0,1,3,2,6,9
2019-02-23,B1,Waasland-Beveren,Kortrijk,0,2,6,4,13,2,9,911.934145509709,995.462501072188,1,1,0,0,1,1,0,0,5,6,14,15,22,29,-4,4,-9,9,-7,7,6,2,9,2,13,4
2019-02-24,B1,Anderlecht,Club Brugge,1,2,2,13,8,9,5,1052.53026574537,1246.19990264234,0,0,0,0,4,4,1,1,7,8,11,18,28,33,0,0,5,-5,4,-4,2,2,5,9,8,13
2019-02-24,B1,Genk,Antwerp,1,0,0,14,7,7,3,1238.68734999622,1017.58324239231,1,0,0,1,1,0,0,1,9,7,22,13,43,33,0,0,7,-7,4,-4,0,0,3,7,7,14
2019-02-24,B1,St Truiden,Charleroi,2,3,1,11,11,6,5,1116.634488564,1047.2749265211,2,1,0,0,2,1,0,0,10,8,16,15,36,32,2,-2,0,0,1,-1,1,3,5,6,11,11
2019-03-01,B1,Standard,Mouscron,1,1,1,11,12,8,7,1124.9176976803,1110.38953007695,6,2,0,0,6,2,0,0,7,15,20,22,34,32,0,0,-1,1,1,-1,1,1,7,8,12,11
2019-03-02,B1,Charleroi,Genk,1,1,1,9,11,6,4,1012.05824446848,1229.68837883404,0,0,0,1,2,0,3,1,5,7,12,20,31,41,0,0,-2,2,2,-2,1,1,4,6,11,9
2019-03-02,B1,Club Brugge,St Truiden,2,1,0,11,8,7,0,1238.10286021024,1151.85117061662,1,0,0,0,2,3,0,1,9,13,16,16,31,36,1,-1,3,-3,7,-7,0,1,0,7,8,11
2019-03-02,B1,Kortrijk,Cercle Brugge,2,2,1,14,14,7,3,1044.7500486229,853.288986712395,0,0,1,2,0,0,1,5,9,2,15,6,32,19,1,-1,0,0,4,-4,1,2,3,7,14,14
2019-03-02,B1,Oostende,Waasland-Beveren,1,1,1,13,19,7,9,820.106323749859,862.646597958995,0,0,0,1,1,0,4,3,3,4,7,14,16,21,0,0,-6,6,-2,2,1,1,9,7,19,13
2019-03-03,B1,Antwerp,Eupen,2,2,1,14,6,7,5,1026.58221355449,853.667093177442,0,0,1,0,0,1,2,3,5,1,14,10,31,22,1,-1,8,-8,2,-2,1,2,5,7,6,14
2019-03-03,B1,Lokeren,Anderlecht,0,1,2,6,7,4,4,788.706139156519,1060.62730817747,1,1,0,0,1,1,0,0,3,8,6,12,13,29,-1,1,-1,1,0,0,2,1,4,4,7,6
2019-03-03,B1,Waregem,Gent,0,1,3,13,13,5,6,1014.95153429653,1077.97140889427,0,0,0,1,2,0,1,2,11,7,15,16,26,28,-2,2,0,0,-1,1,3,1,6,5,13,13
2019-03-10,B1,Anderlecht,Kortrijk,2,2,0,9,5,4,5,1071.69206745219,1060.70777178833,0,2,0,0,5,2,2,0,8,12,14,17,29,32,2,-2,4,-4,-1,1,0,2,5,4,5,9
2019-03-10,B1,Antwerp,Charleroi,0,1,2,9,6,3,3,1043.85266774075,1020.94722621708,1,0,0,1,1,0,0,1,7,5,14,12,34,31,-1,1,3,-3,0,0,2,1,3,3,6,9
2019-03-10,B1,Cercle Brugge,Standard,0,1,2,5,6,2,2,837.33126354697,1124.24904051421,0,0,0,2,2,0,4,3,2,7,6,20,19,35,-1,1,-1,1,0,0,2,1,2,2,6,5
2019-03-10,B1,Eupen,Club Brugge,0,0,4,3,13,2,10,836.396638991181,1262.31805656548,0,0,2,0,0,5,2,2,1,9,10,19,22,31,-4,4,-10,10,-8,8,4,0,10,2,13,3
2019-03-10,B1,Genk,Lokeren,2,1,0,12,7,4,1,1220.79939708544,777.641379881798,0,0,0,7,2,0,1,14,8,3,20,6,39,12,1,-1,5,-5,3,-3,0,1,1,4,7,12
2019-03-10,B1,Gent,Oostende,2,2,1,19,6,6,2,1113.95998919424,822.05564426286,1,0,0,0,1,2,0,10,7,4,16,5,31,14,1,-1,13,-13,4,-4,1,2,2,6,6,19
2019-03-10,B1,Mouscron,St Truiden,1,1,1,11,16,3,10,1111.05818724304,1127.63597426138,5,0,0,1,9,0,0,2,13,10,22,15,32,33,0,0,-5,5,-7,7,1,1,10,3,16,11
2019-03-10,B1,Waasland-Beveren,Waregem,1,1,1,13,12,7,7,860.697277445993,978.962953996553,0,1,1,0,0,3,1,0,4,8,12,14,21,26,0,0,1,-1,0,0,1,1,7,7,12,13
2019-03-17,B1,Charleroi,Eupen,0,1,2,6,7,3,3,1055.05384416772,826.16557610185,0,0,0,1,3,0,4,4,8,1,12,7,31,19,-1,1,-1,1,0,0,2,1,3,3,7,6
2019-03-17,B1,Club Brugge,Mouscron,0,1,2,11,8,6,6,1272.54911945481,1111.82104370611,2,0,0,0,3,3,0,1,11,11,21,23,31,33,-1,1,3,-3,0,0,2,1,6,6,8,11
2019-03-17,B1,Kortrijk,Antwerp,2,2,0,6,11,3,4,1018.23626566823,1009.7460497901,1,0,0,0,1,1,0,2,9,4,16,14,32,33,2,-2,-5,5,-1,1,0,2,4,3,11,6
2019-03-17,B1,Lokeren,Cercle Brugge,2,3,1,10,4,5,3,773.010479689756,827.034395010305,0,0,1,3,0,0,1,6,3,2,3,3,12,19,2,-2,6,-6,2,-2,1,3,3,5,4,10
2019-03-17,B1,Oostende,Anderlecht,0,0,2,10,18,2,7,812.004385502888,1114.1635735723,0,2,0,0,2,2,5,0,4,11,5,17,14,31,-2,2,-8,8,-5,5,2,0,7,2,18,10
2019-03-17,B1,St Truiden,Gent,0,0,2,15,14,6,6,1126.87311779831,1124.01124795421,3,1,0,0,3,1,0,0,8,9,16,19,33,33,-2,2,1,-1,0,0,2,0,6,6,14,15
2019-03-17,B1,Standard,Waasland-Beveren,2,4,3,24,7,11,5,1134.54590905087,865.942571258902,0,0,0,0,7,1,1,4,7,5,20,10,35,19,1,-1,17,-17,6,-6,3,4,5,11,7,24
2019-03-17,B1,Waregem,Genk,1,3,3,11,13,6,7,973.717660183645,1225.43029727749,0,0,1,0,0,1,2,2,6,8,15,20,27,39,0,0,-2,2,-1,1,3,3,7,6,13,11
